1 0.45628017578125 0.07966650390625 0.4498095703125 0.06742216796875 0.46513994140625 0.06055341796875 0.47210830078125 0.07279775390625 0.45856982421875 0.079268359375 0.45628017578125 0.07966650390625
1 0.48932998046875 0.0568701171875 0.49311279296875 0.06433623046875 0.4806693359375 0.07040859375 0.47768291015625 0.06463486328125 0.4732033203125 0.056571484375 0.48544765625 0.05079775390625 0.48932998046875 0.0568701171875
0 0.49646044921875 0.13277626953125 0.52499931640625 0.18190859375 0.52499931640625 0.1827193359375 0.504081640625 0.19552939453125 0.47278623046875 0.1462349609375 0.49646044921875 0.13277626953125
0 0.3511685546875 0.46613671875 0.35530244140625 0.463016796875 0.3556923828125 0.463016796875 0.36286826171875 0.475496484375 0.3574083984375 0.4783044921875 0.3511685546875 0.46613671875
0 0.44298115234375 0.55786259765625 0.4603748046875 0.5880478515625 0.45491494140625 0.58968583984375 0.45000107421875 0.582666015625 0.44118720703125 0.58773583984375 0.423481640625 0.558174609375 0.4332314453125 0.5534947265625 0.43713134765625 0.5606705078125 0.44298115234375 0.55786259765625
0 0.19511767578125 0.32399345703125 0.19464970703125 0.3218875 0.2030734375 0.317285546875 0.1998755859375 0.31174775390625 0.2061154296875 0.306521875 0.219219140625 0.29934599609375 0.22319697265625 0.30574189453125 0.22163701171875 0.30792578125 0.22623896484375 0.31556962890625 0.20291748046875 0.32984326171875 0.1983935546875 0.33116923828125 0.19511767578125 0.32399345703125
0 0.0904275390625 0.54704814453125 0.08858466796875 0.56383720703125 0.0179591796875 0.5541216796875 0.01866923828125 0.5430794921875 0.01343896484375 0.5430185546875 0.01354228515625 0.53784404296875 0.020744140625 0.53798935546875 0.05001123046875 0.5419712890625 0.085051953125 0.546052734375 0.0904275390625 0.54704814453125
0 0.08433017578125 0.653369140625 0.1028796875 0.65095517578125 0.11164619140625 0.66086513671875 0.10503955078125 0.66950458984375 0.09868701171875 0.670648046875 0.09665419921875 0.66696357421875 0.08560068359375 0.666582421875 0.08661708984375 0.6612462890625 0.08433017578125 0.653369140625
0 0.16224912109375 0.66490361328125 0.148865234375 0.665698046875 0.148865234375 0.65347529296875 0.14666513671875 0.6439416015625 0.167566015625 0.644002734375 0.16915498046875 0.651336328125 0.16958271484375 0.66013671875 0.16206572265625 0.6607478515625 0.16224912109375 0.66490361328125
0 0.17488662109375 0.59024658203125 0.18128251953125 0.58782861328125 0.18892626953125 0.605690234375 0.18760029296875 0.60849814453125 0.1833884765625 0.61044814453125 0.17402861328125 0.61341201171875 0.1658388671875 0.59360048828125 0.17488662109375 0.59024658203125
0 0.09756298828125 0.55008466796875 0.10794853515625 0.55078154296875 0.10801474609375 0.5590544921875 0.10698984375 0.55938330078125 0.1065328125 0.56630830078125 0.09592421875 0.56522138671875 0.09756298828125 0.55008466796875
0 0.09784921875 0.5488501953125 0.09769873046875 0.5436427734375 0.1040037109375 0.54408427734375 0.10416025390625 0.549078125 0.09784921875 0.5488501953125
