0 0.73511611328125 0.941416796875 0.77383857421875 0.9577337890625 0.76312294921875 0.98111337890625 0.72440048828125 0.962848046875 0.72537197265625 0.95926728515625 0.719662109375 0.956232421875 0.72388916015625 0.9468623046875 0.72972216796875 0.9500939453125 0.73511611328125 0.941416796875
0 0.7808365234375 0.97784892578125 0.79141845703125 0.9825494140625 0.7868388671875 0.992471875 0.77615302734375 0.98770146484375 0.7808365234375 0.97784892578125
2 0.832872265625 0.87405615234375 0.85481630859375 0.8662326171875 0.85615205078125 0.87023974609375 0.863021484375 0.8681408203125 0.8635939453125 0.86985810546875 0.8651205078125 0.86947646484375 0.863021484375 0.8624162109375 0.8828666015625 0.85611923828125 0.88572880859375 0.8647060546875 0.88878193359375 0.8639427734375 0.8937431640625 0.8786357421875 0.891644140625 0.8797806640625 0.8960330078125 0.8929470703125 0.87427978515625 0.90038896484375 0.8677919921875 0.8813072265625 0.8384060546875 0.8910388671875 0.832872265625 0.87405615234375
1 0.83803095703125 0.80952587890625 0.85010400390625 0.8042115234375 0.8627001953125 0.8016359375 0.8739134765625 0.83852080078125 0.8578705078125 0.8435537109375 0.85253349609375 0.84409697265625 0.84685205078125 0.82600615234375 0.84341337890625 0.827052734375 0.83803095703125 0.80952587890625
2 0.8008046875 0.81639384765625 0.81575576171875 0.81250654296875 0.82132265625 0.83246162109375 0.80655625 0.8361994140625 0.8044123046875 0.82918681640625 0.80173935546875 0.82317275390625 0.8008046875 0.81639384765625
0 0.81319921875 0.79030478515625 0.827653515625 0.784938671875 0.8313861328125 0.79497470703125 0.81684013671875 0.79997880859375 0.81319921875 0.79030478515625
2 0.72345537109375 0.75231279296875 0.7554595703125 0.768653125 0.7476119140625 0.7858412109375 0.71536376953125 0.768667578125 0.71689033203125 0.76046240234375 0.72345537109375 0.75231279296875
0 0.823041015625 0.74610078125 0.845019140625 0.7393728515625 0.851448046875 0.75836064453125 0.84815888671875 0.75955673828125 0.8541392578125 0.77704951171875 0.8357494140625 0.783478515625 0.823041015625 0.74610078125
0 0.94784375 0.8061119140625 0.96878798828125 0.8002669921875 0.97931083984375 0.83892177734375 0.96234150390625 0.84514052734375 0.959046484375 0.844347265625 0.94784375 0.8061119140625
0 0.92292529296875 0.7304078125 0.9436259765625 0.72358876953125 0.95628994140625 0.7610935546875 0.935345703125 0.7681560546875 0.92292529296875 0.7304078125
0 0.99962294921875 0.632353125 0.98184990234375 0.638332421875 0.96925595703125 0.60093212890625 0.977053515625 0.59607451171875 0.98746630859375 0.5949912109375 0.99962294921875 0.63110595703125 0.99962294921875 0.632353125
0 0.92409873046875 0.616475 0.94185654296875 0.60930693359375 0.95001416015625 0.6322892578125 0.93245888671875 0.63882470703125 0.92409873046875 0.616475
0 0.91711005859375 0.64115029296875 0.91329365234375 0.64229521484375 0.91501103515625 0.6472564453125 0.89020478515625 0.65546162109375 0.8850458984375 0.6413984375 0.88442080078125 0.6322294921875 0.89001396484375 0.6302736328125 0.88677001953125 0.6207328125 0.89705673828125 0.61624365234375 0.90725458984375 0.61375087890625 0.91711005859375 0.64115029296875
0 0.82455126953125 0.6414052734375 0.841296484375 0.63677041015625 0.84359189453125 0.64519580078125 0.82694345703125 0.650076953125 0.82455126953125 0.6414052734375
0 0.82655263671875 0.6511130859375 0.86296513671875 0.6394587890625 0.86925498046875 0.6585990234375 0.8326248046875 0.6704103515625 0.82655263671875 0.6511130859375
0 0.89319521484375 0.41227265625 0.92180537109375 0.40278388671875 0.929419921875 0.42070712890625 0.90235927734375 0.42996162109375 0.90060205078125 0.42984453125 0.8993134765625 0.42890732421875 0.898727734375 0.42750166015625 0.897790625 0.42633017578125 0.8970876953125 0.42527587890625 0.8959162109375 0.42422158203125 0.89462763671875 0.4237529296875 0.8938076171875 0.423284375 0.8928705078125 0.422230078125 0.89134755859375 0.420121484375 0.89123046875 0.41859853515625 0.89029326171875 0.41637275390625 0.89404189453125 0.4152013671875 0.89319521484375 0.41227265625
0 0.91802861328125 0.0651837890625 0.92445751953125 0.06264208984375 0.9205703125 0.0515783203125 0.942398828125 0.04380380859375 0.947183203125 0.05711025390625 0.9498744140625 0.0651837890625 0.94464150390625 0.06742646484375 0.94929384765625 0.080591796875 0.9305703125 0.08693759765625 0.9256361328125 0.08599248046875 0.91802861328125 0.0651837890625
0 0.96093818359375 0.021676171875 0.96897763671875 0.02162890625 0.96946025390625 0.03692626953125 0.96138671875 0.03722529296875 0.96093818359375 0.021676171875
0 0.01988603515625 0.03687568359375 0.0126341796875 0.0318900390625 0.01535361328125 0.02667783203125 0.0158068359375 0.0239583984375 0.01852626953125 0.020332421875 0.027137890625 0.0257712890625 0.033483203125 0.01602666015625 0.0389220703125 0.0155734375 0.0543322265625 0.026224609375 0.03325654296875 0.05908447265625 0.02849755859375 0.05908447265625 0.01191806640625 0.04837373046875 0.01988603515625 0.03687568359375
0 0.974153515625 0.00826142578125 0.98043408203125 0.0057984375 0.9805572265625 0.00419755859375 0.99053232421875 0.0017345703125 0.9963203125 0.02020693359375 0.979818359375 0.02537919921875 0.974153515625 0.00826142578125
0 0.97295498046875 0.066758984375 0.98067138671875 0.064943359375 0.9818515625 0.0698455078125 0.9740443359375 0.07147958984375 0.97295498046875 0.066758984375
0 0.91601845703125 0.15795341796875 0.9156490234375 0.1465005859375 0.939650390625 0.14039169921875 0.9448896484375 0.15990302734375 0.92045185546875 0.16645068359375 0.91601845703125 0.15795341796875
0 0.99962294921875 0.40022373046875 0.99586025390625 0.40134140625 0.98755986328125 0.38904462890625 0.98971181640625 0.3761330078125 0.9996228515625 0.37435615234375 0.99962294921875 0.40022373046875
0 0.92146484375 0.49080029296875 0.9386802734375 0.4861890625 0.94974736328125 0.521849609375 0.93253193359375 0.526768359375 0.92146484375 0.49080029296875
0 0.95268388671875 0.55670849609375 0.97511923828125 0.54990986328125 0.9862236328125 0.58616904296875 0.9676408203125 0.59160791015625 0.9633349609375 0.5911546875 0.95268388671875 0.55670849609375
0 0.8554640625 0.58141005859375 0.86996767578125 0.5777841796875 0.87744609375 0.583223046875 0.87149443359375 0.5850955078125 0.87347451171875 0.5920611328125 0.8595431640625 0.59523388671875 0.8554640625 0.58141005859375
2 0.566884765625 0.9600556640625 0.57702958984375 0.945299609375 0.58041806640625 0.94762548828125 0.5795828125 0.94912890625 0.58576396484375 0.95330537109375 0.577578125 0.965667578125 0.57523935546875 0.9639970703125 0.57457109375 0.96516640625 0.566884765625 0.9600556640625
4 0.9996228515625 0.7027583984375 0.9946396484375 0.6859796875 0.9996228515625 0.6838556640625 0.9996228515625 0.7027583984375
0 0.9570279296875 0.17216142578125 0.97515751953125 0.16694912109375 0.97923662109375 0.17782685546875 0.96133369140625 0.18303916015625 0.9570279296875 0.17216142578125
