2 0.81936484375 0.22581845703125 0.83154169921875 0.225575 0.830567578125 0.2226525390625 0.8366560546875 0.2226525390625 0.8364125 0.22606201171875 0.8549212890625 0.22606201171875 0.8554083984375 0.235803515625 0.8473716796875 0.23970009765625 0.82082607421875 0.23896953125 0.81936484375 0.22581845703125
2 0.81834384765625 0.277660546875 0.81931796875 0.25988232421875 0.857309765625 0.2613435546875 0.8595015625 0.27108505859375 0.859686328125 0.280927734375 0.82370166015625 0.280339453125 0.824188671875 0.2881326171875 0.81396015625 0.2881326171875 0.814447265625 0.28180068359375 0.81834384765625 0.277660546875
3 0.82541328125 0.38175732421875 0.8551248046875 0.3827314453125 0.85390712890625 0.394177734375 0.83856435546875 0.39320361328125 0.8390513671875 0.40684169921875 0.823221484375 0.40659814453125 0.82541328125 0.38175732421875
3 0.8404798828125 0.42741884765625 0.85154365234375 0.4272693359375 0.85094560546875 0.4344458984375 0.84077890625 0.4344458984375 0.8404798828125 0.42741884765625
3 0.83952978515625 0.48264248046875 0.84585556640625 0.48217392578125 0.8484328125 0.4852197265625 0.84866708984375 0.4895541015625 0.84175556640625 0.4906083984375 0.8391783203125 0.48756259765625 0.83952978515625 0.48264248046875
3 0.9290841796875 0.74723955078125 0.9456853515625 0.74666708984375 0.9456853515625 0.73197412109375 0.9617140625 0.73235576171875 0.960569140625 0.77376318359375 0.92781396484375 0.7737826171875 0.9290841796875 0.74723955078125
3 0.94474716796875 0.77704326171875 0.95722353515625 0.776469140625 0.9583861328125 0.78643857421875 0.9447806640625 0.78643857421875 0.94474716796875 0.77704326171875
3 0.93294931640625 0.7985498046875 0.9446111328125 0.79421396484375 0.95776806640625 0.7961576171875 0.960651953125 0.80531806640625 0.96260029296875 0.8204173828125 0.96503564453125 0.82066083984375 0.96546533203125 0.83931337890625 0.93215810546875 0.84038740234375 0.93294931640625 0.7985498046875
3 0.89617470703125 0.84989404296875 0.9112740234375 0.84940693359375 0.90981279296875 0.86060966796875 0.89836650390625 0.86085322265625 0.89617470703125 0.84989404296875
3 0.91403076171875 0.86085322265625 0.922617578125 0.86008994140625 0.9224267578125 0.8532205078125 0.94704228515625 0.852648046875 0.94704228515625 0.8509306640625 0.968986328125 0.851121484375 0.9714669921875 0.8558919921875 0.97166884765625 0.88359677734375 0.95426279296875 0.88515087890625 0.95270869140625 0.89261064453125 0.93903251953125 0.891678125 0.9387216796875 0.88670498046875 0.91572080078125 0.88670498046875 0.91403076171875 0.86085322265625
3 0.87302412109375 0.83264951171875 0.8846640625 0.83341279296875 0.88542734375 0.845816015625 0.87416904296875 0.84619755859375 0.87302412109375 0.83264951171875
