0 0.3523076171875 1.123046875e-05 0.35236845703125 0.02151904296875 0.34430732421875 0.0216365234375 0.3443359375 0.02400078125 0.34271171875 0.02390791015625 0.342682421875 0.0252130859375 0.3457544921875 0.1454078125 0.3522826171875 0.14617587890625 0.3518986328125 0.18649677734375 0.3449865234375 0.18726474609375 0.34383427734375 0.19285478515625 0.34394638671875 0.19727880859375 0.34376171875 0.20374375 0.1372505859375 0.20060361328125 0.1372505859375 0.1989412109375 0.13792724609375 0.00352138671875 0.16060703125 0.00272763671875 0.16060703125 9.27734375e-06 0.3523076171875 1.123046875e-05
0 0.82450966796875 9.375e-06 0.82487890625 0.01911796875 0.775190625 0.02004150390625 0.775190625 1.005859375e-05 0.82450966796875 9.375e-06
0 0.85762939453125 8.88671875e-06 0.85818330078125 0.02078037109375 0.8349091796875 0.0198568359375 0.8349091796875 9.27734375e-06 0.85762939453125 8.88671875e-06
0 0.655353125 0.05978779296875 0.65551953125 0.05977412109375 0.6819970703125 0.06097763671875 0.68019169921875 0.05676533203125 0.72171328125 0.0570662109375 0.72020888671875 0.06218125 0.73435029296875 0.06188037109375 0.734651171875 0.0552609375 0.77737626953125 0.0552609375 0.77557099609375 0.0829419921875 0.77409677734375 0.084302734375 0.7739001953125 0.11274287109375 0.7395998046875 0.11304375 0.73929892578125 0.11575166015625 0.73448486328125 0.11514990234375 0.73448486328125 0.144937109375 0.74110419921875 0.144937109375 0.74230771484375 0.16359169921875 0.71221962890625 0.16539697265625 0.71221962890625 0.17472431640625 0.68092802734375 0.17532607421875 0.68032626953125 0.1903701171875 0.65445048828125 0.190971875 0.6535478515625 0.144937109375 0.65565400390625 0.13982216796875 0.655353125 0.05978779296875
0 0.94587216796875 0.08963671875 0.94571767578125 0.089342578125 0.94571767578125 0.08038408203125 0.952408203125 0.0806109375 0.95365556640625 0.08208505859375 0.9610265625 0.08242529296875 0.96113994140625 0.09036318359375 0.96100595703125 0.090966015625 0.962143359375 0.1182408203125 0.9617091796875 0.1193986328125 0.962143359375 0.13473994140625 0.92581640625 0.13416103515625 0.9256716796875 0.13343740234375 0.9262505859375 0.12171435546875 0.9320875 0.12157509765625 0.93222666015625 0.11078447265625 0.9371494140625 0.1108541015625 0.9371494140625 0.10731787109375 0.93809248046875 0.105667578125 0.9371494140625 0.089165234375 0.94587216796875 0.08963671875
0 0.97346982421875 0.0753982421875 0.9736966796875 0.0935419921875 0.9725626953125 0.095703515625 0.9725626953125 0.10172109375 0.96269697265625 0.10111025390625 0.962243359375 0.082512890625 0.9604412109375 0.08091953125 0.96057314453125 0.07589990234375 0.97267236328125 0.0757591796875 0.97346982421875 0.0753982421875
0 0.99860087890625 0.09288427734375 0.97931884765625 0.09445830078125 0.9752388671875 0.09234794921875 0.97453544921875 0.06899375 0.99860087890625 0.0684619140625 0.99860087890625 0.09288427734375
0 0.99860078125 0.1240279296875 0.98325419921875 0.12452158203125 0.98289501953125 0.110516015625 0.98487021484375 0.10279501953125 0.99860087890625 0.10214326171875 0.99860078125 0.1240279296875
0 0.971125 0.13445 0.9786875 0.13353330078125 0.9805208984375 0.14522080078125 0.9722708984375 0.14682490234375 0.9708958984375 0.1351375 0.971125 0.13445
0 0.99860078125 0.15384794921875 0.9841875 0.15301240234375 0.9846458984375 0.1333041015625 0.99860078125 0.13309580078125 0.99860078125 0.15384794921875
0 0.9626841796875 0.167943359375 0.96985927734375 0.16583310546875 0.97126611328125 0.1651296875 0.9805515625 0.16695859375 0.981395703125 0.19129765625 0.9730951171875 0.19031279296875 0.9628248046875 0.1931265625 0.96212138671875 0.1931265625 0.96254345703125 0.16752138671875 0.9626841796875 0.167943359375
0 0.99860068359375 0.19569892578125 0.9863197265625 0.19481484375 0.98646044921875 0.16695859375 0.995323828125 0.16625517578125 0.99860078125 0.1673396484375 0.99860068359375 0.19569892578125
0 0.26370166015625 0.23437587890625 0.2660056640625 0.23437587890625 0.324375 0.23514384765625 0.3278310546875 0.23783193359375 0.33512724609375 0.23744794921875 0.33512724609375 0.23859990234375 0.33474326171875 0.24666416015625 0.34779951171875 0.24589609375 0.34818359375 0.23130380859375 0.35317568359375 0.22823173828125 0.41807314453125 0.22899970703125 0.42306533203125 0.23245576171875 0.42114521484375 0.3530345703125 0.2717658203125 0.350346484375 0.27022978515625 0.34842646484375 0.2571734375 0.3468904296875 0.25640546875 0.3096416015625 0.24642119140625 0.3096416015625 0.2471892578125 0.2827609375 0.2571734375 0.282376953125 0.256789453125 0.25088818359375 0.26370166015625 0.25050419921875 0.26370166015625 0.23437587890625
0 0.46269658203125 0.24061953125 0.46304912109375 0.23919970703125 0.46399208984375 0.235427734375 0.5608845703125 0.2351919921875 0.55943056640625 0.3012845703125 0.55694267578125 0.31816630859375 0.55916396484375 0.32962802734375 0.5588974609375 0.336825 0.55552109375 0.35130771484375 0.5593380859375 0.36703427734375 0.463388671875 0.3686845703125 0.46305078125 0.30930986328125 0.4639744140625 0.30783212890625 0.46415908203125 0.3063544921875 0.46269658203125 0.24061953125
0 0.55806220703125 0.3500708984375 0.5604435546875 0.33748359375 0.56089716796875 0.32739111328125 0.5581755859375 0.31877275390625 0.56055693359375 0.3022166015625 0.6352890625 0.30198076171875 0.63599638671875 0.303866796875 0.74491201171875 0.304809765625 0.7442046875 0.37176220703125 0.56093740234375 0.3686904296875 0.55782763671875 0.35598466796875 0.55791650390625 0.35074248046875 0.55806220703125 0.3500708984375
0 0.63542353515625 0.2365427734375 0.65537275390625 0.23672744140625 0.65592685546875 0.2380205078125 0.74902314453125 0.23838994140625 0.7527173828125 0.24116064453125 0.7529021484375 0.306734375 0.74662177734375 0.30728857421875 0.7455775390625 0.306801171875 0.74550791015625 0.304225390625 0.6363369140625 0.3029955078125 0.635355078125 0.301413671875 0.63380166015625 0.25657880859375 0.63527939453125 0.254731640625 0.6350947265625 0.2371837890625 0.63542353515625 0.2365427734375
0 0.99860048828125 0.37345283203125 0.79035380859375 0.3713607421875 0.78614150390625 0.36052900390625 0.78734501953125 0.351803515625 0.78734501953125 0.34638759765625 0.78794677734375 0.33736123046875 0.7864423828125 0.3313435546875 0.78674326171875 0.3018572265625 0.82585771484375 0.3006537109375 0.8264595703125 0.29252998046875 0.841202734375 0.292830859375 0.84240625 0.25913212890625 0.843609765625 0.2464951171875 0.84391064453125 0.24017666015625 0.98532470703125 0.24318544921875 0.98382021484375 0.2816982421875 0.9811123046875 0.283503515625 0.96667001953125 0.283503515625 0.96727177734375 0.316600390625 0.9856255859375 0.31690126953125 0.985023828125 0.3099810546875 0.99615634765625 0.31088369140625 0.997058984375 0.3172021484375 0.9986005859375 0.3172021484375 0.99860048828125 0.37345283203125
0 0.75062666015625 0.40651201171875 0.75086240234375 0.48666640625 0.74968369140625 0.4883166015625 0.75086240234375 0.53027978515625 0.74944794921875 0.5324015625 0.75015517578125 0.53853095703125 0.68508388671875 0.53876669921875 0.6243126953125 0.539875 0.5945736328125 0.53969033203125 0.59460283203125 0.53175107421875 0.5956234375 0.5285759765625 0.59607705078125 0.5267615234375 0.5956234375 0.48253603515625 0.59653056640625 0.48185556640625 0.596757421875 0.479133984375 0.59766455078125 0.47879384765625 0.597551171875 0.472861328125 0.59607705078125 0.4711603515625 0.595845703125 0.44976005859375 0.59312412109375 0.44919306640625 0.5934642578125 0.43603876953125 0.5911962890625 0.4356986328125 0.59029365234375 0.4344951171875 0.5887892578125 0.41884921875 0.58911494140625 0.40461162109375 0.7494236328125 0.40626181640625 0.75062666015625 0.40651201171875
0 0.49591591796875 0.4041541015625 0.49591591796875 0.4124662109375 0.49757841796875 0.411912109375 0.49757841796875 0.4196701171875 0.4964701171875 0.420408984375 0.49683955078125 0.423364453125 0.49536181640625 0.42410322265625 0.49536181640625 0.42631982421875 0.49591591796875 0.437402734375 0.5206677734375 0.4375875 0.52085244140625 0.438695703125 0.58919697265625 0.43888046875 0.590036328125 0.4394486328125 0.59154677734375 0.44246953125 0.5911025390625 0.4445130859375 0.5924353515625 0.44442431640625 0.5924353515625 0.44753408203125 0.59154677734375 0.44771171875 0.59154677734375 0.44975537109375 0.594656640625 0.45037734375 0.59492314453125 0.47090185546875 0.5965224609375 0.472856640625 0.59701279296875 0.4729279296875 0.597141015625 0.47762919921875 0.5964572265625 0.47771474609375 0.5962435546875 0.479210546875 0.59581611328125 0.48087744140625 0.5953033203125 0.4819458984375 0.5950041015625 0.4826296875 0.59508466796875 0.484883984375 0.59479130859375 0.5165845703125 0.59506982421875 0.52500830078125 0.595208984375 0.526818359375 0.5937470703125 0.53155224609375 0.52684169921875 0.53179833984375 0.5262626953125 0.53599541015625 0.42958388671875 0.53671904296875 0.4269787109375 0.53367978515625 0.4274626953125 0.4299556640625 0.42905029296875 0.4288216796875 0.4281625 0.4016447265625 0.43287744140625 0.4011732421875 0.43334892578125 0.4028234375 0.44584365234375 0.4016447265625 0.46093154296875 0.4025876953125 0.47979130859375 0.401408984375 0.4837990234375 0.4016447265625 0.484034765625 0.40423798828125 0.49511494140625 0.40423798828125 0.49591591796875 0.4041541015625
0 -0.0 0.61175810546875 0.0368916015625 0.60513876953125 0.05133388671875 0.663810546875 0.05073212890625 0.66591669921875 0.05644892578125 0.69781005859375 0.05975859375 0.6975091796875 0.06306826171875 0.71134970703125 0.05975859375 0.71255322265625 0.0708912109375 0.76400390625 -0.0 0.78055234375 -0.0 0.61175810546875
0 0.21025185546875 0.66858486328125 0.22619853515625 0.66377080078125 0.23612763671875 0.66076201171875 0.252976953125 0.72394697265625 0.2523751953125 0.72635400390625 0.2547822265625 0.73327431640625 0.25267607421875 0.734176953125 0.25418046875 0.7395927734375 0.231614453125 0.74801748046875 0.224694140625 0.72876103515625 0.2240923828125 0.7230443359375 0.21175625 0.68092099609375 0.2123580078125 0.67670869140625 0.2123580078125 0.67430166015625 0.21085361328125 0.6688857421875 0.21025185546875 0.66858486328125
0 0.1612830078125 0.5987240234375 0.3159357421875 0.59330810546875 0.31779814453125 0.61888681640625 0.31852177734375 0.62134716796875 0.31866650390625 0.64233291015625 0.162758984375 0.647325 0.16160693359375 0.629660546875 0.16314296875 0.6258205078125 0.16083896484375 0.598171875 0.1612830078125 0.5987240234375
0 0.31939326171875 0.59022509765625 0.3375458984375 0.58998935546875 0.3375458984375 0.59140380859375 0.3910291015625 0.59140380859375 0.3905259765625 0.6036626953125 0.39035341796875 0.6090849609375 0.3911943359375 0.6259056640625 0.37771015625 0.62627509765625 0.37752548828125 0.625166796875 0.3264916015625 0.62496826171875 0.32635234375 0.62796181640625 0.326073828125 0.62879716796875 0.32029853515625 0.62846103515625 0.32020966796875 0.62064208984375 0.3189658203125 0.6192205078125 0.31923232421875 0.59069931640625 0.31939326171875 0.59022509765625
0 0.32781767578125 0.62674404296875 0.375105078125 0.6262904296875 0.3770328125 0.62719755859375 0.388712890625 0.62719755859375 0.3892798828125 0.62719755859375 0.38825927734375 0.6513515625 0.32620009765625 0.652001171875 0.326355859375 0.644791796875 0.32748984375 0.6436578125 0.3277166015625 0.64093623046875 0.32794345703125 0.6316375 0.32794345703125 0.63016337890625 0.32794345703125 0.6271015625 0.32781767578125 0.62674404296875
0 0.40323134765625 0.59173369140625 0.48102822265625 0.59244091796875 0.48220693359375 0.59361962890625 0.5145044921875 0.59267666015625 0.51827646484375 0.59409111328125 0.51945517578125 0.5969201171875 0.51827646484375 0.6044640625 0.51804072265625 0.61035771484375 0.517569140625 0.67990341796875 0.51874794921875 0.68084638671875 0.51874794921875 0.6843826171875 0.51860322265625 0.7169466796875 0.514261328125 0.7165125 0.5138271484375 0.719117578125 0.5138271484375 0.720275390625 0.5162875 0.720275390625 0.515998046875 0.72736708984375 0.51831376953125 0.72765654296875 0.51744541015625 0.73851123046875 0.5164322265625 0.741984765625 0.50991943359375 0.7440109375 0.50876162109375 0.76166787109375 0.478962890625 0.7615060546875 0.4783611328125 0.80092138671875 0.38027392578125 0.8018240234375 0.3793712890625 0.796408203125 0.3793712890625 0.72419677734375 0.379973046875 0.722090625 0.38147744140625 0.71938271484375 0.3811765625 0.7133650390625 0.38027392578125 0.71035625 0.3805748046875 0.70885185546875 0.39983115234375 0.7073474609375 0.401034765625 0.60865849609375 0.40253916015625 0.5990302734375 0.40223828125 0.59211005859375 0.40323134765625 0.59173369140625
0 0.9986005859375 0.70082060546875 0.8149505859375 0.6983748046875 0.8146611328125 0.68780966796875 0.816253125 0.68766494140625 0.8153146484375 0.65033916015625 0.815550390625 0.646095703125 0.8153146484375 0.60766875 0.81649345703125 0.60059638671875 0.81625771484375 0.589751953125 0.829223828125 0.5890447265625 0.829223828125 0.58456552734375 0.99731220703125 0.58550849609375 0.99754794921875 0.57136357421875 0.99860048828125 0.57136357421875 0.9986005859375 0.70082060546875
0 0.52166162109375 0.597781640625 0.52241748046875 0.5976095703125 0.57003857421875 0.58935830078125 0.64194169921875 0.58865107421875 0.64312041015625 0.5903013671875 0.69286328125 0.58912255859375 0.693334765625 0.5907728515625 0.73954140625 0.5903013671875 0.74119169921875 0.5919515625 0.74732109375 0.591480078125 0.7475568359375 0.5917158203125 0.7480283203125 0.69850966796875 0.6930990234375 0.69803818359375 0.6935705078125 0.684836328125 0.6669310546875 0.68625078125 0.66645947265625 0.6772923828125 0.646656640625 0.677056640625 0.6454779296875 0.6756421875 0.599035546875 0.6763494140625 0.5992712890625 0.69025849609375 0.5983283203125 0.6919087890625 0.596678125 0.748016796875 0.60304326171875 0.748016796875 0.60327900390625 0.75249599609375 0.5183232421875 0.751742578125 0.51836484375 0.7387001953125 0.51940126953125 0.7385365234375 0.51927490234375 0.73537138671875 0.51985380859375 0.73551611328125 0.519940234375 0.7187896484375 0.5203744140625 0.6815943359375 0.5192166015625 0.6786998046875 0.51941650390625 0.648037109375 0.52070947265625 0.6472982421875 0.51954443359375 0.60370361328125 0.52026806640625 0.60312470703125 0.52084697265625 0.59936181640625 0.52171533203125 0.59907236328125 0.52166162109375 0.597781640625
0 0.260841796875 0.99901044921875 0.2604671875 0.99694501953125 0.26176015625 0.990480078125 0.22019931640625 0.9867857421875 0.2128107421875 0.98364560546875 0.18837705078125 0.88998212890625 0.18893115234375 0.88905859375 0.1850521484375 0.87502021484375 0.24379150390625 0.87631328125 0.243976171875 0.86873994140625 0.25635205078125 0.868924609375 0.2561673828125 0.8755744140625 0.27260693359375 0.87594384765625 0.27260693359375 0.8726189453125 0.3313462890625 0.87446611328125 0.33171572265625 0.87926865234375 0.34797060546875 0.8798228515625 0.3470470703125 0.87705205078125 0.3483400390625 0.8766826171875 0.34889423828125 0.8606125 0.393041015625 0.86098193359375 0.39359521484375 0.85580986328125 0.39414931640625 0.8547015625 0.39414931640625 0.85230029296875 0.394333984375 0.83031923828125 0.40985009765625 0.83050400390625 0.41058896484375 0.8497142578125 0.4092958984375 0.85100732421875 0.40966533203125 0.8571029296875 0.4419904296875 0.85747236328125 0.44309873046875 0.85876533203125 0.510283984375 0.86064970703125 0.5120892578125 0.86456123046875 0.51630166015625 0.864862109375 0.5121201171875 0.99901171875 0.260841796875 0.99901044921875
0 0.99860068359375 0.81092666015625 0.9950689453125 0.80927646484375 0.98662080078125 0.80927646484375 0.9885408203125 0.872637890625 0.87372216796875 0.87110185546875 0.8721861328125 0.84882939453125 0.87487421875 0.84345322265625 0.87333818359375 0.80006025390625 0.87410615234375 0.7589712890625 0.8756421875 0.7520591796875 0.87410615234375 0.718650390625 0.9986005859375 0.7201693359375 0.99860068359375 0.81092666015625
0 0.82230302734375 0.29744228515625 0.79388642578125 0.29782626953125 0.793118359375 0.28553798828125 0.7954224609375 0.27516982421875 0.823455078125 0.276705859375 0.82230302734375 0.29744228515625
