0 0.09502802734375 8.984375e-06 0.08615224609375 0.03267021484375 0.06003212890625 0.02726611328125 0.06504873046875 8.3984375e-06 0.09502802734375 8.984375e-06
0 0.143844921875 9.765625e-06 0.141115234375 0.01807705078125 0.14521201171875 0.00442109375 0.15750244140625 0.00715224609375 0.14623623046875 0.05358271484375 0.13292158203125 0.05221708984375 0.13428720703125 0.04265791015625 0.1318974609375 0.04334072265625 0.1298490234375 0.05119287109375 0.10356123046875 0.04777890625 0.10185419921875 0.04368212890625 0.111752734375 9.27734375e-06 0.143844921875 9.765625e-06
0 -0.0 0.06977880859375 0.00597568359375 0.0443666015625 0.01961796875 0.046506640625 0.00677822265625 0.09331845703125 -0.0 0.09198095703125 -0.0 0.06977880859375
0 -0.0 0.0955966796875 0.00658623046875 0.09720966796875 -0.0 0.119591015625 -0.0 0.0955966796875
0 0.00904599609375 0.14663681640625 0.0592318359375 0.15995146484375 0.05240380859375 0.1869220703125 0.003925 0.175655859375 0.00085244140625 0.16951064453125 0.00733896484375 0.15926865234375 0.00904599609375 0.14663681640625
0 0.0141669921875 0.1862392578125 0.0831298828125 0.20296787109375 0.07835029296875 0.21730673828125 0.00938740234375 0.197846875 0.0141669921875 0.1862392578125
0 0.103991796875 0.156874609375 0.1173666015625 0.15954951171875 0.10506181640625 0.20502392578125 0.092489453125 0.2007439453125 0.103991796875 0.156874609375
0 0.1059462890625 0.15195615234375 0.11851865234375 0.10567939453125 0.13189345703125 0.1091568359375 0.11905361328125 0.15543359375 0.1059462890625 0.15195615234375
0 0.151761328125 0.09285205078125 0.1637986328125 0.0465751953125 0.1777083984375 0.05032021484375 0.16460107421875 0.09927197265625 0.1522962890625 0.09525947265625 0.151761328125 0.09285205078125
0 0.18160986328125 0.1610263671875 0.197731640625 0.1030751953125 0.21254619140625 0.1078681640625 0.1964244140625 0.16712646484375 0.18160986328125 0.1610263671875
0 0.18161025390625 0.23107509765625 0.238051953125 0.24551982421875 0.234039453125 0.2599646484375 0.17706279296875 0.24391484375 0.18161025390625 0.23107509765625
0 0.2421474609375 0.24655078125 0.30155107421875 0.26225517578125 0.294723046875 0.2779595703125 0.2380505859375 0.26088955078125 0.2421474609375 0.24655078125
0 0.303279296875 0.25292294921875 0.32171494140625 0.18566708984375 0.33468818359375 0.18805693359375 0.3145455078125 0.2600923828125 0.303279296875 0.25565419921875 0.303279296875 0.25292294921875
0 0.32464306640625 0.17643388671875 0.335075390625 0.13951943359375 0.34871767578125 0.14326435546875 0.3369478515625 0.18071376953125 0.32464306640625 0.17643388671875
0 0.3466478515625 0.21189091796875 0.35895263671875 0.16026416015625 0.37419990234375 0.1640091796875 0.35975517578125 0.2175083984375 0.3466478515625 0.21189091796875
0 0.2817927734375 1.142578125e-05 0.2901041015625 0.00183271484375 0.287016015625 0.01469970703125 0.24115166015625 0.00211083984375 0.24179169921875 1.103515625e-05 0.2817927734375 1.142578125e-05
0 0.29120439453125 0.01574990234375 0.29429248046875 0.00223955078125 0.34099970703125 0.015492578125 0.336625 0.02758759765625 0.29120439453125 0.01574990234375
0 0.24887998046875 0.03572099609375 0.25216435546875 0.02274765625 0.316866796875 0.0393337890625 0.31308974609375 0.0511576171875 0.3093126953125 0.05148603515625 0.3009375 0.08334453125 0.22785986328125 0.06035390625 0.22309755859375 0.05821904296875 0.2308158203125 0.02964482421875 0.24887998046875 0.03572099609375
0 0.21056572265625 0.0621501953125 0.2547025390625 0.07472255859375 0.244002734375 0.10387958984375 0.231162890625 0.10334462890625 0.20708828125 0.0985296875 0.20147080078125 0.08756240234375 0.21056572265625 0.0621501953125
0 0.206119140625 0.13926943359375 0.21708642578125 0.10369248046875 0.24276611328125 0.11091484375 0.23286875 0.150504296875 0.2079916015625 0.14461943359375 0.206119140625 0.13926943359375
0 0.1841212890625 0.220235546875 0.2057451171875 0.14793349609375 0.2302671875 0.1554787109375 0.20801064453125 0.23144765625 0.18797587890625 0.22832744140625 0.1841212890625 0.220235546875
0 0.22574814453125 0.20990361328125 0.30144951171875 0.22916328125 0.2952970703125 0.2553779296875 0.22253818359375 0.2361181640625 0.219595703125 0.23076826171875 0.22574814453125 0.20990361328125
0 0.27599033203125 0.21104794921875 0.28749267578125 0.1730634765625 0.3115673828125 0.1789484375 0.3163822265625 0.18911328125 0.30675244140625 0.22255029296875 0.2789328125 0.21613037109375 0.27599033203125 0.21104794921875
0 0.25136083984375 0.12636240234375 0.3251033203125 0.145822265625 0.31759248046875 0.17142724609375 0.24419140625 0.15128466796875 0.24419140625 0.144798046875 0.25136083984375 0.12636240234375
0 0.2553849609375 0.1201701171875 0.25404755859375 0.11428525390625 0.2604673828125 0.091548046875 0.3369712890625 0.113215234375 0.33108642578125 0.13889482421875 0.3230615234375 0.14210478515625 0.25779248046875 0.12364755859375 0.2553849609375 0.1201701171875
0 0.3040693359375 0.0947580078125 0.3185140625 0.04874873046875 0.34419375 0.05463359375 0.33242392578125 0.103050390625 0.3078142578125 0.09796796875 0.3040693359375 0.0947580078125
0 0.46038203125 1.240234375e-05 0.4618439453125 0.00349619140625 0.46414951171875 0.00370576171875 0.46456865234375 0.00140029296875 0.4702275390625 0.00328662109375 0.48280302734375 0.00559208984375 0.48720439453125 0.01146064453125 0.50753466796875 0.0183771484375 0.50627705078125 0.05316904296875 0.4819646484375 0.04667177734375 0.481755078125 0.043318359375 0.47337138671875 0.041012890625 0.47001796875 0.0437375 0.4595384765625 0.04268955078125 0.44025615234375 0.03409638671875 0.440675390625 0.0267607421875 0.433130078125 0.022359375 0.432291796875 0.01565244140625 0.437321875 0.004544140625 0.44654384765625 0.00538251953125 0.4469630859375 0.00035234375 0.4599044921875 1.240234375e-05 0.46038203125 1.240234375e-05
0 0.374130078125 0.092121484375 0.47033203125 0.1170626953125 0.46362509765625 0.14640537109375 0.36700400390625 0.11999697265625 0.374130078125 0.092121484375
0 0.3838056640625 0.1335857421875 0.41216025390625 0.14161064453125 0.3878181640625 0.23924677734375 0.360266015625 0.233629296875 0.35946357421875 0.227209375 0.38220078125 0.1386681640625 0.3838056640625 0.1335857421875
0 0.356166015625 0.23741943359375 0.4525775390625 0.2617318359375 0.444403515625 0.291912890625 0.3475728515625 0.26697158203125 0.356166015625 0.23741943359375
0 0.34878623046875 0.27414140625 0.42780166015625 0.29426201171875 0.42381953125 0.30788544921875 0.3441751953125 0.2871359375 0.34878623046875 0.27414140625
0 0.43268203125 0.29569033203125 0.4838220703125 0.3091041015625 0.47983984375 0.3231466796875 0.4278615234375 0.3091041015625 0.43268203125 0.29569033203125
0 0.49056474609375 0.301002734375 0.50104423828125 0.261390234375 0.51341005859375 0.263695703125 0.50167294921875 0.307080859375 0.49224140625 0.3054041015625 0.49056474609375 0.301002734375
0 0.4564625 0.29622880859375 0.45887001953125 0.2887388671875 0.470372265625 0.24593955078125 0.496051953125 0.253696875 0.483212109375 0.30505615234375 0.45940498046875 0.29863623046875 0.4564625 0.29622880859375
0 0.4063650390625 0.2235775390625 0.403155078125 0.21689013671875 0.409575 0.1904080078125 0.50667607421875 0.2158201171875 0.5069435546875 0.21929755859375 0.495976171875 0.2489896484375 0.475646484375 0.24497724609375 0.4636091796875 0.24310478515625 0.46307421875 0.23614990234375 0.45638681640625 0.23828984375 0.44301201171875 0.233207421875 0.43792958984375 0.23588232421875 0.4299046875 0.2299974609375 0.42375224609375 0.231869921875 0.41572734375 0.2299974609375 0.41599482421875 0.2241125 0.4063650390625 0.2235775390625
0 0.41568544921875 0.18277138671875 0.4210353515625 0.15361435546875 0.51947392578125 0.180096484375 0.50609912109375 0.2111259765625 0.5012841796875 0.2087185546875 0.49780673828125 0.2097884765625 0.4884443359375 0.20845107421875 0.4745345703125 0.20443857421875 0.4689171875 0.200426171875 0.45527490234375 0.196413671875 0.442167578125 0.19293623046875 0.4247802734375 0.188923828125 0.41568544921875 0.18277138671875
0 0.47585341796875 0.1061708984375 0.50477685546875 0.10721884765625 0.503309765625 0.166113671875 0.475224609375 0.1644369140625 0.47396708984375 0.16087392578125 0.47585341796875 0.1061708984375
0 0.02564853515625 0.14111826171875 0.0557298828125 0.04026787109375 0.081641796875 0.04774248046875 0.0542349609375 0.1493970703125 0.02564853515625 0.14111826171875
0 0.0908123046875 0.04877353515625 0.139147265625 0.06223388671875 0.1299697265625 0.096190625 0.11222646484375 0.09833212890625 0.0950951171875 0.093743359375 0.08102294921875 0.08181259765625 0.0908123046875 0.04877353515625
0 0.060391015625 0.1922625 0.08655029296875 0.0954341796875 0.11466171875 0.104023828125 0.08655029296875 0.19889990234375 0.060391015625 0.1922625
0 0.11308701171875 0.24487001953125 0.1159041015625 0.230972265625 0.12567001953125 0.23303818359375 0.12228955078125 0.2471236328125 0.11834560546875 0.24749921875 0.11308701171875 0.24487001953125
0 0.1290505859375 0.24956513671875 0.13205546875 0.2358552734375 0.14351171875 0.23604306640625 0.13975556640625 0.25388466796875 0.133745703125 0.25219443359375 0.1290505859375 0.24956513671875
0 0.14670439453125 0.25125537109375 0.1647337890625 0.2559505859375 0.16811435546875 0.2655287109375 0.160038671875 0.27041171875 0.14576533203125 0.2655287109375 0.14670439453125 0.25125537109375
0 0.25715185546875 0.2824966796875 0.3106037109375 0.29639892578125 0.30604951171875 0.309821875 0.25475498046875 0.29520048828125 0.25715185546875 0.2824966796875
0 0.31550087890625 0.2979787109375 0.37182900390625 0.3123603515625 0.36895263671875 0.3267419921875 0.31286416015625 0.30972373046875 0.31550087890625 0.2979787109375
0 0.37866728515625 0.31242392578125 0.4342763671875 0.32680556640625 0.429003125 0.3423857421875 0.37531162109375 0.3260865234375 0.37866728515625 0.31242392578125
0 0.438823828125 0.32918388671875 0.49637021484375 0.344484765625 0.492483203125 0.3575072265625 0.43402998046875 0.34044951171875 0.438823828125 0.32918388671875
0 0.52537548828125 0.352576953125 0.61270556640625 0.37473818359375 0.609512890625 0.38788466796875 0.5216193359375 0.3662869140625 0.52537548828125 0.352576953125
0 0.51351787109375 0.32748056640625 0.53538232421875 0.2470505859375 0.54748583984375 0.20488349609375 0.55860341796875 0.20737685546875 0.55851455078125 0.21563779296875 0.52601181640625 0.33255625 0.51351787109375 0.33099443359375 0.51351787109375 0.32748056640625
0 0.53982421875 0.18921865234375 0.53694794921875 0.16189345703125 0.54965166015625 0.158298046875 0.55228837890625 0.1880201171875 0.53982421875 0.18921865234375
0 0.55350654296875 0.15165791015625 0.58005615234375 0.1473630859375 0.59059794921875 0.2359921875 0.5636578125 0.24106787109375 0.55350654296875 0.15165791015625
0 0.54296474609375 0.29494814453125 0.55662998046875 0.24106787109375 0.585522265625 0.24965751953125 0.57537099609375 0.301585546875 0.54296474609375 0.29494814453125
0 0.5390603515625 0.2996333984375 0.58903623046875 0.31212734375 0.57927529296875 0.343752734375 0.5609248046875 0.34453359375 0.5601439453125 0.33711533203125 0.55350654296875 0.342971875 0.54569775390625 0.33711533203125 0.53320380859375 0.332430078125 0.53320380859375 0.32579267578125 0.5390603515625 0.2996333984375
0 0.59495068359375 0.33336123046875 0.59495068359375 0.3219001953125 0.60043203125 0.2516388671875 0.62435078125 0.25512705078125 0.62435078125 0.2471541015625 0.63431689453125 0.2456591796875 0.63431689453125 0.2561236328125 0.62833720703125 0.25961181640625 0.61886943359375 0.33734765625 0.59495068359375 0.33336123046875
0 0.59143095703125 0.339706640625 0.61635908203125 0.34450048828125 0.61420185546875 0.35696455078125 0.58975302734375 0.3512119140625 0.59143095703125 0.339706640625
0 0.5350263671875 0.13365595703125 0.539101171875 0.10105751953125 0.57505537109375 0.10513232421875 0.59063544921875 0.11232314453125 0.5827255859375 0.1434833984375 0.56402939453125 0.147558203125 0.55851640625 0.13988798828125 0.55731796875 0.14803759765625 0.5482095703125 0.147558203125 0.54725078125 0.14180556640625 0.5369439453125 0.142524609375 0.5350263671875 0.13365595703125
0 0.54064326171875 0.09418720703125 0.54064326171875 0.08208369140625 0.53908154296875 0.08169326171875 0.53791015625 0.0891115234375 0.5234640625 0.0867689453125 0.52893017578125 0.0512392578125 0.5375197265625 0.0520201171875 0.54064326171875 0.05670537109375 0.546109375 0.055533984375 0.54767109375 0.04186875 0.5796869140625 0.044211328125 0.57461123046875 0.0988724609375 0.55899375 0.1004341796875 0.54064326171875 0.09418720703125
0 0.5483345703125 1.240234375e-05 0.54716435546875 0.0035228515625 0.533661328125 1.240234375e-05 0.5483345703125 1.240234375e-05
0 0.564508203125 1.23046875e-05 0.5637865234375 0.0082205078125 0.55159091796875 0.00614267578125 0.55222197265625 1.240234375e-05 0.564508203125 1.23046875e-05
0 0.596827734375 1.220703125e-05 0.5929142578125 0.01559853515625 0.5811703125 0.012798046875 0.5842388671875 1.23046875e-05 0.596827734375 1.220703125e-05
0 0.63130888671875 1.2109375e-05 0.63424521484375 0.00531650390625 0.63645244140625 0.00884814453125 0.634098046875 0.01370419921875 0.605403515625 0.0139984375 0.60201904296875 0.011496875 0.60069609375 1.220703125e-05 0.63130888671875 1.2109375e-05
0 0.60299560546875 0.1796236328125 0.59950751953125 0.173145703125 0.59799462890625 0.13376689453125 0.60168408203125 0.134228125 0.601408984375 0.05809296875 0.59472177734375 0.05832353515625 0.594260546875 0.04379609375 0.6219318359375 0.0434501953125 0.62250830078125 0.05797763671875 0.630925 0.05728583984375 0.6306853515625 0.13231015625 0.62541201171875 0.13710400390625 0.6268501953125 0.17617421875 0.60299560546875 0.1796236328125
0 0.5988037109375 0.18781669921875 0.62603037109375 0.18598115234375 0.62878359375 0.21687880859375 0.63031318359375 0.21779658203125 0.6339841796875 0.23003330078125 0.62939541015625 0.23095107421875 0.62878359375 0.24043447265625 0.6009451171875 0.24257587890625 0.6006392578125 0.23401015625 0.59696826171875 0.23125693359375 0.59574453125 0.2223853515625 0.59941552734375 0.22207939453125 0.59910966796875 0.20953681640625 0.59574453125 0.21137236328125 0.59574453125 0.2018888671875 0.60033330078125 0.20250068359375 0.5988037109375 0.18781669921875
0 0.6908078125 0.09010703125 0.69019599609375 0.00903896484375 0.70671552734375 0.0065916015625 0.71895224609375 0.0117921875 0.72201142578125 0.0686927734375 0.71925810546875 0.0931662109375 0.709153515625 0.08884228515625 0.69219033203125 0.09138857421875 0.6908078125 0.09010703125
0 0.69017880859375 0.09344150390625 0.70638798828125 0.0914595703125 0.722030859375 0.09726376953125 0.71891484375 0.1734865234375 0.70836826171875 0.17420556640625 0.7074095703125 0.17804072265625 0.6911103515625 0.1766025390625 0.689432421875 0.15263310546875 0.6911103515625 0.1308208984375 0.689432421875 0.12626669921875 0.69017880859375 0.09344150390625
0 0.788320703125 0.02837705078125 0.79311455078125 0.0276580078125 0.7923955078125 0.01543359375 0.80438017578125 0.01783056640625 0.80435546875 0.01755859375 0.80518818359375 0.0183544921875 0.81210859375 0.01916865234375 0.812666015625 0.019287109375 0.81540615234375 0.0245419921875 0.80941376953125 0.04683359375 0.80917412109375 0.04683359375 0.81099033203125 0.0803048828125 0.79287490234375 0.0796716796875 0.79263515625 0.063612109375 0.7892794921875 0.0633724609375 0.787232421875 0.08074580078125 0.773427734375 0.07978515625 0.772705078125 0.078603515625 0.770823046875 0.01902900390625 0.78999853515625 0.01471455078125 0.788320703125 0.02837705078125
0 0.84225185546875 0.011119140625 0.82403515625 0.01423515625 0.817803125 0.01399541015625 0.81828251953125 0.01807021484375 0.81326171875 0.01890625 0.81218671875 0.0186861328125 0.805406640625 0.0178884765625 0.80427734375 0.01681640625 0.80270234375 0.0008123046875 0.84105810546875 9.9609375e-06 0.84153349609375 9.9609375e-06 0.84225185546875 0.011119140625
0 0.7651837890625 0.09091044921875 0.84762705078125 0.091191796875 0.8470642578125 0.11060673828125 0.84185888671875 0.1115916015625 0.8425623046875 0.1246755859375 0.82666455078125 0.124112890625 0.82638310546875 0.1159529296875 0.82511689453125 0.11567158203125 0.824694921875 0.1194701171875 0.823147265625 0.12003291015625 0.8227251953125 0.1255197265625 0.7869904296875 0.12580107421875 0.788256640625 0.11524951171875 0.786568359375 0.1149681640625 0.78544287109375 0.12129912109375 0.784739453125 0.12228388671875 0.78417666015625 0.1255197265625 0.76757548828125 0.124112890625 0.767434765625 0.10877783203125 0.76363623046875 0.1082150390625 0.7651837890625 0.09091044921875
0 0.88823984375 9.1796875e-06 0.88732412109375 0.00830576171875 0.8848033203125 0.0142640625 0.8854908203125 0.02274326171875 0.8834283203125 0.03534736328125 0.86257421875 0.03534736328125 0.85501171875 0.0337431640625 0.8538662109375 9.765625e-06 0.88823984375 9.1796875e-06
0 0.87265751953125 0.04084736328125 0.88388671875 0.0433681640625 0.88435009765625 0.05808369140625 0.870293359375 0.05436259765625 0.8697908203125 0.0583833984375 0.8783697265625 0.0600765625 0.885498046875 0.06291015625 0.88706875 0.08196171875 0.88430205078125 0.0980234375 0.86728251953125 0.094403515625 0.88335546875 0.10272587890625 0.88326650390625 0.1211541015625 0.87536953125 0.1223240234375 0.86835 0.1258337890625 0.8560658203125 0.1258337890625 0.8548958984375 0.1164744140625 0.85460341796875 0.04159931640625 0.85501171875 0.0410765625 0.86922001953125 0.0371806640625 0.87265751953125 0.04084736328125
0 0.95987734375 7.91015625e-06 0.95933916015625 0.00927294921875 0.96159208984375 0.0807009765625 0.9601556640625 0.08159873046875 0.95656455078125 0.08088056640625 0.9536916015625 0.08213740234375 0.945791015625 0.08213740234375 0.9445341796875 0.07782802734375 0.93573583984375 0.07998271484375 0.93232421875 0.0763916015625 0.93110810546875 0.05879619140625 0.9463705078125 0.05466640625 0.9463705078125 0.051434375 0.93272412109375 0.0564619140625 0.9307068359375 0.0190736328125 0.9452509765625 0.0158416015625 0.946148828125 0.013327734375 0.9328615234375 0.01655986328125 0.93124638671875 8.3984375e-06 0.95987734375 7.91015625e-06
0 0.99851396484375 0.03459140625 0.975552734375 0.03541552734375 0.97431630859375 7.6171875e-06 0.9985140625 7.12890625e-06 0.99851396484375 0.03459140625
0 0.9985138671875 0.0746021484375 0.99384755859375 0.07738310546875 0.98055595703125 0.07600810546875 0.9755142578125 0.0700498046875 0.97574345703125 0.0404873046875 0.99851396484375 0.040272265625 0.9985138671875 0.0746021484375
0 0.99851376953125 0.11874921875 0.99433173828125 0.12040166015625 0.9607080078125 0.12048212890625 0.96073583984375 0.11330927734375 0.95849609375 0.11368251953125 0.9566296875 0.117788671875 0.942071484375 0.1174154296875 0.9405783203125 0.1077099609375 0.93647216796875 0.10397705078125 0.93833857421875 0.08643251953125 0.9678283203125 0.08493935546875 0.96745498046875 0.0890455078125 0.9985138671875 0.08477060546875 0.99851376953125 0.11874921875
0 0.94528515625 0.119724609375 0.962041015625 0.1224884765625 0.96105380859375 0.17275517578125 0.96861630859375 0.1773384765625 0.96724130859375 0.20735927734375 0.95486630859375 0.20735927734375 0.9440955078125 0.20690087890625 0.94432470703125 0.203692578125 0.9324080078125 0.20529677734375 0.93149140625 0.18398427734375 0.94569970703125 0.18054677734375 0.94867890625 0.176192578125 0.9468455078125 0.1752759765625 0.9310330078125 0.1794009765625 0.93149140625 0.1436509765625 0.94661640625 0.141359375 0.94936640625 0.137234375 0.9447830078125 0.1381509765625 0.93424140625 0.141359375 0.93194970703125 0.12463017578125 0.94528515625 0.119724609375
0 0.99851376953125 0.1588787109375 0.9759466796875 0.15930869140625 0.9766341796875 0.1263087890625 0.99851376953125 0.126094140625 0.99851376953125 0.1588787109375
0 0.998513671875 0.20369814453125 0.9752591796875 0.20262109375 0.97411337890625 0.1673294921875 0.998513671875 0.16624951171875 0.998513671875 0.20369814453125
0 0.6861568359375 0.22398955078125 0.7054068359375 0.2168853515625 0.70724013671875 0.23109365234375 0.7109068359375 0.23040615234375 0.71136513671875 0.21665625 0.7269484375 0.22123955078125 0.7283234375 0.2244478515625 0.72717763671875 0.282426953125 0.71136513671875 0.283114453125 0.7097609375 0.278301953125 0.7109068359375 0.2629478515625 0.7063234375 0.264551953125 0.70724013671875 0.28288525390625 0.69074013671875 0.28196865234375 0.68936513671875 0.27096865234375 0.68867763671875 0.255614453125 0.69119853515625 0.2546978515625 0.69119853515625 0.24621865234375 0.6889068359375 0.24690615234375 0.6861568359375 0.22398955078125
0 0.79458955078125 0.2202171875 0.79638515625 0.22039677734375 0.79602607421875 0.2085458984375 0.803387890625 0.2072890625 0.809851953125 0.21123935546875 0.81499677734375 0.240244140625 0.76385068359375 0.24118017578125 0.76049111328125 0.2437931640625 0.75530927734375 0.24307939453125 0.753438671875 0.242966015625 0.7510396484375 0.24261923828125 0.74658203125 0.242548828125 0.73510751953125 0.24080693359375 0.73351123046875 0.2186796875 0.73748681640625 0.217364453125 0.73748681640625 0.2088765625 0.750273828125 0.20821513671875 0.756446875 0.21901796875 0.758100390625 0.20733330078125 0.79010068359375 0.2069298828125 0.79458955078125 0.2202171875
0 0.82041025390625 0.2136650390625 0.83494091796875 0.2088849609375 0.84869091796875 0.21048916015625 0.85006591796875 0.28588486328125 0.84914921875 0.29505146484375 0.83219091796875 0.2959681640625 0.83081591796875 0.29069736328125 0.8214201171875 0.29092646484375 0.82096181640625 0.2712181640625 0.8337951171875 0.2691556640625 0.8337951171875 0.26571826171875 0.81981591796875 0.26938486328125 0.81872197265625 0.23307998046875 0.8344791015625 0.22970341796875 0.8346197265625 0.22534208984375 0.820973046875 0.22914072265625 0.82041025390625 0.2136650390625
0 0.73441572265625 0.2621369140625 0.78895732421875 0.2607619140625 0.81462392578125 0.26236611328125 0.81439482421875 0.29422021484375 0.798353125 0.29628271484375 0.796978125 0.2944494140625 0.7960615234375 0.28734521484375 0.79376982421875 0.286428515625 0.7926240234375 0.29559521484375 0.7575615234375 0.29628271484375 0.7561865234375 0.2889494140625 0.753207421875 0.2889494140625 0.75297822265625 0.296053515625 0.738769921875 0.2951369140625 0.736019921875 0.284366015625 0.733957421875 0.28047021484375 0.73441572265625 0.2621369140625
0 0.865032421875 0.23551025390625 0.8824490234375 0.2332185546875 0.89459482421875 0.23619775390625 0.89528232421875 0.23826025390625 0.89459482421875 0.29051015625 0.88496982421875 0.29303095703125 0.862969921875 0.28913515625 0.865032421875 0.23551025390625
0 0.8565953125 0.2335990234375 0.8579703125 0.21870322265625 0.8666787109375 0.2136615234375 0.89555361328125 0.21595322265625 0.8946369140625 0.23314072265625 0.87882451171875 0.23061982421875 0.8565953125 0.2335990234375
0 0.9011921875 0.21130029296875 0.97986953125 0.20866796875 0.98250185546875 0.2434732421875 0.90148466796875 0.24259580078125 0.9011921875 0.21130029296875
0 0.900828515625 0.26098564453125 0.97862841796875 0.25981572265625 0.98098876953125 0.27092998046875 0.9806962890625 0.29666826171875 0.9631474609375 0.29783818359375 0.9625625 0.2887712890625 0.95876025390625 0.28964873046875 0.95934521484375 0.2981306640625 0.92512490234375 0.2993005859375 0.92453994140625 0.2876013671875 0.91986025390625 0.2876013671875 0.91986025390625 0.29666826171875 0.90494375 0.29549833984375 0.9008490234375 0.28204423828125 0.900828515625 0.26098564453125
0 0.656142578125 0.69049326171875 0.663017578125 0.68430576171875 0.707815234375 0.5739658203125 0.7132474609375 0.57008564453125 0.75282548828125 0.58871064453125 0.7419609375 0.61121572265625 0.73885673828125 0.6057833984375 0.7225599609375 0.639153125 0.72876826171875 0.6492416015625 0.69927880859375 0.70666845703125 0.6977267578125 0.7175330078125 0.65737275390625 0.7012361328125 0.656142578125 0.69049326171875
0 0.73793740234375 0.6423251953125 0.753458203125 0.59886708984375 0.7682029296875 0.60119521484375 0.77130703125 0.60895556640625 0.821749609375 0.6268044921875 0.82330166015625 0.61826806640625 0.8512390625 0.63844501953125 0.83106201171875 0.67491884765625 0.80622880859375 0.671038671875 0.80622880859375 0.66327822265625 0.7907080078125 0.65551787109375 0.77751533203125 0.6609501953125 0.73793740234375 0.6423251953125
0 0.7247447265625 0.66715849609375 0.74259365234375 0.666382421875 0.7410416015625 0.6857833984375 0.760442578125 0.68966357421875 0.7612185546875 0.7199291015625 0.716984375 0.720705078125 0.71620830078125 0.695871875 0.7247447265625 0.66715849609375
0 0.7682029296875 0.695871875 0.77829140625 0.6904396484375 0.7907080078125 0.6927677734375 0.8349421875 0.695871875 0.84735888671875 0.68966357421875 0.85511923828125 0.69431982421875 0.85744736328125 0.75019453125 0.8341662109375 0.7494185546875 0.8326140625 0.739330078125 0.79381220703125 0.74088212890625 0.7883798828125 0.7494185546875 0.76975498046875 0.7470904296875 0.7682029296875 0.695871875
0 0.87571357421875 0.67188759765625 0.86977099609375 0.6778302734375 0.866799609375 0.649107421875 0.87175185546875 0.64316474609375 0.91632177734375 0.64514560546875 0.91533134765625 0.78776953125 0.8677900390625 0.78776953125 0.87076142578125 0.7610275390625 0.87769453125 0.75706572265625 0.87571357421875 0.67188759765625
0 0.99851357421875 0.7579421875 0.97387548828125 0.758515625 0.9713236328125 0.63165634765625 0.9985134765625 0.63107978515625 0.99851357421875 0.7579421875
0 0.7543271484375 0.83476767578125 0.7566552734375 0.813038671875 0.75122294921875 0.7982939453125 0.7675197265625 0.78820537109375 0.798561328125 0.7982939453125 0.82261845703125 0.80295009765625 0.82339453125 0.7936376953125 0.850555859375 0.803726171875 0.843571484375 0.81226259765625 0.87150888671875 0.8184708984375 0.8753890625 0.80993447265625 0.91341494140625 0.81924697265625 0.9110869140625 0.83631982421875 0.8994462890625 0.88365810546875 0.86142041015625 0.869689453125 0.85133193359375 0.8619291015625 0.8474517578125 0.86580927734375 0.8063216796875 0.8502884765625 0.78071240234375 0.8402 0.7543271484375 0.83476767578125
0 0.5897125 0.77336591796875 0.60673779296875 0.7326267578125 0.62497919921875 0.73809921875 0.6304515625 0.73323486328125 0.64018037109375 0.73688310546875 0.6906482421875 0.75755673828125 0.694296484375 0.7526923828125 0.7028091796875 0.7526923828125 0.69916083984375 0.7630291015625 0.7101056640625 0.7691095703125 0.6949044921875 0.8025521484375 0.67423095703125 0.79829580078125 0.63470791015625 0.78613486328125 0.62862744140625 0.7873509765625 0.5897125 0.77336591796875
0 0.57412783203125 0.76273330078125 0.53299775390625 0.75031669921875 0.5415341796875 0.724707421875 0.55860703125 0.67659306640625 0.5710236328125 0.649431640625 0.61370576171875 0.668056640625 0.60361728515625 0.6959939453125 0.597408984375 0.69366591796875 0.57645595703125 0.74255625 0.57723193359375 0.75109267578125 0.57412783203125 0.76273330078125
0 0.61467724609375 0.6614796875 0.57751650390625 0.64480498046875 0.580375 0.63194169921875 0.61635595703125 0.5450150390625 0.64883203125 0.5588267578125 0.645845703125 0.56965205078125 0.6589107421875 0.57450478515625 0.6510716796875 0.59391572265625 0.64472578125 0.59242265625 0.62148271484375 0.655612109375 0.61467724609375 0.6614796875
0 0.0029607421875 0.3540431640625 0.00684091796875 0.32843388671875 0.01460126953125 0.3292099609375 0.00916904296875 0.3222255859375 0.02857001953125 0.250830078125 0.07435625 0.26867890625 0.07280419921875 0.28031953125 0.067371875 0.2810955078125 0.05340322265625 0.3346421875 0.04098662109375 0.3439546875 0.03167412109375 0.33774638671875 0.02624189453125 0.36257958984375 0.00218466796875 0.3540431640625 0.0029607421875 0.3540431640625
0 0.047148046875 0.35425673828125 0.05264794921875 0.3389025390625 0.07327294921875 0.34325673828125 0.0721271484375 0.35654833984375 0.06685634765625 0.360444140625 0.047148046875 0.35425673828125
0 0.08071875 0.365612890625 0.08594482421875 0.34134921875 0.076332421875 0.3447236328125 0.07390732421875 0.3397630859375 0.0659705078125 0.33954267578125 0.06591201171875 0.3295666015625 0.07238974609375 0.32922109375 0.07201650390625 0.32781435546875 0.073136328125 0.3143759765625 0.07724248046875 0.31474921875 0.07686923828125 0.3095232421875 0.075002734375 0.30579033203125 0.07873564453125 0.29309853515625 0.0727630859375 0.2919787109375 0.07280419921875 0.28031953125 0.08060205078125 0.2822732421875 0.08209521484375 0.2628623046875 0.08694794921875 0.26024921875 0.1209171875 0.26435537109375 0.125769921875 0.3013109375 0.11531787109375 0.30317734375 0.1145712890625 0.3300541015625 0.11867744140625 0.33751982421875 0.110091796875 0.34237255859375 0.1087357421875 0.36898935546875 0.0940248046875 0.36926953125 0.08071875 0.365612890625
0 0.09501689453125 0.3706025390625 0.13738046875 0.3813189453125 0.1372703125 0.38506689453125 0.1348451171875 0.39399580078125 0.09009560546875 0.38317392578125 0.09501689453125 0.3706025390625
0 0.1240619140625 0.37490654296875 0.12189619140625 0.3675671875 0.12288095703125 0.3584224609375 0.1273830078125 0.3577189453125 0.12794580078125 0.3536390625 0.12372509765625 0.356452734375 0.12119267578125 0.3436501953125 0.12766435546875 0.342383984375 0.12288095703125 0.3298626953125 0.12710166015625 0.328455859375 0.12864921875 0.32789306640625 0.128562890625 0.3216900390625 0.133768359375 0.3218306640625 0.1351751953125 0.3121232421875 0.1282814453125 0.31240458984375 0.1282814453125 0.30072744140625 0.13264287109375 0.29903916015625 0.130391796875 0.29453720703125 0.1334017578125 0.27943193359375 0.139836328125 0.27796953125 0.1380814453125 0.27416728515625 0.15533779296875 0.27475224609375 0.16440478515625 0.28586650390625 0.15884765625 0.31803935546875 0.15241298828125 0.3195017578125 0.15475283203125 0.32944609375 0.148182421875 0.3377134765625 0.15321337890625 0.34944306640625 0.14863876953125 0.3581994140625 0.1464447265625 0.37930205078125 0.1240619140625 0.37490654296875
0 0.19138662109375 0.34041123046875 0.19619912109375 0.3103904296875 0.2099490234375 0.3124529296875 0.2051365234375 0.34361953125 0.19138662109375 0.34041123046875
0 0.18229287109375 0.391249609375 0.1875615234375 0.36804560546875 0.2006265625 0.37065869140625 0.1954005859375 0.3938025390625 0.18229287109375 0.391249609375
0 0.23820380859375 0.33020419921875 0.254878515625 0.33353916015625 0.25392568359375 0.34592607421875 0.2567841796875 0.34687890625 0.25916630859375 0.332586328125 0.296803515625 0.3425912109375 0.29108642578125 0.3554544921875 0.293944921875 0.35593095703125 0.299185546875 0.3464025390625 0.3144310546875 0.3530724609375 0.31538388671875 0.35974228515625 0.309666796875 0.36831787109375 0.30680830078125 0.365459375 0.3025205078125 0.37879912109375 0.29585068359375 0.37546416015625 0.24582646484375 0.36688857421875 0.24058583984375 0.3687943359375 0.2305810546875 0.36784140625 0.2301046875 0.358789453125 0.23820380859375 0.33020419921875
0 0.23148486328125 0.3846759765625 0.24625380859375 0.3832466796875 0.26149931640625 0.3861052734375 0.2586408203125 0.39992138671875 0.25625869140625 0.42088388671875 0.250065234375 0.42421884765625 0.2534001953125 0.444228515625 0.2469232421875 0.46657197265625 0.24416240234375 0.46921884765625 0.22100361328125 0.46471455078125 0.2205271484375 0.45328046875 0.2219564453125 0.4423228515625 0.2324376953125 0.44184638671875 0.2348197265625 0.43755859375 0.21957431640625 0.43946435546875 0.2257677734375 0.40135068359375 0.23420908203125 0.40402373046875 0.240962109375 0.4028982421875 0.24110283203125 0.39952177734375 0.22956640625 0.39881826171875 0.23148486328125 0.3846759765625
0 0.29103505859375 0.38827421875 0.305219921875 0.38827421875 0.31529873046875 0.39909951171875 0.30932607421875 0.44053447265625 0.29588779296875 0.4733837890625 0.27087744140625 0.47114404296875 0.27050419921875 0.46031875 0.27306552734375 0.44472646484375 0.28432060546875 0.44683681640625 0.28727509765625 0.443882421875 0.28685302734375 0.44064658203125 0.275879296875 0.43952109375 0.28391845703125 0.40664853515625 0.2954548828125 0.40805546875 0.2972837890625 0.40299072265625 0.2850439453125 0.4024279296875 0.28884248046875 0.39075078125 0.29103505859375 0.38827421875
0 0.2146 0.4696771484375 0.2272041015625 0.46921884765625 0.24416240234375 0.47426044921875 0.27509990234375 0.47838544921875 0.281058203125 0.47838544921875 0.281745703125 0.47632294921875 0.28907900390625 0.48021875 0.2957248046875 0.48388544921875 0.292058203125 0.50267705078125 0.300995703125 0.50221875 0.30065703125 0.52192255859375 0.28983525390625 0.5222150390625 0.2895427734375 0.5175353515625 0.2801833984375 0.5163654296875 0.2553224609375 0.51314814453125 0.248887890625 0.51139326171875 0.22695185546875 0.505251171875 0.21525263671875 0.50554365234375 0.2132052734375 0.5011564453125 0.21349775390625 0.48302265625 0.21349775390625 0.48039033203125 0.2146 0.4696771484375
0 0.30695927734375 0.49910087890625 0.305839453125 0.49088857421875 0.3091990234375 0.4785701171875 0.3091990234375 0.475210546875 0.31293193359375 0.46177216796875 0.384603125 0.48118310546875 0.38945595703125 0.4912619140625 0.388709375 0.512166015625 0.3775107421875 0.51627216796875 0.36892509765625 0.5155255859375 0.33234287109375 0.50656669921875 0.30695927734375 0.49910087890625
0 0.32332578125 0.45988154296875 0.33489765625 0.41359384765625 0.33415107421875 0.40799453125 0.34497646484375 0.37029248046875 0.3479626953125 0.3676794921875 0.35356201171875 0.36543974609375 0.35356201171875 0.3568541015625 0.37745244140625 0.36394658203125 0.38081201171875 0.37701171875 0.3781990234375 0.39119658203125 0.36289423828125 0.4415904296875 0.3587880859375 0.46324111328125 0.35169560546875 0.46809384765625 0.34684287109375 0.465480859375 0.32332578125 0.45988154296875
0 0.405587109375 0.47082138671875 0.42051865234375 0.41370830078125 0.42201181640625 0.40213642578125 0.42835771484375 0.38608505859375 0.44627548828125 0.38944462890625 0.46195361328125 0.3969103515625 0.44814189453125 0.45327685546875 0.4358234375 0.4962048828125 0.4119330078125 0.48873916015625 0.405587109375 0.47082138671875
0 0.40185419921875 0.4901521484375 0.43209052734375 0.49911103515625 0.41753232421875 0.53270693359375 0.40484052734375 0.57227548828125 0.397748046875 0.5849671875 0.37236455078125 0.5778748046875 0.3749775390625 0.55809052734375 0.38542958984375 0.5592103515625 0.379712109375 0.5504578125 0.38580283203125 0.52785419921875 0.39812138671875 0.4979912109375 0.40185419921875 0.4901521484375
0 0.2956236328125 0.59825224609375 0.2981708984375 0.57403154296875 0.3094830078125 0.57313369140625 0.3094830078125 0.5713380859375 0.3008642578125 0.570619921875 0.302769921875 0.54012900390625 0.3127748046875 0.539176171875 0.31372763671875 0.53631767578125 0.305628515625 0.53631767578125 0.308010546875 0.51249658203125 0.3308787109375 0.51726083984375 0.34040712890625 0.51440234375 0.35231767578125 0.53250625 0.344694921875 0.5372705078125 0.33278447265625 0.5425111328125 0.33135517578125 0.562520703125 0.32516171875 0.602063671875 0.2956236328125 0.59825224609375
0 0.3419533203125 0.59978935546875 0.36154951171875 0.5872126953125 0.3682765625 0.59393974609375 0.3712013671875 0.595987109375 0.3735412109375 0.59247734375 0.388165234375 0.59686455078125 0.37909833984375 0.62962236328125 0.3583322265625 0.62962236328125 0.355407421875 0.6246501953125 0.35102021484375 0.62523515625 0.3419533203125 0.59978935546875
0 0.29148740234375 0.68150712890625 0.30483623046875 0.609165625 0.321168359375 0.6130078125 0.32356005859375 0.60442587890625 0.33791025390625 0.608646484375 0.31761240234375 0.6915904296875 0.30592490234375 0.690673828125 0.3068416015625 0.6840279296875 0.29148740234375 0.68150712890625
0 0.18654189453125 0.6658455078125 0.1898513671875 0.6368044921875 0.2088890625 0.63755107421875 0.20776923828125 0.64688330078125 0.2122486328125 0.648003125 0.213741796875 0.63904423828125 0.24659111328125 0.6427771484375 0.24771103515625 0.65360244140625 0.25107060546875 0.65397578125 0.2540568359375 0.64501689453125 0.26861513671875 0.648003125 0.26749521484375 0.68085244140625 0.19295849609375 0.671574609375 0.18654189453125 0.6658455078125
0 0.20712197265625 0.6206720703125 0.2097349609375 0.60723369140625 0.20898837890625 0.60536728515625 0.2108548828125 0.59155556640625 0.22989248046875 0.5952884765625 0.24445078125 0.5934220703125 0.28737880859375 0.6031275390625 0.28849873046875 0.61992548828125 0.28551240234375 0.64082958984375 0.2799130859375 0.6400830078125 0.27170078125 0.6367234375 0.268714453125 0.63448369140625 0.2642349609375 0.6382166015625 0.20936171875 0.631870703125 0.20712197265625 0.6206720703125
0 0.03549658203125 0.61049462890625 0.0652908203125 0.6159669921875 0.0701552734375 0.61353486328125 0.0835322265625 0.6159669921875 0.08414033203125 0.6190072265625 0.1321759765625 0.62387158203125 0.12791962890625 0.65123369140625 0.03002412109375 0.633600390625 0.0275919921875 0.62326357421875 0.03549658203125 0.61049462890625
0 0.10775986328125 0.6159689453125 0.10506279296875 0.60509228515625 0.10877451171875 0.5756419921875 0.11316171875 0.57476455078125 0.1137466796875 0.56657509765625 0.1137466796875 0.5662826171875 0.11052939453125 0.56306533203125 0.1149953125 0.53339609375 0.1203802734375 0.53367744140625 0.12125771484375 0.52841279296875 0.1379291015625 0.529290234375 0.139683984375 0.53513984375 0.14699599609375 0.536309765625 0.1404955078125 0.57050947265625 0.1386291015625 0.57237587890625 0.1356427734375 0.5712560546875 0.1337763671875 0.57722861328125 0.13676259765625 0.5779751953125 0.1332056640625 0.61450654296875 0.12589365234375 0.613044140625 0.125601171875 0.61977119140625 0.10775986328125 0.6159689453125
0 0.0996474609375 0.4458783203125 0.09890087890625 0.42161455078125 0.1127125 0.416015234375 0.1268974609375 0.4204947265625 0.1298837890625 0.44027900390625 0.15041455078125 0.443265234375 0.15041455078125 0.45819677734375 0.1444419921875 0.46790224609375 0.1474283203125 0.48395361328125 0.15489404296875 0.49515224609375 0.1541474609375 0.5007515625 0.14966796875 0.5022447265625 0.1474283203125 0.5246419921875 0.11196591796875 0.52650849609375 0.11047275390625 0.519416015625 0.10711318359375 0.51904267578125 0.10860634765625 0.5007515625 0.100020703125 0.50261806640625 0.09927412109375 0.494032421875 0.10524677734375 0.4925392578125 0.1028837890625 0.4778984375 0.10727099609375 0.47526611328125 0.10610107421875 0.46941650390625 0.10317626953125 0.47000146484375 0.1028837890625 0.4550849609375 0.09644921875 0.45654736328125 0.09644921875 0.44835791015625 0.0996474609375 0.4458783203125
0 0.0735771484375 0.544170703125 0.0862689453125 0.5445439453125 0.0750703125 0.6020302734375 0.0638716796875 0.5990439453125 0.05864560546875 0.61061591796875 0.03923466796875 0.60650966796875 0.03886142578125 0.59829736328125 0.03475517578125 0.598670703125 0.037843359375 0.56609921875 0.04515537109375 0.5655142578125 0.0477876953125 0.55527744140625 0.035503515625 0.55937216796875 0.0409357421875 0.54270556640625 0.04620654296875 0.5438513671875 0.04139404296875 0.53628896484375 0.0450607421875 0.52322646484375 0.0533107421875 0.522997265625 0.05514404296875 0.516809765625 0.07141484375 0.518184765625 0.0735771484375 0.544170703125
0 0.009933203125 0.4720375 0.016603125 0.44154658203125 0.02327294921875 0.44154658203125 0.02422578125 0.431541796875 0.0185087890625 0.42963603515625 0.0223201171875 0.40105087890625 0.03327783203125 0.40105087890625 0.0328013671875 0.39247529296875 0.05852802734375 0.402480078125 0.05662236328125 0.41391416015625 0.06662724609375 0.4162962890625 0.05471669921875 0.46393828125 0.0432826171875 0.46155625 0.0380419921875 0.48347158203125 0.015173828125 0.48558349609375 0.01469736328125 0.47299033203125 0.009933203125 0.4720375
0 -0.0 0.381458984375 0.02330205078125 0.39489736328125 0.01396982421875 0.40796240234375 0.00426435546875 0.4411849609375 -0.0 0.43973994140625 -0.0 0.381458984375
0 -0.0 0.48590693359375 0.00757099609375 0.4791798828125 0.01780791015625 0.49409638671875 0.01693046875 0.497313671875 0.0221951171875 0.50521064453125 0.002598828125 0.5177873046875 -0.0 0.50579560546875 -0.0 0.48590693359375
0 0.18662509765625 0.7783076171875 0.18552626953125 0.80647646484375 0.10587216796875 0.81498916015625 0.10587216796875 0.83140634765625 0.11195263671875 0.83019033203125 0.11316865234375 0.8356626953125 0.18552626953125 0.83627080078125 0.1873015625 0.875158203125 0.107039453125 0.87637431640625 0.1033912109375 0.88488701171875 0.08332568359375 0.88488701171875 0.08393369140625 0.875158203125 0.08393369140625 0.80888115234375 0.067119140625 0.811943359375 0.067431640625 0.803779296875 0.0713314453125 0.80260498046875 0.07228427734375 0.794505859375 0.0751427734375 0.7926001953125 0.07800126953125 0.77926044921875 0.0961052734375 0.7783076171875 0.13564814453125 0.77973681640625 0.14088876953125 0.786883203125 0.143747265625 0.776401953125 0.18662509765625 0.7783076171875
0 0.02227783203125 0.82334365234375 0.02755849609375 0.82485234375 0.0322193359375 0.83883515625 0.04416015625 0.84107421875 0.04517578125 0.853466796875 0.04146708984375 0.8539955078125 0.03961083984375 0.86905615234375 -0.0 0.868740234375 -0.0 0.822392578125 0.02227783203125 0.82334365234375
0 0.01892470703125 0.7492880859375 0.0228205078125 0.7561630859375 0.02579970703125 0.7589130859375 0.02648720703125 0.75455888671875 0.07466640625 0.7559158203125 0.0765720703125 0.7768783203125 0.06370869140625 0.7768783203125 0.0665671875 0.80403427734375 0.06693359375 0.80392578125 0.066630859375 0.81203125 0.066300390625 0.81208935546875 0.066300390625 0.86020380859375 0.05853994140625 0.868740234375 0.047675390625 0.8648599609375 0.0468994140625 0.85321943359375 0.045654296875 0.8533984375 0.044658203125 0.841171875 0.04508076171875 0.8412466796875 0.0442822265625 0.82447744140625 0.0310861328125 0.81982001953125 0.02875478515625 0.7856263671875 -0.0 0.78306640625 -0.0 0.74882978515625 0.01892470703125 0.7492880859375
0 0.136162109375 0.9287109375 0.13663076171875 0.94358740234375 0.04563447265625 0.94025244140625 0.04625 0.92763671875 0.136162109375 0.9287109375
0 0.1356779296875 0.913096484375 0.13615234375 0.92822265625 0.046279296875 0.9271484375 0.04706376953125 0.9111908203125 0.1356779296875 0.913096484375
0 0.016162109375 0.959169921875 0.01574541015625 0.999007421875 0.00232294921875 0.99900712890625 0.00341484375 0.96024482421875 0.00714765625 0.95837841796875 0.016162109375 0.959169921875
0 0.02842509765625 0.96024482421875 0.0275220703125 0.99900771484375 0.01623369140625 0.999007421875 0.016650390625 0.959208984375 0.02842509765625 0.96024482421875
0 0.06441484375 0.9990083984375 0.06511962890625 0.98226884765625 0.07631826171875 0.979655859375 0.08901005859375 0.979655859375 0.10692783203125 0.9818955078125 0.1076744140625 0.98898798828125 0.107301171875 0.99496064453125 0.11140732421875 0.99533388671875 0.11327373046875 0.979655859375 0.153962109375 0.97629619140625 0.15769501953125 0.9818955078125 0.15918818359375 0.97405654296875 0.19166416015625 0.9721900390625 0.19166416015625 0.96173798828125 0.2129416015625 0.9624845703125 0.21368818359375 0.96957705078125 0.2226470703125 0.96995029296875 0.22339365234375 0.97890927734375 0.231979296875 0.9770427734375 0.233845703125 0.98861474609375 0.224140234375 0.9867482421875 0.22637998046875 0.99197431640625 0.22637998046875 0.99901083984375 0.06441484375 0.9990083984375
0 0.26242353515625 0.8256033203125 0.27701669921875 0.82377919921875 0.28431318359375 0.90160908203125 0.2727603515625 0.90404130859375 0.26242353515625 0.8256033203125
0 0.292409375 0.81170751953125 0.38969677734375 0.82994892578125 0.38726455078125 0.84515009765625 0.289369140625 0.8250845703125 0.292409375 0.81170751953125
0 0.29771826171875 0.99901162109375 0.28057392578125 0.9378271484375 0.293707421875 0.93353935546875 0.3110728515625 0.99901171875 0.29771826171875 0.99901162109375
0 0.39051142578125 0.663370703125 0.41969765625 0.57824423828125 0.45739658203125 0.592229296875 0.4221298828125 0.678571875 0.416657421875 0.67796376953125 0.3917275390625 0.66762705078125 0.39051142578125 0.663370703125
0 0.39570947265625 0.7058568359375 0.40093564453125 0.68769267578125 0.40093564453125 0.68631767578125 0.4000189453125 0.6860884765625 0.3986439453125 0.6847134765625 0.402440625 0.674221484375 0.42632177734375 0.68355849609375 0.48184970703125 0.700424609375 0.48262578125 0.7151693359375 0.46943310546875 0.73379423828125 0.39570947265625 0.7058568359375
0 0.47343232421875 0.672973046875 0.47671962890625 0.66427177734375 0.47862529296875 0.65712548828125 0.48988037109375 0.66022060546875 0.49114658203125 0.65698486328125 0.4836037109375 0.6529048828125 0.4917029296875 0.62479609375 0.50155703125 0.62617109375 0.50247373046875 0.6229626953125 0.49399453125 0.6209001953125 0.49972373046875 0.59867109375 0.52905703125 0.60806689453125 0.51057734375 0.665953515625 0.50121796875 0.6829173828125 0.47343232421875 0.672973046875
0 0.573670703125 0.52657705078125 0.5505484375 0.520950390625 0.5476236328125 0.5086662109375 0.551718359375 0.49316474609375 0.56371015625 0.4934572265625 0.567219921875 0.4911173828125 0.55142587890625 0.48907001953125 0.56714951171875 0.452228125 0.5791798828125 0.45581923828125 0.5786412109375 0.45150986328125 0.57063046875 0.44874716796875 0.5730626953125 0.4353701171875 0.60589716796875 0.44266669921875 0.5833994140625 0.51076787109375 0.573670703125 0.52657705078125
0 0.46651474609375 0.45672158203125 0.4821927734375 0.46157431640625 0.48293935546875 0.4701599609375 0.52400107421875 0.48583798828125 0.52773388671875 0.47426611328125 0.54415859375 0.48098525390625 0.5348263671875 0.51756748046875 0.45979560546875 0.4895708984375 0.46651474609375 0.45672158203125
0 0.46740234375 0.4264599609375 0.46930810546875 0.41264375 0.47836005859375 0.407403125 0.49932255859375 0.40787958984375 0.54172392578125 0.41645517578125 0.5388654296875 0.4331298828125 0.5441060546875 0.43360625 0.54601171875 0.41883720703125 0.56745068359375 0.42884208984375 0.55887509765625 0.4631443359375 0.55077587890625 0.46552646484375 0.46930810546875 0.435035546875 0.46740234375 0.4264599609375
0 0.679191015625 0.38291416015625 0.697432421875 0.38595439453125 0.70837724609375 0.39203486328125 0.68648759765625 0.4802015625 0.66216572265625 0.46986484375 0.66155771484375 0.46317626953125 0.679191015625 0.38291416015625
0 0.706610546875 0.4464119140625 0.75854033203125 0.4673744140625 0.7856962890625 0.481190625 0.81475791015625 0.4988181640625 0.81237587890625 0.52454482421875 0.79331904296875 0.51930419921875 0.795701171875 0.50834658203125 0.79331904296875 0.505964453125 0.787601953125 0.51882783203125 0.77855 0.51692216796875 0.7752150390625 0.49977099609375 0.7594931640625 0.49595966796875 0.75663466796875 0.500723828125 0.7466298828125 0.4921482421875 0.6980349609375 0.47023291015625 0.706610546875 0.4464119140625
0 0.729506640625 0.448271484375 0.72768251953125 0.43428642578125 0.73437099609375 0.4336783203125 0.73437099609375 0.430030078125 0.72646640625 0.4306380859375 0.72889853515625 0.3990197265625 0.73376298828125 0.39841162109375 0.732546875 0.3929392578125 0.7258583984375 0.393547265625 0.72768251953125 0.377130078125 0.7574767578125 0.375305859375 0.7605169921875 0.37956220703125 0.75686875 0.45374384765625 0.729506640625 0.448271484375
0 0.76720546875 0.38503466796875 0.78301474609375 0.38260244140625 0.79335146484375 0.3868587890625 0.79943193359375 0.40631630859375 0.79639169921875 0.40692431640625 0.79335146484375 0.4081404296875 0.80368828125 0.41057255859375 0.80551240234375 0.43428642578125 0.79517568359375 0.4415830078125 0.7976078125 0.45252783203125 0.7696376953125 0.45678408203125 0.77085380859375 0.4519197265625 0.77511015625 0.44948759765625 0.77450205078125 0.4458392578125 0.770245703125 0.44523125 0.76781357421875 0.41482890625 0.77754228515625 0.4087484375 0.776326171875 0.40449208984375 0.76842158203125 0.40692431640625 0.76720546875 0.38503466796875
0 0.80940703125 0.4184765625 0.81015361328125 0.38786689453125 0.8291912109375 0.38712041015625 0.8291912109375 0.39421279296875 0.83329736328125 0.39421279296875 0.83292412109375 0.38712041015625 0.86950634765625 0.38600048828125 0.8702529296875 0.394959375 0.87323916015625 0.39533271484375 0.87323916015625 0.38898681640625 0.8930234375 0.388240234375 0.89219609375 0.41899208984375 0.80866044921875 0.4199697265625 0.80940703125 0.4184765625
0 0.89815859375 0.41736845703125 0.89890517578125 0.38862529296875 0.91644970703125 0.3878787109375 0.91756953125 0.394224609375 0.922422265625 0.39459794921875 0.922422265625 0.3878787109375 0.9560181640625 0.38675888671875 0.95788466796875 0.39497119140625 0.96161748046875 0.39459794921875 0.96161748046875 0.386385546875 0.982894921875 0.38675888671875 0.9832681640625 0.4181150390625 0.9366072265625 0.421474609375 0.92167568359375 0.421474609375 0.920555859375 0.411769140625 0.91644970703125 0.411769140625 0.915703125 0.41923486328125 0.89815859375 0.41736845703125
0 0.85806943359375 0.4212923828125 0.88969443359375 0.43206328125 0.88579853515625 0.44627158203125 0.8768611328125 0.45520908203125 0.8747986328125 0.460708984375 0.877777734375 0.4632298828125 0.87594443359375 0.46712568359375 0.866777734375 0.470333984375 0.86196533203125 0.48247978515625 0.86081943359375 0.48568818359375 0.85738193359375 0.50035478515625 0.84877763671875 0.4973634765625 0.8469111328125 0.50184287109375 0.85587001953125 0.5137880859375 0.85251044921875 0.52125380859375 0.84877763671875 0.53021279296875 0.83981865234375 0.52536005859375 0.83496591796875 0.53245244140625 0.83608583984375 0.54663740234375 0.83384609375 0.54962373046875 0.81368857421875 0.54253125 0.813315234375 0.5346921875 0.81891455078125 0.520133984375 0.8267111328125 0.5208380859375 0.8283271484375 0.51598994140625 0.82168349609375 0.51401484375 0.84800185546875 0.44537451171875 0.8546142578125 0.44495244140625 0.85573974609375 0.44129453125 0.848142578125 0.44199794921875 0.8508080078125 0.4312453125 0.8528705078125 0.4312453125 0.85806943359375 0.4212923828125
0 0.853094140625 0.5393072265625 0.85263583984375 0.5344947265625 0.8638650390625 0.508828125 0.88586494140625 0.51753642578125 0.88517744140625 0.52418232421875 0.888844140625 0.526015625 0.890906640625 0.51936982421875 0.93284404296875 0.53609892578125 0.9337607421875 0.5351822265625 0.93880234375 0.5379322265625 0.93696904296875 0.54503642578125 0.93811484375 0.546640625 0.93948984375 0.54572392578125 0.94178154296875 0.54022392578125 0.96619814453125 0.5483853515625 0.95687724609375 0.58067978515625 0.9302615234375 0.57424521484375 0.93201640625 0.56108359375 0.9267517578125 0.564593359375 0.92470439453125 0.57044296875 0.87907734375 0.5546490234375 0.8820021484375 0.53914755859375 0.877907421875 0.5394400390625 0.8749826171875 0.55172421875 0.85187666015625 0.54148740234375 0.853094140625 0.5393072265625
0 0.89855771484375 0.47972744140625 0.89669130859375 0.48420693359375 0.90154404296875 0.48570009765625 0.90266396484375 0.48159384765625 0.9280474609375 0.4901794921875 0.932526953125 0.49241923828125 0.932526953125 0.49727197265625 0.93178037109375 0.498391796875 0.93513994140625 0.49876513671875 0.936083984375 0.49529296875 0.93664814453125 0.494805859375 0.937333984375 0.494443359375 0.93812626953125 0.49428564453125 0.95081806640625 0.49951171875 0.95231123046875 0.504364453125 0.9594037109375 0.50697744140625 0.95455087890625 0.52265556640625 0.94633857421875 0.5234021484375 0.9358865234375 0.52750830078125 0.9258078125 0.52302880859375 0.92767421875 0.5136966796875 0.9243146484375 0.51108359375 0.922821484375 0.52302880859375 0.89258515625 0.5136966796875 0.89519814453125 0.50175146484375 0.8929583984375 0.50025830078125 0.88885224609375 0.51033701171875 0.88026669921875 0.50847060546875 0.8746673828125 0.50324453125 0.875040625 0.4935390625 0.8832529296875 0.4737548828125 0.89855771484375 0.47972744140625
0 0.89388046875 0.4308771484375 0.91230673828125 0.4302921875 0.91406162109375 0.43818916015625 0.91815634765625 0.43877412109375 0.9178638671875 0.42999970703125 0.95413154296875 0.4302921875 0.95471650390625 0.43526435546875 0.95617890625 0.43643427734375 0.959688671875 0.4355568359375 0.959688671875 0.4297072265625 0.96934052734375 0.4302921875 0.97132138671875 0.43513154296875 0.96941572265625 0.45752333984375 0.91558017578125 0.4618111328125 0.91462734375 0.45466474609375 0.89223564453125 0.4513298828125 0.89388046875 0.4308771484375
0 0.9985134765625 0.5947453125 0.971674609375 0.59621591796875 0.969346484375 0.47748212890625 0.9985134765625 0.47526689453125 0.9985134765625 0.5947453125
0 0.33973671875 0.91601220703125 0.34452138671875 0.90878916015625 0.3502384765625 0.90878916015625 0.3540498046875 0.9111712890625 0.35976689453125 0.9240345703125 0.35595546875 0.925940234375 0.36473447265625 0.9420841796875 0.36562490234375 0.9562193359375 0.355195703125 0.95840517578125 0.35346396484375 0.949530859375 0.34555927734375 0.95135498046875 0.34130302734375 0.943450390625 0.334614453125 0.941626171875 0.33887080078125 0.931289453125 0.32482021484375 0.92478671875 0.3216029296875 0.91016259765625 0.317508203125 0.905775390625 0.318678125 0.8970009765625 0.315168359375 0.89612353515625 0.31487587890625 0.88325439453125 0.3251126953125 0.87564990234375 0.33505703125 0.875357421875 0.33827431640625 0.87857470703125 0.33651943359375 0.88442431640625 0.33944423828125 0.8853017578125 0.34997353515625 0.8782822265625 0.3520208984375 0.87506494140625 0.35933291015625 0.8741875 0.3672298828125 0.8724326171875 0.3660599609375 0.87038525390625 0.36693740234375 0.85546875 0.41458583984375 0.86500771484375 0.41402685546875 0.87915966796875 0.38156142578125 0.873017578125 0.38507119140625 0.89524609375 0.38156142578125 0.9040205078125 0.39589306640625 0.90665283203125 0.3979404296875 0.93180625 0.4026201171875 0.94789267578125 0.400865234375 0.95432724609375 0.38156142578125 0.95666708984375 0.380683984375 0.94350546875 0.37395693359375 0.94496787109375 0.3719095703125 0.93268369140625 0.3754193359375 0.930636328125 0.374834375 0.9277115234375 0.38273134765625 0.92010693359375 0.37746669921875 0.919814453125 0.3765892578125 0.91601220703125 0.37337197265625 0.9157197265625 0.3672298828125 0.91776708984375 0.3648900390625 0.912794921875 0.3648900390625 0.908115234375 0.3602103515625 0.90957763671875 0.35933291015625 0.90197314453125 0.36342763671875 0.90197314453125 0.36459755859375 0.898755859375 0.35845546875 0.896416015625 0.34470888671875 0.89670849609375 0.34470888671875 0.8993408203125 0.34119912109375 0.90197314453125 0.333887109375 0.9028505859375 0.33300966796875 0.90548291015625 0.33973671875 0.91601220703125
0 0.44816923828125 0.85717568359375 0.44555615234375 0.8739736328125 0.4556349609375 0.869494140625 0.4586212890625 0.8549359375 0.47728564453125 0.857922265625 0.48699111328125 0.85680234375 0.49408359375 0.8601619140625 0.49818974609375 0.86688115234375 0.50192265625 0.86874755859375 0.50005615234375 0.8836791015625 0.49296376953125 0.89189140625 0.483603515625 0.889716796875 0.48033779296875 0.883903125 0.476885546875 0.87999052734375 0.47343447265625 0.87584921875 0.4717982421875 0.8707818359375 0.46731494140625 0.8717126953125 0.467073828125 0.87557001953125 0.45875986328125 0.8762826171875 0.46242177734375 0.8801734375 0.453736328125 0.8808248046875 0.44667744140625 0.88310185546875 0.43831533203125 0.88054677734375 0.43568046875 0.8850978515625 0.4333458984375 0.894202734375 0.43632373046875 0.8971806640625 0.4337296875 0.9068494140625 0.45216611328125 0.9018857421875 0.45331416015625 0.89476806640625 0.4618029296875 0.89172080078125 0.4620296875 0.89739189453125 0.47603515625 0.895166015625 0.47579248046875 0.89711748046875 0.487364453125 0.902716796875 0.484378125 0.9060763671875 0.48363154296875 0.90831611328125 0.49035068359375 0.90831611328125 0.48811103515625 0.9206345703125 0.47877880859375 0.92698046875 0.46162861328125 0.92395546875 0.4653404296875 0.916155078125 0.46571376953125 0.90756953125 0.457128125 0.904583203125 0.4556349609375 0.90756953125 0.45936787109375 0.91466201171875 0.454141796875 0.92660712890625 0.43585068359375 0.92586064453125 0.43099794921875 0.92175439453125 0.4283849609375 0.9236208984375 0.40673427734375 0.91690166015625 0.40895107421875 0.89480283203125 0.420409375 0.8973236328125 0.4205458984375 0.89413115234375 0.42166572265625 0.8825591796875 0.41830615234375 0.87322705078125 0.42129248046875 0.85269619140625 0.44816923828125 0.85717568359375
0 0.4313404296875 0.9581771484375 0.43363203125 0.9726146484375 0.43088203125 0.97651044921875 0.4304296875 0.9780859375 0.4105982421875 0.979126171875 0.40739091796875 0.968046484375 0.4008509765625 0.96711220703125 0.40023203125 0.971444921875 0.3990703125 0.97812509765625 0.39504951171875 0.98501787109375 0.38225419921875 0.98821669921875 0.3762548828125 0.99121630859375 0.37600244140625 0.99678271484375 0.3728072265625 0.999012109375 0.36109580078125 0.99901201171875 0.3607572265625 0.99621875 0.3552572265625 0.99553125 0.35365302734375 0.99117705078125 0.353423828125 0.97513544921875 0.376798828125 0.9719271484375 0.378173828125 0.97582294921875 0.37977802734375 0.98246875 0.3880279296875 0.97994794921875 0.387798828125 0.97032294921875 0.38825712890625 0.96344794921875 0.396736328125 0.96207294921875 0.398111328125 0.95863544921875 0.4093404296875 0.9561146484375 0.41781962890625 0.9519896484375 0.43042373046875 0.95153134765625 0.4313404296875 0.9581771484375
0 0.428974609375 0.9830859375 0.42881953125 0.9836146484375 0.43111123046875 0.99369794921875 0.43074501953125 0.9990123046875 0.3947015625 0.99901220703125 0.395398046875 0.99656953125 0.406378515625 0.995413671875 0.415284375 0.9921482421875 0.4184935546875 0.98397939453125 0.42534140625 0.982552734375 0.428974609375 0.9830859375
0 0.44461240234375 0.99240771484375 0.4468521484375 0.96590419921875 0.46029052734375 0.9662775390625 0.46215693359375 0.971503515625 0.46850283203125 0.9692638671875 0.4770884765625 0.969637109375 0.47522197265625 0.98643505859375 0.46215693359375 0.98494189453125 0.461037109375 0.99390078125 0.44461240234375 0.99240771484375
0 0.53197626953125 0.89511201171875 0.53927275390625 0.9090970703125 0.53866474609375 0.91760966796875 0.550217578125 0.91760966796875 0.54778544921875 0.90119248046875 0.556298046875 0.89267978515625 0.5891326171875 0.89267978515625 0.5964291015625 0.90727294921875 0.58852451171875 0.92551435546875 0.58122802734375 0.92673037109375 0.57332333984375 0.92064990234375 0.56663486328125 0.90727294921875 0.56298662109375 0.9090970703125 0.558122265625 0.92064990234375 0.5490015625 0.92369013671875 0.53501640625 0.9242982421875 0.52893603515625 0.9334189453125 0.53866474609375 0.9455798828125 0.54474521484375 0.9437556640625 0.5465693359375 0.9364591796875 0.55690615234375 0.93098671875 0.56541875 0.93463505859375 0.57940380859375 0.93463505859375 0.59156474609375 0.9394994140625 0.59011201171875 0.96209501953125 0.58365234375 0.965185546875 0.56956533203125 0.96364970703125 0.56267451171875 0.95669990234375 0.56314384765625 0.9477826171875 0.55395810546875 0.95165029296875 0.5508923828125 0.96650703125 0.56858076171875 0.96650703125 0.58267578125 0.969775390625 0.5873083984375 0.97476611328125 0.58426826171875 0.98449482421875 0.5739314453125 0.994831640625 0.5648107421875 0.9923994140625 0.55906884765625 0.9868302734375 0.558122265625 0.97780634765625 0.55143369140625 0.97841435546875 0.54778544921875 0.9899671875 0.538056640625 0.99422353515625 0.53258427734375 0.997871875 0.52650380859375 0.9954396484375 0.52555107421875 0.99901240234375 0.5072845703125 0.99901240234375 0.50835859375 0.98898798828125 0.5031326171875 0.98562841796875 0.50425244140625 0.965844140625 0.50723876953125 0.96621748046875 0.509478515625 0.9412072265625 0.51738310546875 0.91760966796875 0.5100865234375 0.9090970703125 0.5131267578125 0.891463671875 0.53197626953125 0.89511201171875
0 0.6187666015625 0.999012109375 0.6235044921875 0.9619970703125 0.63688154296875 0.9619970703125 0.633328125 0.99901201171875 0.6187666015625 0.999012109375
0 0.6242734375 0.955694921875 0.63035390625 0.91191552734375 0.6431228515625 0.91191552734375 0.63783642578125 0.957755078125 0.6242734375 0.955694921875
0 0.656639453125 0.95244794921875 0.65132666015625 0.9990119140625 0.6377140625 0.99901201171875 0.640107421875 0.97424560546875 0.6404185546875 0.97185859375 0.64040888671875 0.96980009765625 0.64089296875 0.96542060546875 0.64174365234375 0.950385546875 0.656639453125 0.95244794921875
0 0.6843380859375 0.9730822265625 0.6910080078125 0.93877998046875 0.70958837890625 0.9397328125 0.7081591796875 0.94926123046875 0.72054609375 0.9497376953125 0.72197529296875 0.94402060546875 0.74103212890625 0.94735556640625 0.73531513671875 0.98594560546875 0.71149404296875 0.98213427734375 0.71435263671875 0.9659359375 0.70958837890625 0.96450673828125 0.7081591796875 0.9783228515625 0.6843380859375 0.9730822265625
0 0.757362890625 0.9921390625 0.75831572265625 0.980228515625 0.75450439453125 0.9783228515625 0.7568865234375 0.96307744140625 0.78404248046875 0.967365234375 0.78451884765625 0.97212939453125 0.79881142578125 0.97165302734375 0.8011935546875 0.96831806640625 0.82263251953125 0.97212939453125 0.8161994140625 0.99901025390625 0.79441474609375 0.999010546875 0.7692734375 0.99785615234375 0.757362890625 0.9921390625
0 0.86422138671875 0.9990095703125 0.864052734375 0.98375 0.894398046875 0.991830078125 0.894082421875 0.99900908203125 0.86422138671875 0.9990095703125
