0 0.75946630859375 3.7109375e-06 0.7624068359375 0.0055099609375 0.7524333984375 0.01043935546875 0.74680361328125 3.80859375e-06 0.75946630859375 3.7109375e-06
0 0.8397185546875 3.125e-06 0.84231318359375 0.00369599609375 0.829703125 0.01057421875 0.82408603515625 3.22265625e-06 0.8397185546875 3.125e-06
0 0.6913265625 0.103415234375 0.71349052734375 0.09292900390625 0.7199251953125 0.10627509765625 0.72204287109375 0.10505625 0.729934765625 0.12033603515625 0.7061025390625 0.13249052734375 0.6913265625 0.103415234375
0 0.6939126953125 0.15772509765625 0.7138294921875 0.14752041015625 0.7172779296875 0.1535728515625 0.7138294921875 0.15505078125 0.7158 0.15927333984375 0.69907431640625 0.16733525390625 0.6939126953125 0.15772509765625
4 0.7331181640625 0.14559775390625 0.745155078125 0.1386048828125 0.74836484375 0.14341962890625 0.750313671875 0.14170009765625 0.7562748046875 0.1524759765625 0.74194521484375 0.1603859375 0.7331181640625 0.14559775390625
0 0.7174662109375 0.1629724609375 0.727616015625 0.160457421875 0.7296818359375 0.1684515625 0.71944228515625 0.1707869140625 0.7174662109375 0.1629724609375
4 0.6563841796875 0.1013748046875 0.66537236328125 0.09977568359375 0.668294921875 0.1141677734375 0.65930673828125 0.11571181640625 0.6563841796875 0.1013748046875
4 0.63773037109375 0.14763515625 0.6428890625 0.13502509765625 0.653091796875 0.13915205078125 0.64816240234375 0.1511888671875 0.63773037109375 0.14763515625
0 0.6136740234375 0.048307421875 0.62517109375 0.044983984375 0.63208017578125 0.0696326171875 0.620437890625 0.0730197265625 0.6136740234375 0.048307421875
0 0.6275080078125 0.05301181640625 0.63963310546875 0.0481939453125 0.6436033203125 0.0578990234375 0.63036923828125 0.06341318359375 0.6275080078125 0.05301181640625
0 0.6566046875 0.057943359375 0.66414970703125 0.05399130859375 0.6698982421875 0.06566806640625 0.6619041015625 0.0696201171875 0.6566046875 0.057943359375
0 0.6436080078125 0.0404369140625 0.65424814453125 0.03621904296875 0.66087255859375 0.05082490234375 0.65019189453125 0.05536044921875 0.6436080078125 0.0404369140625
0 0.6863501953125 0.05208642578125 0.69452392578125 0.04894267578125 0.69964375 0.061966796875 0.691559765625 0.064841015625 0.6863501953125 0.05208642578125
0 0.68640419921875 0.02191708984375 0.69742138671875 0.01724873046875 0.70433046875 0.0325607421875 0.6935 0.0372291015625 0.68640419921875 0.02191708984375
4 0.78583798828125 0.04722705078125 0.79329970703125 0.04473984375 0.79607958984375 0.0533720703125 0.78305810546875 0.05746875 0.78057080078125 0.0488365234375 0.78583798828125 0.04722705078125
4 0.604019921875 0.1122384765625 0.6286865234375 0.0995333984375 0.63416943359375 0.10960185546875 0.6095224609375 0.12312900390625 0.604019921875 0.1122384765625
0 0.56366591796875 0.0632134765625 0.57323720703125 0.05786474609375 0.57534853515625 0.06131328125 0.58421611328125 0.05638681640625 0.59765810546875 0.08017431640625 0.5792193359375 0.09115322265625 0.56366591796875 0.0632134765625
0 0.546484375 0.07040849609375 0.561554296875 0.06177626953125 0.57106435546875 0.07874814453125 0.556287109375 0.08752666015625 0.546484375 0.07040849609375
0 0.52596904296875 0.0674083984375 0.5402986328125 0.06247900390625 0.5463744140625 0.08105029296875 0.5322740234375 0.085750390625 0.52596904296875 0.0674083984375
0 0.49925859375 0.07898681640625 0.51335888671875 0.07256708984375 0.5242494140625 0.06832548828125 0.53101298828125 0.0859796875 0.52195673828125 0.09010654296875 0.5108369140625 0.0929724609375 0.49925859375 0.07898681640625
0 0.5075142578125 0.1007466796875 0.5206974609375 0.09581728515625 0.529066015625 0.118171484375 0.51622666015625 0.12321552734375 0.5075142578125 0.1007466796875
4 0.5361662109375 0.0936896484375 0.54613974609375 0.0896689453125 0.55622783203125 0.113628125 0.54636904296875 0.117984375 0.5361662109375 0.0936896484375
2 0.3452734375 0.16636533203125 0.35961171875 0.15495322265625 0.3796560546875 0.1793869140625 0.36575673828125 0.19021376953125 0.3452734375 0.16636533203125
2 0.3235125 0.18567412109375 0.33554853515625 0.17444638671875 0.35054873046875 0.1906142578125 0.34030908203125 0.19968623046875 0.33015927734375 0.1890873046875 0.32800361328125 0.19124296875 0.3235125 0.18567412109375
3 0.343475 0.206785546875 0.35542119140625 0.1968154296875 0.3684453125 0.2121748046875 0.35694814453125 0.22187548828125 0.343475 0.206785546875
0 0.29736884765625 0.22640595703125 0.30437490234375 0.2184119140625 0.30509345703125 0.21886103515625 0.31003359375 0.21338193359375 0.31371630859375 0.215896875 0.317848046875 0.21077705078125 0.3399125 0.230135546875 0.33727890625 0.2326228515625 0.3445943359375 0.23935302734375 0.33362119140625 0.25061884765625 0.32908564453125 0.2466685546875 0.32542783203125 0.25076513671875 0.29736884765625 0.22640595703125
1 0.310478515625 0.27 0.29434091796875 0.2861279296875 0.2611287109375 0.25657353515625 0.271077734375 0.24589296875 0.27341865234375 0.24823388671875 0.280556640625 0.240810546875 0.310478515625 0.27
0 0.30710810546875 0.24735283203125 0.30940087890625 0.2462064453125 0.32133447265625 0.25915615234375 0.3108203125 0.269658203125 0.28375 0.243251953125 0.28773017578125 0.23906005859375 0.290875 0.2411880859375 0.2952328125 0.23575791015625 0.30710810546875 0.24735283203125
0 0.1888630859375 0.34112041015625 0.19982587890625 0.3306341796875 0.2160318359375 0.347555078125 0.20459228515625 0.35851796875 0.1888630859375 0.34112041015625
1 0.241552734375 0.3240234375 0.2298484375 0.33772568359375 0.2213625 0.3299712890625 0.21726591796875 0.3345068359375 0.20190341796875 0.3217779296875 0.20482958984375 0.31797392578125 0.215830078125 0.30439453125 0.241552734375 0.3240234375
0 0.2512095703125 0.31270673828125 0.241865234375 0.32365234375 0.216142578125 0.304013671875 0.2166806640625 0.30334296875 0.22633701171875 0.29280869140625 0.2512095703125 0.31270673828125
0 0.22433466796875 0.34659404296875 0.2314671875 0.33737373046875 0.24577392578125 0.34665419921875 0.23820576171875 0.35645283203125 0.22433466796875 0.34659404296875
0 0.2403435546875 0.36036875 0.25020234375 0.348905078125 0.25891474609375 0.356700390625 0.24939990234375 0.36862265625 0.2403435546875 0.36036875
4 0.0001369140625 0.55671806640625 0.01220244140625 0.56863662109375 0.0001369140625 0.5817853515625 0.0001369140625 0.55671806640625
0 0.01334736328125 0.55013203125 0.0134375 0.5500390625 0.01529765625 0.551899609375 0.00601201171875 0.56095595703125 0.0001369140625 0.55482373046875 0.0001369140625 0.53846298828125 0.000595703125 0.537998046875 0.01334736328125 0.55013203125
0 0.02034169921875 0.54307255859375 0.013603515625 0.549697265625 0.000947265625 0.537646484375 0.00841943359375 0.5301185546875 0.02034169921875 0.54307255859375
2 0.08185546875 0.528369140625 0.070283203125 0.540390625 0.048583984375 0.520390625 0.056806640625 0.511748046875 0.0593890625 0.51495078125 0.065341796875 0.510927734375 0.08185546875 0.528369140625
1 0.07062236328125 0.49250166015625 0.07395888671875 0.489641796875 0.09802939453125 0.5115673828125 0.09078125 0.5191015625 0.0739619140625 0.50168623046875 0.065185546875 0.510458984375 0.0593890625 0.51495078125 0.057138671875 0.51138671875 0.05714873046875 0.5113798828125 0.040927734375 0.496640625 0.05727626953125 0.4796322265625 0.07062236328125 0.49250166015625
0 0.05645087890625 0.51140537109375 0.04822265625 0.52005859375 0.032412109375 0.505498046875 0.040595703125 0.4969921875 0.05645087890625 0.51140537109375
2 0.090439453125 0.519453125 0.082197265625 0.528017578125 0.065719921875 0.51061875 0.07395576171875 0.5023828125 0.090439453125 0.519453125
0 0.08294521484375 0.4530310546875 0.0936064453125 0.443630859375 0.10678974609375 0.45853359375 0.09624306640625 0.46804853515625 0.08294521484375 0.4530310546875
0 0.09783662109375 0.4431443359375 0.10884169921875 0.4301904296875 0.12706904296875 0.44669814453125 0.11480283203125 0.4594228515625 0.09783662109375 0.4431443359375
2 0.1427896484375 0.46164208984375 0.15679453125 0.44987802734375 0.16893203125 0.46406962890625 0.1547404296875 0.47564697265625 0.1427896484375 0.46164208984375
2 0.12734375 0.476142578125 0.12029833984375 0.48328154296875 0.11058623046875 0.47286572265625 0.117314453125 0.466318359375 0.12734375 0.476142578125
2 0.13620361328125 0.467165234375 0.127685546875 0.475791015625 0.11765625 0.4659765625 0.12663232421875 0.4572419921875 0.13620361328125 0.467165234375
1 0.162301171875 0.38992314453125 0.1960986328125 0.41933134765625 0.20970537109375 0.40294462890625 0.220678515625 0.4130400390625 0.19829326171875 0.43952197265625 0.150615234375 0.3994140625 0.16154296875 0.389208984375 0.162301171875 0.38992314453125
2 0.158058203125 0.37982783203125 0.154839453125 0.38290029296875 0.16119140625 0.388876953125 0.150234375 0.3991015625 0.1393306640625 0.38992314453125 0.15293740234375 0.37543857421875 0.158058203125 0.37982783203125
0 0.10844775390625 0.42276201171875 0.107280078125 0.42132490234375 0.11617236328125 0.413061328125 0.1275796875 0.42517421875 0.1181484375 0.43372021484375 0.10844775390625 0.42276201171875
0 0.1184853515625 0.411646875 0.125478125 0.403163671875 0.143246875 0.42035927734375 0.135680859375 0.42815458984375 0.1184853515625 0.411646875
0 0.1314392578125 0.3997169921875 0.13889169921875 0.391971484375 0.14817626953125 0.3997169921875 0.14083955078125 0.407626953125 0.1314392578125 0.3997169921875
0 0.12436474609375 0.4369013671875 0.13108193359375 0.43041474609375 0.13566279296875 0.4353548828125 0.128836328125 0.4416423828125 0.12436474609375 0.4369013671875
4 0.0001369140625 0.3526052734375 0.0040248046875 0.348193359375 0.02862060546875 0.3723037109375 0.00927080078125 0.3952921875 0.0001369140625 0.38413212890625 0.0001369140625 0.3526052734375
1 0.06052705078125 0.402236328125 0.04813427734375 0.415820703125 0.03404296875 0.403056640625 0.046630859375 0.38919921875 0.06052705078125 0.402236328125
0 0.04626953125 0.388857421875 0.033681640625 0.402724609375 0.01681640625 0.387448046875 0.02862060546875 0.3723037109375 0.04626953125 0.388857421875
3 0.0246576171875 0.42354541015625 0.03016025390625 0.41781357421875 0.02958701171875 0.4170111328125 0.03807021484375 0.40784013671875 0.05159736328125 0.4210234375 0.03715302734375 0.4360408203125 0.0246576171875 0.42354541015625
1 0.00135703125 0.4985939453125 0.0164142578125 0.482853515625 0.02634794921875 0.49205966796875 0.0109865234375 0.507994140625 0.00135703125 0.4985939453125
0 0.07982880859375 0.40143505859375 0.09270400390625 0.3850484375 0.10821279296875 0.3979236328125 0.09460595703125 0.4135787109375 0.07982880859375 0.40143505859375
0 0.0948177734375 0.38081513671875 0.10714208984375 0.365503125 0.1235744140625 0.37913447265625 0.11050322265625 0.394259765625 0.0948177734375 0.38081513671875
1 0.0712400390625 0.3929060546875 0.087174609375 0.3767421875 0.0925625 0.382588671875 0.077201171875 0.39898173828125 0.0712400390625 0.3929060546875
1 0.065508203125 0.38786201171875 0.08029638671875 0.37330302734375 0.0851111328125 0.37800322265625 0.0712400390625 0.3929060546875 0.065508203125 0.38786201171875
0 0.05510537109375 0.2987814453125 0.06637119140625 0.2870767578125 0.0858302734375 0.3040486328125 0.07485712890625 0.315314453125 0.05510537109375 0.2987814453125
0 0.08765146484375 0.30075546875 0.07185009765625 0.2875876953125 0.0815064453125 0.27734599609375 0.09730791015625 0.2894896484375 0.08765146484375 0.30075546875
0 0.079034375 0.36232529296875 0.09249482421875 0.34535341796875 0.10639423828125 0.355448828125 0.09220224609375 0.37227431640625 0.079034375 0.36232529296875
0 0.1078224609375 0.33817294921875 0.12069765625 0.327638671875 0.12830576171875 0.33539306640625 0.11601572265625 0.34665888671875 0.1078224609375 0.33817294921875
0 0.11778037109375 0.35229404296875 0.13314287109375 0.3382484375 0.14865166015625 0.3540498046875 0.13314287109375 0.3680955078125 0.11778037109375 0.35229404296875
2 0.1138974609375 0.29810439453125 0.1305767578125 0.27952314453125 0.13877001953125 0.285814453125 0.1220908203125 0.30468837890625 0.1138974609375 0.29810439453125
1 0.1112890625 0.272509765625 0.09774990234375 0.28773955078125 0.08209482421875 0.2736939453125 0.08450322265625 0.2705748046875 0.08255439453125 0.26908447265625 0.0879423828125 0.26323798828125 0.0894326171875 0.264384375 0.094111328125 0.2583984375 0.1112890625 0.272509765625
0 0.1169828125 0.26610380859375 0.111611328125 0.2721484375 0.0944140625 0.258017578125 0.09894755859375 0.2522328125 0.1169828125 0.26610380859375
0 0.1298171875 0.32338994140625 0.1384068359375 0.31536044921875 0.14718330078125 0.32395009765625 0.13878037109375 0.33216630859375 0.1298171875 0.32338994140625
0 0.16343076171875 0.29372470703125 0.17415517578125 0.282046875 0.19560419921875 0.3034958984375 0.1848796875 0.3146970703125 0.16343076171875 0.29372470703125
1 0.189120703125 0.2725744140625 0.20035517578125 0.2604228515625 0.2169775390625 0.27544033203125 0.20459677734375 0.28747724609375 0.189120703125 0.2725744140625
1 0.209201953125 0.23441708984375 0.22488740234375 0.218731640625 0.25028291015625 0.24282001953125 0.23347705078125 0.25925244140625 0.209201953125 0.23441708984375
0 0.19604326171875 0.2220875 0.21209248046875 0.20386025390625 0.2244732421875 0.21475078125 0.20819482421875 0.23355126953125 0.19604326171875 0.2220875
0 0.1591015625 0.22142578125 0.15178251953125 0.2296671875 0.13161552734375 0.2100603515625 0.13884765625 0.202099609375 0.1591015625 0.22142578125
0 0.14552734375 0.196435546875 0.1640234375 0.21587890625 0.159423828125 0.2210546875 0.139169921875 0.20173828125 0.1445 0.19586875 0.14552734375 0.196435546875
0 0.1720703125 0.206826171875 0.16435546875 0.2155078125 0.1463671875 0.196611328125 0.1534375 0.189228515625 0.1720703125 0.206826171875
0 0.17763671875 0.200556640625 0.172392578125 0.20646484375 0.15376953125 0.188876953125 0.159833984375 0.1825390625 0.17763671875 0.200556640625
0 0.185341796875 0.191875 0.177958984375 0.200185546875 0.16017578125 0.1821875 0.16279970703125 0.179436328125 0.1644802734375 0.18130361328125 0.168818359375 0.176689453125 0.185341796875 0.191875
0 0.1917431640625 0.18466484375 0.1856640625 0.19150390625 0.169150390625 0.176328125 0.17587099609375 0.16916611328125 0.1917431640625 0.18466484375
0 0.10682353515625 0.241062109375 0.1155359375 0.23040078125 0.133533984375 0.24507431640625 0.12459228515625 0.256194140625 0.10682353515625 0.241062109375
0 0.1494685546875 0.2330375 0.14018291015625 0.24324013671875 0.13291015625 0.2369921875 0.142060546875 0.226865234375 0.1494685546875 0.2330375
0 0.1416796875 0.226552734375 0.1325390625 0.236669921875 0.1214970703125 0.227191015625 0.130428515625 0.2171712890625 0.1416796875 0.226552734375
0 0.212021484375 0.161181640625 0.203493359375 0.17227041015625 0.1839509765625 0.155587890625 0.1940234375 0.144375 0.212021484375 0.161181640625
0 0.225895703125 0.151298046875 0.21540947265625 0.16202255859375 0.21302626953125 0.15987763671875 0.21232421875 0.160791015625 0.194345703125 0.144013671875 0.20492333984375 0.1322322265625 0.225895703125 0.151298046875
0 0.20804443359375 0.1764138671875 0.2128947265625 0.1720126953125 0.2107390625 0.16967734375 0.21639775390625 0.1634796875 0.218553515625 0.1657251953125 0.22304453125 0.1610544921875 0.232565625 0.17003662109375 0.2170265625 0.1860248046875 0.20804443359375 0.1764138671875
0 0.23862509765625 0.2021982421875 0.252816796875 0.18288671875 0.25928388671875 0.1883658203125 0.24554130859375 0.2071384765625 0.23862509765625 0.2021982421875
0 0.2493392578125 0.21425625 0.25943466796875 0.2029904296875 0.26938369140625 0.21074482421875 0.258995703125 0.22215693359375 0.2493392578125 0.21425625
0 0.24300341796875 0.17479970703125 0.253137890625 0.16158076171875 0.267434765625 0.17219482421875 0.2574646484375 0.18494951171875 0.24300341796875 0.17479970703125
2 0.2926177734375 0.14222958984375 0.30446884765625 0.13125634765625 0.3065171875 0.1334509765625 0.311052734375 0.12862275390625 0.33168232421875 0.1502765625 0.31544208984375 0.16520009765625 0.2926177734375 0.14222958984375
0 0.35708984375 0.117783203125 0.3500427734375 0.12434521484375 0.3361716796875 0.1074935546875 0.3425 0.10166015625 0.35708984375 0.117783203125
0 0.36334072265625 0.11196435546875 0.357451171875 0.117451171875 0.342861328125 0.101328125 0.34935498046875 0.0953419921875 0.36334072265625 0.11196435546875
0 0.3137533203125 0.1085060546875 0.32514404296875 0.0806830078125 0.3384568359375 0.0870849609375 0.3294388671875 0.11464248046875 0.3137533203125 0.1085060546875
0 0.22751787109375 0.10325439453125 0.24104501953125 0.08984189453125 0.25846982421875 0.10783984375 0.24482802734375 0.1218255859375 0.22751787109375 0.10325439453125
0 0.24994853515625 0.0830962890625 0.25820244140625 0.075415625 0.261526953125 0.0791986328125 0.26404892578125 0.07656201171875 0.2731052734375 0.08653544921875 0.26221474609375 0.09662353515625 0.24994853515625 0.0830962890625
2 0.15861220703125 0.1272060546875 0.17030517578125 0.11218857421875 0.18165419921875 0.1213595703125 0.16996123046875 0.1362623046875 0.15861220703125 0.1272060546875
0 0.16011494140625 0.10209033203125 0.166878515625 0.09418037109375 0.16447109375 0.09257548828125 0.1704322265625 0.08466552734375 0.19754912109375 0.106230078125 0.190965234375 0.1132529296875 0.1928671875 0.1145697265625 0.18496650390625 0.1233482421875 0.16011494140625 0.10209033203125
0 0.1889375 0.092140234375 0.19729091796875 0.08100234375 0.21112333984375 0.09231982421875 0.20250048828125 0.1036373046875 0.1889375 0.092140234375
0 0.19964833984375 0.0782873046875 0.20640458984375 0.06864560546875 0.2186501953125 0.07814658203125 0.21189404296875 0.08792900390625 0.19964833984375 0.0782873046875
1 0.340909765625 0.078483203125 0.343087890625 0.074585546875 0.350883203125 0.074585546875 0.35753212890625 0.0747001953125 0.3590224609375 0.0759611328125 0.36589462890625 0.07702001953125 0.37900234375 0.08679130859375 0.362663671875 0.10099716796875 0.3390484375 0.08208203125 0.340909765625 0.078483203125
0 0.27231669921875 0.064690625 0.2800662109375 0.0600837890625 0.28540009765625 0.0692220703125 0.2771314453125 0.0738615234375 0.27231669921875 0.064690625
0 0.00013681640625 0.2442193359375 0.0065759765625 0.2504859375 0.00013681640625 0.256287109375 0.00013681640625 0.2442193359375
0 0.0509591796875 0.23821357421875 0.05673017578125 0.2317388671875 0.06390859375 0.2384951171875 0.058348828125 0.24461787109375 0.0509591796875 0.23821357421875
0 0.0576609375 0.22665693359375 0.06878056640625 0.214411328125 0.0864453125 0.22961279296875 0.07553681640625 0.24185849609375 0.0576609375 0.22665693359375
0 0.0758748046875 0.21551279296875 0.092132421875 0.1970994140625 0.104707421875 0.20823720703125 0.08885654296875 0.22559970703125 0.0758748046875 0.21551279296875
1 0.028221484375 0.18760068359375 0.08909599609375 0.1237384765625 0.0982458984375 0.13083427734375 0.09992646484375 0.13083427734375 0.10086015625 0.13083427734375 0.106088671875 0.13195458984375 0.1088896484375 0.13288828125 0.1100099609375 0.13438212890625 0.11225078125 0.13718310546875 0.1124375 0.138490234375 0.11131708984375 0.1440921875 0.11953330078125 0.1519349609375 0.06631474609375 0.20664736328125 0.05492412109375 0.216170703125 0.028221484375 0.18760068359375
0 0.09135810546875 0.19532666015625 0.10803740234375 0.17630654296875 0.125887109375 0.19108369140625 0.10862255859375 0.20907978515625 0.09135810546875 0.19532666015625
0 0.123394921875 0.17107197265625 0.13327529296875 0.16083232421875 0.13237705078125 0.16029345703125 0.13776630859375 0.15490419921875 0.14656884765625 0.1628083984375 0.13147880859375 0.17870673828125 0.123394921875 0.17107197265625
0 0.1597533203125 0.2572728515625 0.14292783203125 0.24205673828125 0.15112109375 0.23342451171875 0.16853193359375 0.24805537109375 0.1597533203125 0.2572728515625
0 0.14203798828125 0.08474111328125 0.149030859375 0.0777482421875 0.1537310546875 0.082219140625 0.14708203125 0.0892119140625 0.14203798828125 0.08474111328125
0 0.13351298828125 0.06960205078125 0.14692548828125 0.04575751953125 0.1618283203125 0.05424072265625 0.149030859375 0.0777482421875 0.13351298828125 0.06960205078125
3 0.08304501953125 0.0670552734375 0.10096416015625 0.0432576171875 0.1187037109375 0.05800947265625 0.10096416015625 0.0815376953125 0.08304501953125 0.0670552734375
0 0.00013671875 0.09538291015625 0.0187126953125 0.11269052734375 0.006958203125 0.1270619140625 0.00013671875 0.1204109375 0.00013671875 0.09538291015625
0 0.01565859375 0.0813580078125 0.02715576171875 0.0673458984375 0.0393416015625 0.07821494140625 0.02807578125 0.09269951171875 0.01565859375 0.0813580078125
2 0.05873701171875 0.05851494140625 0.06751552734375 0.04812705078125 0.06707666015625 0.04724912109375 0.08317060546875 0.02749736328125 0.09297333984375 0.03583701171875 0.0679544921875 0.06583037109375 0.05873701171875 0.05851494140625
0 0.03592236328125 0.0489474609375 0.03529365234375 0.03621884765625 0.03457509765625 0.02274560546875 0.04706025390625 0.0216677734375 0.0467009765625 0.02041025390625 0.0544255859375 0.01987138671875 0.0559525390625 0.047356640625 0.03592236328125 0.0489474609375
0 0.0029587890625 0.02828740234375 0.0072486328125 0.013034765625 0.03084248046875 0.01994609375 0.02607607421875 0.03519873046875 0.0029587890625 0.02828740234375
1 0.01546142578125 0.71706064453125 0.02566611328125 0.70390009765625 0.03784140625 0.7134009765625 0.027284765625 0.72599853515625 0.01546142578125 0.71706064453125
0 0.00654853515625 0.74616787109375 0.0191310546875 0.73022021484375 0.03229892578125 0.74002294921875 0.01942373046875 0.75626318359375 0.00654853515625 0.74616787109375
1 0.02039423828125 0.7568845703125 0.03449609375 0.7384712890625 0.0445560546875 0.746824609375 0.0314421875 0.76380078125 0.02039423828125 0.7568845703125
2 0.036760546875 0.7661384765625 0.05001845703125 0.7485857421875 0.06178251953125 0.757735546875 0.04983173828125 0.77379453125 0.036760546875 0.7661384765625
1 0.0494412109375 0.77937763671875 0.0650318359375 0.758513671875 0.0754638671875 0.76688212890625 0.061248828125 0.78694365234375 0.0494412109375 0.77937763671875
0 0.07921923828125 0.7886859375 0.0912560546875 0.7610583984375 0.109598046875 0.768968359375 0.09687333984375 0.79739833984375 0.07921923828125 0.7886859375
0 0.14434326171875 0.7915158203125 0.1547625 0.79591708984375 0.14874443359375 0.8104681640625 0.13886416015625 0.806426171875 0.14434326171875 0.7915158203125
2 0.16340224609375 0.85618232421875 0.1699591796875 0.83606240234375 0.18343232421875 0.84001455078125 0.17651611328125 0.8595955078125 0.16340224609375 0.85618232421875
2 0.14259404296875 0.83754169921875 0.1572349609375 0.84176328125 0.1532828125 0.85308076171875 0.13900126953125 0.84787119140625 0.14259404296875 0.83754169921875
1 0.19256318359375 0.858604296875 0.2024599609375 0.83769033203125 0.21851884765625 0.8449728515625 0.20936904296875 0.8645796875 0.19256318359375 0.858604296875
0 0.18373046875 0.81308515625 0.18592509765625 0.79713740234375 0.19719091796875 0.79816162109375 0.1951134765625 0.81486943359375 0.18373046875 0.81308515625
0 0.2116236328125 0.82514580078125 0.21530634765625 0.8178703125 0.2180009765625 0.819397265625 0.22222255859375 0.80942705078125 0.23300107421875 0.8147265625 0.2258154296875 0.8310740234375 0.2116236328125 0.82514580078125
0 0.24333818359375 0.86994912109375 0.25273837890625 0.8526388671875 0.2637435546875 0.85905859375 0.25468720703125 0.87613955078125 0.24333818359375 0.86994912109375
0 0.22344970703125 0.85174951171875 0.22551552734375 0.8381865234375 0.2337791015625 0.83953388671875 0.23180302734375 0.85282744140625 0.22344970703125 0.85174951171875
0 0.24239384765625 0.8472001953125 0.2527111328125 0.8369974609375 0.259130859375 0.84399033203125 0.24846962890625 0.854422265625 0.24239384765625 0.8472001953125
0 0.2775166015625 0.797728125 0.28951396484375 0.7809025390625 0.30794892578125 0.79392412109375 0.29536630859375 0.81104228515625 0.2775166015625 0.797728125
0 0.27259052734375 0.873159765625 0.2767173828125 0.8635302734375 0.2850859375 0.8676572265625 0.2806150390625 0.876828125 0.27259052734375 0.873159765625
0 0.2998943359375 0.8416552734375 0.3074603515625 0.8334013671875 0.31800703125 0.841540625 0.31067021484375 0.85048232421875 0.2998943359375 0.8416552734375
0 0.31914033203125 0.9006240234375 0.33037470703125 0.87781123046875 0.34825810546875 0.88881640625 0.33690908203125 0.9108267578125 0.31914033203125 0.9006240234375
0 0.34988984375 0.942280078125 0.35883154296875 0.92508447265625 0.3659390625 0.92898212890625 0.35699736328125 0.946177734375 0.34988984375 0.942280078125
0 0.54791552734375 0.9990044921875 0.54033984375 0.98881181640625 0.554678125 0.978423828125 0.5631640625 0.99012861328125 0.549372265625 0.9990044921875 0.54791552734375 0.9990044921875
1 0.61707255859375 0.9718017578125 0.63538984375 0.95591611328125 0.64931220703125 0.97046708984375 0.63188681640625 0.98771279296875 0.61707255859375 0.9718017578125
0 0.4358478515625 0.95665205078125 0.44321318359375 0.93877763671875 0.45641689453125 0.9440771484375 0.44914140625 0.96150244140625 0.4358478515625 0.95665205078125
0 0.427608984375 0.951705078125 0.43437255859375 0.93703154296875 0.44239716796875 0.9397828125 0.4357482421875 0.955144140625 0.427608984375 0.951705078125
1 0.4602095703125 0.9365072265625 0.46527666015625 0.93122890625 0.474918359375 0.939251953125 0.46766953125 0.94685263671875 0.45802783203125 0.9389 0.4602095703125 0.9365072265625
1 0.49223251953125 0.961015625 0.50363974609375 0.96344072265625 0.5010349609375 0.9771833984375 0.48980732421875 0.975027734375 0.49223251953125 0.961015625
0 0.43947001953125 0.92623232421875 0.44397412109375 0.918631640625 0.45586787109375 0.92595087890625 0.45101181640625 0.93354423828125 0.43947001953125 0.92623232421875
0 0.4542333984375 0.92081640625 0.46070048828125 0.91425947265625 0.464293359375 0.91767265625 0.4618681640625 0.9200080078125 0.46537119140625 0.92351103515625 0.46132919921875 0.92755302734375 0.4542333984375 0.92081640625
0 0.3747822265625 0.89594130859375 0.377027734375 0.88974365234375 0.39211767578125 0.8949533203125 0.38987216796875 0.9011509765625 0.3747822265625 0.89594130859375
0 0.35464453125 0.8753134765625 0.3603642578125 0.8629009765625 0.3686181640625 0.86634013671875 0.36357412109375 0.8791794921875 0.35464453125 0.8753134765625
0 0.32984501953125 0.855760546875 0.3403916015625 0.8441822265625 0.34692587890625 0.85025791015625 0.33580615234375 0.8614923828125 0.32984501953125 0.855760546875
0 0.33490703125 0.8257736328125 0.3438318359375 0.817433984375 0.34968427734375 0.8228474609375 0.3406130859375 0.8313333984375 0.33490703125 0.8257736328125
0 0.176747265625 0.74625146484375 0.19176474609375 0.7465953125 0.1914208984375 0.760925 0.17663271484375 0.76046640625 0.176747265625 0.74625146484375
0 0.161786328125 0.75302744140625 0.1717353515625 0.75171064453125 0.173491015625 0.76561005859375 0.16383466796875 0.76692685546875 0.161786328125 0.75302744140625
0 0.114015234375 0.77949775390625 0.12030654296875 0.76267216796875 0.1284998046875 0.7660373046875 0.1223548828125 0.78227763671875 0.114015234375 0.77949775390625
0 0.2021494140625 0.73588955078125 0.2132689453125 0.7359599609375 0.2132689453125 0.7414494140625 0.20207900390625 0.741660546875 0.2021494140625 0.73588955078125
0 0.20938349609375 0.75877802734375 0.21647939453125 0.7590474609375 0.21638955078125 0.7655146484375 0.20929365234375 0.7655146484375 0.20938349609375 0.75877802734375
2 0.4130306640625 0.914208984375 0.4209349609375 0.90073583984375 0.42587509765625 0.90387958984375 0.4177013671875 0.9166341796875 0.4130306640625 0.914208984375
0 0.40781708984375 0.973073046875 0.40174130859375 0.96986328125 0.4072439453125 0.95988984375 0.41343427734375 0.9634435546875 0.40781708984375 0.973073046875
0 0.31656865234375 0.9465283203125 0.32534716796875 0.9351162109375 0.331784765625 0.940822265625 0.32359150390625 0.95135654296875 0.31656865234375 0.9465283203125
0 0.272118359375 0.8152611328125 0.28118955078125 0.8051658203125 0.29143115234375 0.8139443359375 0.28148212890625 0.823893359375 0.272118359375 0.8152611328125
1 0.38173271484375 0.8141408203125 0.38952802734375 0.815975 0.38608896484375 0.82904365234375 0.37806435546875 0.82686552734375 0.38173271484375 0.8141408203125
0 0.509466015625 0.970744140625 0.52088056640625 0.962544921875 0.5203982421875 0.96093720703125 0.52506044921875 0.9575611328125 0.53197353515625 0.96543876953125 0.53277734375 0.96656416015625 0.5144498046875 0.979586328125 0.509466015625 0.970744140625
2 0.41013369140625 0.93694755859375 0.4181359375 0.92607275390625 0.42839521484375 0.9336646484375 0.42121376953125 0.94433427734375 0.41013369140625 0.93694755859375
2 0.3967966796875 0.9277142578125 0.4072611328125 0.91786533203125 0.41649443359375 0.92709873046875 0.407671484375 0.93797353515625 0.3967966796875 0.9277142578125
4 0.40448828125 0.82770751953125 0.4067453125 0.815396484375 0.42480166015625 0.8203208984375 0.422339453125 0.83201640625 0.40448828125 0.82770751953125
3 0.427797265625 0.06691435546875 0.428223828125 0.082697265625 0.41116123046875 0.084403515625 0.41841279296875 0.07373935546875 0.41798623046875 0.06734091796875 0.427797265625 0.06691435546875
2 0.33554853515625 0.17444638671875 0.3452734375 0.16636533203125 0.36575673828125 0.19021376953125 0.36690126953125 0.1934921875 0.3598306640625 0.200824609375 0.35542119140625 0.1968154296875 0.35054873046875 0.1906142578125 0.33554853515625 0.17444638671875
0 0.0110255859375 0.34123837890625 0.0249048828125 0.32578779296875 0.04637861328125 0.34516650390625 0.03249921875 0.3606169921875 0.0110255859375 0.34123837890625
0 0.0249048828125 0.32578779296875 0.0366892578125 0.3121703125 0.059472265625 0.331287109375 0.04637861328125 0.34516650390625 0.0249048828125 0.32578779296875
0 0.0749228515625 0.331287109375 0.08487412109375 0.34097646484375 0.0683759765625 0.35747451171875 0.05894853515625 0.3480470703125 0.0749228515625 0.331287109375
0 0.09884677734375 0.3300001953125 0.10457119140625 0.32417705078125 0.10960478515625 0.32950673828125 0.104077734375 0.33513251953125 0.09884677734375 0.3300001953125
0 0.0140935546875 0.52941162109375 0.021275 0.521204296875 0.02065947265625 0.51915244140625 0.032412109375 0.505498046875 0.06100654296875 0.5319482421875 0.05882392578125 0.53782421875 0.06990390625 0.54582646484375 0.0536943359375 0.5638828125 0.0140935546875 0.52941162109375
4 0.0001369140625 0.42110185546875 0.01202138671875 0.43282392578125 0.0001369140625 0.44409033203125 0.0001369140625 0.42110185546875
4 0.0001369140625 0.384171484375 0.0064083984375 0.39363544921875 0.0001369140625 0.40039677734375 0.0001369140625 0.384171484375
0 0.052555859375 0.3748826171875 0.06670341796875 0.361699609375 0.078439453125 0.37343564453125 0.065508203125 0.38786201171875 0.052555859375 0.3748826171875
