0 0.68272109375 0.99901181640625 0.68386875 0.841471484375 0.72580205078125 0.84178681640625 0.72584189453125 0.99901142578125 0.68272109375 0.99901181640625
0 0.82492275390625 0.99901025390625 0.82498115234375 0.97020732421875 0.86098310546875 0.96982021484375 0.86161650390625 0.999009765625 0.82492275390625 0.99901025390625
1 0.84786484375 0.9339001953125 0.878497265625 0.9339001953125 0.8775091796875 0.9620623046875 0.8775091796875 0.96848525390625 0.8491 0.967744140625 0.84835888671875 0.96156826171875 0.84786484375 0.9339001953125
1 0.716820703125 0.7917771484375 0.88930380859375 0.79246171875 0.89056494140625 0.7981369140625 0.9002517578125 0.7986263671875 0.9003388671875 0.8236751953125 0.89182607421875 0.82462099609375 0.8911955078125 0.838808984375 0.72403603515625 0.83600205078125 0.7239912109375 0.83985361328125 0.71687041015625 0.83958486328125 0.716820703125 0.7917771484375
1 0.7214353515625 0.7072546875 0.73502236328125 0.70478427734375 0.73601044921875 0.71046611328125 0.78418251953125 0.71046611328125 0.7844294921875 0.705525390625 0.797275390625 0.70626650390625 0.79793203125 0.7215595703125 0.80114033203125 0.721321875 0.80137802734375 0.73177880859375 0.79674375 0.73261064453125 0.79757548828125 0.75186083984375 0.796268359375 0.75316796875 0.78343486328125 0.75328681640625 0.78307841796875 0.74805830078125 0.77796875 0.747939453125 0.77832529296875 0.75221728515625 0.7658482421875 0.75269267578125 0.76561064453125 0.74948427734375 0.7557478515625 0.74853359375 0.754797265625 0.752573828125 0.74731103515625 0.752573828125 0.74701923828125 0.74747099609375 0.73972421875 0.74688740234375 0.7398701171875 0.7457931640625 0.73549306640625 0.7457931640625 0.73534716796875 0.753671875 0.71869765625 0.75418359375 0.719385546875 0.74330771484375 0.7167712890625 0.74271357421875 0.71712783203125 0.72797880859375 0.72580234375 0.728691796875 0.72580234375 0.72607763671875 0.717603125 0.7253646484375 0.72033623046875 0.71383828125 0.7214353515625 0.7072546875
1 0.80549560546875 0.69445517578125 0.82465791015625 0.69329384765625 0.82620634765625 0.6991005859375 0.82872265625 0.6979392578125 0.82872265625 0.69251962890625 0.84265888671875 0.69251962890625 0.84304599609375 0.76336220703125 0.811689453125 0.7641365234375 0.8085314453125 0.751789453125 0.80549560546875 0.69445517578125
1 0.87431552734375 0.67509306640625 0.87431552734375 0.67948974609375 0.87799921875 0.679014453125 0.87799921875 0.67568720703125 0.88988203125 0.67568720703125 0.8953310546875 0.76121533203125 0.891236328125 0.76303525390625 0.859236328125 0.764096875 0.85722001953125 0.7075052734375 0.85888828125 0.70735361328125 0.8585849609375 0.67505029296875 0.87431552734375 0.67509306640625
1 0.7308017578125 0.66275234375 0.77846337890625 0.662743359375 0.7780609375 0.65831708984375 0.79616875 0.6607314453125 0.79701943359375 0.6775708984375 0.79856787109375 0.67989365234375 0.79856787109375 0.6839583984375 0.79760009765625 0.69731396484375 0.7954708984375 0.69808818359375 0.79488984375 0.7051439453125 0.78479873046875 0.7041673828125 0.78445322265625 0.69924423828125 0.77357060546875 0.6986396484375 0.77357060546875 0.70615390625 0.73646474609375 0.705418359375 0.7361263671875 0.70379423828125 0.7311185546875 0.7035912109375 0.7308017578125 0.66275234375
1 0.7315435546875 0.6139962890625 0.78711494140625 0.6175060546875 0.78769990234375 0.6139962890625 0.80466376953125 0.6128263671875 0.8043712890625 0.62160078125 0.80729609375 0.62160078125 0.80817353515625 0.6526037109375 0.80466376953125 0.6514337890625 0.80466376953125 0.6596232421875 0.7887728515625 0.6586400390625 0.78811142578125 0.65213623046875 0.781828125 0.65235673828125 0.7814974609375 0.656766015625 0.77389140625 0.656766015625 0.7724583984375 0.65434091796875 0.76815927734375 0.65456142578125 0.76760810546875 0.65963212890625 0.758789453125 0.65830927734375 0.75945087890625 0.65356923828125 0.72968798828125 0.65500234375 0.7315435546875 0.6139962890625
1 0.81232607421875 0.60555771484375 0.83790009765625 0.60390419921875 0.83778984375 0.60136884765625 0.8464982421875 0.600597265625 0.84914384765625 0.60522705078125 0.85079736328125 0.60522705078125 0.85079736328125 0.60081767578125 0.86353623046875 0.599453515625 0.86496552734375 0.6008828125 0.8697296875 0.6004064453125 0.87020615234375 0.5989771484375 0.88783369140625 0.59659501953125 0.8945216796875 0.63128330078125 0.8922662109375 0.63348642578125 0.8269869140625 0.64727392578125 0.81545048828125 0.63981748046875 0.81232607421875 0.60555771484375
1 0.96720625 0.88994228515625 0.98014951171875 0.88966083984375 0.98041689453125 0.89671298828125 0.98534775390625 0.89734208984375 0.98563642578125 0.91217099609375 0.9677689453125 0.911608203125 0.96720625 0.88994228515625
0 0.998496484375 0.71930087890625 0.97984736328125 0.72051044921875 0.9759734375 0.6695564453125 0.97210224609375 0.66975 0.96982197265625 0.633983984375 0.97519921875 0.63123173828125 0.97223466796875 0.58131943359375 0.99849638671875 0.5797970703125 0.998496484375 0.71930087890625
0 0.949053125 0.43124833984375 0.963308984375 0.4268501953125 0.9758966796875 0.4286701171875 0.99772333984375 0.55857265625 0.99802666015625 0.5675205078125 0.97178974609375 0.56888544921875 0.96193193359375 0.5164115234375 0.9581404296875 0.51747314453125 0.95176103515625 0.48033544921875 0.9563953125 0.479266015625 0.949053125 0.43124833984375
1 0.95271484375 0.3117373046875 0.9672189453125 0.312371484375 0.9674125 0.30888740234375 0.98251015625 0.30985517578125 0.98251015625 0.3133392578125 0.9914138671875 0.313145703125 0.9910267578125 0.31682333984375 0.99722060546875 0.31624267578125 0.997994921875 0.33250166015625 0.9914138671875 0.33327587890625 0.99605927734375 0.40082802734375 0.99509150390625 0.406634765625 0.9817359375 0.4072154296875 0.9817359375 0.40876396484375 0.96954169921875 0.40915107421875 0.96760615234375 0.4041185546875 0.95308916015625 0.4033443359375 0.95250849609375 0.38456904296875 0.9588958984375 0.38360126953125 0.95560546875 0.36656806640625 0.9569603515625 0.36579384765625 0.956726171875 0.33094912109375 0.95276376953125 0.33144326171875 0.95271484375 0.3117373046875
2 0.998496484375 0.3094884765625 0.984648046875 0.30935166015625 0.96621328125 0.30842060546875 0.96621328125 0.3101896484375 0.91854990234375 0.3107076171875 0.91951767578125 0.27373779296875 0.937131640625 0.27451201171875 0.94100283203125 0.27354423828125 0.94158349609375 0.27238291015625 0.95145498046875 0.27277001953125 0.95126142578125 0.27412490234375 0.96829462890625 0.27373779296875 0.96829462890625 0.27528623046875 0.9808759765625 0.27393134765625 0.98106953125 0.27238291015625 0.99849658203125 0.27364169921875 0.998496484375 0.3094884765625
2 0.86469375 0.132431640625 0.95106650390625 0.13325068359375 0.9508275390625 0.167659375 0.9159869140625 0.167659375 0.9165203125 0.17478125 0.89474599609375 0.17494169921875 0.8945806640625 0.16768466796875 0.86353232421875 0.1670787109375 0.86469375 0.132431640625
2 0.95480576171875 0.12478291015625 0.9731564453125 0.12508623046875 0.97330810546875 0.13464072265625 0.98164931640625 0.13433740234375 0.9818009765625 0.12387294921875 0.9940853515625 0.12417626953125 0.99849677734375 0.1275583984375 0.99849677734375 0.1389796875 0.99832216796875 0.15326201171875 0.9930697265625 0.15340791015625 0.99272294921875 0.20930244140625 0.99667548828125 0.209796484375 0.9974166015625 0.23277080078125 0.99667548828125 0.239687890625 0.9806181640625 0.239687890625 0.97839482421875 0.23079453125 0.9722189453125 0.23054755859375 0.9722189453125 0.24166416015625 0.96159638671875 0.2424052734375 0.9554205078125 0.2377115234375 0.95616162109375 0.20633798828125 0.95480576171875 0.12478291015625
1 0.8358888671875 1.015625e-05 0.8651330078125 0.05190556640625 0.86674267578125 0.072830078125 0.841794140625 0.0861091796875 0.8281126953125 0.06116064453125 0.81443125 0.06116064453125 0.7846052734375 1.083984375e-05 0.8358888671875 1.015625e-05
2 0.90222099609375 9.08203125e-06 0.90245009765625 0.08557802734375 0.86784599609375 0.083286328125 0.8665904296875 0.05117333984375 0.86945498046875 0.0508478515625 0.8702251953125 0.0315859375 0.86701376953125 0.032080078125 0.86701376953125 9.66796875e-06 0.90222099609375 9.08203125e-06
2 0.92736298828125 8.59375e-06 0.92781103515625 0.07563994140625 0.91445546875 0.07563994140625 0.91481904296875 8.88671875e-06 0.92736298828125 8.59375e-06
1 0.7025677734375 0.38813505859375 0.72090830078125 0.36812138671875 0.779023828125 0.368783984375 0.84137177734375 0.36728486328125 0.84304482421875 0.410785546875 0.83126962890625 0.41989228515625 0.761183984375 0.4201935546875 0.745898828125 0.4034576171875 0.73704609375 0.411103125 0.748715625 0.42357734375 0.75127373046875 0.53823857421875 0.742390625 0.54926923828125 0.699917578125 0.5478029296875 0.7025677734375 0.38813505859375
1 0.825028515625 0.46237919921875 0.82749892578125 0.45867373046875 0.830957421875 0.45595625 0.83293369140625 0.4549681640625 0.85664912109375 0.45397998046875 0.86356611328125 0.4574384765625 0.865789453125 0.46139111328125 0.86554248046875 0.4999287109375 0.86084873046875 0.506845703125 0.85837841796875 0.50758681640625 0.8349099609375 0.5095630859375 0.8267578125 0.5028931640625 0.825028515625 0.497211328125 0.825028515625 0.46237919921875
1 0.8671283203125 0.48076572265625 0.8781994140625 0.47576103515625 0.8812326171875 0.48106904296875 0.88047431640625 0.48182734375 0.8806259765625 0.4851638671875 0.87471123046875 0.48789365234375 0.87334638671875 0.486073828125 0.86970654296875 0.487287109375 0.8671283203125 0.48076572265625
1 0.72195927734375 0.2561396484375 0.76168544921875 0.25677021484375 0.76042431640625 0.33464619140625 0.75916318359375 0.3396908203125 0.7216439453125 0.34158251953125 0.7203828125 0.333700390625 0.72195927734375 0.2561396484375
1 0.79664794921875 0.27759765625 0.8144345703125 0.27710361328125 0.81344638671875 0.34479150390625 0.79837724609375 0.34479150390625 0.79368349609375 0.34133291015625 0.79368349609375 0.27982099609375 0.79664794921875 0.27759765625
1 0.70082197265625 0.17840654296875 0.74798779296875 0.17916484375 0.74798779296875 0.17431181640625 0.7545091796875 0.17416015625 0.7557224609375 0.198273828125 0.77134326171875 0.198273828125 0.77134326171875 0.20676669921875 0.76709677734375 0.2096482421875 0.7672484375 0.22890888671875 0.77073662109375 0.2287572265625 0.7717982421875 0.24301318359375 0.74146650390625 0.24270986328125 0.7410115234375 0.24574296875 0.7347935546875 0.24559130859375 0.73489521484375 0.2419419921875 0.733231640625 0.2420607421875 0.73335048828125 0.24895283203125 0.70304912109375 0.24717041015625 0.70082197265625 0.17840654296875
1 0.702019921875 0.07999091796875 0.72118232421875 0.07999091796875 0.72195654296875 0.115605859375 0.70318125 0.11521875 0.702019921875 0.07999091796875
1 0.703162109375 0.11616630859375 0.7253626953125 0.116003515625 0.7253265625 0.13555830078125 0.70394130859375 0.13599921875 0.703162109375 0.11616630859375
2 0.998496875 0.04861953125 0.9851822265625 0.050706640625 0.9851822265625 0.0520615234375 0.96234228515625 0.051480859375 0.96214873046875 0.0081236328125 0.9836337890625 0.0081236328125 0.984214453125 0.01354326171875 0.9904083984375 0.01257548828125 0.98963408203125 0.007930078125 0.99849697265625 0.007930078125 0.998496875 0.04861953125
2 0.96795546875 0.057868359375 0.998496875 0.0569458984375 0.998496875 0.07122392578125 0.96872978515625 0.07122392578125 0.96795546875 0.057868359375
2 0.941437890625 0.06928837890625 0.94898671875 0.06928837890625 0.9491802734375 0.09812861328125 0.925566015625 0.09948359375 0.92788876953125 0.09309609375 0.9408572265625 0.091934765625 0.941437890625 0.06928837890625
0 0.49427744140625 0.92987421875 0.528368359375 0.92987421875 0.52935654296875 0.935308984375 0.5407201171875 0.943708203125 0.538496875 0.96248291015625 0.53207392578125 0.962976953125 0.53182685546875 0.97236435546875 0.5382498046875 0.9733525390625 0.54039072265625 0.9990125 0.49002939453125 0.99901259765625 0.49279521484375 0.98940986328125 0.4878544921875 0.98916279296875 0.48686630859375 0.97952841796875 0.48933671875 0.979034375 0.4920541015625 0.95853037109375 0.48983076171875 0.9575421875 0.48983076171875 0.94568447265625 0.49131298828125 0.94568447265625 0.49427744140625 0.92987421875
0 0.45542568359375 0.92462001953125 0.464609375 0.926494140625 0.46423837890625 0.9535166015625 0.45780009765625 0.95271181640625 0.45780009765625 0.9595525390625 0.46262880859375 0.95995498046875 0.46343359375 0.98812265625 0.45739765625 0.98772021484375 0.45780009765625 0.99013466796875 0.46303125 0.99013466796875 0.4628322265625 0.9990125 0.417975390625 0.99901240234375 0.41853623046875 0.985837890625 0.4154392578125 0.985837890625 0.416019921875 0.98099892578125 0.41214873046875 0.98080537109375 0.41272939453125 0.9686111328125 0.4173748046875 0.9686111328125 0.41718125 0.96396572265625 0.41931044921875 0.96357861328125 0.41931044921875 0.951384375 0.4169876953125 0.9511908203125 0.41640703125 0.94673896484375 0.41253583984375 0.94615830078125 0.41818359375 0.92203125 0.4544470703125 0.91825888671875 0.45542568359375 0.92462001953125
0 0.46407822265625 0.867701171875 0.4653357421875 0.870764453125 0.48677529296875 0.87139501953125 0.48898232421875 0.86824208984375 0.49938681640625 0.86824208984375 0.50380087890625 0.87234091796875 0.50947607421875 0.87234091796875 0.519565234375 0.8720255859375 0.5205111328125 0.86792685546875 0.5321767578125 0.86792685546875 0.5346990234375 0.870764453125 0.5507787109375 0.87833134765625 0.549517578125 0.9158505859375 0.5394283203125 0.91553525390625 0.53879775390625 0.91679638671875 0.5394283203125 0.92373271484375 0.52366396484375 0.9256244140625 0.5230333984375 0.91805751953125 0.5031703125 0.9183728515625 0.5031703125 0.924048046875 0.48772119140625 0.92373271484375 0.48519892578125 0.9161658203125 0.47132626953125 0.91679638671875 0.47132626953125 0.92341748046875 0.46462548828125 0.9251552734375 0.464609375 0.926005859375 0.455856640625 0.924209765625 0.454858984375 0.91772509765625 0.41830078125 0.921533203125 0.41892333984375 0.91886640625 0.41156806640625 0.91886640625 0.40512978515625 0.91247900390625 0.40472734375 0.8738490234375 0.41642802734375 0.8720978515625 0.416665625 0.86960244140625 0.4292615234375 0.86900830078125 0.43686650390625 0.87174130859375 0.4473234375 0.87233544921875 0.45326484375 0.86758232421875 0.46407822265625 0.867701171875
0 0.46689580078125 0.9990125 0.46676171875 0.99280302734375 0.48632568359375 0.99249970703125 0.48665888671875 0.99901259765625 0.46689580078125 0.9990125
0 0.36128974609375 0.85651708984375 0.40164658203125 0.85872412109375 0.4037759765625 0.8723322265625 0.404132421875 0.87672880859375 0.4031818359375 0.885641015625 0.39878515625 0.88528447265625 0.39830986328125 0.8913447265625 0.40401357421875 0.89086943359375 0.4041013671875 0.9104724609375 0.39884892578125 0.910034765625 0.3987759765625 0.91514130859375 0.4117482421875 0.92255771484375 0.41076015625 0.93392138671875 0.4099236328125 0.93649931640625 0.4080318359375 0.93649931640625 0.4077166015625 0.9431203125 0.4129177734375 0.9482236328125 0.41289404296875 0.9662416015625 0.40728271484375 0.96593828125 0.407434375 0.9745828125 0.411832421875 0.9760994140625 0.4115291015625 0.991265234375 0.41016416015625 0.99172021484375 0.40520078125 0.99901240234375 0.36569140625 0.99901220703125 0.3667509765625 0.9940611328125 0.36249267578125 0.99231904296875 0.3595892578125 0.98089912109375 0.36404111328125 0.9793505859375 0.3663638671875 0.96618857421875 0.36229912109375 0.967737109375 0.35900859375 0.95805908203125 0.36423466796875 0.95496220703125 0.36462177734375 0.9421873046875 0.35707294921875 0.94605849609375 0.35378251953125 0.9247669921875 0.358234375 0.92418623046875 0.3584279296875 0.9164439453125 0.36210556640625 0.91566962890625 0.3615248046875 0.909088671875 0.3595892578125 0.90947578125 0.3584279296875 0.9117984375 0.3512662109375 0.91334697265625 0.34953876953125 0.90246484375 0.3589416015625 0.8971568359375 0.3601548828125 0.88563076171875 0.35408857421875 0.8872990234375 0.35135869140625 0.87880615234375 0.36106484375 0.8741046875 0.36128974609375 0.85651708984375
0 0.16387392578125 0.99901015625 0.164937109375 0.97701083984375 0.3289689453125 0.97602275390625 0.33044755859375 0.9990119140625 0.16387392578125 0.99901015625
0 0.21729541015625 0.92204814453125 0.22561845703125 0.92204814453125 0.22581201171875 0.9201125 0.24420009765625 0.92088681640625 0.24323232421875 0.92398369140625 0.24961982421875 0.92437080078125 0.24942626953125 0.92166103515625 0.2654916015625 0.92146748046875 0.26568515625 0.92398369140625 0.27575029296875 0.92379013671875 0.27536318359375 0.92185458984375 0.29258994140625 0.92204814453125 0.29258994140625 0.92475791015625 0.30052587890625 0.92456435546875 0.30033232421875 0.92108037109375 0.3245271484375 0.92166103515625 0.32588212890625 0.96501826171875 0.3156234375 0.96521181640625 0.31697841796875 0.97334130859375 0.304977734375 0.97295419921875 0.30536484375 0.9683087890625 0.27013701171875 0.968115234375 0.2703306640625 0.971212109375 0.25929775390625 0.971212109375 0.25929775390625 0.968115234375 0.25097470703125 0.968115234375 0.25116826171875 0.96501826171875 0.24226455078125 0.96501826171875 0.24226455078125 0.97372841796875 0.22658623046875 0.97392197265625 0.22755400390625 0.96443759765625 0.21748896484375 0.96308271484375 0.21729541015625 0.92204814453125
0 0.165621875 0.85828525390625 0.17820322265625 0.85828525390625 0.17839677734375 0.864285546875 0.17665478515625 0.86505986328125 0.17607412109375 0.89351298828125 0.17781611328125 0.89796484375 0.17742900390625 0.9223533203125 0.17588056640625 0.9240953125 0.17665478515625 0.96203291015625 0.16484765625 0.96183935546875 0.165621875 0.85828525390625
0 0.17817900390625 0.8661501953125 0.1812685546875 0.86436767578125 0.208242578125 0.86519951171875 0.21192626953125 0.8682890625 0.210500390625 0.87019033203125 0.2090744140625 0.87232919921875 0.20937333984375 0.893467578125 0.21208310546875 0.89462890625 0.21208310546875 0.9285017578125 0.21014755859375 0.93121162109375 0.21034111328125 0.9625681640625 0.19466279296875 0.9621810546875 0.19459052734375 0.97526611328125 0.18350205078125 0.97497431640625 0.17876025390625 0.9584146484375 0.17686962890625 0.9247626953125 0.18152490234375 0.92420400390625 0.1807837890625 0.89950048828125 0.176512890625 0.89377412109375 0.17817900390625 0.8661501953125
0 0.21503681640625 0.86474873046875 0.21735947265625 0.86436162109375 0.21755302734375 0.86745849609375 0.2556841796875 0.87055546875 0.255103515625 0.87423310546875 0.25897470703125 0.87462021484375 0.25955537109375 0.8794591796875 0.27716923828125 0.879265625 0.2783306640625 0.8866208984375 0.29246044921875 0.886040234375 0.29246044921875 0.8846853515625 0.2976865234375 0.88487890625 0.297880078125 0.8854595703125 0.31646181640625 0.8858466796875 0.31665537109375 0.919332421875 0.2984607421875 0.9187517578125 0.297880078125 0.9220421875 0.29268291015625 0.921697265625 0.292162109375 0.91834443359375 0.2744384765625 0.9194267578125 0.27410771484375 0.91347412109375 0.264627734375 0.91391513671875 0.26418681640625 0.89903369140625 0.238471484375 0.901508203125 0.238471484375 0.90501796875 0.2320369140625 0.9044330078125 0.23291435546875 0.90063076171875 0.21478056640625 0.8979984375 0.21503681640625 0.86474873046875
0 0.13238271484375 0.84696630859375 0.14525185546875 0.84696630859375 0.14349697265625 0.95635400390625 0.13296767578125 0.95576904296875 0.13238271484375 0.84696630859375
0 0.093652734375 0.99900908203125 0.09393466796875 0.98954716796875 0.120946875 0.9901099609375 0.12741845703125 0.99517470703125 0.1275302734375 0.9990095703125 0.093652734375 0.99900908203125
0 0.09601318359375 0.8270115234375 0.10347890625 0.825518359375 0.125876171875 0.82663828125 0.12960908203125 0.971674609375 0.13038515625 0.97788291015625 0.10244775390625 0.9771068359375 0.0970154296875 0.95615380859375 0.098567578125 0.95382568359375 0.0970154296875 0.89174267578125 0.09080712890625 0.8839822265625 0.09080712890625 0.87311767578125 0.096239453125 0.87234169921875 0.098567578125 0.84750849609375 0.093911328125 0.84750849609375 0.09601318359375 0.8270115234375
0 0.13419619140625 0.82993193359375 0.15482119140625 0.8294736328125 0.15550869140625 0.84711943359375 0.13301005859375 0.8465712890625 0.13301005859375 0.8459853515625 0.13463759765625 0.845757421875 0.13419619140625 0.82993193359375
0 0.1165439453125 0.82067763671875 0.14239521484375 0.82027158203125 0.14469609375 0.825753125 0.14083876953125 0.82649755859375 0.11695 0.825753125 0.1165439453125 0.82067763671875
0 0.23969541015625 0.75290224609375 0.32907021484375 0.75358974609375 0.33021611328125 0.81936044921875 0.3286119140625 0.82165205078125 0.24061201171875 0.82508955078125 0.233737109375 0.8127146484375 0.2339662109375 0.74946474609375 0.23969541015625 0.75290224609375
0 -0.0 0.97601015625 -0.0 0.94401015625 0.009922265625 0.9329390625 0.04086064453125 0.9658490234375 0.02175166015625 0.98328974609375 0.0231166015625 0.9855646484375 0.01796025390625 0.9893560546875 0.01401708984375 0.9846546875 0.01052890625 0.98874951171875 -0.0 0.97601015625
0 -0.0 0.88006484375 0.0092291015625 0.87685341796875 0.0235572265625 0.87635927734375 0.02825087890625 0.8785826171875 0.0289919921875 0.9151439453125 0.04109677734375 0.9151439453125 0.04084970703125 0.93243642578125 0.0223220703125 0.9316953125 0.02331015625 0.9220609375 0.00428837890625 0.92280205078125 0.00453544921875 0.914896875 -0.0 0.91613212890625 -0.0 0.88006484375
0 -0.0 0.82513740234375 0.01829453125 0.82639853515625 0.0192404296875 0.83680302734375 0.04446337890625 0.8380642578125 0.04162578125 0.85635087890625 0.0195556640625 0.85635087890625 0.01987099609375 0.862656640625 0.011358203125 0.862656640625 0.01104296875 0.86927763671875 -0.0 0.86927763671875 -0.0 0.82513740234375
0 -0.0 0.7387611328125 0.0144587890625 0.73653779296875 0.02088173828125 0.74172548828125 0.04336201171875 0.74370185546875 0.04336201171875 0.76000615234375 0.03150419921875 0.76050029296875 0.02755166015625 0.7721109375 0.01668203125 0.7721109375 0.017176171875 0.76741728515625 0.01618798828125 0.766676171875 0.015941015625 0.76840537109375 0.00803583984375 0.76865244140625 0.0085298828125 0.76346474609375 0.002848046875 0.76346474609375 0.00260107421875 0.75877099609375 -0.0 0.7585240234375 -0.0 0.7387611328125
0 0.02496044921875 0.72201484375 0.038367578125 0.71912861328125 0.03948486328125 0.731325390625 0.0387400390625 0.7370978515625 0.0270087890625 0.7384013671875 0.02496044921875 0.72201484375
1 0.32272744140625 0.4230189453125 0.4048986328125 0.42404609375 0.40563974609375 0.45177890625 0.3964994140625 0.4530140625 0.39625234375 0.45844892578125 0.38859423828125 0.45820185546875 0.38884130859375 0.4772236328125 0.36981953125 0.47821171875 0.3700666015625 0.48908134765625 0.35227998046875 0.48883427734375 0.351291796875 0.5011861328125 0.33844599609375 0.50019794921875 0.33819892578125 0.4604251953125 0.32263564453125 0.45844892578125 0.32272744140625 0.4230189453125
1 -0.0 0.3577208984375 0.00892919921875 0.3577208984375 0.0081880859375 0.37476640625 0.0136228515625 0.3737783203125 0.0153521484375 0.360932421875 0.047466796875 0.36192060546875 0.044996484375 0.410092578125 -0.0 0.4103396484375 -0.0 0.3577208984375
1 0.08688515625 0.331840625 0.2909369140625 0.33307578125 0.2939013671875 0.41780908203125 0.0900966796875 0.4160798828125 0.0829326171875 0.40150478515625 0.0831796875 0.33801650390625 0.08688515625 0.331840625
1 0.29547236328125 0.3234904296875 0.53918955078125 0.3279044921875 0.55053994140625 0.336101953125 0.5486482421875 0.41208623046875 0.43577529296875 0.41303203125 0.436090625 0.414923828125 0.43546005859375 0.41681552734375 0.43577529296875 0.42848115234375 0.40296630859375 0.4281517578125 0.402491015625 0.4205466796875 0.2934236328125 0.4201318359375 0.29547236328125 0.3234904296875
3 -0.0 0.148784765625 0.003472265625 0.148784765625 0.00273115234375 0.15372548828125 0.01656513671875 0.15397255859375 0.01656513671875 0.2090615234375 0.0212587890625 0.21523740234375 0.020270703125 0.22388369140625 -0.0 0.22388369140625 -0.0 0.148784765625
3 -0.0 0.12444931640625 0.0179431640625 0.12593154296875 0.01893125 0.12840185546875 0.02411904296875 0.12840185546875 0.02387197265625 0.12568447265625 0.04906962890625 0.12543740234375 0.04956376953125 0.141741796875 0.04659931640625 0.1419888671875 0.045858203125 0.14939990234375 0.018409375 0.1486599609375 0.018409375 0.15138984375 0.00748994140625 0.1504798828125 0.00748994140625 0.14593017578125 -0.0 0.1454751953125 -0.0 0.12444931640625
2 0.12385390625 9.5703125e-06 0.1219626953125 0.033646875 0.1008384765625 0.03427744140625 0.1011537109375 0.0210353515625 0.10525244140625 0.0207201171875 0.10399130859375 0.00905439453125 0.102099609375 0.00779326171875 0.102099609375 9.1796875e-06 0.12385390625 9.5703125e-06
2 0.14251357421875 9.86328125e-06 0.14154619140625 0.02417177734375 0.14193330078125 0.03288193359375 0.12490009765625 0.03210771484375 0.12451298828125 0.02339755859375 0.12606083984375 9.5703125e-06 0.14251357421875 9.86328125e-06
2 0.1649669921875 1.015625e-05 0.16535390625 0.02242978515625 0.1636119140625 0.03191416015625 0.1469658203125 0.03230126953125 0.1465787109375 0.0203005859375 0.14541787109375 9.86328125e-06 0.1649669921875 1.015625e-05
2 0.17503193359375 0.02223623046875 0.1988396484375 0.02223623046875 0.1980654296875 0.0350111328125 0.1965169921875 0.037914453125 0.17483837890625 0.03888232421875 0.17503193359375 0.02223623046875
2 0.20193662109375 0.02320400390625 0.23774501953125 0.02281689453125 0.238712890625 0.0377208984375 0.20271083984375 0.0377208984375 0.20193662109375 0.02320400390625
2 0.25226201171875 0.02417177734375 0.2745212890625 0.02378466796875 0.2741341796875 0.0342369140625 0.2733599609375 0.03849521484375 0.25187490234375 0.03946298828125 0.25226201171875 0.02417177734375
2 0.27955380859375 0.02320400390625 0.30316806640625 0.02301044921875 0.30471650390625 0.03384970703125 0.2809087890625 0.034817578125 0.27955380859375 0.02320400390625
2 0.3369041015625 1.201171875e-05 0.3354234375 0.01159677734375 0.32356572265625 0.012337890625 0.32356572265625 1.19140625e-05 0.3369041015625 1.201171875e-05
2 0.32455380859375 0.01555751953125 0.3369056640625 0.0150634765625 0.3369056640625 0.037049609375 0.32480087890625 0.03754375 0.32455380859375 0.01555751953125
2 0.32455380859375 0.0414962890625 0.3339412109375 0.0414962890625 0.3354234375 0.06619990234375 0.3238126953125 0.06570576171875 0.32455380859375 0.0414962890625
2 0.324393359375 0.07226357421875 0.33484560546875 0.07110224609375 0.33542626953125 0.10458798828125 0.323619140625 0.10574931640625 0.324393359375 0.07226357421875
2 0.3737259765625 1.220703125e-05 0.37311416015625 0.0043220703125 0.3738552734375 0.00901572265625 0.3750904296875 0.0097568359375 0.37434931640625 0.0255671875 0.3738552734375 0.03026083984375 0.37311416015625 0.0312490234375 0.37212607421875 0.0349544921875 0.3750904296875 0.039401171875 0.37187900390625 0.064598828125 0.34075244140625 0.065833984375 0.338776171875 0.05965810546875 0.34297578125 0.0547173828125 0.34248173828125 0.0391541015625 0.34075244140625 0.039401171875 0.34075244140625 0.029766796875 0.34371689453125 0.0295197265625 0.34371689453125 0.01247421875 0.34075244140625 0.01247421875 0.3402583984375 0.00481611328125 0.34297578125 0.00358095703125 0.34048701171875 1.201171875e-05 0.3737259765625 1.220703125e-05
2 0.34518251953125 0.0677662109375 0.36469833984375 0.067519140625 0.3765560546875 0.06801318359375 0.37505751953125 0.08393408203125 0.37258720703125 0.0890794921875 0.37334462890625 0.0917287109375 0.37309755859375 0.11025634765625 0.37210947265625 0.11124453125 0.3711212890625 0.1164322265625 0.37062724609375 0.12038486328125 0.3456765625 0.12162001953125 0.3412298828125 0.115444140625 0.342712109375 0.09617529296875 0.34073583984375 0.08975234375 0.34518251953125 0.0677662109375
1 0.44270537109375 0.00460302734375 0.4656796875 0.00287373046875 0.4755611328125 0.004108984375 0.4911244140625 0.0152255859375 0.48741884765625 0.03721171875 0.4402349609375 0.03227099609375 0.44270537109375 0.00460302734375
1 0.49285361328125 0.0189310546875 0.50866396484375 0.02016630859375 0.513110546875 0.0263421875 0.5150869140625 0.0263421875 0.5150869140625 0.02436591796875 0.516075 0.0290595703125 0.51829833984375 0.029306640625 0.51854541015625 0.02683623046875 0.5234861328125 0.0263421875 0.52398017578125 0.031776953125 0.5271916015625 0.0320240234375 0.52966201171875 0.03819990234375 0.52694462890625 0.0584568359375 0.51483984375 0.05648056640625 0.5133576171875 0.055739453125 0.50248798828125 0.05499833984375 0.50248798828125 0.0554923828125 0.49878251953125 0.05252802734375 0.4911244140625 0.0517869140625 0.49285361328125 0.0189310546875
1 0.58632900390625 1.240234375e-05 0.5846244140625 0.01675087890625 0.5846244140625 0.0281708984375 0.58752783203125 0.028364453125 0.58830205078125 0.0308806640625 0.58810849609375 0.04036513671875 0.58404375 0.04152646484375 0.583656640625 0.0475267578125 0.57184951171875 0.04888173828125 0.57184951171875 0.04230068359375 0.55791328125 0.04288134765625 0.55578408203125 0.04036513671875 0.5501708984375 0.04075224609375 0.5505580078125 0.0277837890625 0.551912890625 0.0277837890625 0.5523 0.01481533203125 0.5509451171875 0.01578310546875 0.551520703125 1.25e-05 0.58632900390625 1.240234375e-05
0 -0.0 0.58170986328125 0.00991748046875 0.5807216796875 0.0109056640625 0.5992494140625 0.01016455078125 0.60394306640625 -0.0 0.60369599609375 -0.0 0.58170986328125
0 0.01831669921875 0.55898251953125 0.03387998046875 0.55774736328125 0.0333859375 0.57182841796875 0.02572783203125 0.57331064453125 0.0259748046875 0.56540546875 0.01881083984375 0.56614658203125 0.01831669921875 0.55898251953125
0 0.01945498046875 0.50106875 0.03492421875 0.50228203125 0.0361375 0.51744794921875 0.03689580078125 0.52518251953125 0.0241564453125 0.5253341796875 0.01945498046875 0.52457587890625 0.01718017578125 0.51168486328125 0.01945498046875 0.50106875
0 0.03987255859375 0.51674541015625 0.04411904296875 0.522053515625 0.0439673828125 0.52508671875 0.04002421875 0.52463173828125 0.0397208984375 0.5229634765625 0.03987255859375 0.51674541015625
1 0.01195771484375 0.50713916015625 0.0156353515625 0.50733271484375 0.01582890625 0.51584931640625 0.01253837890625 0.51546220703125 0.01195771484375 0.50713916015625
2 0.10077412109375 0.05683671875 0.1215251953125 0.05634267578125 0.1185607421875 0.10130322265625 0.097315625 0.10006806640625 0.097315625 0.09290400390625 0.0945982421875 0.09166884765625 0.0948453125 0.082528515625 0.09632744140625 0.082034375 0.095998046875 0.07210302734375 0.0969439453125 0.0645361328125 0.10009677734375 0.06422080078125 0.10077412109375 0.05683671875
2 0.1264306640625 0.065116796875 0.144431640625 0.065116796875 0.14481875 0.074601171875 0.14656083984375 0.0744076171875 0.14617373046875 0.08892451171875 0.15198046875 0.08931162109375 0.1498513671875 0.10518349609375 0.14868994140625 0.107893359375 0.1351408203125 0.1080869140625 0.1351408203125 0.10498994140625 0.12352724609375 0.10460283203125 0.12197880859375 0.0751818359375 0.1252693359375 0.0736333984375 0.1264306640625 0.065116796875
2 0.15565810546875 0.06395537109375 0.1597228515625 0.06395537109375 0.15991640625 0.0589228515625 0.17482041015625 0.05911640625 0.1781109375 0.08853740234375 0.1783044921875 0.10479638671875 0.176175390625 0.10673193359375 0.16475537109375 0.10750625 0.16340048828125 0.09705400390625 0.1585615234375 0.09705400390625 0.1585615234375 0.08853740234375 0.15585166015625 0.08853740234375 0.15449677734375 0.0755689453125 0.15740009765625 0.075375390625 0.15565810546875 0.06395537109375
2 0.18372421875 0.0645361328125 0.2005638671875 0.0647296875 0.2003703125 0.0684072265625 0.2112095703125 0.0684072265625 0.2115966796875 0.1016994140625 0.2032736328125 0.1013123046875 0.203080078125 0.110603125 0.1874017578125 0.1100224609375 0.18372421875 0.0645361328125
2 0.21604853515625 0.07131064453125 0.24121123046875 0.07034287109375 0.2437275390625 0.08969873046875 0.24063056640625 0.10557060546875 0.23908212890625 0.1080869140625 0.228436328125 0.1096353515625 0.22650078125 0.10440927734375 0.22572646484375 0.09686044921875 0.2175970703125 0.09705400390625 0.21604853515625 0.07131064453125
2 0.25030849609375 0.06705234375 0.26714814453125 0.066278125 0.26734169921875 0.08969873046875 0.27276142578125 0.08931162109375 0.27547119140625 0.107119140625 0.26463193359375 0.1107966796875 0.2626962890625 0.09724755859375 0.24798583984375 0.09782822265625 0.246630859375 0.0759560546875 0.24914716796875 0.0757625 0.25030849609375 0.06705234375
2 0.2767806640625 0.0700529296875 0.28316806640625 0.069859375 0.28239384765625 0.060762109375 0.29884638671875 0.06114921875 0.302717578125 0.10837763671875 0.28994267578125 0.11031318359375 0.28820068359375 0.10760341796875 0.283748828125 0.10121591796875 0.278909765625 0.09966748046875 0.2767806640625 0.0700529296875
1 0.4512939453125 0.03591552734375 0.47768251953125 0.0394037109375 0.47677255859375 0.05305302734375 0.4500806640625 0.04971650390625 0.4512939453125 0.03591552734375
1 0.44859765625 0.06342783203125 0.5153755859375 0.073880078125 0.51227861328125 0.0862677734375 0.47453466796875 0.08084814453125 0.47163125 0.07833193359375 0.4400810546875 0.07310576171875 0.44143603515625 0.06304072265625 0.44859765625 0.06342783203125
1 0.52279541015625 0.0742572265625 0.54602255859375 0.07580576171875 0.54737744140625 0.088 0.5258923828125 0.08722578125 0.524924609375 0.08529013671875 0.52279541015625 0.0742572265625
1 0.5622814453125 0.07735419921875 0.58357294921875 0.07832197265625 0.5857021484375 0.08664501953125 0.57602421875 0.08664501953125 0.57525 0.0901291015625 0.561313671875 0.088 0.5622814453125 0.07735419921875
1 0.42948193359375 0.24007568359375 0.4411513671875 0.243294921875 0.44195615234375 0.273474609375 0.43028671875 0.27186494140625 0.42948193359375 0.27146259765625 0.42948193359375 0.24007568359375
1 0.42889931640625 0.27873994140625 0.44001591796875 0.28046923828125 0.439521875 0.30739609375 0.43013447265625 0.3064080078125 0.42889931640625 0.27873994140625
1 0.4613021484375 0.2610318359375 0.4663466796875 0.25787890625 0.4881015625 0.25977060546875 0.488416796875 0.26229296875 0.49314619140625 0.26229296875 0.49566845703125 0.25850947265625 0.5104869140625 0.25850947265625 0.5114328125 0.26229296875 0.52341376953125 0.2638693359375 0.52341376953125 0.2916146484375 0.508910546875 0.29665927734375 0.506703515625 0.2865701171875 0.50134365234375 0.28751591796875 0.5010283203125 0.2963439453125 0.47958876953125 0.2950828125 0.47927353515625 0.2865701171875 0.4729677734375 0.2865701171875 0.47359833984375 0.2938216796875 0.46035625 0.2935064453125 0.4613021484375 0.2610318359375
1 0.5611689453125 0.33191337890625 0.58686064453125 0.33290146484375 0.58661357421875 0.3435240234375 0.56018076171875 0.34327705078125 0.5611689453125 0.33191337890625
1 0.5720384765625 0.34599443359375 0.58720439453125 0.345539453125 0.58720439453125 0.36085693359375 0.5729484375 0.3613119140625 0.5720384765625 0.34599443359375
1 0.58659775390625 0.36722666015625 0.59827548828125 0.366468359375 0.59933701171875 0.40271474609375 0.5873560546875 0.4040796875 0.58659775390625 0.36722666015625
1 0.5684453125 0.3188390625 0.58187294921875 0.31289765625 0.5859130859375 0.31931435546875 0.585556640625 0.32252275390625 0.5729607421875 0.32585 0.5684453125 0.3188390625
1 0.308851953125 0.28764921875 0.33754306640625 0.287964453125 0.33754306640625 0.2911173828125 0.34668642578125 0.2914326171875 0.34700166015625 0.28701865234375 0.36907177734375 0.2867033203125 0.369387109375 0.29174794921875 0.37443173828125 0.29206328125 0.37474697265625 0.28701865234375 0.3867279296875 0.28733388671875 0.38609736328125 0.3213849609375 0.3772693359375 0.32075439453125 0.3763234375 0.31634033203125 0.37001767578125 0.31634033203125 0.36970234375 0.31980849609375 0.34574052734375 0.320123828125 0.34668642578125 0.31634033203125 0.34321826171875 0.31602509765625 0.34321826171875 0.3191779296875 0.302230859375 0.31823212890625 0.301915625 0.28954091796875 0.308851953125 0.28764921875
1 0.28368095703125 0.311721875 0.298503125 0.31098076171875 0.29825615234375 0.3216033203125 0.284669140625 0.32209736328125 0.28368095703125 0.311721875
1 0.2441552734375 0.3127099609375 0.26564736328125 0.3127099609375 0.26589443359375 0.32357958984375 0.24588447265625 0.32357958984375 0.2441552734375 0.3127099609375
1 0.18420185546875 0.312538671875 0.22520986328125 0.31204462890625 0.2242216796875 0.32340830078125 0.18173154296875 0.32340830078125 0.18420185546875 0.312538671875
1 0.1348412109375 0.181458984375 0.1647935546875 0.179251953125 0.17236044921875 0.19249404296875 0.1720451171875 0.2035291015625 0.17046875 0.2054208984375 0.1695228515625 0.21582529296875 0.172991015625 0.21677119140625 0.1720451171875 0.23190498046875 0.170783984375 0.23285087890625 0.17141455078125 0.236949609375 0.17362158203125 0.23758017578125 0.17456748046875 0.2511375 0.172991015625 0.25050693359375 0.17267568359375 0.2564974609375 0.17488271484375 0.25712802734375 0.17456748046875 0.27163125 0.17141455078125 0.27226181640625 0.17109931640625 0.27383828125 0.1720451171875 0.27730634765625 0.17362158203125 0.31324912109375 0.16573935546875 0.325230078125 0.13736357421875 0.3227078125 0.1348412109375 0.311357421875 0.13200361328125 0.30032236328125 0.13389541015625 0.283612109375 0.1310578125 0.28266630859375 0.1345259765625 0.27226181640625 0.1345259765625 0.24010244140625 0.1345259765625 0.22969794921875 0.131373046875 0.230328515625 0.13042724609375 0.19785400390625 0.13294951171875 0.1965927734375 0.1348412109375 0.181458984375
1 0.189521875 0.16749638671875 0.1976513671875 0.16536728515625 0.19900625 0.16556083984375 0.2003611328125 0.17020625 0.2082970703125 0.17659365234375 0.21003916015625 0.17388388671875 0.226298046875 0.1818197265625 0.2243625 0.186465234375 0.232685546875 0.1885943359375 0.2332662109375 0.18336826171875 0.24604111328125 0.1893685546875 0.22687880859375 0.2234349609375 0.2162330078125 0.21724111328125 0.21816865234375 0.213369921875 0.21294248046875 0.21085361328125 0.21042626953125 0.2120150390625 0.20345810546875 0.2127892578125 0.1924251953125 0.20756318359375 0.19378017578125 0.2040791015625 0.18545712890625 0.20098212890625 0.18487646484375 0.2040791015625 0.1742306640625 0.19401396484375 0.180424609375 0.17698076171875 0.189521875 0.16749638671875
1 0.11836162109375 0.19961484375 0.129898828125 0.20088076171875 0.12982119140625 0.22319931640625 0.117209765625 0.22351455078125 0.11836162109375 0.19961484375
1 0.117525 0.227298046875 0.12729892578125 0.22666748046875 0.12856005859375 0.2566197265625 0.11689443359375 0.25598916015625 0.117525 0.227298046875
1 0.11613115234375 0.25948876953125 0.1300673828125 0.25890810546875 0.1289060546875 0.288135546875 0.11709892578125 0.2875548828125 0.11613115234375 0.25948876953125
1 0.181507421875 0.23919794921875 0.19114189453125 0.23746865234375 0.1985529296875 0.23746865234375 0.21905693359375 0.24142119140625 0.22572685546875 0.2409271484375 0.22597392578125 0.23919794921875 0.23560830078125 0.23895087890625 0.24598388671875 0.240680078125 0.24598388671875 0.27699443359375 0.24573681640625 0.28094697265625 0.232396875 0.2816880859375 0.232396875 0.26859521484375 0.22770322265625 0.26760703125 0.2267150390625 0.28267626953125 0.198305859375 0.28069990234375 0.1997880859375 0.26563076171875 0.19534150390625 0.26538369140625 0.19410625 0.27995888671875 0.18126044921875 0.27946474609375 0.181507421875 0.23919794921875
1 0.2738466796875 0.2009443359375 0.2881748046875 0.20464990234375 0.286692578125 0.207861328125 0.30003251953125 0.2135431640625 0.29607998046875 0.22762421875 0.30027958984375 0.2303416015625 0.2983033203125 0.23948193359375 0.2948447265625 0.23849375 0.2936095703125 0.24121123046875 0.29682109375 0.24343447265625 0.293856640625 0.2572685546875 0.29188037109375 0.25603330078125 0.2911392578125 0.25924482421875 0.29311552734375 0.2599859375 0.2908921875 0.26838515625 0.27088232421875 0.264185546875 0.271129296875 0.26616181640625 0.28619853515625 0.272584765625 0.2852103515625 0.28839501953125 0.28570439453125 0.29555908203125 0.25260166015625 0.2849365234375 0.25087236328125 0.275055078125 0.2738466796875 0.2009443359375
1 0.24696015625 0.16550009765625 0.27502626953125 0.16433876953125 0.28509130859375 0.16453232421875 0.30231806640625 0.16433876953125 0.30270517578125 0.17266181640625 0.30986689453125 0.17188759765625 0.31006044921875 0.16569365234375 0.32690009765625 0.16433876953125 0.32728720703125 0.171500390625 0.33367470703125 0.171500390625 0.33367470703125 0.16530654296875 0.34277197265625 0.16491943359375 0.34219130859375 0.169951953125 0.34509462890625 0.170726171875 0.345675390625 0.16530654296875 0.37025732421875 0.16472587890625 0.37045087890625 0.20072783203125 0.36832177734375 0.2022763671875 0.339287890625 0.2034376953125 0.339675 0.19763095703125 0.33541669921875 0.19705029296875 0.33541669921875 0.19763095703125 0.33541669921875 0.2015021484375 0.31702861328125 0.2022763671875 0.31722216796875 0.19956650390625 0.31025400390625 0.20072783203125 0.31006044921875 0.193759765625 0.30231806640625 0.1931791015625 0.30173740234375 0.19859873046875 0.28025234375 0.19840517578125 0.28180087890625 0.193759765625 0.27560693359375 0.194146875 0.27560693359375 0.19840517578125 0.24928291015625 0.19937294921875 0.24696015625 0.16550009765625
1 0.3113771484375 0.20678720703125 0.36276904296875 0.2045802734375 0.36308427734375 0.21466943359375 0.310116015625 0.2187681640625 0.31169248046875 0.2162458984375 0.314530078125 0.214984765625 0.3113771484375 0.20678720703125
1 0.30459521484375 0.21997958984375 0.3140796875 0.2217216796875 0.30304677734375 0.272627734375 0.2908921875 0.26838515625 0.30459521484375 0.21997958984375
1 0.3256931640625 0.24320673828125 0.33595185546875 0.24378740234375 0.3332419921875 0.25946572265625 0.32956435546875 0.26004638671875 0.32182197265625 0.25946572265625 0.3256931640625 0.24320673828125
1 0.31949931640625 0.26856298828125 0.323176953125 0.2648853515625 0.32801591796875 0.2660466796875 0.33072568359375 0.26895009765625 0.32831455078125 0.2863861328125 0.31572685546875 0.28486953125 0.31949931640625 0.26856298828125
1 0.34120546875 0.22936240234375 0.3543998046875 0.23118232421875 0.36289267578125 0.24073681640625 0.363954296875 0.24437666015625 0.358949609375 0.269551953125 0.352883203125 0.27152353515625 0.354096484375 0.28486953125 0.3340775390625 0.28320126953125 0.333167578125 0.27501171875 0.34120546875 0.22936240234375
1 0.396180078125 0.2144322265625 0.40877890625 0.21072666015625 0.417178125 0.2131970703125 0.428541796875 0.25692236328125 0.42804775390625 0.257910546875 0.40729677734375 0.26532158203125 0.3981564453125 0.2450646484375 0.39692119140625 0.24481767578125 0.39148642578125 0.23098359375 0.3934626953125 0.22900732421875 0.396180078125 0.2144322265625
1 0.38823935546875 0.2693916015625 0.40370859375 0.26408349609375 0.42084599609375 0.2681783203125 0.4238791015625 0.2866806640625 0.42676064453125 0.28652900390625 0.42691611328125 0.2978033203125 0.42652900390625 0.3204498046875 0.39343046875 0.320643359375 0.3936240234375 0.30109384765625 0.39072060546875 0.30167451171875 0.39072060546875 0.2869640625 0.39072060546875 0.27651181640625 0.38823935546875 0.2693916015625
1 0.42645009765625 0.229018359375 0.43608447265625 0.226548046875 0.43929599609375 0.237417578125 0.42896337890625 0.239311328125 0.42645009765625 0.229018359375
1 0.441078125 0.07776533203125 0.45617578125 0.07718466796875 0.4715904296875 0.07962802734375 0.47290361328125 0.0808681640625 0.47232001953125 0.08838203125 0.4707435546875 0.09233486328125 0.4710587890625 0.098640625 0.4732658203125 0.09895595703125 0.4729505859375 0.1181884765625 0.47011298828125 0.11755791015625 0.47011298828125 0.128908203125 0.47421171875 0.13048466796875 0.47358115234375 0.13584453125 0.46916708984375 0.1415197265625 0.44016064453125 0.142780859375 0.44016064453125 0.13300693359375 0.44016064453125 0.128908203125 0.44331357421875 0.12670126953125 0.443944140625 0.12449423828125 0.441737109375 0.12228720703125 0.44205234375 0.12008017578125 0.444259375 0.119134375 0.44457470703125 0.11535087890625 0.4382689453125 0.11535087890625 0.43889951171875 0.09769482421875 0.443944140625 0.09674892578125 0.444259375 0.0970642578125 0.444259375 0.09548779296875 0.44331357421875 0.0951724609375 0.44236767578125 0.0913890625 0.44488994140625 0.0904431640625 0.44457470703125 0.0882361328125 0.4404759765625 0.08634443359375 0.441078125 0.07776533203125
1 0.48133955078125 0.09147568359375 0.52220771484375 0.08743916015625 0.52994052734375 0.08904404296875 0.5301875 0.11206318359375 0.51536533203125 0.11502763671875 0.51462421875 0.11478056640625 0.49461435546875 0.119968359375 0.494861328125 0.11107509765625 0.48497998046875 0.111569140625 0.48133955078125 0.09147568359375
1 0.54376611328125 0.09133408203125 0.55802548828125 0.0908587890625 0.558976171875 0.08836337890625 0.5734484375 0.0910453125 0.57310546875 0.0944748046875 0.574266796875 0.09628310546875 0.57755732421875 0.09415400390625 0.57910576171875 0.08912138671875 0.5926548828125 0.092218359375 0.59207421875 0.1154455078125 0.573492578125 0.1166068359375 0.5582013671875 0.11389697265625 0.5574271484375 0.1253169921875 0.54407158203125 0.1251234375 0.54310380859375 0.12086513671875 0.5419423828125 0.1067353515625 0.54503935546875 0.10576748046875 0.54376611328125 0.09133408203125
1 0.39322724609375 0.16631181640625 0.397485546875 0.16573115234375 0.3984533203125 0.169215234375 0.40155029296875 0.168828125 0.40155029296875 0.16398916015625 0.4044537109375 0.1626341796875 0.40832490234375 0.16456982421875 0.41103466796875 0.1595373046875 0.4150994140625 0.15837587890625 0.4150994140625 0.15663388671875 0.4224546875 0.154117578125 0.42651943359375 0.1595373046875 0.42768076171875 0.15934375 0.4286486328125 0.15702099609375 0.4319390625 0.15547255859375 0.43271337890625 0.1595373046875 0.44200419921875 0.15702099609375 0.44432685546875 0.17908671875 0.39864697265625 0.19205517578125 0.39322724609375 0.16631181640625
1 0.4491658203125 0.1539240234375 0.448972265625 0.14773017578125 0.46523125 0.1459880859375 0.46813466796875 0.14714951171875 0.479941796875 0.14947216796875 0.48458720703125 0.1709572265625 0.4793611328125 0.17424775390625 0.44994013671875 0.1798609375 0.4452947265625 0.15469833984375 0.4491658203125 0.1539240234375
1 0.48535908203125 0.1487669921875 0.489635546875 0.1452458984375 0.4905666015625 0.14729423828125 0.4935458984375 0.14645625 0.493359765625 0.14329072265625 0.4969908203125 0.1421734375 0.4980150390625 0.14357001953125 0.5004357421875 0.14226650390625 0.50062197265625 0.14003203125 0.50616806640625 0.1374166015625 0.505852734375 0.1348943359375 0.5137349609375 0.13237197265625 0.5159419921875 0.13647080078125 0.51909482421875 0.13615546875 0.51909482421875 0.13205673828125 0.52886875 0.13237197265625 0.52949931640625 0.138677734375 0.5348591796875 0.1374166015625 0.5395884765625 0.1538115234375 0.535805078125 0.1604326171875 0.49008837890625 0.17115234375 0.4904037109375 0.16705361328125 0.48535908203125 0.1487669921875
1 0.4590740234375 0.2234470703125 0.47597470703125 0.21861826171875 0.47637705078125 0.21016796875 0.4952896484375 0.2085583984375 0.49891123046875 0.21419189453125 0.5226525390625 0.21217998046875 0.5254693359375 0.23551884765625 0.52506689453125 0.24396923828125 0.50373994140625 0.24879794921875 0.50052080078125 0.24557880859375 0.4904609375 0.24759072265625 0.49247294921875 0.25241953125 0.4651099609375 0.2564134765625 0.46287548828125 0.24635810546875 0.466041015625 0.24403046875 0.461758203125 0.23304404296875 0.45849951171875 0.23313720703125 0.4565443359375 0.225130078125 0.4590740234375 0.2234470703125
1 0.5452416015625 0.14004267578125 0.5477578125 0.13907490234375 0.54795146484375 0.134623046875 0.5527904296875 0.1344294921875 0.5527904296875 0.13849423828125 0.55491953125 0.136171484375 0.55937138671875 0.137719921875 0.56208125 0.1355908203125 0.5645974609375 0.13384873046875 0.56614599609375 0.13326806640625 0.56711376953125 0.13036474609375 0.57698525390625 0.13113896484375 0.57698525390625 0.134623046875 0.5812435546875 0.1348166015625 0.581437109375 0.13326806640625 0.58511474609375 0.13365517578125 0.58453408203125 0.1375263671875 0.5891794921875 0.13946201171875 0.5889859375 0.1371392578125 0.5947927734375 0.1371392578125 0.5955669921875 0.16036640625 0.569630078125 0.1595921875 0.5700171875 0.1624955078125 0.55859716796875 0.1624955078125 0.55801650390625 0.16423759765625 0.552209765625 0.16404404296875 0.552983984375 0.1621083984375 0.5444673828125 0.1624955078125 0.5452416015625 0.14004267578125
1 0.42954404296875 0.1871013671875 0.4510361328125 0.183148828125 0.4530125 0.194018359375 0.43349658203125 0.198712109375 0.42954404296875 0.1871013671875
1 0.460645703125 0.18137099609375 0.477934765625 0.17651796875 0.48081630859375 0.187740625 0.46398212890625 0.191987109375 0.460645703125 0.18137099609375
1 0.49825703125 0.172271484375 0.5182759765625 0.16847998046875 0.52297734375 0.18015771484375 0.501441796875 0.18440419921875 0.49825703125 0.172271484375
1 0.55209580078125 0.16726669921875 0.57226640625 0.16620517578125 0.574086328125 0.17833779296875 0.553157421875 0.1787927734375 0.55209580078125 0.16726669921875
1 0.5522474609375 0.19183544921875 0.57241806640625 0.1928970703125 0.572873046875 0.203058203125 0.55270244140625 0.20290654296875 0.5522474609375 0.19183544921875
1 0.53401669921875 0.20345234375 0.57061591796875 0.205234765625 0.5716853515625 0.2061853515625 0.5929556640625 0.20808662109375 0.5922302734375 0.22401083984375 0.5790359375 0.223555859375 0.58301337890625 0.23773876953125 0.55806484375 0.23451953125 0.55283369140625 0.231300390625 0.54599296875 0.23653154296875 0.53593310546875 0.23451953125 0.53401669921875 0.20345234375
1 0.530562890625 0.25722724609375 0.53966015625 0.25393671875 0.540821484375 0.255098046875 0.54411201171875 0.2531625 0.54391845703125 0.25006552734375 0.5584353515625 0.24600078125 0.55979033203125 0.25006552734375 0.56114521484375 0.24909775390625 0.56095166015625 0.2450330078125 0.57798486328125 0.23941982421875 0.58553369140625 0.24232314453125 0.5928888671875 0.2609048828125 0.5323048828125 0.28587392578125 0.52785302734375 0.2643888671875 0.53017578125 0.2624533203125 0.530562890625 0.25722724609375
1 0.5588224609375 0.28180927734375 0.57817841796875 0.27406689453125 0.583598046875 0.28374482421875 0.56133876953125 0.2945841796875 0.5588224609375 0.28180927734375
1 0.45611181640625 0.3140771484375 0.52026337890625 0.3134705078125 0.52208330078125 0.3287880859375 0.4562634765625 0.32742314453125 0.45611181640625 0.3140771484375
1 0.40253720703125 0.61697646484375 0.44978564453125 0.620571484375 0.4472177734375 0.6313564453125 0.414862890625 0.6313564453125 0.41332216796875 0.65806201171875 0.41229501953125 0.6606298828125 0.39842861328125 0.65908916015625 0.40253720703125 0.61697646484375
0 0.58772724609375 0.79584736328125 0.5974333984375 0.79584736328125 0.59606845703125 0.82542080078125 0.589850390625 0.82481416015625 0.58772724609375 0.79584736328125
0 0.29469609375 0.8333724609375 0.32198798828125 0.85176064453125 0.3177296875 0.8591158203125 0.28850224609375 0.84324404296875 0.29469609375 0.8333724609375
0 0.580907421875 0.839165234375 0.58831845703125 0.8389181640625 0.58831845703125 0.8569517578125 0.58510703125 0.85670478515625 0.58140146484375 0.85645771484375 0.580907421875 0.839165234375
2 0.30692080078125 1.181640625e-05 0.30546845703125 0.01339931640625 0.3021935546875 0.01940341796875 0.17474326171875 0.0180388671875 0.1720943359375 1.025390625e-05 0.30692080078125 1.181640625e-05
1 0.21894228515625 0.28611689453125 0.2194880859375 0.29730634765625 0.19219677734375 0.298125 0.1924697265625 0.2858439453125 0.21894228515625 0.28611689453125
1 0.22358173828125 0.2866626953125 0.25260166015625 0.2849365234375 0.25196474609375 0.2953958984375 0.22603798828125 0.2978521484375 0.22358173828125 0.2866626953125
