1 0.29854521484375 8.49609375e-06 0.2980318359375 0.023800390625 0.28570615234375 0.02636826171875 0.28827392578125 0.06437236328125 0.28673330078125 0.0756708984375 0.2307015625 0.075246484375 0.23243388671875 7.51953125e-06 0.29854521484375 8.49609375e-06
1 0.51888564453125 1.044921875e-05 0.53581474609375 0.04691103515625 0.517326171875 0.0505060546875 0.5147583984375 0.07721162109375 0.43926357421875 0.07926591796875 0.4377228515625 0.03304462890625 0.432587109375 0.03201748046875 0.43207373046875 9.9609375e-06 0.51888564453125 1.044921875e-05
1 0.228890234375 0.153915234375 0.30687373046875 0.155259765625 0.30533310546875 0.22818671875 0.22722158203125 0.226391015625 0.228890234375 0.153915234375
1 0.2270646484375 0.233208203125 0.30509609375 0.2335677734375 0.3038888671875 0.293122265625 0.22571064453125 0.292016015625 0.2270646484375 0.233208203125
1 0.2259255859375 0.3095326171875 0.3045017578125 0.31107333984375 0.30193388671875 0.379378125 0.22643916015625 0.37681025390625 0.22390888671875 0.37027373046875 0.22530556640625 0.30961005859375 0.2259255859375 0.3095326171875
1 0.223755859375 0.3827845703125 0.30489990234375 0.3848388671875 0.30284560546875 0.50860927734375 0.2966828125 0.51220419921875 0.22221513671875 0.51015 0.22078271484375 0.50605732421875 0.22362080078125 0.3827845703125 0.223755859375 0.3827845703125
1 0.23015400390625 0.5890412109375 0.301540234375 0.58955478515625 0.29999951171875 0.62139609375 0.2994859375 0.65837314453125 0.2948638671875 0.65940029296875 0.230667578125 0.6578595703125 0.22655908203125 0.64656103515625 0.22861328125 0.59058193359375 0.23015400390625 0.5890412109375
1 0.22766181640625 0.66399775390625 0.30009306640625 0.666814453125 0.2980810546875 0.7348193359375 0.2284666015625 0.7352216796875 0.224040234375 0.72314990234375 0.22444267578125 0.6648025390625 0.22766181640625 0.66399775390625
1 0.2253921875 0.74337880859375 0.23894951171875 0.744324609375 0.239580078125 0.74810810546875 0.26259609375 0.74905390625 0.278991015625 0.75031513671875 0.278991015625 0.79319423828125 0.23894951171875 0.79287890625 0.2383189453125 0.8007611328125 0.22602275390625 0.79918466796875 0.22476162109375 0.7824744140625 0.22507685546875 0.74621640625 0.2253921875 0.74337880859375
1 0.23508818359375 0.87529208984375 0.2987708984375 0.87529208984375 0.29774375 0.9292169921875 0.2299525390625 0.92818984375 0.2299525390625 0.87631923828125 0.23508818359375 0.87529208984375
1 0.21659970703125 0.95592255859375 0.29774375 0.9564361328125 0.2967400390625 0.9990087890625 0.21221103515625 0.99900751953125 0.2140318359375 0.9564361328125 0.21659970703125 0.95592255859375
1 0.3893072265625 0.99900986328125 0.38989384765625 0.9316716796875 0.422487890625 0.92925732421875 0.45991064453125 0.9344884765625 0.46005947265625 0.9990103515625 0.3893072265625 0.99900986328125
1 0.45874453125 0.77535361328125 0.39403466796875 0.773812890625 0.39043974609375 0.76765 0.39198046875 0.70242666015625 0.39126953125 0.7005078125 0.45978515625 0.6997265625 0.45874453125 0.77535361328125
1 0.460798828125 0.62641826171875 0.459794921875 0.69923828125 0.39109375 0.70001953125 0.3868447265625 0.68856025390625 0.38735830078125 0.62436396484375 0.3930076171875 0.623850390625 0.460798828125 0.62641826171875
1 0.67431455078125 0.7052833984375 0.67149775390625 0.77570263671875 0.6083216796875 0.77409306640625 0.6026880859375 0.76081396484375 0.6055048828125 0.70005224609375 0.673509765625 0.70166181640625 0.67431455078125 0.7052833984375
2 0.831651171875 0.7024666015625 0.84130869140625 0.73143916015625 0.8425158203125 0.752363671875 0.82923681640625 0.7535708984375 0.82762724609375 0.77932421875 0.74916005859375 0.77610498046875 0.74433134765625 0.76121640625 0.7447265625 0.70392578125 0.74920634765625 0.70270703125 0.78373046875 0.69875 0.831651171875 0.7024666015625
1 0.7797421875 0.62842587890625 0.7797421875 0.69844267578125 0.781171875 0.6985546875 0.74911376953125 0.702226171875 0.7447265625 0.70341796875 0.7447337890625 0.70286904296875 0.6815576171875 0.7020642578125 0.679948046875 0.69079716796875 0.68075283203125 0.625206640625 0.7797421875 0.62842587890625
1 0.6062138671875 0.8595314453125 0.65490380859375 0.86194580078125 0.6565265625 0.9096626953125 0.60561689453125 0.90857265625 0.6029947265625 0.8897111328125 0.6029947265625 0.860738671875 0.6062138671875 0.8595314453125
2 0.79900087890625 0.85761552734375 0.80215380859375 0.8642365234375 0.80782900390625 0.865182421875 0.80782900390625 0.88819833984375 0.80120791015625 0.88819833984375 0.800262109375 0.93454560546875 0.74950078125 0.93454560546875 0.74349609375 0.9344921875 0.746044921875 0.859443359375 0.7507619140625 0.8595072265625 0.75359951171875 0.8560390625 0.79900087890625 0.85761552734375
2 0.745556640625 0.859443359375 0.7430078125 0.934482421875 0.67950693359375 0.9339150390625 0.67446240234375 0.92256474609375 0.6741470703125 0.85919189453125 0.6773 0.858561328125 0.745556640625 0.859443359375
2 0.83387099609375 0.87811435546875 0.87022841796875 0.87598525390625 0.9094306640625 0.87869814453125 0.9095345703125 0.9269212890625 0.8946328125 0.92640185546875 0.83123564453125 0.928128515625 0.83024951171875 0.91231796875 0.831054296875 0.87811435546875 0.83387099609375 0.87811435546875
1 0.772862109375 0.94390009765625 0.814480078125 0.9464224609375 0.8132189453125 0.99150859375 0.7741232421875 0.9905626953125 0.77002451171875 0.98078876953125 0.772862109375 0.94390009765625
1 0.72367734375 0.942954296875 0.75962001953125 0.94326953125 0.76655634765625 0.9467376953125 0.76529521484375 0.99150859375 0.72683017578125 0.989616796875 0.72241611328125 0.97826650390625 0.72367734375 0.942954296875
1 0.67323134765625 0.94390009765625 0.712326953125 0.94263896484375 0.7161103515625 0.94736826171875 0.7161103515625 0.99119326171875 0.6763841796875 0.98709453125 0.67228544921875 0.97984287109375 0.67323134765625 0.94390009765625
1 0.39451552734375 0.16100830078125 0.4544724609375 0.16261787109375 0.4605083984375 0.166239453125 0.4605083984375 0.22780595703125 0.39411318359375 0.22659873046875 0.38888203125 0.2193556640625 0.39169873046875 0.160605859375 0.39451552734375 0.16100830078125
1 0.47166455078125 0.162375 0.50506337890625 0.1607654296875 0.53443828125 0.1635822265625 0.53484072265625 0.19899296875 0.55616767578125 0.20100498046875 0.555362890625 0.21790556640625 0.537255078125 0.21629599609375 0.53524306640625 0.23319658203125 0.47126220703125 0.22957509765625 0.4692501953125 0.22313671875 0.46804306640625 0.1639845703125 0.47166455078125 0.162375
1 0.3913689453125 0.23706328125 0.42798701171875 0.23344169921875 0.46460498046875 0.23746572265625 0.46259296875 0.31070166015625 0.39499052734375 0.3111041015625 0.38935703125 0.2990322265625 0.3913689453125 0.23706328125
1 0.47225048828125 0.2358560546875 0.53502421875 0.23746572265625 0.53301220703125 0.3050681640625 0.52335478515625 0.30627529296875 0.5185259765625 0.30949453125 0.471043359375 0.30949453125 0.46862890625 0.294605859375 0.46903134765625 0.23746572265625 0.47225048828125 0.2358560546875
1 0.5430720703125 0.23464892578125 0.62033203125 0.2386728515625 0.61952724609375 0.25879267578125 0.6275751953125 0.2595974609375 0.62837998046875 0.28011962890625 0.6183201171875 0.28052197265625 0.6183201171875 0.3038609375 0.54025537109375 0.30144658203125 0.53623134765625 0.2962154296875 0.5394505859375 0.23505126953125 0.5430720703125 0.23464892578125
1 0.67672099609375 0.3952814453125 0.67672099609375 0.43067626953125 0.68983017578125 0.433298046875 0.68851923828125 0.465415625 0.6098640625 0.465415625 0.606318359375 0.46533203125 0.608212890625 0.393359375 0.67672099609375 0.3952814453125
1 0.607724609375 0.39333984375 0.605830078125 0.465322265625 0.53654296875 0.46373046875 0.5349609375 0.391298828125 0.607724609375 0.39333984375
1 0.53447265625 0.391279296875 0.5360546875 0.463720703125 0.466973828125 0.46213828125 0.463696484375 0.4477181640625 0.466973828125 0.3893822265625 0.53447265625 0.391279296875
1 0.70687216796875 0.47328115234375 0.7081830078125 0.494255859375 0.698351171875 0.495566796875 0.699662109375 0.52309609375 0.6806537109375 0.5237515625 0.6799982421875 0.54341533203125 0.60920859375 0.54669267578125 0.537880859375 0.543740234375 0.53712890625 0.469169921875 0.70687216796875 0.47328115234375
1 0.536640625 0.469150390625 0.537392578125 0.543720703125 0.52989794921875 0.54341533203125 0.52662060546875 0.5362052734375 0.4800830078125 0.5388271484375 0.4794275390625 0.54275986328125 0.46828466796875 0.54407080078125 0.464351953125 0.5362052734375 0.463833203125 0.5362052734375 0.462783203125 0.46736328125 0.536640625 0.469150390625
1 0.462294921875 0.467353515625 0.463344921875 0.5362052734375 0.41191513671875 0.5362052734375 0.40994873046875 0.5401380859375 0.39618408203125 0.5388271484375 0.39618408203125 0.50277685546875 0.41060419921875 0.50015498046875 0.40929326171875 0.46607109375 0.462294921875 0.467353515625
