4 0.03787548828125 0.99721171875 0.0395361328125 0.98689921875 0.0565080078125 0.98924013671875 0.05504794921875 0.999001953125 0.0488048828125 0.99900185546875 0.03787548828125 0.99721171875
0 0.09879912109375 0.9738390625 0.086669921875 0.9758203125 0.0844298828125 0.95638369140625 0.09556552734375 0.953629296875 0.09879912109375 0.9738390625
0 0.086669921875 0.9758203125 0.0815607421875 0.97243017578125 0.07948759765625 0.95623408203125 0.0844298828125 0.95638369140625 0.086669921875 0.9758203125
2 0.21981171875 0.92028447265625 0.2299615234375 0.9199251953125 0.230859765625 0.94139248046875 0.220483984375 0.94202119140625 0.21981171875 0.92028447265625
1 0.04683681640625 0.9214982421875 0.06462138671875 0.9215880859375 0.06408251953125 0.93290556640625 0.0463876953125 0.931917578125 0.04683681640625 0.9214982421875
2 0.0459734375 0.90478525390625 0.051462109375 0.90470341796875 0.05139169921875 0.88724990234375 0.0627384765625 0.88657763671875 0.0627232421875 0.9180865234375 0.04604384765625 0.91780498046875 0.0459734375 0.90478525390625
1 0.06675009765625 0.91198203125 0.08299033203125 0.90847060546875 0.08690029296875 0.9278796875 0.07099306640625 0.930805859375 0.06675009765625 0.91198203125
0 0.0831740234375 0.903093359375 0.09337880859375 0.90055986328125 0.0967568359375 0.91625390625 0.0864818359375 0.9185060546875 0.0831740234375 0.903093359375
1 0.0842892578125 0.93598974609375 0.09391875 0.93553115234375 0.09472119140625 0.94699482421875 0.08497705078125 0.94733876953125 0.0842892578125 0.93598974609375
3 0.1081728515625 0.92398662109375 0.10894697265625 0.92398662109375 0.1107767578125 0.94010302734375 0.0997275390625 0.94115869140625 0.09810888671875 0.9251126953125 0.1081728515625 0.92398662109375
1 0.1455734375 0.9011802734375 0.16013857421875 0.89725888671875 0.16349970703125 0.91686572265625 0.14912138671875 0.91947998046875 0.1455734375 0.9011802734375
1 0.07285166015625 0.879597265625 0.088723828125 0.8751287109375 0.0941390625 0.89566923828125 0.077893359375 0.89940380859375 0.07285166015625 0.879597265625
0 0.09725400390625 0.8896142578125 0.10720302734375 0.88610283203125 0.10983662109375 0.895027734375 0.09988759765625 0.898246484375 0.09725400390625 0.8896142578125
2 0.167399609375 0.91545537109375 0.17817548828125 0.9141943359375 0.179321875 0.92542880859375 0.16866064453125 0.92623125 0.167399609375 0.91545537109375
4 0.207245703125 0.9172224609375 0.21362294921875 0.91668349609375 0.21425166015625 0.9246775390625 0.2079642578125 0.92530634765625 0.207245703125 0.9172224609375
0 0.1309845703125 0.8850931640625 0.13917783203125 0.88041123046875 0.143859765625 0.89021396484375 0.1352275390625 0.89401796875 0.1309845703125 0.8850931640625
1 0.4756603515625 0.98428740234375 0.48564111328125 0.97960029296875 0.488949609375 0.9863828125 0.47913427734375 0.99140078125 0.4756603515625 0.98428740234375
1 0.4960876953125 0.9990044921875 0.494662890625 0.99693857421875 0.50191181640625 0.99222333984375 0.5066806640625 0.9990044921875 0.4960876953125 0.9990044921875
4 0.17820751953125 0.929330078125 0.18922470703125 0.92783623046875 0.19277255859375 0.941467578125 0.18175537109375 0.9437083984375 0.17820751953125 0.929330078125
4 0.5128232421875 0.9990044921875 0.5068865234375 0.9898728515625 0.51581142578125 0.984166796875 0.52499775390625 0.9990044921875 0.5128232421875 0.9990044921875
4 0.49433837890625 0.97271982421875 0.5038484375 0.96686748046875 0.50809140625 0.97359765625 0.49902021484375 0.97930380859375 0.49433837890625 0.97271982421875
3 0.61194189453125 0.90559853515625 0.61966650390625 0.901107421875 0.6242474609375 0.90928115234375 0.6163431640625 0.913592578125 0.61194189453125 0.90559853515625
3 0.64998798828125 0.90647509765625 0.64393701171875 0.89705009765625 0.65070654296875 0.89255283203125 0.656724609375 0.902163671875 0.64998798828125 0.90647509765625
1 0.6615759765625 0.9009521484375 0.6533845703125 0.8865205078125 0.66229453125 0.88137109375 0.6705580078125 0.89565263671875 0.6615759765625 0.9009521484375
1 0.49534638671875 0.83992724609375 0.506026953125 0.8393419921875 0.506612109375 0.8504615234375 0.49563896484375 0.8506078125 0.49534638671875 0.83992724609375
3 0.52112919921875 0.83802587890625 0.526287890625 0.83561845703125 0.5305294921875 0.84593583984375 0.52502685546875 0.84788466796875 0.52112919921875 0.83802587890625
3 0.69326015625 0.83016279296875 0.70599921875 0.8206166015625 0.7117052734375 0.829248828125 0.6989763671875 0.837734765625 0.69326015625 0.83016279296875
4 0.50680068359375 0.870573046875 0.51551328125 0.87030361328125 0.51542353515625 0.87721982421875 0.50671083984375 0.877040234375 0.50680068359375 0.870573046875
4 0.46993310546875 0.87224345703125 0.477629296875 0.86970791015625 0.480862890625 0.87913916015625 0.47331787109375 0.88228291015625 0.46993310546875 0.87224345703125
1 0.81323017578125 0.56467880859375 0.843309765625 0.5609701171875 0.847668359375 0.61366494140625 0.81718427734375 0.61882041015625 0.81323017578125 0.56467880859375
1 0.54769560546875 0.75591044921875 0.5476251953125 0.737995703125 0.5616302734375 0.7377845703125 0.56184140625 0.7564345703125 0.54769560546875 0.75591044921875
0 0.5730193359375 0.740734765625 0.58562939453125 0.74050546875 0.58505625 0.7564400390625 0.5725607421875 0.7564400390625 0.5730193359375 0.740734765625
0 0.46161435546875 0.71877431640625 0.47112919921875 0.71877431640625 0.47101455078125 0.733333203125 0.46149970703125 0.7332185546875 0.46161435546875 0.71877431640625
4 0.5018703125 0.7227240234375 0.506309375 0.74811953125 0.4897328125 0.7505470703125 0.48581142578125 0.72496484375 0.5018703125 0.7227240234375
1 0.64291015625 0.69448876953125 0.66640263671875 0.69486435546875 0.66640263671875 0.70627646484375 0.642846875 0.705544921875 0.64291015625 0.69448876953125
1 0.5867603515625 0.652145703125 0.61198056640625 0.65375068359375 0.6086560546875 0.68676611328125 0.5889384765625 0.6845880859375 0.5893970703125 0.67564638671875 0.58446767578125 0.67518779296875 0.5867603515625 0.652145703125
0 0.58348974609375 0.59989775390625 0.5982669921875 0.6023849609375 0.5943166015625 0.6263796875 0.580124609375 0.62403876953125 0.58348974609375 0.59989775390625
2 0.43859755859375 0.72202314453125 0.4387900390625 0.70810869140625 0.44569912109375 0.70717509765625 0.44524482421875 0.70232001953125 0.4534763671875 0.702037109375 0.4534359375 0.72118564453125 0.43859755859375 0.72202314453125
1 0.3279267578125 0.68898681640625 0.3448265625 0.67801201171875 0.34966845703125 0.68566689453125 0.3325091796875 0.69591474609375 0.3279267578125 0.68898681640625
4 0.36638173828125 0.64529794921875 0.375299609375 0.64505927734375 0.374883984375 0.6551291015625 0.3663509765625 0.65530869140625 0.36638173828125 0.64529794921875
1 0.17291806640625 0.65991484375 0.1872544921875 0.65730732421875 0.1885712890625 0.66345224609375 0.1928142578125 0.6625744140625 0.19471630859375 0.672230859375 0.19047333984375 0.67296240234375 0.19193642578125 0.68027783203125 0.1808078125 0.68214873046875 0.17990966796875 0.67819658203125 0.176496484375 0.67891513671875 0.17291806640625 0.65991484375
1 0.05343359375 0.7784779296875 0.06584443359375 0.7750267578125 0.0722791015625 0.793854296875 0.059648046875 0.798620703125 0.05343359375 0.7784779296875
0 0.062922265625 0.80149951171875 0.07067666015625 0.7982806640625 0.0757974609375 0.81305791015625 0.06818935546875 0.81598408203125 0.062922265625 0.80149951171875
0 0.1127505859375 0.779226953125 0.12593388671875 0.77773662109375 0.12753876953125 0.7944736328125 0.1146994140625 0.79573466796875 0.1127505859375 0.779226953125
0 0.14590537109375 0.7684724609375 0.15878984375 0.766044921875 0.1614041015625 0.7796763671875 0.14851962890625 0.78154365234375 0.14590537109375 0.7684724609375
4 0.06682548828125 0.76718818359375 0.079580078125 0.7667390625 0.08011904296875 0.77626015625 0.067184765625 0.77670927734375 0.06682548828125 0.76718818359375
4 0.2422380859375 0.46022138671875 0.2549763671875 0.450931640625 0.26060654296875 0.458532421875 0.2477978515625 0.46782216796875 0.2422380859375 0.46022138671875
2 0.2533259765625 0.32038408203125 0.26676806640625 0.32608466796875 0.2626158203125 0.3357263671875 0.2491033203125 0.33002578125 0.2533259765625 0.32038408203125
3 0.2729927734375 0.28189365234375 0.286519921875 0.27444228515625 0.2917931640625 0.2828107421875 0.2784953125 0.29095 0.2729927734375 0.28189365234375
2 0.28833408203125 0.3038078125 0.30507109375 0.30071259765625 0.3086248046875 0.3153861328125 0.29028291015625 0.3195130859375 0.28833408203125 0.3038078125
1 0.0486892578125 0.37521796875 0.06658330078125 0.37399931640625 0.06848525390625 0.3977013671875 0.050635546875 0.399164453125 0.0486892578125 0.37521796875
4 0.06819267578125 0.36244091796875 0.07492294921875 0.36244091796875 0.074483984375 0.3750234375 0.0677537109375 0.3748771484375 0.06819267578125 0.36244091796875
1 0.1203439453125 0.382607421875 0.14082724609375 0.37646240234375 0.145948046875 0.395336328125 0.1259037109375 0.40162763671875 0.1203439453125 0.382607421875
3 0.092007421875 0.37241484375 0.10072001953125 0.37241484375 0.10072001953125 0.383462890625 0.092097265625 0.383462890625 0.092007421875 0.37241484375
1 0.22682421875 0.10561708984375 0.24994111328125 0.09683857421875 0.254915625 0.1102990234375 0.231359765625 0.1184923828125 0.22682421875 0.10561708984375
1 0.4186427734375 0.19061767578125 0.42525341796875 0.1711931640625 0.43939150390625 0.17750380859375 0.43382255859375 0.1955578125 0.42780458984375 0.1917853515625 0.4186427734375 0.19061767578125
2 0.420009375 0.21646162109375 0.42437275390625 0.206749609375 0.4367591796875 0.21237978515625 0.432325390625 0.2223029296875 0.420009375 0.21646162109375
3 0.37917275390625 0.22030732421875 0.39036279296875 0.21348076171875 0.3996525390625 0.22882294921875 0.388321875 0.23600146484375 0.37917275390625 0.22030732421875
3 0.30819609375 0.45182783203125 0.32154208984375 0.44944462890625 0.32464033203125 0.464458984375 0.31129423828125 0.4668421875 0.30819609375 0.45182783203125
3 0.594160546875 0.5733583984375 0.59880546875 0.561253515625 0.6066876953125 0.564631640625 0.60211318359375 0.57659580078125 0.594160546875 0.5733583984375
0 0.66826484375 0.424734765625 0.69515419921875 0.41931953125 0.6988888671875 0.44340791015625 0.6718126953125 0.446955859375 0.66826484375 0.424734765625
4 0.51315673828125 0.85125322265625 0.52382890625 0.8484318359375 0.5256689453125 0.8603306640625 0.51646875 0.862538671875 0.51315673828125 0.85125322265625
3 0.972425 0.587055078125 0.99104140625 0.59241044921875 0.98619599609375 0.61128193359375 0.9688546875 0.60618154296875 0.972425 0.587055078125
1 0.70756796875 0.5087828125 0.73148828125 0.50166806640625 0.73394169921875 0.51160419921875 0.72216552734375 0.51540693359375 0.7248642578125 0.52338046875 0.71272001953125 0.52718310546875 0.70756796875 0.5087828125
