0 0.4008201171875 0.94321669921875 0.413724609375 0.94120029296875 0.41352294921875 0.9351513671875 0.40737822265625 0.93043994140625 0.412633203125 0.922557421875 0.42002314453125 0.9268271484375 0.42232216796875 0.92485654296875 0.42166533203125 0.92140791015625 0.4334890625 0.91976572265625 0.4320111328125 0.9133611328125 0.44087900390625 0.911062109375 0.4418642578125 0.9166455078125 0.449418359375 0.91401806640625 0.45171748046875 0.9099125 0.46370546875 0.9161529296875 0.46091376953125 0.9260060546875 0.46483525390625 0.95824951171875 0.45960654296875 0.95912099609375 0.44914921875 0.951713671875 0.43825615234375 0.95476376953125 0.4408705078125 0.97219267578125 0.4186486328125 0.97698564453125 0.41603427734375 0.97175693359375 0.4060126953125 0.97306416015625 0.4008201171875 0.94321669921875
0 0.51434580078125 0.8782681640625 0.53177470703125 0.87565380859375 0.5339533203125 0.8813181640625 0.53918203125 0.8813181640625 0.53743916015625 0.87173232421875 0.54876787109375 0.8686822265625 0.54963935546875 0.8734751953125 0.55748232421875 0.87086083984375 0.555739453125 0.865196484375 0.5696826171875 0.865196484375 0.5705541015625 0.8726037109375 0.5831900390625 0.8726037109375 0.58536865234375 0.9044115234375 0.52446669921875 0.920985546875 0.51434580078125 0.8782681640625
0 0.63111650390625 0.85787099609375 0.677959765625 0.8486443359375 0.67508896484375 0.83552666015625 0.69408115234375 0.8312466796875 0.69755869140625 0.84435400390625 0.7224357421875 0.8376666015625 0.7342298828125 0.88640849609375 0.72290107421875 0.88945859375 0.719415234375 0.88205126953125 0.7120080078125 0.88205126953125 0.71070078125 0.87377255859375 0.701986328125 0.8763869140625 0.70024345703125 0.8859728515625 0.6897861328125 0.884665625 0.68586455078125 0.8803083984375 0.63793505859375 0.8907658203125 0.63357783203125 0.87856552734375 0.63111650390625 0.85787099609375
0 0.81776572265625 0.68175634765625 0.79177001953125 0.68250625 0.7755861328125 0.58317275390625 0.79519365234375 0.580994140625 0.7978080078125 0.59537294921875 0.8104439453125 0.5931943359375 0.8104439453125 0.59537294921875 0.81979189453125 0.593747265625 0.81776572265625 0.68175634765625
0 0.287554296875 0.70582880859375 0.28310546875 0.67802353515625 0.2970080078125 0.67413076171875 0.302569140625 0.6941505859375 0.35317470703125 0.6818388671875 0.36450087890625 0.729146484375 0.32481328125 0.74141953125 0.3220328125 0.7302974609375 0.31035458984375 0.732521875 0.3031251953125 0.700823828125 0.287554296875 0.70582880859375
0 0.3874880859375 0.70519716796875 0.381684375 0.67583671875 0.401485546875 0.67242275390625 0.400119921875 0.6635462890625 0.42948037109375 0.656035546875 0.4346013671875 0.6673017578125 0.44177080078125 0.6652533203125 0.45474404296875 0.66081513671875 0.4584994140625 0.67447109375 0.46157197265625 0.67378837890625 0.467034375 0.700417578125 0.4561095703125 0.70622138671875 0.42982177734375 0.70417294921875 0.42777333984375 0.70280732421875 0.42401796875 0.70587998046875 0.4124103515625 0.70553857421875 0.4117275390625 0.701783203125 0.3878294921875 0.70485576171875 0.3874880859375 0.70519716796875
0 0.10611142578125 0.80090478515625 0.0999943359375 0.787558203125 0.10110654296875 0.784777734375 0.0999943359375 0.7703189453125 0.12057021484375 0.76698232421875 0.12335068359375 0.77421171875 0.1344728515625 0.77143115234375 0.13113623046875 0.74418203125 0.15949755859375 0.73917705078125 0.16837392578125 0.7821935546875 0.1444759765625 0.79789794921875 0.13901357421875 0.8064330078125 0.12706455078125 0.8043845703125 0.12296767578125 0.79892216796875 0.10726328125 0.8019947265625 0.10611142578125 0.80090478515625
0 0.00232197265625 0.91609228515625 0.00300478515625 0.92599287109375 0.00607734375 0.95193935546875 -0.0 0.9577431640625 -0.0 0.91642578125 0.00118681640625 0.9163611328125 0.00232197265625 0.91609228515625
0 0.0057359375 0.89082861328125 0.00471171875 0.90380185546875 0.00041015625 0.905126953125 -0.0 0.904912109375 -0.0 0.8887802734375 0.0057359375 0.89082861328125
0 0.0319689453125 0.52269443359375 0.02699677734375 0.49783359375 0.05273505859375 0.49227646484375 0.05799970703125 0.51859970703125 0.0319689453125 0.52269443359375
0 -0.0 0.547145703125 -0.0 0.53674189453125 -0.0 0.4924029296875 0.0097798828125 0.4907203125 0.0078265625 0.48912236328125 0.0057064453125 0.4806560546875 0.00066474609375 0.45323583984375 0.01134716796875 0.45166796875 0.00629912109375 0.43321875 0.04915322265625 0.42428125 0.04617412109375 0.41076044921875 0.01042412109375 0.41763544921875 0.0058408203125 0.41557294921875 -0.0 0.38394794921875 -0.0 0.364010546875 0.0305908203125 0.357823046875 0.0310716796875 0.3606748046875 0.08706484375 0.349476171875 0.08631826171875 0.34163720703125 0.13447236328125 0.33230498046875 0.13372578125 0.32745224609375 0.1594826171875 0.32297275390625 0.15985595703125 0.32782548828125 0.19419833984375 0.31998642578125 0.19830458984375 0.33043857421875 0.2557908203125 0.31774677734375 0.2569107421875 0.32633232421875 0.28005458984375 0.3207330078125 0.28565390625 0.34051728515625 0.266989453125 0.34499677734375 0.26437646484375 0.3479830078125 0.263256640625 0.36291455078125 0.20390390625 0.376726171875 0.1994244140625 0.3636611328125 0.0843166015625 0.38697646484375 0.08958125 0.4106673828125 0.079051953125 0.41329970703125 0.0913361328125 0.46740869140625 0.0208482421875 0.4834951171875 0.0243580078125 0.50835595703125 0.0281603515625 0.5226875 0.019093359375 0.52414990234375 0.0220181640625 0.54316123046875 -0.0 0.547145703125
4 0.41847109375 0.314223046875 0.40846630859375 0.27515654296875 0.458966796875 0.26324609375 0.46801884765625 0.30802958984375 0.4518205078125 0.314223046875 0.44705634765625 0.2989775390625 0.42895234375 0.3023125 0.43181083984375 0.31327021484375 0.41894755859375 0.31517587890625 0.41847109375 0.314223046875
4 0.47916044921875 0.3049056640625 0.4712634765625 0.276242578125 0.48442509765625 0.2733177734375 0.49290703125 0.259863671875 0.52244755859375 0.252844140625 0.52829716796875 0.2768275390625 0.522155078125 0.2838470703125 0.51367314453125 0.2820921875 0.512795703125 0.278582421875 0.50226640625 0.2826771484375 0.50665361328125 0.29876357421875 0.480037890625 0.30519814453125 0.47916044921875 0.3049056640625
4 0.55085869140625 0.250521875 0.6031189453125 0.2393232421875 0.61021142578125 0.27105263671875 0.571389453125 0.27889169921875 0.57362919921875 0.2859841796875 0.55907099609375 0.28822392578125 0.55085869140625 0.250521875
4 0.6203736328125 0.23715830078125 0.64837021484375 0.23267890625 0.647250390625 0.2281994140625 0.66554150390625 0.2252130859375 0.6681544921875 0.22894599609375 0.69241826171875 0.22409326171875 0.6965244140625 0.24985009765625 0.67524697265625 0.25470283203125 0.6692744140625 0.24985009765625 0.62597294921875 0.2584357421875 0.6203736328125 0.23715830078125
4 0.7500484375 0.20918720703125 0.75676767578125 0.2080673828125 0.7578875 0.20396123046875 0.77281904296875 0.20097490234375 0.7739388671875 0.20433447265625 0.78737724609375 0.20246806640625 0.7884970703125 0.22411875 0.7485552734375 0.23009130859375 0.74556904296875 0.211426953125 0.7500484375 0.20918720703125
4 0.7998205078125 0.199439453125 0.81064228515625 0.19271240234375 0.82292646484375 0.19154248046875 0.8255587890625 0.19446728515625 0.82897978515625 0.1946810546875 0.8283580078125 0.2216857421875 0.81883173828125 0.21669580078125 0.80771748046875 0.21435595703125 0.8021603515625 0.20967626953125 0.7998205078125 0.199439453125
4 -0.0 0.2705501953125 0.015585546875 0.2671126953125 0.0192521484375 0.2891126953125 0.008023046875 0.29094599609375 0.008710546875 0.3001126953125 -0.0 0.3014876953125 -0.0 0.2705501953125
4 0.08081484375 0.2470919921875 0.0989486328125 0.2435822265625 0.1059681640625 0.27955732421875 0.0873828125 0.284130859375 0.08599287109375 0.28452802734375 0.07935244140625 0.25820625 0.07642763671875 0.25674384765625 0.07613515625 0.24650703125 0.05185927734375 0.2517716796875 0.05653896484375 0.2704904296875 0.0550765625 0.2740001953125 0.05829384765625 0.2903791015625 0.03869765625 0.2938888671875 0.0381126953125 0.2927189453125 0.02963076171875 0.25206416015625 0.05010439453125 0.24913935546875 0.0486419921875 0.23568525390625 0.078475 0.22866572265625 0.08081484375 0.2470919921875
4 0.1281279296875 0.25149296875 0.13385703125 0.25057626953125 0.13523203125 0.24438876953125 0.1439404296875 0.24438876953125 0.14416953125 0.24943046875 0.14760703125 0.24965966796875 0.15196123046875 0.26707626953125 0.13179453125 0.2702845703125 0.1281279296875 0.25149296875
4 0.13031435546875 0.218599609375 0.15312783203125 0.21421240234375 0.15839248046875 0.23059130859375 0.16043984375 0.23527099609375 0.17360146484375 0.232638671875 0.1774037109375 0.227958984375 0.17477138671875 0.213919921875 0.19173525390625 0.21070263671875 0.20167958984375 0.26451904296875 0.18003603515625 0.2686138671875 0.17301650390625 0.23878076171875 0.15780751953125 0.24229052734375 0.15429775390625 0.2332236328125 0.1341166015625 0.2361484375 0.130021875 0.21947705078125 0.13031435546875 0.218599609375
4 0.20349482421875 0.21821552734375 0.20653505859375 0.20423046875 0.212007421875 0.20240634765625 0.21991201171875 0.2127431640625 0.236329296875 0.21091904296875 0.2326810546875 0.19632587890625 0.24727412109375 0.19389375 0.25031435546875 0.21152705078125 0.23936953125 0.2127431640625 0.248490234375 0.25409033203125 0.2113994140625 0.26077880859375 0.20349482421875 0.21821552734375
4 0.26077822265625 0.20902578125 0.27496318359375 0.20566611328125 0.27496318359375 0.19334765625 0.28728173828125 0.1918544921875 0.29064130859375 0.2064126953125 0.28280224609375 0.21051884765625 0.2884015625 0.24374150390625 0.26675087890625 0.24560791015625 0.26077822265625 0.20902578125
4 0.318096484375 0.206642578125 0.33524765625 0.20378408203125 0.33953544921875 0.235227734375 0.3228607421875 0.23713349609375 0.318096484375 0.206642578125
4 0.345673828125 0.192392578125 0.333818359375 0.1942556640625 0.33130517578125 0.17530751953125 0.34216796875 0.173681640625 0.345673828125 0.192392578125
4 0.3581158203125 0.19044423828125 0.34615234375 0.19232421875 0.342646484375 0.173583984375 0.3543044921875 0.1713875 0.3581158203125 0.19044423828125
4 0.36240361328125 0.20521328125 0.39194169921875 0.19854345703125 0.39718232421875 0.21617099609375 0.3843189453125 0.21664736328125 0.386224609375 0.224746484375 0.3671677734375 0.2280814453125 0.36240361328125 0.20521328125
4 0.40966044921875 0.194711328125 0.4290755859375 0.189612109375 0.43333193359375 0.213933984375 0.41509052734375 0.21879833984375 0.40966044921875 0.194711328125
4 0.455783984375 0.18842978515625 0.45315166015625 0.1799478515625 0.4551990234375 0.17556064453125 0.4657283203125 0.17439072265625 0.46719072265625 0.18082529296875 0.47421025390625 0.18082529296875 0.47888994140625 0.18550498046875 0.476842578125 0.1928169921875 0.4733328125 0.1939869140625 0.47538017578125 0.20393125 0.46075615234375 0.2068560546875 0.455783984375 0.18842978515625
4 0.51701533203125 0.16892216796875 0.52461982421875 0.167459765625 0.5295919921875 0.19144326171875 0.516572265625 0.199755859375 0.51616083984375 0.20001298828125 0.51574560546875 0.2003515625 0.515478515625 0.200703125 0.51233564453125 0.20489736328125 0.5085333984375 0.2057748046875 0.5079484375 0.1981703125 0.50414619140625 0.19436806640625 0.4991740234375 0.17126201171875 0.50414619140625 0.172139453125 0.5050236328125 0.165119921875 0.5038537109375 0.15546806640625 0.51409052734375 0.15371318359375 0.51701533203125 0.16892216796875
4 0.51792490234375 0.13981142578125 0.52313203125 0.1369384765625 0.53031435546875 0.13729755859375 0.5326486328125 0.15381689453125 0.519361328125 0.15633076171875 0.51792490234375 0.13981142578125
4 0.53246904296875 0.13622021484375 0.5380353515625 0.13388603515625 0.5450380859375 0.13496337890625 0.54862919921875 0.15022578125 0.53462373046875 0.152919140625 0.53246904296875 0.13622021484375
4 0.54899326171875 0.16299033203125 0.55338046875 0.162112890625 0.55308798828125 0.15889560546875 0.5609849609375 0.15655576171875 0.5633248046875 0.16006552734375 0.57239169921875 0.158603125 0.57590146484375 0.17030234375 0.56741953125 0.1732271484375 0.5691744140625 0.1820015625 0.554550390625 0.185511328125 0.54899326171875 0.16299033203125
4 0.58706162109375 0.14365498046875 0.60311298828125 0.13842900390625 0.59975341796875 0.12275087890625 0.61312900390625 0.1174958984375 0.62252392578125 0.11752490234375 0.62525517578125 0.13627431640625 0.61393837890625 0.13992216796875 0.6243904296875 0.1779974609375 0.60124658203125 0.18210361328125 0.5960205078125 0.164932421875 0.59303427734375 0.1645591796875 0.58706162109375 0.14365498046875
4 0.643779296875 0.1269921875 0.64417392578125 0.12821982421875 0.6454521484375 0.1292404296875 0.64587890625 0.128291015625 0.6603373046875 0.1264333984375 0.66285810546875 0.14430830078125 0.64200400390625 0.14705830078125 0.6383373046875 0.13124580078125 0.62756650390625 0.13445419921875 0.62527490234375 0.1197875 0.62550400390625 0.1191 0.639483203125 0.11451669921875 0.643779296875 0.1269921875
4 0.695609375 0.15844013671875 0.689759765625 0.13445673828125 0.69122216796875 0.13036201171875 0.70116650390625 0.128899609375 0.70526123046875 0.140598828125 0.70877099609375 0.1365041015625 0.714328125 0.13942890625 0.7160830078125 0.15610029296875 0.69707177734375 0.15844013671875 0.695609375 0.15844013671875
4 0.70014599609375 0.10531640625 0.7097978515625 0.1000517578125 0.7156474609375 0.10092919921875 0.71944970703125 0.1164306640625 0.7051181640625 0.1199404296875 0.70014599609375 0.10531640625
4 0.71793623046875 0.09867568359375 0.7249322265625 0.0959982421875 0.7289052734375 0.09746650390625 0.7310546875 0.11261552734375 0.720362109375 0.1147099609375 0.71705517578125 0.0990568359375 0.71793623046875 0.09867568359375
4 0.7356021484375 0.11722587890625 0.7433400390625 0.11652236328125 0.743762109375 0.10765908203125 0.75276611328125 0.10850322265625 0.75417294921875 0.11342724609375 0.76402119140625 0.1123017578125 0.7697470703125 0.13647158203125 0.7601220703125 0.13853408203125 0.7601220703125 0.1465548828125 0.75622626953125 0.1479298828125 0.75668466796875 0.1520548828125 0.74705966796875 0.15434658203125 0.74568466796875 0.14838828125 0.74155966796875 0.14907578125 0.73376796875 0.12042998046875 0.7356021484375 0.11722587890625
4 0.7823015625 0.1060591796875 0.80088193359375 0.10129501953125 0.80659892578125 0.1375029296875 0.7894478515625 0.1422671875 0.7823015625 0.1060591796875
4 0.801091015625 0.081105078125 0.8100689453125 0.0785912109375 0.8133009765625 0.09762431640625 0.80486171875 0.10013818359375 0.801091015625 0.081105078125
4 0.8137951171875 0.01664775390625 0.82999345703125 0.012836328125 0.8328587890625 0.02620771484375 0.8326984375 0.033171875 0.81808291015625 0.03618095703125 0.8137951171875 0.01664775390625
4 0.76000771484375 8.59375e-06 0.76448544921875 0.0221041015625 0.74096826171875 0.02707470703125 0.7398484375 0.0308076171875 0.75179365234375 0.0483521484375 0.7398484375 0.0580576171875 0.7267833984375 0.04424599609375 0.73088955078125 0.03976650390625 0.73574228515625 0.0356603515625 0.734995703125 0.0308076171875 0.73238271484375 0.02819462890625 0.7249193359375 9.08203125e-06 0.76000771484375 8.59375e-06
4 0.7707181640625 0.0262349609375 0.7804236328125 0.0202623046875 0.77669072265625 0.01018359375 0.7725845703125 0.00831708984375 0.77183876953125 8.3984375e-06 0.80842197265625 7.8125e-06 0.80991337890625 0.00645068359375 0.8002078125 0.009063671875 0.79871474609375 0.01615615234375 0.78751611328125 0.01615615234375 0.7949818359375 0.0329541015625 0.77855712890625 0.0393 0.7707181640625 0.0262349609375
4 0.6755955078125 0.0078259765625 0.69090029296875 0.00409306640625 0.69351328125 0.0108123046875 0.706205078125 0.00819931640625 0.714044140625 0.0332095703125 0.71068447265625 0.03395615234375 0.71217763671875 0.04030205078125 0.68604755859375 0.04739453125 0.6755955078125 0.0078259765625
4 0.638519921875 0.02813779296875 0.64992666015625 0.02579794921875 0.647879296875 0.0167310546875 0.65636123046875 0.01585361328125 0.65811611328125 0.00824912109375 0.6695228515625 0.00707919921875 0.67624990234375 0.03720478515625 0.65636123046875 0.0415919921875 0.64290712890625 0.0439318359375 0.638519921875 0.02813779296875
4 0.60329638671875 0.036957421875 0.616734765625 0.03733076171875 0.622707421875 0.03135810546875 0.6346525390625 0.0335978515625 0.63502587890625 0.06831357421875 0.61748134765625 0.06794033203125 0.61113544921875 0.06756708984375 0.61076220703125 0.073912890625 0.59508408203125 0.0735396484375 0.5909779296875 0.07951220703125 0.57417998046875 0.07092666015625 0.5812724609375 0.05375537109375 0.59471083984375 0.05860810546875 0.5958306640625 0.06607392578125 0.60441630859375 0.0668205078125 0.60329638671875 0.03770400390625 0.60329638671875 0.036957421875
4 0.57279833984375 0.074994140625 0.5801103515625 0.0761640625 0.58508251953125 0.082013671875 0.58157275390625 0.09020322265625 0.572505859375 0.086693359375 0.57045849609375 0.0814287109375 0.57279833984375 0.074994140625
4 0.53921982421875 0.04224013671875 0.53250068359375 0.0179763671875 0.53548701171875 0.01499013671875 0.5336205078125 0.0064044921875 0.55191162109375 0.0015517578125 0.56348359375 0.00267158203125 0.562363671875 0.0172298828125 0.57580205078125 0.01499013671875 0.5825212890625 0.02357568359375 0.5814013671875 0.03626748046875 0.53921982421875 0.04224013671875
4 0.49790419921875 0.04840810546875 0.5017064453125 0.074035546875 0.4759681640625 0.07842275390625 0.475383203125 0.0652611328125 0.4794779296875 0.0629212890625 0.4783080078125 0.05736416015625 0.4718734375 0.05648671875 0.4712884765625 0.04215517578125 0.47626064453125 0.04157021484375 0.47889296875 0.03776796875 0.4876673828125 0.0360130859375 0.4958568359375 0.0418626953125 0.49790419921875 0.04840810546875
4 0.49909892578125 1.09375e-05 0.50357470703125 0.0135607421875 0.506934375 0.03147861328125 0.48752333984375 0.03050283203125 0.4778228515625 0.0345814453125 0.4703521484375 0.0184134765625 0.4576603515625 0.0213998046875 0.45526025390625 1.103515625e-05 0.49909892578125 1.09375e-05
4 0.4555720703125 0.13392744140625 0.437654296875 0.1055576171875 0.45594541015625 0.09510556640625 0.463784375 0.0932390625 0.4790892578125 0.11339658203125 0.4906611328125 0.1025712890625 0.50148642578125 0.121608984375 0.48804814453125 0.1316876953125 0.47906328125 0.1191802734375 0.4555720703125 0.13392744140625
4 0.4324189453125 0.1073927734375 0.44031591796875 0.1381033203125 0.40755810546875 0.14483037109375 0.40053857421875 0.1190919921875 0.39468896484375 0.0974484375 0.41048291015625 0.09364619140625 0.4160400390625 0.11061005859375 0.4324189453125 0.1073927734375
4 0.3906099609375 0.09749794921875 0.3959984375 0.12208818359375 0.3847693359375 0.1291923828125 0.38362353515625 0.12598408203125 0.3737693359375 0.13033818359375 0.38224853515625 0.1456923828125 0.36987353515625 0.15646318359375 0.361165234375 0.139733984375 0.3696443359375 0.132171484375 0.357727734375 0.10765068359375 0.360477734375 0.09573408203125 0.38843603515625 0.09046328125 0.3906099609375 0.09749794921875
4 0.3494126953125 0.11784912109375 0.35837158203125 0.15181826171875 0.33709423828125 0.15443134765625 0.3378408203125 0.14659228515625 0.32290927734375 0.1506984375 0.3191763671875 0.1286744140625 0.3143236328125 0.1286744140625 0.31208388671875 0.108890234375 0.33560107421875 0.1040375 0.335227734375 0.12083544921875 0.34082705078125 0.11747578125 0.3494126953125 0.11784912109375
4 0.273016796875 0.11844501953125 0.27861611328125 0.112845703125 0.28794833984375 0.114712109375 0.29168125 0.128523828125 0.3077326171875 0.1255375 0.314078515625 0.155773828125 0.2823490234375 0.1609998046875 0.278886328125 0.14586201171875 0.273016796875 0.11844501953125
4 0.2393671875 0.15249453125 0.2329326171875 0.124123828125 0.24199951171875 0.12090654296875 0.24901904296875 0.12207646484375 0.25018896484375 0.12968095703125 0.25720849609375 0.1293884765625 0.25545361328125 0.12090654296875 0.266275390625 0.11827421875 0.272417578125 0.14781484375 0.240537109375 0.1542494140625 0.2393671875 0.15249453125
4 0.19160478515625 0.13818916015625 0.2054751953125 0.13347919921875 0.20928662109375 0.14586611328125 0.22834345703125 0.14205478515625 0.2345369140625 0.17445126953125 0.2030931640625 0.17969189453125 0.19160478515625 0.13818916015625
4 0.18547431640625 0.139555859375 0.19595556640625 0.1748109375 0.18071015625 0.178622265625 0.1811865234375 0.18767421875 0.1630826171875 0.1910091796875 0.15688916015625 0.1609947265625 0.174040234375 0.15623056640625 0.17118173828125 0.14241435546875 0.18499794921875 0.1381265625 0.18547431640625 0.139555859375
4 0.14334921875 0.18434013671875 0.12571591796875 0.18008388671875 0.11112275390625 0.172179296875 0.11598720703125 0.15272177734375 0.13118837890625 0.1545458984375 0.12875615234375 0.16184248046875 0.13179638671875 0.16305859375 0.13544462890625 0.161234375 0.13726875 0.15515390625 0.14760556640625 0.156978125 0.14334921875 0.18434013671875
4 0.08851494140625 0.1661875 0.070881640625 0.14064951171875 0.06601728515625 0.14004150390625 0.05203212890625 0.1455138671875 0.04534365234375 0.1303126953125 0.064801171875 0.12180009765625 0.06723330078125 0.12909658203125 0.07027353515625 0.1333529296875 0.07270576171875 0.12788056640625 0.09094716796875 0.120583984375 0.10858046875 0.141865625 0.10736435546875 0.15645869140625 0.08851494140625 0.1661875
4 0.0548349609375 0.11590048828125 0.04158330078125 0.11303427734375 0.04401552734375 0.10391357421875 0.03732705078125 0.102089453125 0.0458396484375 0.07290322265625 0.057392578125 0.07472734375 0.05374423828125 0.089928515625 0.06651328125 0.0935767578125 0.073809765625 0.0662146484375 0.10542822265625 0.0771595703125 0.09509140625 0.1093859375 0.07685 0.10391357421875 0.0626265625 0.0991712890625 0.0548349609375 0.11590048828125
4 0.08495126953125 0.0377849609375 0.09305048828125 0.0339736328125 0.09876748046875 0.046360546875 0.1135365234375 0.04016708984375 0.11591865234375 0.05064833984375 0.122112109375 0.05064833984375 0.11448935546875 0.03159150390625 0.13688115234375 0.02253955078125 0.14402744140625 0.03969072265625 0.13545185546875 0.0430255859375 0.14593310546875 0.06589375 0.11639501953125 0.08018642578125 0.10543740234375 0.06494091796875 0.0997203125 0.050171875 0.09686181640625 0.0496955078125 0.09305048828125 0.05255400390625 0.08495126953125 0.0377849609375
4 0.184765625 0.020732421875 0.18442705078125 0.02191630859375 0.18433984375 0.0246611328125 0.1850390625 0.02544921875 0.1911412109375 0.05220458984375 0.1701787109375 0.0550630859375 0.173513671875 0.07173779296875 0.15826826171875 0.0745962890625 0.1544568359375 0.05744521484375 0.1558861328125 0.05411025390625 0.15159833984375 0.02647783203125 0.1730373046875 0.02314296875 0.1716080078125 0.0169494140625 0.182565625 0.0145673828125 0.184765625 0.020732421875
4 0.18997470703125 0.03023642578125 0.18997470703125 0.0134384765625 0.20677265625 0.013065234375 0.20677265625 0.0406884765625 0.21386513671875 0.0339693359375 0.21983779296875 0.038448828125 0.227303515625 0.0369556640625 0.23215625 0.0466611328125 0.23215625 0.0642056640625 0.20378642578125 0.06980498046875 0.1985603515625 0.04628779296875 0.1996802734375 0.03172958984375 0.190348046875 0.03135634765625 0.18997470703125 0.03023642578125
4 0.2341810546875 0.03461806640625 0.26606142578125 0.027891015625 0.27074111328125 0.04573232421875 0.25377724609375 0.05158193359375 0.255824609375 0.05947900390625 0.239445703125 0.06328125 0.2341810546875 0.03461806640625
4 0.28747255859375 1.07421875e-05 0.286353515625 0.01456923828125 0.27104873046875 0.01606240234375 0.26832314453125 1.064453125e-05 0.28747255859375 1.07421875e-05
4 0.31206904296875 0.03175732421875 0.31440888671875 0.04404150390625 0.3009546875 0.04755126953125 0.299784765625 0.03994677734375 0.29364267578125 0.03994677734375 0.29481259765625 0.04813623046875 0.28018857421875 0.04872119140625 0.2769712890625 0.0238603515625 0.294541015625 0.02017578125 0.2950466796875 0.01957958984375 0.295365625 0.01858837890625 0.29517578125 0.0181060546875 0.295009765625 0.017578125 0.29481259765625 0.0121611328125 0.30826669921875 0.01011376953125 0.31206904296875 0.03175732421875
4 0.316711328125 0.0164646484375 0.32656552734375 0.0144021484375 0.3267947265625 0.00752724609375 0.34169052734375 0.00340224609375 0.34581552734375 0.0102771484375 0.34948212890625 0.007985546875 0.3581904296875 0.0384646484375 0.32450302734375 0.0474021484375 0.316711328125 0.0164646484375
4 0.39196201171875 1.11328125e-05 0.39356455078125 0.0107318359375 0.39035615234375 0.015315234375 0.39356455078125 0.03089853515625 0.36812705078125 0.03800263671875 0.36033544921875 0.00798193359375 0.3761478515625 0.005690234375 0.37408935546875 1.103515625e-05 0.39196201171875 1.11328125e-05
4 -0.0 0.024003125 0.00970908203125 0.07958125 -0.0 0.0814869140625 -0.0 0.024003125
4 0.08829375 8.7890625e-06 0.083966015625 0.00289912109375 0.0726203125 0.00638291015625 0.0837345703125 0.01983701171875 0.069110546875 0.03153623046875 0.05711884765625 0.01457236328125 0.0661857421875 0.0084302734375 0.0606341796875 8.3984375e-06 0.08829375 8.7890625e-06
4 0.15913076171875 9.66796875e-06 0.1639693359375 0.0049283203125 0.15086162109375 0.014444921875 0.139736328125 9.47265625e-06 0.15913076171875 9.66796875e-06
