3 0.18587392578125 0.66648359375 0.1951103515625 0.6606337890625 0.2006521484375 0.66963935546875 0.1915697265625 0.67564296875 0.18587392578125 0.66648359375
3 0.33178818359375 0.6990880859375 0.32055048828125 0.692699609375 0.3280166015625 0.67884501953125 0.3388693359375 0.6846947265625 0.33178818359375 0.6990880859375
3 0.22756796875 0.43324462890625 0.25150322265625 0.4258798828125 0.25648525390625 0.441908984375 0.232225 0.44970693359375 0.22756796875 0.43324462890625
3 0.19854228515625 0.44068408203125 0.1952931640625 0.43050341796875 0.21088896484375 0.42552138671875 0.21424638671875 0.43559375 0.19854228515625 0.44068408203125
3 0.17332099609375 0.41288701171875 0.2002888671875 0.4031396484375 0.20602900390625 0.41949365234375 0.17873623046875 0.429241015625 0.17332099609375 0.41288701171875
3 0.37567744140625 0.8383873046875 0.3759083984375 0.8276115234375 0.3831435546875 0.8276115234375 0.3829896484375 0.8385412109375 0.37567744140625 0.8383873046875
3 0.3534513671875 0.44293427734375 0.35399541015625 0.45789794921875 0.342115234375 0.45826064453125 0.34175244140625 0.44329697265625 0.3534513671875 0.44293427734375
3 0.53493232421875 0.306307421875 0.54670400390625 0.30314697265625 0.5490400390625 0.31175810546875 0.54450537109375 0.3129490234375 0.54565048828125 0.31697978515625 0.5380470703125 0.31904091796875 0.53493232421875 0.306307421875
3 0.47231171875 0.3742748046875 0.48842314453125 0.37332958984375 0.4892169921875 0.3884392578125 0.47269912109375 0.38936083984375 0.47231171875 0.3742748046875
3 0.6102767578125 0.28771162109375 0.61011259765625 0.27841240234375 0.61777080078125 0.2781388671875 0.61788017578125 0.2874380859375 0.6102767578125 0.28771162109375
3 0.6025638671875 0.2763884765625 0.60907333984375 0.27611494140625 0.6094015625 0.2843748046875 0.60294677734375 0.28470302734375 0.6025638671875 0.2763884765625
3 0.7117953125 0.27128818359375 0.713565625 0.26959482421875 0.72457236328125 0.28137119140625 0.71479716796875 0.29099248046875 0.7034056640625 0.2791390625 0.7117953125 0.27128818359375
4 0.9343142578125 0.2742140625 0.948247265625 0.27425986328125 0.947725 0.28777724609375 0.93385703125 0.28777724609375 0.9343142578125 0.2742140625
4 0.57318427734375 0.16307919921875 0.5852060546875 0.1634041015625 0.58466455078125 0.17575078125 0.5730759765625 0.17575078125 0.57318427734375 0.16307919921875
4 0.46580400390625 0.48098916015625 0.46549921875 0.4802271484375 0.47083310546875 0.47169296875 0.47921484375 0.4768744140625 0.473576171875 0.48586572265625 0.46580400390625 0.48098916015625
4 0.298427734375 0.46802734375 0.29233935546875 0.46965478515625 0.2897486328125 0.4594443359375 0.295771484375 0.457666015625 0.298427734375 0.46802734375
3 0.27085537109375 0.760259375 0.27070302734375 0.759192578125 0.2865521484375 0.7598021484375 0.286094921875 0.7712318359375 0.2705505859375 0.77031748046875 0.27085537109375 0.760259375
4 0.20956953125 0.7474259765625 0.217646484375 0.7420921875 0.224656640625 0.75230263671875 0.2161224609375 0.75824609375 0.20956953125 0.7474259765625
3 0.4302236328125 0.4695095703125 0.4493083984375 0.47101064453125 0.44823623046875 0.48301904296875 0.428508203125 0.481303515625 0.4302236328125 0.4695095703125
