2 0.28506494140625 0.0709130859375 0.29007333984375 0.0682673828125 0.29524345703125 0.0682673828125 0.29551796875 0.06950263671875 0.29752255859375 0.06952890625 0.309584765625 0.11817314453125 0.3036525390625 0.117975390625 0.29752255859375 0.12153466796875 0.28506494140625 0.0709130859375
2 0.87436025390625 0.405686328125 0.882900390625 0.39742587890625 0.8867607421875 0.40127080078125 0.89352802734375 0.39496259765625 0.90086103515625 0.40082666015625 0.8864158203125 0.415022265625 0.88195205078125 0.4144095703125 0.87436025390625 0.405686328125
2 0.81857861328125 0.43267861328125 0.82501259765625 0.42685166015625 0.84455732421875 0.44566796875 0.832660546875 0.4576861328125 0.8285330078125 0.45416572265625 0.81129482421875 0.4727392578125 0.80741015625 0.4727392578125 0.7933283203125 0.4593857421875 0.7996408203125 0.4525875 0.79612041015625 0.44846005859375 0.81481533203125 0.429158203125 0.81857861328125 0.43267861328125
2 0.82950419921875 0.466876171875 0.83379697265625 0.46302578125 0.83835205078125 0.46801884765625 0.8339220703125 0.47188759765625 0.82950419921875 0.466876171875
2 0.80545126953125 0.50012587890625 0.81350791015625 0.490519921875 0.82450830078125 0.49966103515625 0.81686220703125 0.5086265625 0.80545126953125 0.50012587890625
2 0.87955302734375 0.5275474609375 0.88358740234375 0.5322888671875 0.88621708984375 0.53795205078125 0.87474248046875 0.544472265625 0.87058349609375 0.540851953125 0.868363671875 0.53449931640625 0.87955302734375 0.5275474609375
2 0.660403125 0.584297265625 0.67656845703125 0.598159375 0.64435693359375 0.63487373046875 0.64003583984375 0.6345234375 0.62639169921875 0.6232521484375 0.660403125 0.584297265625
2 -0.0 0.13040654296875 0.00734892578125 0.12478369140625 0.0148015625 0.13462119140625 -0.0 0.1460982421875 -0.0 0.13040654296875
2 0.0195103515625 5.76171875e-06 0.02453154296875 0.00324775390625 -0.0 0.0252970703125 -0.0 5.2734375e-06 0.0195103515625 5.76171875e-06
2 0.8456455078125 0.4470984375 0.85594912109375 0.4564712890625 0.85069267578125 0.46275576171875 0.84027333984375 0.45329033203125 0.8456455078125 0.4470984375
2 0.826612109375 0.470569140625 0.83349619140625 0.4764375 0.8292078125 0.48038740234375 0.8224365234375 0.4745189453125 0.826612109375 0.470569140625
2 0.82126494140625 0.4889029296875 0.83047685546875 0.4958740234375 0.82748916015625 0.4996916015625 0.818443359375 0.49280341796875 0.82126494140625 0.4889029296875
2 0.00383662109375 0.1653380859375 0.0084626953125 0.16058701171875 0.012463671875 0.16383779296875 0.00751982421875 0.16899453125 0.00383662109375 0.1653380859375
