2 -0.0 0.034896484375 0.01603193359375 0.0350044921875 0.0181865234375 0.03863330078125 0.01886689453125 0.0609728515625 0.0185267578125 0.0878484375 0.0121763671875 0.09329150390625 -0.0 0.09281416015625 -0.0 0.034896484375
2 -0.0 0.09588837890625 0.0169703125 0.09565419921875 0.01969189453125 0.09792216796875 0.01935166015625 0.12956044921875 -0.0 0.1298732421875 -0.0 0.09588837890625
2 -0.0 0.17265986328125 0.01786044921875 0.1733779296875 0.0196705078125 0.175048828125 0.019809765625 0.21025966796875 -0.0 0.20994931640625 -0.0 0.17265986328125
2 -0.0 0.25668427734375 0.01588544921875 0.2580556640625 0.01957978515625 0.26175 0.01921796875 0.3157201171875 -0.0 0.3154146484375 -0.0 0.25668427734375
2 0.01264658203125 0.36461728515625 0.04635859375 0.36626748046875 0.0461228515625 0.421668359375 0.045675 0.50788486328125 0.0469189453125 0.514815234375 0.01368916015625 0.515180859375 0.01264658203125 0.36461728515625
2 0.03961904296875 0.63920791015625 0.05661279296875 0.63791484375 0.05661279296875 0.67023994140625 0.06584853515625 0.6700552734375 0.06788037109375 0.6698705078125 0.06880400390625 0.65102958984375 0.09484873046875 0.65269208984375 0.09336689453125 0.75705849609375 0.08634765625 0.7572431640625 0.086532421875 0.76647890625 0.04626455078125 0.7659248046875 0.0473728515625 0.7557654296875 0.0418314453125 0.7557654296875 0.0425703125 0.7443130859375 0.03943017578125 0.74412841796875 0.03850654296875 0.71863779296875 0.0416466796875 0.71863779296875 0.04220087890625 0.70921728515625 0.0390607421875 0.7088478515625 0.03961904296875 0.63920791015625
2 0.0040884765625 0.8731509765625 0.01378525390625 0.87676923828125 0.0295607421875 0.87763759765625 0.030284375 0.87633505859375 0.0310080078125 0.90122841796875 0.005391015625 0.90209677734375 -0.0 0.89936318359375 -0.0 0.89510859375 0.0032203125 0.8945630859375 0.00387490234375 0.87748994140625 0.0040884765625 0.8731509765625
2 0.0582111328125 0.88176728515625 0.06958408203125 0.88212265625 0.068784375 0.9014921875 0.05776689453125 0.90104794921875 0.0582111328125 0.88176728515625
2 0.071894140625 0.8810564453125 0.08539951171875 0.88141181640625 0.08486640625 0.90202529296875 0.07153876953125 0.90113681640625 0.071894140625 0.8810564453125
2 0.08815390625 0.8833666015625 0.09846064453125 0.88345546875 0.09837177734375 0.8745703125 0.11623076171875 0.87297099609375 0.1161419921875 0.906556640625 0.08770966796875 0.9066455078125 0.08815390625 0.8833666015625
2 0.1208220703125 0.8627630859375 0.14202763671875 0.8627630859375 0.14180087890625 0.90642158203125 0.12150244140625 0.90642158203125 0.12070869140625 0.90279287109375 0.1208220703125 0.8627630859375
2 0.145264453125 0.87337109375 0.16374853515625 0.8728041015625 0.1646556640625 0.8739380859375 0.167037109375 0.87405146484375 0.1676041015625 0.905009375 0.16136708984375 0.905009375 0.15989296875 0.89899921875 0.15626416015625 0.897865234375 0.15592392578125 0.90172080078125 0.14571806640625 0.90319501953125 0.145264453125 0.87337109375
2 0.1774376953125 0.8865685546875 0.1880029296875 0.8862791015625 0.1874240234375 0.9103041015625 0.1780166015625 0.9111724609375 0.1774376953125 0.8865685546875
2 0.16321220703125 0.90792177734375 0.16342109375 0.91112412109375 0.1648962890625 0.911240234375 0.1648962890625 0.9798046875 0.14252314453125 0.97965703125 0.14210546875 0.97624580078125 0.085367578125 0.97903046875 0.0818580078125 0.9768138671875 0.0759470703125 0.9768138671875 0.07576240234375 0.97459736328125 0.03309326171875 0.9755208984375 0.03180029296875 0.98032353515625 0.00963447265625 0.9812470703125 0.00815673828125 0.9740431640625 0.0091599609375 0.91134892578125 0.0287779296875 0.9108953125 0.02923154296875 0.91690546875 0.07730009765625 0.91672744140625 0.07455029296875 0.911806640625 0.082655078125 0.9107935546875 0.08685224609375 0.9136880859375 0.1422833984375 0.912964453125 0.1429099609375 0.90776884765625 0.16321220703125 0.90792177734375
2 0.18491943359375 0.91388203125 0.1842580078125 0.971101953125 0.16765712890625 0.97171201171875 0.1662212890625 0.91318525390625 0.18491943359375 0.91388203125
2 0.16492666015625 0.99901044921875 0.1651197265625 0.98613583984375 0.171356640625 0.98398125 0.18349033203125 0.98500185546875 0.184395703125 0.9990107421875 0.16492666015625 0.99901044921875
2 0.2170802734375 1.11328125e-05 0.21775439453125 0.0116958984375 0.2005759765625 0.01077236328125 0.20094541015625 0.02056220703125 0.13684931640625 0.0201927734375 0.1353716796875 0.0164984375 0.134638671875 9.9609375e-06 0.2170802734375 1.11328125e-05
2 0.13555634765625 0.023887109375 0.18727646484375 0.0244412109375 0.18727646484375 0.05732041015625 0.18598349609375 0.06304658203125 0.13629521484375 0.0628619140625 0.13555634765625 0.023887109375
2 0.1329607421875 0.1001130859375 0.1841181640625 0.09917001953125 0.1850611328125 0.09987734375 0.1860041015625 0.1317033203125 0.184825390625 0.13665400390625 0.13484677734375 0.13783271484375 0.13366806640625 0.12840283203125 0.1329607421875 0.1001130859375
2 0.13279541015625 0.16766552734375 0.2103755859375 0.1665572265625 0.21166865234375 0.2321310546875 0.20963681640625 0.2382265625 0.1344578125 0.237118359375 0.13279541015625 0.16766552734375
2 0.21493759765625 0.141193359375 0.2464884765625 0.1401802734375 0.2475015625 0.1670998046875 0.2461990234375 0.17317841796875 0.23968623046875 0.17346787109375 0.23968623046875 0.17925703125 0.2211609375 0.17809921875 0.220292578125 0.16217900390625 0.21435869140625 0.16232373046875 0.21493759765625 0.141193359375
2 0.25203583984375 0.028880078125 0.2588703125 0.02832587890625 0.259055078125 0.0473515625 0.265889453125 0.04882919921875 0.2668130859375 0.10387421875 0.26496591796875 0.104058984375 0.264596484375 0.10553671875 0.2540677734375 0.1060908203125 0.25499130859375 0.094084375 0.25166650390625 0.093899609375 0.25203583984375 0.028880078125
2 0.25798857421875 0.10862763671875 0.263852734375 0.10800576171875 0.26767333984375 0.125687109375 0.261898046875 0.12719755859375 0.25798857421875 0.10862763671875
2 0.34377451171875 1.23046875e-05 0.35098935546875 0.00263583984375 0.3489017578125 0.01665634765625 0.29507646484375 0.01380107421875 0.2973623046875 1.19140625e-05 0.34377451171875 1.23046875e-05
2 0.29697158203125 0.0141826171875 0.3489017578125 0.01665634765625 0.34908359375 0.0507388671875 0.33041357421875 0.0510283203125 0.32968994140625 0.0375685546875 0.3280978515625 0.0382921875 0.328821484375 0.06752744140625 0.3266505859375 0.06839580078125 0.3267953125 0.0759216796875 0.30754638671875 0.075198046875 0.30580966796875 0.06752744140625 0.3043623046875 0.06767216796875 0.30450703125 0.07143515625 0.28221884765625 0.07143515625 0.28207412109375 0.06738271484375 0.2803373046875 0.06709326171875 0.27838623046875 0.01672763671875 0.296000390625 0.01652666015625 0.29697158203125 0.0141826171875
2 0.36414970703125 0.00644658203125 0.37651015625 0.00837431640625 0.37038662109375 0.03343544921875 0.3571189453125 0.03094072265625 0.36414970703125 0.00644658203125
2 0.35571279296875 0.040885546875 0.3957958984375 0.0318345703125 0.40189150390625 0.05122958984375 0.39819716796875 0.05695576171875 0.3623625 0.06674560546875 0.35571279296875 0.040885546875
2 0.27743173828125 0.105875 0.36544140625 0.0880388671875 0.36331962890625 0.081909375 0.41023349609375 0.07507275390625 0.422728125 0.11727158203125 0.282497265625 0.14697802734375 0.27656337890625 0.12411083984375 0.27743173828125 0.105875
2 0.41010556640625 0.03353984375 0.47161552734375 0.0185779296875 0.48029716796875 0.054597265625 0.47937353515625 0.06161650390625 0.4222966796875 0.07565478515625 0.4165705078125 0.0695591796875 0.41010556640625 0.03353984375
2 0.5496826171875 0.00441201171875 0.56820791015625 0.00209638671875 0.5751548828125 0.04044951171875 0.5737076171875 0.0429099609375 0.5585111328125 0.046528125 0.5496826171875 0.00441201171875
2 0.28623037109375 0.16521845703125 0.4110619140625 0.13915380859375 0.4201798828125 0.17620439453125 0.296735546875 0.2034494140625 0.2945646484375 0.203594140625 0.28623037109375 0.16521845703125
2 0.2991869140625 0.22395263671875 0.38778193359375 0.20474501953125 0.3937349609375 0.22784619140625 0.30379814453125 0.2476142578125 0.2991869140625 0.22395263671875
2 0.3897578125 0.2042431640625 0.4359203125 0.194530078125 0.4413634765625 0.21550888671875 0.39532353515625 0.2252611328125 0.3897578125 0.2042431640625
2 0.30689296875 0.249210546875 0.31774775390625 0.246046875 0.31911142578125 0.2503560546875 0.30831123046875 0.25542890625 0.30689296875 0.249210546875
2 0.41396650390625 0.2910666015625 0.42905439453125 0.3056830078125 0.42056748046875 0.31652744140625 0.41255205078125 0.32666455078125 0.40665830078125 0.33467998046875 0.40052880859375 0.35778330078125 0.38379072265625 0.35684033203125 0.38473369140625 0.3523611328125 0.3781328125 0.35094658203125 0.38402646484375 0.3290220703125 0.394163671875 0.31063369140625 0.4026505859375 0.30120380859375 0.41396650390625 0.2910666015625
2 0.479297265625 0.2568490234375 0.49167314453125 0.2540783203125 0.49315087890625 0.25463251953125 0.49647578125 0.26793193359375 0.487794140625 0.27014853515625 0.48336103515625 0.26996376953125 0.479297265625 0.2568490234375
2 0.441590625 0.14416005859375 0.482259375 0.13547626953125 0.48964052734375 0.1661587890625 0.45056376953125 0.174553125 0.4452087890625 0.151975390625 0.4431826171875 0.15110703125 0.441590625 0.14416005859375
2 0.1742423828125 0.436600390625 0.2028259765625 0.43509599609375 0.233816796875 0.43629951171875 0.23183603515625 0.50296513671875 0.17479736328125 0.50210263671875 0.1685740234375 0.4960240234375 0.16871875 0.4345142578125 0.1742423828125 0.436600390625
2 0.25253427734375 0.40853125 0.277507421875 0.40702685546875 0.30248056640625 0.41093828125 0.3021796875 0.46840654296875 0.319931640625 0.47021181640625 0.3205333984375 0.5165474609375 0.28954267578125 0.51684833984375 0.28954267578125 0.49668935546875 0.2498263671875 0.4975919921875 0.25253427734375 0.40853125
2 0.46230625 0.40162998046875 0.473450390625 0.39974853515625 0.475187109375 0.4169712890625 0.464332421875 0.4175501953125 0.46230625 0.40162998046875
3 0.489892578125 0.31452109375 0.5016861328125 0.31191298828125 0.50917041015625 0.33549990234375 0.497376953125 0.339015234375 0.489892578125 0.31452109375
2 0.61038759765625 0.2531623046875 0.623024609375 0.2459412109375 0.63475888671875 0.24624208984375 0.6425818359375 0.2802759765625 0.64231533203125 0.28294150390625 0.61956943359375 0.28889453125 0.61038759765625 0.2531623046875
2 0.60044248046875 0.29185966796875 0.61859052734375 0.2883123046875 0.61901796875 0.28967998046875 0.62059921875 0.28972275390625 0.6245365234375 0.30346904296875 0.61506865234375 0.3061841796875 0.60260712890625 0.30827265625 0.60044248046875 0.29185966796875
2 0.550525390625 0.3187966796875 0.5687826171875 0.316301953125 0.56968974609375 0.31369375 0.5921427734375 0.311085546875 0.59531787109375 0.32503369140625 0.60518359375 0.3244666015625 0.613801953125 0.31845654296875 0.61221435546875 0.31063203125 0.62706962890625 0.30677646484375 0.630358203125 0.318569921875 0.63217255859375 0.31754931640625 0.63931669921875 0.3424970703125 0.610853515625 0.350208203125 0.60869892578125 0.3428373046875 0.59906005859375 0.34555888671875 0.59815283203125 0.34317744140625 0.57604013671875 0.3476 0.57422568359375 0.33410556640625 0.5518861328125 0.33603330078125 0.550525390625 0.3187966796875
2 0.62735048828125 0.34826884765625 0.6456373046875 0.342912109375 0.64877744140625 0.3508548828125 0.63178369140625 0.3558421875 0.62735048828125 0.34826884765625
2 0.6214396484375 0.36193779296875 0.63284287109375 0.35735498046875 0.64199453125 0.3565552734375 0.64389013671875 0.36121484375 0.647799609375 0.36627939453125 0.64904345703125 0.36947802734375 0.64708876953125 0.37107734375 0.6513798828125 0.388998046875 0.65045625 0.391583984375 0.6308765625 0.398787890625 0.63032236328125 0.39361591796875 0.6244115234375 0.39195341796875 0.6206458984375 0.37652158203125 0.62382109375 0.3755009765625 0.6214396484375 0.36193779296875
2 0.64865537109375 0.3544087890625 0.6741701171875 0.34851201171875 0.6765515625 0.34964609375 0.68233486328125 0.36620224609375 0.652851171875 0.3728927734375 0.64865537109375 0.3544087890625
2 0.7182501953125 0.34514541015625 0.736965234375 0.34063623046875 0.74914990234375 0.3473580078125 0.75949384765625 0.39168955078125 0.75820087890625 0.39353662109375 0.75940478515625 0.4039501953125 0.73535263671875 0.40761826171875 0.73548095703125 0.398893359375 0.72745966796875 0.39675283203125 0.7182501953125 0.34514541015625
2 0.75923681640625 0.30944521484375 0.796364453125 0.3013177734375 0.80042822265625 0.3208974609375 0.80079765625 0.3310568359375 0.76514765625 0.33696767578125 0.75923681640625 0.30944521484375
2 0.76027470703125 0.34933984375 0.76836015625 0.34640771484375 0.7713810546875 0.342587109375 0.7800884765625 0.3436533203125 0.7810658203125 0.344897265625 0.781954296875 0.34951748046875 0.78053271484375 0.3536046875 0.784264453125 0.35591474609375 0.78808330078125 0.36364130859375 0.7953197265625 0.36291767578125 0.79958486328125 0.37433857421875 0.80139921875 0.39055458984375 0.78994599609375 0.39236904296875 0.79160791015625 0.40027685546875 0.77018798828125 0.40403984375 0.76027470703125 0.34933984375
2 0.805642578125 0.313617578125 0.82078916015625 0.3101080078125 0.836859375 0.3071525390625 0.8441103515625 0.33599775390625 0.8558333984375 0.330498046875 0.86234619140625 0.33903701171875 0.8461365234375 0.3452603515625 0.8479392578125 0.35876865234375 0.8477544921875 0.3606158203125 0.814690625 0.36800439453125 0.81413642578125 0.36431015625 0.805642578125 0.313617578125
2 0.7937900390625 0.2252017578125 0.7968109375 0.2244021484375 0.79618896484375 0.21827138671875 0.8019642578125 0.21702744140625 0.80294169921875 0.22360244140625 0.8042744140625 0.22360244140625 0.80578486328125 0.23328720703125 0.8052517578125 0.23346494140625 0.805340625 0.24075068359375 0.79841025390625 0.2412837890625 0.798943359375 0.235775 0.7949451171875 0.23479765625 0.7937900390625 0.2252017578125
2 0.8180953125 0.21857763671875 0.83633115234375 0.21553828125 0.83792314453125 0.21713037109375 0.83893623046875 0.2248009765625 0.84052822265625 0.22465625 0.84689638671875 0.253601953125 0.84675166015625 0.25606240234375 0.82562119140625 0.26069375 0.8191083984375 0.23087958984375 0.820121484375 0.22972177734375 0.8180953125 0.21857763671875
2 0.94340380859375 0.17593115234375 0.9532453125 0.17911513671875 0.95657412109375 0.18707529296875 0.93312802734375 0.2199287109375 0.91807626953125 0.21095546875 0.9170630859375 0.2082056640625 0.9292203125 0.18895673828125 0.936312109375 0.18852255859375 0.94340380859375 0.17593115234375
2 0.2767341796875 0.66993369140625 0.28781435546875 0.66899072265625 0.290171875 0.6397580078125 0.30856015625 0.63834345703125 0.30926748046875 0.6322140625 0.32411953125 0.6322140625 0.3229408203125 0.63787197265625 0.3446296875 0.63834345703125 0.34368662109375 0.666633203125 0.3554740234375 0.67016943359375 0.3545001953125 0.7905998046875 0.3520931640625 0.79421044921875 0.27777548828125 0.79571484375 0.2767341796875 0.66993369140625
2 0.535096484375 0.625053515625 0.5942052734375 0.623760546875 0.59531357421875 0.613601171875 0.61470859375 0.61267763671875 0.61655576171875 0.6671685546875 0.614893359375 0.674741796875 0.535096484375 0.670678125 0.53398818359375 0.66587548828125 0.535096484375 0.625053515625
2 0.599116796875 0.6757185546875 0.61004541015625 0.67607392578125 0.61004541015625 0.69069033203125 0.61711787109375 0.69045458984375 0.61688212890625 0.70695693359375 0.6121671875 0.70719267578125 0.61122421875 0.72345927734375 0.59849375 0.72369501953125 0.60037978515625 0.7050708984375 0.59425029296875 0.70483515625 0.59472177734375 0.6961125 0.59967255859375 0.695641015625 0.599116796875 0.6757185546875
2 0.53645712890625 0.70670751953125 0.54427255859375 0.70670751953125 0.54427255859375 0.7210357421875 0.5499169921875 0.7210357421875 0.550351171875 0.73825849609375 0.53645712890625 0.7379689453125 0.53645712890625 0.70670751953125
2 0.5886796875 0.7430044921875 0.61453974609375 0.742450390625 0.61435498046875 0.752240234375 0.58978798828125 0.752425 0.5886796875 0.7430044921875
2 0.653391015625 0.69334169921875 0.66993955078125 0.693642578125 0.6702404296875 0.70627958984375 0.653391015625 0.70688134765625 0.653391015625 0.69334169921875
2 0.69702646484375 0.6577880859375 0.72380126953125 0.65851171875 0.72380126953125 0.67515546875 0.72177509765625 0.6955623046875 0.69543447265625 0.695128125 0.69702646484375 0.6577880859375
2 0.6492611328125 0.72036787109375 0.682973046875 0.71942490234375 0.680615625 0.7943927734375 0.68014404296875 0.8031154296875 0.650911328125 0.8040583984375 0.64855380859375 0.7972216796875 0.6492611328125 0.72036787109375
2 0.741094140625 0.7285150390625 0.75192041015625 0.72763212890625 0.7473001953125 0.88579267578125 0.73903701171875 0.88588154296875 0.73912587890625 0.88481533203125 0.73571796875 0.884226171875 0.741094140625 0.7285150390625
2 0.61283212890625 0.94244501953125 0.6272744140625 0.9418431640625 0.6272744140625 0.962303125 0.6131330078125 0.9617013671875 0.61283212890625 0.94244501953125
2 0.65756787109375 0.906394921875 0.68434267578125 0.908131640625 0.68477685546875 0.921301953125 0.6769615234375 0.9205783203125 0.676816796875 0.92448603515625 0.65785732421875 0.92318349609375 0.65756787109375 0.906394921875
2 0.870647265625 0.9487189453125 0.88856416015625 0.94824736328125 0.88927138671875 0.96333525390625 0.8722974609375 0.9645140625 0.870647265625 0.9487189453125
2 0.90064248046875 0.728026953125 0.9344453125 0.72895048828125 0.932967578125 0.76035205078125 0.9685146484375 0.76386162109375 0.96904775390625 0.75941904296875 0.98299736328125 0.75959677734375 0.983708203125 0.749556640625 0.9909939453125 0.75008974609375 0.99170478515625 0.76048525390625 0.9984419921875 0.7599080078125 0.99844208984375 0.81925263671875 0.9957515625 0.92197529296875 0.94920341796875 0.92105166015625 0.94938818359375 0.935644140625 0.8943431640625 0.935644140625 0.8899099609375 0.93158046875 0.88972529296875 0.921605859375 0.82796083984375 0.92019013671875 0.8278912109375 0.9156650390625 0.8325419921875 0.7593044921875 0.84694541015625 0.7596423828125 0.84824794921875 0.7622474609375 0.8793646484375 0.760944921875 0.88182509765625 0.750090234375 0.9000609375 0.74748515625 0.90064248046875 0.728026953125
3 0.485655078125 0.4504572265625 0.494151953125 0.4476865234375 0.49858515625 0.4646802734375 0.49840048828125 0.4689287109375 0.497107421875 0.46985224609375 0.49045771484375 0.47188408203125 0.485655078125 0.4504572265625
2 0.59907001953125 0.402985546875 0.6171720703125 0.3979982421875 0.61923662109375 0.40487939453125 0.60146650390625 0.409855078125 0.59907001953125 0.402985546875
2 0.5657560546875 0.4516880859375 0.58253916015625 0.4479458984375 0.5892296875 0.48287275390625 0.57108583984375 0.486161328125 0.5657560546875 0.4516880859375
2 0.58469365234375 0.4865015625 0.59932216796875 0.48570771484375 0.60068291015625 0.51031533203125 0.58560087890625 0.510995703125 0.58469365234375 0.4865015625
2 0.88882099609375 0.34932236328125 0.89369716796875 0.347734765625 0.8958517578125 0.3486419921875 0.8969857421875 0.3535181640625 0.89505791015625 0.3546521484375 0.88995498046875 0.355219140625 0.88882099609375 0.34932236328125
2 0.90098916015625 0.416625 0.836943359375 0.43165244140625 0.82620947265625 0.39551494140625 0.89240205078125 0.37941396484375 0.90277822265625 0.4148359375 0.90098916015625 0.416625
