0 0.74852275390625 0.19736767578125 0.7614294921875 0.18918740234375 0.76815556640625 0.20009443359375 0.75533974609375 0.20809296875 0.74852275390625 0.19736767578125
3 0.672684375 0.19014287109375 0.68837802734375 0.18969873046875 0.6889833984375 0.2071119140625 0.672684375 0.2073171875 0.672684375 0.19014287109375
3 0.69805625 0.25831611328125 0.7195169921875 0.2602408203125 0.718008984375 0.27548466796875 0.6967802734375 0.27374462890625 0.69805625 0.25831611328125
3 0.74757001953125 0.42457626953125 0.76149052734375 0.4115837890625 0.771698828125 0.42156015625 0.756850390625 0.43408857421875 0.74757001953125 0.42457626953125
3 0.78318759765625 0.44101416015625 0.80232822265625 0.42372958984375 0.81659677734375 0.4395060546875 0.7978041015625 0.45667470703125 0.78318759765625 0.44101416015625
3 0.94438544921875 0.8669552734375 0.963062109375 0.86859609375 0.96178603515625 0.88646064453125 0.94252939453125 0.88483662109375 0.94438544921875 0.8669552734375
3 0.92727568359375 0.92524169921875 0.931111328125 0.906534765625 0.96455693359375 0.91239248046875 0.9611556640625 0.932044140625 0.92727568359375 0.92524169921875
3 0.56763994140625 0.842477734375 0.5875453125 0.83856943359375 0.59036298828125 0.85102158203125 0.5698212890625 0.855475390625 0.56763994140625 0.842477734375
3 0.66650458984375 0.78187626953125 0.6835923828125 0.77887685546875 0.68577373046875 0.79614638671875 0.66841337890625 0.797782421875 0.66650458984375 0.78187626953125
3 0.2604701171875 0.50437333984375 0.2728314453125 0.497374609375 0.2834658203125 0.51691640625 0.27092275390625 0.52336982421875 0.2604701171875 0.50437333984375
3 0.49938857421875 0.862301171875 0.5149341796875 0.862153125 0.5150822265625 0.8828806640625 0.49953662109375 0.88243642578125 0.49938857421875 0.862301171875
3 0.96523359375 0.0707486328125 0.9801703125 0.069175 0.98224755859375 0.08807099609375 0.96715830078125 0.08955146484375 0.96523359375 0.0707486328125
3 0.85503212890625 0.85508818359375 0.86412138671875 0.84318134765625 0.8753919921875 0.85163427734375 0.86584833984375 0.8638138671875 0.85503212890625 0.85508818359375
3 0.66579453125 0.35103671875 0.68059990234375 0.3513328125 0.68045185546875 0.36806298828125 0.66549833984375 0.367766796875 0.66579453125 0.35103671875
