0 0.37815751953125 0.17555498046875 0.53661806640625 0.1758494140625 0.538409375 0.242757421875 0.37840703125 0.24813134765625 0.37815751953125 0.17555498046875
0 0.68684912109375 0.28834599609375 0.69081611328125 0.39426396484375 0.63448515625 0.39783427734375 0.63131162109375 0.28675927734375 0.65352666015625 0.2859658203125 0.657890234375 0.2903294921875 0.68684912109375 0.28834599609375
0 0.5922294921875 0.3210810546875 0.59528251953125 0.3930193359375 0.56856806640625 0.3939734375 0.56704150390625 0.3218443359375 0.5922294921875 0.3210810546875
0 0.18441240234375 0.36990869140625 0.2434685546875 0.3674220703125 0.2471984375 0.448857421875 0.1878314453125 0.45134404296875 0.18441240234375 0.36990869140625
0 0.6368884765625 0.66145869140625 0.68826826171875 0.660077734375 0.68925244140625 0.6878314453125 0.63642353515625 0.69034873046875 0.6368884765625 0.66145869140625
0 0.926740625 0.7065197265625 0.91610859375 0.71138642578125 0.91490478515625 0.70638369140625 0.913515625 0.70192373046875 0.92374892578125 0.6976533203125 0.92659697265625 0.70237919921875 0.926740625 0.7065197265625
0 0.9209474609375 0.69738291015625 0.91124228515625 0.70150009765625 0.908388671875 0.693779296875 0.918134765625 0.6898828125 0.9209474609375 0.69738291015625
0 0.9063015625 0.6922845703125 0.896296484375 0.6654525390625 0.90796904296875 0.661181640625 0.9178123046875 0.6878759765625 0.9063015625 0.6922845703125
0 0.99845625 0.7035765625 0.96603447265625 0.7157802734375 0.95744765625 0.69001982421875 0.99217646484375 0.67837998046875 0.99771015625 0.68753916015625 0.99845625 0.6925751953125 0.99845625 0.7035765625
0 0.9877876953125 0.66438818359375 0.976318359375 0.668623046875 0.96351259765625 0.63860419921875 0.94986328125 0.6427734375 0.946826171875 0.63486328125 0.94695263671875 0.63481142578125 0.9440904296875 0.62565224609375 0.9708048828125 0.615348046875 0.9877876953125 0.66438818359375
0 -0.0 0.58941181640625 -0.0 0.50406259765625 0.0659255859375 0.45464189453125 0.0817775390625 0.44873623046875 0.09265625 0.47266953125 0.10415673828125 0.50872490234375 0.1054 0.513698046875 -0.0 0.58941181640625
0 0.04525107421875 0.46807197265625 0.01492646484375 0.479711328125 0.0106708984375 0.461264453125 0.0411138671875 0.454749609375 0.0411138671875 0.45650673828125 0.04357392578125 0.45603818359375 0.04638544921875 0.46529267578125 0.04486259765625 0.46587841796875 0.04525107421875 0.46807197265625
0 0.03696259765625 0.64875546875 0.03640986328125 0.6544666015625 0.01038232421875 0.67238271484375 -0.0 0.65521484375 -0.0 0.597978515625 0.03696259765625 0.64875546875
0 -0.0 0.6579021484375 0.00558642578125 0.66548251953125 0.005451953125 0.669666015625 -0.0 0.673485546875 -0.0 0.6579021484375
0 0.1618947265625 0.28382626953125 0.162200390625 0.30668193359375 0.15293583984375 0.30698759765625 0.1533517578125 0.28397900390625 0.1618947265625 0.28382626953125
0 0.109856640625 0.28493349609375 0.13086484375 0.28439482421875 0.13104443359375 0.29445009765625 0.11021572265625 0.2953478515625 0.109856640625 0.28493349609375
0 0.14812548828125 0.31970869140625 0.16664462890625 0.31948828125 0.166975390625 0.32753525390625 0.14801533203125 0.32808642578125 0.14812548828125 0.31970869140625
0 0.674390234375 0.72687548828125 0.67450810546875 0.7180423828125 0.70887236328125 0.7182291015625 0.709007421875 0.72763759765625 0.674390234375 0.72687548828125
0 0.43796572265625 0.321094140625 0.41047255859375 0.3216791015625 0.4095951171875 0.275174609375 0.4189544921875 0.27546708984375 0.41866201171875 0.270494921875 0.435918359375 0.27020244140625 0.53419189453125 0.2675701171875 0.53419189453125 0.26259794921875 0.54881591796875 0.26259794921875 0.5584677734375 0.2628904296875 0.559052734375 0.28541142578125 0.5485234375 0.28570390625 0.549693359375 0.3134896484375 0.5526181640625 0.3134896484375 0.553203125 0.32548134765625 0.549693359375 0.32548134765625 0.54998583984375 0.36701357421875 0.53887158203125 0.3673060546875 0.534484375 0.3719857421875 0.5303896484375 0.374910546875 0.5245400390625 0.377250390625 0.51810546875 0.377250390625 0.51488818359375 0.374910546875 0.5116708984375 0.3708158203125 0.50640625 0.36408876953125 0.5023115234375 0.37110830078125 0.49792431640625 0.37520302734375 0.49265966796875 0.37608046875 0.48681005859375 0.37637294921875 0.48330029296875 0.37695791015625 0.4812529296875 0.3754955078125 0.4765732421875 0.37286318359375 0.4754033203125 0.36818349609375 0.4742333984375 0.36642861328125 0.46984619140625 0.37403310546875 0.4642890625 0.377250390625 0.45639208984375 0.37929775390625 0.44966494140625 0.3778353515625 0.44264541015625 0.3719857421875 0.440598046875 0.3684759765625 0.43972060546875 0.36116396484375 0.43796572265625 0.321094140625
0 0.29613359375 0.40816279296875 0.3073484375 0.40814833984375 0.30755087890625 0.42021572265625 0.29612490234375 0.42066533203125 0.29613359375 0.40816279296875
