0 0.267962109375 0.9686611328125 0.2833744140625 0.97039091796875 0.2819697265625 0.98558173828125 0.26870380859375 0.9841771484375 0.2692240234375 0.97965107421875 0.2665970703125 0.979436328125 0.267962109375 0.9686611328125
0 0.26135048828125 0.999002734375 0.26264150390625 0.9923541015625 0.27669287109375 0.99527041015625 0.27585595703125 0.99900283203125 0.26135048828125 0.999002734375
0 0.26431474609375 0.8943001953125 0.2853890625 0.89568212890625 0.28478447265625 0.90535556640625 0.29393974609375 0.90578740234375 0.29324873046875 0.9247025390625 0.283748046875 0.9238388671875 0.28348896484375 0.92686181640625 0.262241796875 0.92573896484375 0.26431474609375 0.8943001953125
1 0.08525732421875 0.2046763671875 0.06297373046875 0.23015556640625 0.04889541015625 0.2176318359375 0.07083349609375 0.19249814453125 0.08525732421875 0.2046763671875
1 0.07895029296875 0.21871357421875 0.08692705078125 0.2261501953125 0.07624091796875 0.237872265625 0.067969140625 0.230077734375 0.07895029296875 0.21871357421875
1 0.05855859375 0.0207029296875 0.0459412109375 0.04635009765625 0.0277923828125 0.03748671875 0.040454296875 0.01216279296875 0.05855859375 0.0207029296875
1 0.0642263671875 0.02582744140625 0.076241796875 0.0325515625 0.064998046875 0.054377734375 0.0528724609375 0.04754326171875 0.0642263671875 0.02582744140625
0 0.15794033203125 0.33854677734375 0.18059111328125 0.3105498046875 0.1990212890625 0.32419658203125 0.189032421875 0.3365771484375 0.19536337890625 0.3417826171875 0.1831234375 0.35500732421875 0.17656474609375 0.34960458984375 0.17402939453125 0.35269111328125 0.15794033203125 0.33854677734375
1 0.09769013671875 0.370271484375 0.10849296875 0.35803564453125 0.1369330078125 0.38449150390625 0.1287353515625 0.3931748046875 0.1270916015625 0.39179619140625 0.1133447265625 0.405537109375 0.096965234375 0.39027744140625 0.09858935546875 0.38865322265625 0.091416015625 0.381073828125 0.09951318359375 0.37235048828125 0.09769013671875 0.370271484375
1 0.20470810546875 0.4022890625 0.21790888671875 0.3706794921875 0.23995546875 0.38071064453125 0.2337880859375 0.397059375 0.23568828125 0.39775029296875 0.22964228515625 0.41286513671875 0.20470810546875 0.4022890625
0 0.29131396484375 0.4661375 0.3045103515625 0.47669453125 0.2891484375 0.49550771484375 0.275816796875 0.483935546875 0.29131396484375 0.4661375
0 0.2511341796875 0.4519609375 0.27167216796875 0.4229552734375 0.27533779296875 0.4250056640625 0.2835353515625 0.41276240234375 0.303408203125 0.426440625 0.29968359375 0.4332037109375 0.30259990234375 0.4348474609375 0.29899423828125 0.44083916015625 0.30273154296875 0.4433416015625 0.2874439453125 0.46916630859375 0.27163818359375 0.458801953125 0.26792421875 0.46398408203125 0.2511341796875 0.4519609375
1 0.332916015625 0.46255869140625 0.32849501953125 0.459838671875 0.332826171875 0.451785546875 0.3363451171875 0.453748046875 0.34405400390625 0.4390388671875 0.372604296875 0.45414072265625 0.35575361328125 0.4880974609375 0.32814287109375 0.4721265625 0.332916015625 0.46255869140625
2 0.38432421875 0.47979365234375 0.39819287109375 0.48526494140625 0.39564775390625 0.492051953125 0.4006849609375 0.49406689453125 0.39501142578125 0.50827724609375 0.392201171875 0.50705771484375 0.39017646484375 0.510107421875 0.37413388671875 0.50232470703125 0.38432421875 0.47979365234375
1 0.3704060546875 0.53765029296875 0.35793955078125 0.56035341796875 0.33901279296875 0.549321875 0.3493955078125 0.53071962890625 0.352265625 0.5323685546875 0.35446669921875 0.5286591796875 0.3704060546875 0.53765029296875
1 0.38280634765625 0.569341015625 0.39440693359375 0.55265419921875 0.40124580078125 0.55783310546875 0.40363603515625 0.55491171875 0.41025986328125 0.5598236328125 0.39734716796875 0.57910126953125 0.38280634765625 0.569341015625
1 0.47268955078125 0.57438271484375 0.478412109375 0.56616298828125 0.48909033203125 0.57431884765625 0.48341982421875 0.58259052734375 0.47268955078125 0.57438271484375
1 0.49597431640625 0.554116796875 0.50397421875 0.54374638671875 0.51522216796875 0.552723046875 0.5068943359375 0.5631056640625 0.49597431640625 0.554116796875
1 0.4500767578125 0.6091962890625 0.45872900390625 0.5991380859375 0.47484375 0.61363046875 0.46565078125 0.62390498046875 0.4500767578125 0.6091962890625
1 0.0363794921875 0.07179482421875 0.04665390625 0.07731064453125 0.05162900390625 0.06768505859375 0.061687109375 0.0729845703125 0.0450962890625 0.1017564453125 0.02578046875 0.0888830078125 0.0363794921875 0.07179482421875
1 0.04799912109375 0.104820703125 0.054837890625 0.09519326171875 0.060348828125 0.099708203125 0.05311162109375 0.10900361328125 0.04799912109375 0.104820703125
1 0.20906357421875 0.23343828125 0.226571875 0.2183126953125 0.240637890625 0.23392294921875 0.20938798828125 0.26080087890625 0.199526953125 0.2488869140625 0.21249775390625 0.237221484375 0.20906357421875 0.23343828125
1 0.19853056640625 0.34050947265625 0.21106259765625 0.320648828125 0.2265796875 0.330340625 0.21352958984375 0.351441015625 0.19853056640625 0.34050947265625
1 0.31393134765625 0.50452802734375 0.33945537109375 0.516857421875 0.3255037109375 0.54670751953125 0.29933076171875 0.53416181640625 0.31393134765625 0.50452802734375
2 0.33178408203125 0.57177646484375 0.35103525390625 0.5844302734375 0.34227490234375 0.59762490234375 0.3232400390625 0.58378134765625 0.33178408203125 0.57177646484375
3 0.356640625 0.58531884765625 0.37132587890625 0.5939599609375 0.36110087890625 0.6085671875 0.34675927734375 0.5991388671875 0.356640625 0.58531884765625
1 0.2860673828125 0.6672244140625 0.30472470703125 0.67904296875 0.29947939453125 0.6883384765625 0.279626953125 0.676320703125 0.2860673828125 0.6672244140625
1 0.5747625 0.651294140625 0.5965408203125 0.63849833984375 0.605184375 0.65366689453125 0.58723818359375 0.66341845703125 0.58782412109375 0.6644275390625 0.5829087890625 0.6672595703125 0.5747625 0.651294140625
1 0.57187568359375 0.64982041015625 0.57988232421875 0.66477314453125 0.55754111328125 0.67696220703125 0.54950869140625 0.6619337890625 0.57187568359375 0.64982041015625
1 0.59328125 0.691494140625 0.57099326171875 0.7032201171875 0.564072265625 0.689638671875 0.5859115234375 0.6778638671875 0.59328125 0.691494140625
1 0.60822158203125 0.68628369140625 0.59543125 0.69406611328125 0.58610908203125 0.677202734375 0.56384765625 0.68919921875 0.559090625 0.6798546875 0.5816935546875 0.66814716796875 0.582979296875 0.6702451171875 0.59576962890625 0.66259794921875 0.60822158203125 0.68628369140625
1 0.59903642578125 0.66152353515625 0.613246875 0.6534109375 0.62616484375 0.67649951171875 0.61100595703125 0.6852970703125 0.59903642578125 0.66152353515625
1 0.60784951171875 0.688108203125 0.61640791015625 0.6831642578125 0.623470703125 0.69508779296875 0.61482919921875 0.700239453125 0.60784951171875 0.688108203125
1 0.58814375 0.752258984375 0.596097265625 0.748759375 0.6020359375 0.7613791015625 0.59392333984375 0.76514375 0.58814375 0.752258984375
1 0.59783720703125 0.7475828125 0.60541962890625 0.744083203125 0.611431640625 0.75711474609375 0.60365625 0.760555859375 0.59783720703125 0.7475828125
1 0.60702724609375 0.74387822265625 0.61483779296875 0.7401806640625 0.6203328125 0.75262890625 0.61243115234375 0.7566521484375 0.60702724609375 0.74387822265625
1 0.61812080078125 0.73921796875 0.62684541015625 0.73493876953125 0.6328279296875 0.748191796875 0.624394140625 0.75263720703125 0.61812080078125 0.73921796875
1 0.6350544921875 0.754888671875 0.64197177734375 0.771137890625 0.6372873046875 0.77310732421875 0.63803515625 0.77485224609375 0.6257234375 0.78055888671875 0.624435546875 0.7776091796875 0.59631494140625 0.79031220703125 0.58914150390625 0.77434130859375 0.6350544921875 0.754888671875
1 0.65727138671875 0.751686328125 0.64794345703125 0.7560048828125 0.63704208984375 0.73156201171875 0.640601953125 0.7296619140625 0.6362833984375 0.7201611328125 0.64517958984375 0.7169654296875 0.6502912109375 0.7263546875 0.64651064453125 0.72830732421875 0.65727138671875 0.751686328125
1 0.6503876953125 0.7612154296875 0.65937021484375 0.756983203125 0.666020703125 0.77140712890625 0.65695185546875 0.7756392578125 0.6503876953125 0.7612154296875
1 0.6050599609375 0.7976236328125 0.64967490234375 0.77930224609375 0.66099111328125 0.8086052734375 0.63876240234375 0.8173279296875 0.63566728515625 0.80902734375 0.62567841796875 0.8128259765625 0.6222291015625 0.80359423828125 0.6086689453125 0.80843095703125 0.6050599609375 0.7976236328125
1 0.96544130859375 0.9780244140625 0.99083359375 0.95140478515625 0.99902919921875 0.95866923828125 0.9990291015625 0.98296767578125 0.9861224609375 0.99772080078125 0.96544130859375 0.9780244140625
1 0.9869310546875 0.94491826171875 0.96267978515625 0.972145703125 0.9389796875 0.95031962890625 0.96350205078125 0.9236771484375 0.9869310546875 0.94491826171875
1 0.9042734375 0.9990013671875 0.92539140625 0.97720712890625 0.94685224609375 0.99900087890625 0.9042734375 0.9990013671875
1 0.8302205078125 0.99900205078125 0.84231044921875 0.989096875 0.855721484375 0.99900185546875 0.8302205078125 0.99900205078125
1 0.90550087890625 0.94351748046875 0.881260546875 0.9724263671875 0.856840625 0.9523158203125 0.8595458984375 0.9486845703125 0.87300087890625 0.93382138671875 0.86653681640625 0.928255078125 0.87507783203125 0.91814619140625 0.90550087890625 0.94351748046875
2 0.8523353515625 0.91501611328125 0.86027216796875 0.90641796875 0.87507783203125 0.91814619140625 0.86653681640625 0.928255078125 0.87300087890625 0.93382138671875 0.8595458984375 0.9486845703125 0.848198828125 0.9390341796875 0.85206953125 0.9347392578125 0.84779560546875 0.93102841796875 0.85747294921875 0.92013291015625 0.8523353515625 0.91501611328125
1 0.78807421875 0.79838955078125 0.810010546875 0.77072109375 0.82445107421875 0.78185458984375 0.800971484375 0.81183798828125 0.78807421875 0.79838955078125
1 0.8157998046875 0.80113984375 0.83816923828125 0.76779677734375 0.86954267578125 0.78875927734375 0.84731396484375 0.82294658203125 0.8339978515625 0.81218173828125 0.83000927734375 0.81731904296875 0.822412109375 0.8119728515625 0.82496767578125 0.8073185546875 0.8157998046875 0.80113984375
1 0.8794365234375 0.871226953125 0.90051982421875 0.84991455078125 0.91495732421875 0.8641228515625 0.89295732421875 0.886351953125 0.8794365234375 0.871226953125
1 0.8728388671875 0.8308853515625 0.867109765625 0.82492705078125 0.89094306640625 0.80246875 0.91981796875 0.83248955078125 0.90606796875 0.845551953125 0.90285966796875 0.842114453125 0.877422265625 0.867551953125 0.856797265625 0.8460103515625 0.8728388671875 0.8308853515625
1 0.60954755859375 0.8802896484375 0.62916904296875 0.865518359375 0.63666484375 0.8753291015625 0.6160513671875 0.89109248046875 0.60954755859375 0.8802896484375
2 0.745598046875 0.73603232421875 0.7604794921875 0.7504728515625 0.75118212890625 0.76298955078125 0.732313671875 0.74924443359375 0.745598046875 0.73603232421875
2 0.75605966796875 0.7580974609375 0.7634453125 0.749940234375 0.77435830078125 0.760081640625 0.7665318359375 0.76912080078125 0.75605966796875 0.7580974609375
2 0.73617041015625 0.7658384765625 0.74193857421875 0.75739716796875 0.75263095703125 0.76485361328125 0.7468626953125 0.7741390625 0.73617041015625 0.7658384765625
1 0.71937021484375 0.6698427734375 0.7514064453125 0.644018359375 0.76387001953125 0.660406640625 0.75967431640625 0.66399326171875 0.76441142578125 0.67021923828125 0.75886220703125 0.6742796875 0.761027734375 0.67630986328125 0.74813388671875 0.6864447265625 0.74548271484375 0.6829451171875 0.73615048828125 0.68983828125 0.71937021484375 0.6698427734375
1 0.65906328125 0.59102275390625 0.69371787109375 0.5567271484375 0.70700517578125 0.57073271484375 0.67109365234375 0.6053873046875 0.65906328125 0.59102275390625
4 0.65846572265625 0.49266162109375 0.6667375 0.4867759765625 0.67566767578125 0.49864267578125 0.6769369140625 0.50004677734375 0.66866513671875 0.5062505859375 0.65846572265625 0.49266162109375
4 0.6667375 0.4867759765625 0.672283984375 0.4820626953125 0.6813369140625 0.49431923828125 0.67566767578125 0.49864267578125 0.6667375 0.4867759765625
1 0.7233185546875 0.59001806640625 0.73299208984375 0.5782716796875 0.7420609375 0.5855267578125 0.73230107421875 0.5974458984375 0.7233185546875 0.59001806640625
1 0.73394609375 0.6474916015625 0.71410908203125 0.6674693359375 0.7014470703125 0.654807421875 0.72029931640625 0.635673828125 0.73394609375 0.6474916015625
3 0.643934765625 0.53302646484375 0.62933818359375 0.54460009765625 0.62121943359375 0.53458115234375 0.6363341796875 0.5231802734375 0.643934765625 0.53302646484375
0 0.42439013671875 0.37577734375 0.43170595703125 0.369727734375 0.441976171875 0.38168623046875 0.422983203125 0.398428125 0.415948828125 0.38970546875 0.42790732421875 0.380138671875 0.42439013671875 0.37577734375
0 0.83175693359375 0.87159716796875 0.84242919921875 0.87665751953125 0.8434212890625 0.8740119140625 0.85366298828125 0.87913857421875 0.84504423828125 0.9094837890625 0.82313818359375 0.90319931640625 0.83175693359375 0.87159716796875
1 0.78347548828125 0.9158490234375 0.799815234375 0.8908904296875 0.80592021484375 0.8951998046875 0.80825439453125 0.8914291015625 0.8208234375 0.90058662109375 0.81615498046875 0.90776884765625 0.82154169921875 0.9115396484375 0.80825439453125 0.934523046875 0.78347548828125 0.9158490234375
1 0.6710201171875 0.86348203125 0.69261396484375 0.88167314453125 0.70049560546875 0.87615576171875 0.72143671875 0.90060693359375 0.6827076171875 0.92833603515625 0.67655205078125 0.91872705078125 0.65612431640625 0.936127734375 0.628166015625 0.90129443359375 0.6710201171875 0.86348203125
2 0.7889634765625 0.898973828125 0.77423974609375 0.91962294921875 0.74120107421875 0.89592138671875 0.75664306640625 0.87473349609375 0.7889634765625 0.898973828125
2 0.72282841796875 0.94095048828125 0.73760068359375 0.92997685546875 0.75124208984375 0.94871533203125 0.734831640625 0.96037529296875 0.72282841796875 0.94095048828125
2 0.7116849609375 0.968598046875 0.73148603515625 0.9738025390625 0.729672265625 0.9826986328125 0.70920244140625 0.97760283203125 0.7116849609375 0.968598046875
2 0.84655322265625 0.95609951171875 0.8450099609375 0.9672330078125 0.81987685546875 0.96205205078125 0.82175078125 0.95025712890625 0.84655322265625 0.95609951171875
1 0.92330908203125 0.9721853515625 0.9029125 0.9957501953125 0.8880310546875 0.98097900390625 0.90919580078125 0.95771982421875 0.92330908203125 0.9721853515625
1 0.7034845703125 0.65865263671875 0.68783154296875 0.67287275390625 0.6751546875 0.65909365234375 0.686949609375 0.6488419921875 0.68529619140625 0.64696796875 0.6888236328125 0.6433302734375 0.7034845703125 0.65865263671875
1 0.56623349609375 0.75432548828125 0.58044296875 0.7475724609375 0.5904318359375 0.76825361328125 0.5756595703125 0.774866015625 0.56623349609375 0.75432548828125
1 0.5723525390625 0.78807744140625 0.5818326171875 0.782786328125 0.59186376953125 0.799651953125 0.5818326171875 0.805273828125 0.5723525390625 0.78807744140625
0 0.16813857421875 0.57338623046875 0.17756474609375 0.57648134765625 0.17461025390625 0.58647021484375 0.1643400390625 0.58337509765625 0.16813857421875 0.57338623046875
1 0.6818625 0.71602451171875 0.70043330078125 0.702377734375 0.70985947265625 0.71560244140625 0.68875615234375 0.728405078125 0.6818625 0.71602451171875
1 0.62257568359375 0.6971203125 0.63678515625 0.725680078125 0.6276404296875 0.730885546875 0.62229423828125 0.72314765625 0.58093193359375 0.74326611328125 0.56883271484375 0.71470634765625 0.57966572265625 0.70823466796875 0.58360498046875 0.7158318359375 0.62257568359375 0.6971203125
1 0.710834375 0.6076740234375 0.72436484375 0.61408193359375 0.71902626953125 0.624335546875 0.704959375 0.617980078125 0.710834375 0.6076740234375
2 0.76651005859375 0.972568359375 0.7667642578125 0.972568359375 0.77761103515625 0.95680673828125 0.79116953125 0.96722978515625 0.77964482421875 0.981805078125 0.76651005859375 0.972568359375
2 0.7530935546875 0.96305693359375 0.760231640625 0.95116015625 0.77039794921875 0.959487890625 0.76455771484375 0.969654296875 0.7530935546875 0.96305693359375
1 0.439501171875 0.61060712890625 0.460344140625 0.62068359375 0.45537490234375 0.63200224609375 0.43397978515625 0.6220638671875 0.439501171875 0.61060712890625
1 0.85054189453125 0.97083154296875 0.8621142578125 0.9588265625 0.87779638671875 0.97191298828125 0.86600771484375 0.9842423828125 0.85054189453125 0.97083154296875
1 0.38357177734375 0.5279060546875 0.3907068359375 0.52043134765625 0.39580322265625 0.52620732421875 0.3890080078125 0.5343615234375 0.38357177734375 0.5279060546875
1 0.69850205078125 0.7322857421875 0.7034876953125 0.725487109375 0.715271875 0.72344755859375 0.72456328125 0.7352318359375 0.722976953125 0.74135048828125 0.70915322265625 0.74678935546875 0.70258125 0.74203037109375 0.69850205078125 0.7322857421875
1 0.024753125 0.020708984375 0.037616015625 6.8359375e-07 0.0516486328125 8.7890625e-07 0.03210361328125 0.0282265625 0.02709189453125 0.02722421875 0.024753125 0.020708984375
1 0.23357451171875 0.371177734375 0.226391015625 0.363158984375 0.23775087890625 0.3494603515625 0.24660498046875 0.3594837890625 0.23357451171875 0.371177734375
1 0.246437890625 0.39657041015625 0.2549578125 0.387215234375 0.2606376953125 0.403252734375 0.24810849609375 0.40458916015625 0.246437890625 0.39657041015625
3 0.223383984375 0.42530419921875 0.2317369140625 0.41661728515625 0.24059091796875 0.42530419921875 0.23257216796875 0.434158203125 0.223383984375 0.42530419921875
4 0.17487197265625 0.44340556640625 0.18121728515625 0.438419921875 0.19005546875 0.44272568359375 0.191641796875 0.4502041015625 0.18348349609375 0.45586962890625 0.17487197265625 0.44340556640625
1 0.42579208984375 0.55405458984375 0.4362166015625 0.5599466796875 0.43327060546875 0.56719853515625 0.42103310546875 0.56266611328125 0.42579208984375 0.55405458984375
1 0.30055693359375 0.6347236328125 0.3064490234375 0.6288314453125 0.31370087890625 0.6378962890625 0.3064490234375 0.6440150390625 0.30055693359375 0.6347236328125
4 0.3340966796875 0.64945390625 0.3359095703125 0.6442416015625 0.34225498046875 0.64152216796875 0.348826953125 0.64968046875 0.34316142578125 0.65557255859375 0.3340966796875 0.64945390625
4 0.330244140625 0.67438203125 0.32752470703125 0.66758349609375 0.336589453125 0.6625978515625 0.3404419921875 0.6644107421875 0.341121875 0.66916982421875 0.330244140625 0.67438203125
1 0.38191337890625 0.66395751953125 0.38032705078125 0.6567056640625 0.3882587890625 0.65443955078125 0.39120478515625 0.660331640625 0.38191337890625 0.66395751953125
4 0.4976634765625 0.73641162109375 0.504846875 0.7272234375 0.512364453125 0.7310658203125 0.50651748046875 0.74142333984375 0.4976634765625 0.73641162109375
1 0.5686123046875 0.8070876953125 0.57646396484375 0.80474892578125 0.57896982421875 0.8136029296875 0.5706169921875 0.81627578125 0.5686123046875 0.8070876953125
0 0.50482646484375 0.999003515625 0.49958203125 0.99093525390625 0.50774033203125 0.98708271484375 0.51544541015625 0.99796044921875 0.51034580078125 0.999003515625 0.50482646484375 0.999003515625
1 0.18438466796875 0.4110740234375 0.20160009765625 0.4076923828125 0.20805595703125 0.4163001953125 0.20098525390625 0.42429306640625 0.1942220703125 0.42583017578125 0.18622919921875 0.42306337890625 0.18438466796875 0.4110740234375
4 0.1321845703125 0.3747966796875 0.1412494140625 0.36958447265625 0.149634375 0.37117080078125 0.15303359375 0.37434345703125 0.14056953125 0.38295498046875 0.1321845703125 0.3747966796875
4 0.1677638671875 0.3902068359375 0.17818837890625 0.38476796875 0.179321484375 0.3854478515625 0.1770552734375 0.398818359375 0.17501572265625 0.40085791015625 0.16640419921875 0.39723203125 0.1677638671875 0.3902068359375
4 0.09932470703125 0.41241552734375 0.1072564453125 0.41626806640625 0.1058966796875 0.42329326171875 0.09751181640625 0.4196673828125 0.09932470703125 0.41241552734375
