0 0.63859072265625 1.220703125e-05 0.63859072265625 0.04288662109375 0.58891083984375 0.0440923828125 0.58891083984375 0.03878681640625 0.5848111328125 0.03878681640625 0.582882421875 1.25e-05 0.63859072265625 1.220703125e-05
0 0.4213591796875 0.059456640625 0.41150341796875 0.0603853515625 0.4120703125 0.0505595703125 0.4031892578125 0.0505595703125 0.4031892578125 0.03298642578125 0.41471572265625 0.03298642578125 0.41433779296875 0.02618388671875 0.4188728515625 0.025994921875 0.418494921875 0.02297158203125 0.4209513671875 0.02334951171875 0.42114033203125 0.00974453125 0.46271123046875 0.010500390625 0.46198515625 0.0732505859375 0.42098125 0.0732505859375 0.4213591796875 0.059456640625
0 0.3763404296875 1.23046875e-05 0.3758775390625 0.00540341796875 0.37483349609375 0.00517138671875 0.3741375 0.0316203125 0.35140068359375 0.0316203125 0.352976171875 0.0161033203125 0.35045927734375 0.0161033203125 0.35105107421875 1.2109375e-05 0.3763404296875 1.23046875e-05
0 0.27146064453125 1.15234375e-05 0.27183759765625 0.0046646484375 0.26503515625 0.00428671875 0.26446826171875 0.0025861328125 0.2597443359375 0.0025861328125 0.25917744140625 0.00485361328125 0.25105224609375 0.00485361328125 0.25048662109375 1.1328125e-05 0.27146064453125 1.15234375e-05
0 0.254264453125 0.03319736328125 0.26238974609375 0.03244150390625 0.2631455078125 0.0294181640625 0.2773173828125 0.02998505859375 0.2773173828125 0.0330083984375 0.29073349609375 0.033386328125 0.289788671875 0.05813984375 0.2533197265625 0.0571951171875 0.254264453125 0.03319736328125
0 0.108905859375 9.375e-06 0.11022822265625 0.033449609375 0.07923896484375 0.03401650390625 0.0779166015625 8.7890625e-06 0.108905859375 9.375e-06
0 7.8125e-05 7.32421875e-06 0.0211568359375 0.00197412109375 0.02112578125 0.024182421875 -0.0 0.0320044921875 -0.0 7.32421875e-06 7.8125e-05 7.32421875e-06
0 0.0691416015625 0.16114052734375 0.06865927734375 0.11700751953125 0.10386923828125 0.11724873046875 0.1033869140625 0.12086611328125 0.11206884765625 0.12086611328125 0.11279228515625 0.1558349609375 0.103145703125 0.1558349609375 0.103145703125 0.1688578125 0.09084638671875 0.1690990234375 0.08988173828125 0.1621052734375 0.0691416015625 0.16114052734375
0 -0.0 0.33913662109375 -0.0 0.3128091796875 0.01275419921875 0.3138302734375 0.01229013671875 0.34004716796875 -0.0 0.33913662109375
0 -0.0 0.4428322265625 -0.0 0.40369013671875 0.0141765625 0.40459375 0.013436328125 0.4183626953125 0.0026283203125 0.41851083984375 0.004997265625 0.4430876953125 -0.0 0.4428322265625
0 -0.0 0.52322724609375 -0.0 0.47992587890625 0.01105185546875 0.4823017578125 0.01105185546875 0.4976625 0.02904853515625 0.4989349609375 0.02777607421875 0.52502109375 -0.0 0.52322724609375
0 0.004507421875 0.58251337890625 0.0027673828125 0.55571640625 0.00752353515625 0.5559484375 0.00729150390625 0.5421439453125 0.0183119140625 0.5424919921875 0.02446015625 0.544580078125 0.02469208984375 0.56337275390625 0.02074794921875 0.56325673828125 0.02121201171875 0.58204931640625 0.004507421875 0.58251337890625
0 -0.0 0.71966328125 -0.0 0.70379072265625 0.015151953125 0.7051134765625 0.01496298828125 0.7200412109375 -0.0 0.71966328125
0 -0.0 0.68786796875 -0.0 0.6681767578125 0.02200908203125 0.66847294921875 0.02186103515625 0.68786796875 -0.0 0.68786796875
0 0.08256318359375 0.695862890625 0.06257587890625 0.69630703125 0.0652408203125 0.712148828125 0.043476953125 0.71170458984375 0.0442171875 0.69926806640625 0.03429755859375 0.6994162109375 0.03459375 0.67276650390625 0.060355078125 0.67306259765625 0.060355078125 0.66491962890625 0.0721994140625 0.662994921875 0.0815267578125 0.66625205078125 0.08256318359375 0.695862890625
0 0.09337109375 0.69808369140625 0.093815234375 0.6926056640625 0.0902619140625 0.687719921875 0.09129833984375 0.66551181640625 0.0970724609375 0.66580791015625 0.0972205078125 0.66447548828125 0.1299404296875 0.66625205078125 0.12934814453125 0.69438232421875 0.09337109375 0.69808369140625
0 0.134678125 0.7248814453125 0.13319755859375 0.7082994140625 0.15362900390625 0.7087435546875 0.15333291015625 0.704301953125 0.150816015625 0.70415390625 0.150816015625 0.68920048828125 0.14089638671875 0.688608203125 0.14000810546875 0.662698828125 0.1810189453125 0.66403125 0.1807228515625 0.71969951171875 0.1645849609375 0.71910732421875 0.16488115234375 0.72680615234375 0.134678125 0.7248814453125
0 0.04144873046875 0.7548056640625 0.0426087890625 0.78554677734375 0.02752822265625 0.78566279296875 0.0267162109375 0.772786328125 0.00223935546875 0.7741783203125 0.001079296875 0.752949609375 0.01395576171875 0.752717578125 0.01430380859375 0.7470333984375 0.02486015625 0.7472654296875 0.025208203125 0.752485546875 0.04121669921875 0.75225361328125 0.04144873046875 0.7548056640625
0 0.0580373046875 0.75979384765625 0.0463208984375 0.7592138671875 0.04550888671875 0.7389130859375 0.060009375 0.73984111328125 0.060125390625 0.73810107421875 0.079730078125 0.7389130859375 0.0812380859375 0.78508271484375 0.05919736328125 0.78496669921875 0.0580373046875 0.75979384765625
0 0.0897064453125 0.7864748046875 0.08877841796875 0.7548056640625 0.0897064453125 0.7508615234375 0.12613173828125 0.75028154296875 0.12810380859375 0.78160263671875 0.10965908203125 0.78090654296875 0.1094271484375 0.7865908203125 0.0897064453125 0.7864748046875
0 0.13967080078125 0.75668515625 0.13967080078125 0.75448115234375 0.15405537109375 0.7547130859375 0.15359130859375 0.74253271484375 0.1625236328125 0.74253271484375 0.16113154296875 0.73035224609375 0.17876416015625 0.73035224609375 0.17876416015625 0.74879697265625 0.16890380859375 0.7492609375 0.16925185546875 0.78510625 0.1393228515625 0.7846421875 0.13967080078125 0.75668515625
0 0.1803630859375 0.78053349609375 0.18129111328125 0.73946806640625 0.181523046875 0.7344798828125 0.22374853515625 0.73494384765625 0.224792578125 0.78853779296875 0.20878408203125 0.78807373046875 0.20843603515625 0.78018544921875 0.1803630859375 0.78053349609375
0 0.28555771484375 0.785622265625 0.28555771484375 0.74594375 0.27682255859375 0.74594375 0.2766744140625 0.72595654296875 0.30391640625 0.72610458984375 0.3042125 0.74594375 0.296513671875 0.74594375 0.29666171875 0.75068154296875 0.313095703125 0.75053349609375 0.313095703125 0.76030498046875 0.3259763671875 0.76015693359375 0.32656865234375 0.7829572265625 0.31398408203125 0.7825130859375 0.31457626953125 0.78502998046875 0.28555771484375 0.785622265625
0 0.4305734375 0.72537001953125 0.42984990234375 0.66266728515625 0.431296875 0.6612203125 0.46240703125 0.66170263671875 0.4645775390625 0.72705810546875 0.43467314453125 0.72802275390625 0.4305734375 0.72537001953125
0 0.43702763671875 0.731900390625 0.4415517578125 0.731436328125 0.45802431640625 0.73224833984375 0.45860439453125 0.76159736328125 0.4380716796875 0.7628734375 0.43702763671875 0.731900390625
0 0.0527083984375 0.841136328125 0.05319072265625 0.843065625 0.06934873046875 0.84258330078125 0.071630859375 0.867880859375 0.026865234375 0.867578125 0.026421484375 0.8440302734375 0.03920322265625 0.83751884765625 0.0527083984375 0.841136328125
0 0.26986328125 0.941005859375 0.2698826171875 0.94248056640625 0.2697240234375 0.94884873046875 0.26539404296875 0.95268115234375 0.2657640625 0.99901142578125 0.2339890625 0.9990111328125 0.23308212890625 0.97535615234375 0.19699111328125 0.9747892578125 0.19553876953125 0.99901064453125 0.16642783203125 0.99901025390625 0.167144921875 0.96829716796875 0.1704021484375 0.96844521484375 0.17131826171875 0.94109580078125 0.26986328125 0.941005859375
0 0.269853515625 0.940517578125 0.23748046875 0.939765625 0.240341796875 0.874306640625 0.2689125 0.87314462890625 0.269853515625 0.940517578125
0 0.2408640625 0.8363259765625 0.2369921875 0.93974609375 0.16944296875 0.93695703125 0.16952744140625 0.83575908203125 0.20148173828125 0.8339259765625 0.2408640625 0.8363259765625
0 0.156029296875 0.94681103515625 0.15577861328125 0.936094921875 0.16944296875 0.93695703125 0.16892880859375 0.94723515625 0.156029296875 0.94681103515625
0 0.02682890625 0.9804689453125 0.0265328125 0.9634427734375 0.0240158203125 0.95796474609375 0.0237197265625 0.93294365234375 0.0490369140625 0.93294365234375 0.04977724609375 0.96092587890625 0.0481486328125 0.96477529296875 0.0487408203125 0.98120927734375 0.02682890625 0.9804689453125
0 0.2361986328125 1.11328125e-05 0.2361986328125 0.00682890625 0.1999185546875 0.0072068359375 0.1993525390625 1.064453125e-05 0.2361986328125 1.11328125e-05
0 0.60318564453125 0.45879560546875 0.60197978515625 0.4802591796875 0.6002916015625 0.48267080078125 0.5520587890625 0.48267080078125 0.55254111328125 0.456383984375 0.60318564453125 0.45879560546875
0 0.5761751953125 0.501481640625 0.6690234375 0.50075810546875 0.6687822265625 0.5316271484375 0.657688671875 0.5328330078125 0.6579298828125 0.571178125 0.57810458984375 0.573107421875 0.57279892578125 0.56876640625 0.5761751953125 0.501481640625
0 0.66718837890625 0.386040234375 0.66841953125 0.4549859375 0.6339466796875 0.455909375 0.636408984375 0.385424609375 0.66718837890625 0.386040234375
0 0.57486875 0.68634580078125 0.57366298828125 0.67742265625 0.5741453125 0.65812958984375 0.60887294921875 0.6542708984375 0.60983759765625 0.6853810546875 0.57486875 0.68634580078125
0 0.33566728515625 0.6070080078125 0.33213173828125 0.5971873046875 0.33488154296875 0.4243416015625 0.39616318359375 0.4266986328125 0.39616318359375 0.4188419921875 0.47197958984375 0.4211990234375 0.47197958984375 0.46480322265625 0.46922978515625 0.4667673828125 0.41855458984375 0.46755302734375 0.4044126953125 0.48051650390625 0.40519833984375 0.5535830078125 0.401662890625 0.55711845703125 0.38398544921875 0.557511328125 0.38398544921875 0.59797294921875 0.38123564453125 0.60229404296875 0.37730732421875 0.60504384765625 0.37730732421875 0.606615234375 0.33566728515625 0.6070080078125
0 0.335244140625 0.35545556640625 0.3330736328125 0.352079296875 0.3337970703125 0.32627470703125 0.36056630859375 0.32627470703125 0.36080751953125 0.3308568359375 0.38202998046875 0.3298921875 0.38202998046875 0.3277216796875 0.391194140625 0.327962890625 0.3914353515625 0.32940986328125 0.4237513671875 0.33037451171875 0.42351015625 0.355214453125 0.3673189453125 0.35714375 0.367077734375 0.3612435546875 0.335244140625 0.3612435546875 0.335244140625 0.35545556640625
0 0.31305703125 0.39066552734375 0.215385546875 0.38873623046875 0.216108984375 0.34870302734375 0.2544541015625 0.35015 0.2544541015625 0.34701484375 0.27398837890625 0.34629130859375 0.273747265625 0.34966767578125 0.27905283203125 0.34966767578125 0.27953515625 0.352079296875 0.31426279296875 0.35328515625 0.31305703125 0.39066552734375
0 0.20549775390625 0.34773837890625 0.20405078125 0.3935595703125 0.15027119140625 0.39283603515625 0.1517181640625 0.34773837890625 0.20549775390625 0.34773837890625
0 0.4102029296875 0.20101376953125 0.4102029296875 0.2369908203125 0.39510146484375 0.2371388671875 0.39480537109375 0.2451337890625 0.37896357421875 0.2449857421875 0.3780751953125 0.2355103515625 0.34120986328125 0.23402978515625 0.34165400390625 0.199533203125 0.4102029296875 0.20101376953125
0 0.4728296875 0.20101376953125 0.44780859375 0.20101376953125 0.4481046875 0.1863564453125 0.4728296875 0.18783701171875 0.4728296875 0.20101376953125
0 0.99848720703125 0.56443935546875 0.98310185546875 0.56430458984375 0.98310185546875 0.5450576171875 0.98369404296875 0.54031982421875 0.99848720703125 0.53991689453125 0.99848720703125 0.56443935546875
0 0.9641509765625 0.5375068359375 0.96267041015625 0.52270146484375 0.98843173828125 0.51633515625 0.99553837890625 0.532769140625 0.98014072265625 0.53617431640625 0.96785224609375 0.5378029296875 0.9641509765625 0.5375068359375
0 0.97736103515625 0.40673662109375 0.977919921875 0.407216796875 0.977812890625 0.452909765625 0.97845703125 0.47326171875 0.95462421875 0.47657109375 0.95543623046875 0.40580859375 0.97736103515625 0.40673662109375
0 0.9984873046875 0.4263158203125 0.998009765625 0.47274287109375 0.9789453125 0.473203125 0.978301171875 0.45290263671875 0.97840859375 0.4074326171875 0.9984873046875 0.4078626953125 0.9984873046875 0.4263158203125
0 0.9984873046875 0.404344921875 0.9961220703125 0.4042427734375 0.99567568359375 0.3998904296875 0.98373447265625 0.39938818359375 0.98323232421875 0.39492421875 0.98345546875 0.37282744140625 0.9984873046875 0.37328369140625 0.9984873046875 0.404344921875
0 0.90456962890625 0.53159716796875 0.91229541015625 0.5342330078125 0.91220458984375 0.551684375 0.89293544921875 0.5506845703125 0.89302626953125 0.53259697265625 0.90456962890625 0.53159716796875
0 0.06730546875 0.54975244140625 0.0963240234375 0.5510849609375 0.0963240234375 0.58113984375 0.0951396484375 0.580991796875 0.0945474609375 0.59861025390625 0.06774970703125 0.59846220703125 0.06730546875 0.580399609375 0.06730546875 0.54975244140625
0 0.125034375 0.60004521484375 0.0995134765625 0.59958125 0.09835341796875 0.55317958984375 0.10473369140625 0.548539453125 0.11853818359375 0.54923544921875 0.1273544921875 0.5522515625 0.12607841796875 0.59505703125 0.125034375 0.60004521484375
0 0.1310021484375 0.59864951171875 0.1310021484375 0.59440869140625 0.129459375 0.5513921875 0.1432638671875 0.54988408203125 0.156604296875 0.551044140625 0.15915634765625 0.59732978515625 0.15614033203125 0.6002298828125 0.1310021484375 0.59864951171875
0 0.1666966796875 0.59036953125 0.1626365234375 0.590021484375 0.16124443359375 0.54976806640625 0.19233359375 0.55058017578125 0.19140556640625 0.590021484375 0.188157421875 0.590253515625 0.18896943359375 0.59918583984375 0.16727666015625 0.598605859375 0.1666966796875 0.59036953125
0 0.26193603515625 0.59930185546875 0.26182001953125 0.590253515625 0.2590359375 0.5906015625 0.25787587890625 0.55011611328125 0.290008984375 0.55023212890625 0.28989296875 0.5997658203125 0.26193603515625 0.59930185546875
0 0.25033564453125 0.59918583984375 0.22980283203125 0.59941787109375 0.23026689453125 0.59129755859375 0.22609072265625 0.59141357421875 0.22423466796875 0.5494201171875 0.25230771484375 0.55011611328125 0.25369970703125 0.59036953125 0.24998759765625 0.5906015625 0.25033564453125 0.59918583984375
0 0.20121005859375 0.5901640625 0.19384443359375 0.589829296875 0.195075 0.54970361328125 0.22350771484375 0.55070068359375 0.22397177734375 0.589633203125 0.21898359375 0.5895171875 0.21828759765625 0.59740546875 0.2013509765625 0.59636142578125 0.20121005859375 0.5901640625
0 0.12626318359375 0.53989658203125 0.10997724609375 0.53960048828125 0.10968115234375 0.52272236328125 0.095319921875 0.52287041015625 0.09650439453125 0.49503623046875 0.1235982421875 0.49533232421875 0.12285791015625 0.505251953125 0.12774375 0.50658447265625 0.12626318359375 0.53989658203125
0 0.130237890625 0.5436240234375 0.129340234375 0.496780859375 0.15433564453125 0.49623544921875 0.15488095703125 0.5044158203125 0.16006181640625 0.50477939453125 0.1605048828125 0.5449771484375 0.130237890625 0.5436240234375
0 0.16478955078125 0.53715087890625 0.1642095703125 0.5319306640625 0.1637455078125 0.49527333984375 0.1759259765625 0.4930693359375 0.1921666015625 0.498521484375 0.19112255859375 0.53285869140625 0.16478955078125 0.53715087890625
0 0.2043828125 0.539506640625 0.20469326171875 0.5265107421875 0.1946009765625 0.5262787109375 0.194354296875 0.49604150390625 0.21130380859375 0.4958990234375 0.2115173828125 0.49910380859375 0.22255595703125 0.498035546875 0.22274150390625 0.5390625 0.2043828125 0.539506640625
0 0.22673408203125 0.5384591796875 0.2254580078125 0.5045859375 0.23241826171875 0.504701953125 0.23241826171875 0.49739375 0.255155078125 0.49658173828125 0.25480703125 0.54066328125 0.24262666015625 0.54066328125 0.24193056640625 0.53323896484375 0.23833447265625 0.53335498046875 0.23845048828125 0.53892314453125 0.22673408203125 0.5384591796875
0 0.27359609375 0.513373828125 0.2738921875 0.53069619140625 0.28025859375 0.53114033203125 0.27981435546875 0.5466859375 0.2570140625 0.5466859375 0.257162109375 0.51441025390625 0.27359609375 0.513373828125
0 0.260290625 0.3970484375 0.278205078125 0.396900390625 0.278205078125 0.41022529296875 0.28827275390625 0.41037333984375 0.286348046875 0.44368544921875 0.28309091796875 0.44427763671875 0.28264677734375 0.46011943359375 0.25969833984375 0.46011943359375 0.260290625 0.3970484375
0 0.2260673828125 0.39757109375 0.24524560546875 0.39748017578125 0.24579091796875 0.409659765625 0.25560732421875 0.4092052734375 0.256698046875 0.43320087890625 0.24324599609375 0.433564453125 0.24451845703125 0.4451986328125 0.2277943359375 0.44610751953125 0.2260673828125 0.39757109375
0 0.21388779296875 0.4299287109375 0.2130697265625 0.4333826171875 0.21170634765625 0.4469255859375 0.19561845703125 0.447107421875 0.19598203125 0.401025 0.20852509765625 0.39766201171875 0.223340625 0.39938896484375 0.22424951171875 0.43029228515625 0.21388779296875 0.4299287109375
0 0.16744189453125 0.44701650390625 0.16825986328125 0.4434716796875 0.16798720703125 0.436109375 0.1627154296875 0.4360185546875 0.16307900390625 0.3977529296875 0.18080302734375 0.39748017578125 0.18189375 0.40111591796875 0.1940732421875 0.40184306640625 0.1940732421875 0.43592763671875 0.183893359375 0.43538232421875 0.18207548828125 0.44756181640625 0.16744189453125 0.44701650390625
0 0.13808369140625 0.41565869140625 0.131539453125 0.41538603515625 0.131812109375 0.39993427734375 0.1579890625 0.4005705078125 0.15826171875 0.427201953125 0.13753828125 0.426656640625 0.13808369140625 0.41565869140625
0 0.09927197265625 0.4440546875 0.09927197265625 0.40055322265625 0.12560498046875 0.3996251953125 0.12560498046875 0.4151697265625 0.1148166015625 0.41574970703125 0.116556640625 0.44498271484375 0.09927197265625 0.4440546875
0 0.09544384765625 0.3993931640625 0.0968359375 0.4343103515625 0.0831474609375 0.43407841796875 0.0832634765625 0.44185068359375 0.06806689453125 0.44196669921875 0.0652828125 0.3992771484375 0.09544384765625 0.3993931640625
0 0.20183876953125 0.03961533203125 0.199634765625 0.03915126953125 0.199402734375 0.02418671875 0.241976171875 0.02569482421875 0.24186025390625 0.02731884765625 0.24568837890625 0.02743486328125 0.24534033203125 0.03706318359375 0.242208203125 0.03717919921875 0.24232421875 0.0401953125 0.20183876953125 0.03961533203125
0 0.19824267578125 0.04332744140625 0.2405841796875 0.04158740234375 0.24116416015625 0.05689990234375 0.19835869140625 0.05736396484375 0.19824267578125 0.04332744140625
0 0.199634765625 0.05945205078125 0.2407001953125 0.0580599609375 0.2409322265625 0.0740685546875 0.19975078125 0.07418447265625 0.199634765625 0.05945205078125
0 0.07174287109375 0.275155859375 0.0711759765625 0.24662314453125 0.05964951171875 0.24662314453125 0.05908271484375 0.23320712890625 0.07023125 0.23245126953125 0.07136494140625 0.21960205078125 0.10424375 0.21922412109375 0.10575537109375 0.248134765625 0.09838603515625 0.24756796875 0.097819140625 0.2641962890625 0.092150390625 0.263818359375 0.09158349609375 0.27421103515625 0.07174287109375 0.275155859375
1 0.12314921875 0.12688828125 0.1376990234375 0.12877783203125 0.13713212890625 0.1677033203125 0.1263615234375 0.16713642578125 0.126739453125 0.17922978515625 0.11313447265625 0.17847392578125 0.11275654296875 0.1321791015625 0.1220154296875 0.1321791015625 0.12314921875 0.12688828125
1 0.14072236328125 0.18074140625 0.14072236328125 0.13482451171875 0.145068359375 0.1350134765625 0.14525732421875 0.1253765625 0.163586328125 0.1272662109375 0.1632083984375 0.13595830078125 0.166420703125 0.13633623046875 0.16453115234375 0.18168623046875 0.14072236328125 0.18074140625
1 0.167855859375 0.12950244140625 0.1930330078125 0.12995693359375 0.19239677734375 0.14804453125 0.194578125 0.14822626953125 0.19412373046875 0.17876611328125 0.16558349609375 0.17803896484375 0.167855859375 0.12950244140625
1 0.1944845703125 0.17788349609375 0.19486767578125 0.14728447265625 0.19718486328125 0.147371875 0.19674072265625 0.12960546875 0.2148033203125 0.130049609375 0.214548046875 0.1555736328125 0.2203482421875 0.1552255859375 0.2202322265625 0.17831044921875 0.1944845703125 0.17788349609375
0 0.22057236328125 0.17786435546875 0.22061611328125 0.15333701171875 0.22210263671875 0.153249609375 0.22232294921875 0.131975390625 0.22823916015625 0.131859375 0.22823916015625 0.1258271484375 0.24621982421875 0.12675517578125 0.24610380859375 0.1808130859375 0.22057236328125 0.17786435546875
0 0.251384765625 0.17996650390625 0.25045673828125 0.13356494140625 0.28363388671875 0.134144921875 0.2850259765625 0.1672060546875 0.2731935546875 0.1674380859375 0.2730775390625 0.18008251953125 0.251384765625 0.17996650390625
0 0.22015703125 0.213197265625 0.2452884765625 0.2143310546875 0.2452884765625 0.265727734375 0.22280244140625 0.26440498046875 0.22015703125 0.213197265625
0 0.219780078125 0.21440458984375 0.22192080078125 0.26172109375 0.19523984375 0.261373046875 0.19344248046875 0.2140697265625 0.219780078125 0.21440458984375
0 0.166194140625 0.22190009765625 0.18371083984375 0.22201611328125 0.1842908203125 0.23002041015625 0.1921791015625 0.23025234375 0.19310712890625 0.2482330078125 0.190091015625 0.2485810546875 0.190555078125 0.250553125 0.1904390625 0.2681857421875 0.16781826171875 0.2683017578125 0.166194140625 0.22190009765625
0 0.13905185546875 0.21345283203125 0.1634806640625 0.21286064453125 0.16510927734375 0.25920146484375 0.16081572265625 0.25905341796875 0.16111181640625 0.26778857421875 0.1455662109375 0.26778857421875 0.1455662109375 0.25846123046875 0.13934794921875 0.25831318359375 0.13905185546875 0.21345283203125
0 0.39517314453125 0.1326158203125 0.39725166015625 0.12713603515625 0.41369111328125 0.12675810546875 0.42389482421875 0.1297814453125 0.42786298828125 0.1326158203125 0.44203486328125 0.13280478515625 0.4460029296875 0.1403630859375 0.44581396484375 0.1681400390625 0.42162734375 0.16851796875 0.420871484375 0.16114853515625 0.39800751953125 0.16077060546875 0.39762958984375 0.15755830078125 0.36248330078125 0.15755830078125 0.36116064453125 0.13299375 0.39517314453125 0.1326158203125
0 0.6604296875 0.780546875 0.66450205078125 0.79985654296875 0.68963359375 0.8688263671875 0.6905783203125 0.8765736328125 0.69246796875 0.8822423828125 0.6900115234375 0.883376171875 0.68547646484375 0.87997490234375 0.67413896484375 0.88734423828125 0.671425390625 0.88735458984375 0.6653787109375 0.879418359375 0.66216640625 0.87167109375 0.6581982421875 0.86883671875 0.65498603515625 0.86335693359375 0.65498603515625 0.86108935546875 0.64988408203125 0.8522083984375 0.6504509765625 0.84918505859375 0.64289267578125 0.8336904296875 0.643081640625 0.830478125 0.6362791015625 0.8166841796875 0.6355240234375 0.80875947265625 0.630654296875 0.784140625 0.64576416015625 0.7780994140625 0.6604296875 0.780546875
0 0.65108603515625 0.65587021484375 0.6480626953125 0.70122021484375 0.649196484375 0.727296484375 0.660322265625 0.780029296875 0.64570966796875 0.7775953125 0.630556640625 0.78365234375 0.6224859375 0.74281298828125 0.623687109375 0.68667041015625 0.62595458984375 0.6524689453125 0.65108603515625 0.65587021484375
0 0.626521484375 0.89868173828125 0.62425390625 0.8915013671875 0.59288681640625 0.822342578125 0.593831640625 0.8162958984375 0.61178271484375 0.809493359375 0.61461708984375 0.80306884765625 0.62141953125 0.80269091796875 0.62387607421875 0.815162109375 0.620096875 0.81591796875 0.62236435546875 0.8230984375 0.62557666015625 0.82328740234375 0.64466142578125 0.86750361328125 0.64258291015625 0.87109384765625 0.6488185546875 0.88923388671875 0.626521484375 0.89868173828125
0 0.57627490234375 0.8839470703125 0.568075390625 0.88346474609375 0.56686953125 0.89190546875 0.55360546875 0.89142314453125 0.55336435546875 0.86658330078125 0.55360546875 0.8053275390625 0.55432900390625 0.7368369140625 0.56952236328125 0.73442529296875 0.58061591796875 0.73756044921875 0.58133935546875 0.74720703125 0.58133935546875 0.76650009765625 0.58640380859375 0.76650009765625 0.58736845703125 0.77566435546875 0.58736845703125 0.79375166015625 0.58037470703125 0.79399287109375 0.5791689453125 0.8096685546875 0.58085703125 0.80990966796875 0.58133935546875 0.81883271484375 0.57941005859375 0.8185916015625 0.57868662109375 0.82269140625 0.5810982421875 0.82269140625 0.58061591796875 0.83330263671875 0.57844541015625 0.83354375 0.5779630859375 0.84343154296875 0.58013359375 0.84343154296875 0.58013359375 0.85138994140625 0.57868662109375 0.85114873046875 0.57844541015625 0.85548974609375 0.58133935546875 0.855730859375 0.58061591796875 0.8656185546875 0.57723955078125 0.8656185546875 0.57627490234375 0.88153544921875 0.57627490234375 0.8839470703125
0 0.57929462890625 0.880821875 0.6146794921875 0.881562109375 0.618973046875 0.914578125 0.56833857421875 0.91354169921875 0.56789443359375 0.90332607421875 0.56778095703125 0.8903599609375 0.568500390625 0.88385126953125 0.57675615234375 0.88405673828125 0.57651640625 0.88069970703125 0.57929462890625 0.880821875
0 0.69932626953125 0.90679931640625 0.65025654296875 0.9443845703125 0.6348279296875 0.92593994140625 0.636916015625 0.92431591796875 0.6315798828125 0.91584755859375 0.64515234375 0.90610322265625 0.670596484375 0.88677431640625 0.6714185546875 0.88776767578125 0.674433203125 0.8875279296875 0.68550791015625 0.88031103515625 0.70007021484375 0.896346484375 0.69932626953125 0.90679931640625
0 0.687838671875 0.97496982421875 0.67714638671875 0.96498095703125 0.6701119140625 0.954148046875 0.6630775390625 0.94401845703125 0.67292568359375 0.9329041015625 0.68502490234375 0.93065302734375 0.69065244140625 0.92755791015625 0.68559248046875 0.91710322265625 0.6979470703125 0.90787705078125 0.710571875 0.9239744140625 0.69481484375 0.93382255859375 0.7108533203125 0.955769921875 0.687838671875 0.97496982421875
0 0.70067392578125 0.99901171875 0.68853681640625 0.98055556640625 0.7207248046875 0.9660048828125 0.7173076171875 0.957406640625 0.73373232421875 0.9498005859375 0.74365322265625 0.965233203125 0.72932294921875 0.97317001953125 0.73174814453125 0.9779099609375 0.72844111328125 0.9804453125 0.73803134765625 0.995547265625 0.730741796875 0.99901142578125 0.70067392578125 0.99901171875
0 0.74550205078125 0.999011328125 0.74454208984375 0.99234287109375 0.759864453125 0.9866107421875 0.76313134765625 0.9990111328125 0.74550205078125 0.999011328125
0 0.9671404296875 0.69969404296875 0.93345302734375 0.70038154296875 0.9316197265625 0.6710482421875 0.9350572265625 0.669444140625 0.9350572265625 0.66233994140625 0.98822373046875 0.662569140625 0.98936962890625 0.6827357421875 0.97218212890625 0.6820482421875 0.972411328125 0.67265244140625 0.9643904296875 0.672881640625 0.9671404296875 0.69969404296875
0 0.94445302734375 0.75011064453125 0.94261962890625 0.71252734375 0.95614052734375 0.70863154296875 0.9705779296875 0.71115234375 0.971723828125 0.74850654296875 0.94445302734375 0.75011064453125
0 0.99848759765625 0.90287841796875 0.98749345703125 0.92402958984375 0.9840818359375 0.9295958984375 0.99234150390625 0.93462353515625 0.98390234375 0.9489880859375 0.9695376953125 0.9398306640625 0.9803111328125 0.9225931640625 0.95122275390625 0.912537890625 0.9668443359375 0.8830904296875 0.99848759765625 0.89919892578125 0.99848759765625 0.90287841796875
0 0.96029736328125 0.8783015625 0.9595791015625 0.880994921875 0.93462060546875 0.909005859375 0.94539404296875 0.9163677734375 0.93515927734375 0.9287572265625 0.920435546875 0.91654736328125 0.9358775390625 0.89230703125 0.9130736328125 0.8795583984375 0.9306703125 0.8585501953125 0.96029736328125 0.8783015625
0 0.83227177734375 0.7003650390625 0.83184970703125 0.6978326171875 0.83241240234375 0.67968388671875 0.83114619140625 0.67968388671875 0.8304427734375 0.683482421875 0.82734765625 0.68460791015625 0.807369921875 0.68362314453125 0.8061037109375 0.6822162109375 0.7990693359375 0.6820755859375 0.7999134765625 0.66505224609375 0.8104650390625 0.6630826171875 0.86448935546875 0.664348828125 0.864770703125 0.6812314453125 0.86223837890625 0.6813720703125 0.8625197265625 0.69980224609375 0.83227177734375 0.7003650390625
0 0.82852333984375 0.739647265625 0.82857451171875 0.739647265625 0.82896513671875 0.7496318359375 0.8136427734375 0.7499625 0.8136427734375 0.72967958984375 0.82852333984375 0.729580078125 0.82852333984375 0.739647265625
0 0.865595703125 0.73482421875 0.832992578125 0.73540078125 0.83258173828125 0.729730078125 0.83859990234375 0.72893359375 0.8389720703125 0.7186986328125 0.830458984375 0.71876953125 0.83039814453125 0.7047669921875 0.83238232421875 0.70267255859375 0.8647908203125 0.70179072265625 0.865595703125 0.73482421875
0 0.845126953125 0.79904296875 0.82886923828125 0.8036490234375 0.82675888671875 0.78437470703125 0.83928017578125 0.7828271484375 0.841484375 0.78037109375 0.845126953125 0.79904296875
0 0.876421875 0.78071689453125 0.84431640625 0.7861328125 0.842861328125 0.779501953125 0.8453962890625 0.7788060546875 0.84515625 0.776259765625 0.84491201171875 0.77572607421875 0.84462626953125 0.773682421875 0.83660703125 0.775370703125 0.83365263671875 0.75694052734375 0.8451890625 0.75595576171875 0.84364150390625 0.7470923828125 0.86966884765625 0.742449609375 0.876421875 0.78071689453125
0 0.86066474609375 0.79380087890625 0.87839150390625 0.784093359375 0.899916796875 0.81504482421875 0.8630564453125 0.83375634765625 0.85194208984375 0.8115275390625 0.8655888671875 0.80477451171875 0.86066474609375 0.79380087890625
0 0.88415966796875 0.83600732421875 0.9013236328125 0.8226419921875 0.92538134765625 0.84641826171875 0.9238337890625 0.8513423828125 0.9013236328125 0.87005390625 0.9047001953125 0.88201240234375 0.893023046875 0.889328125 0.88373759765625 0.8713201171875 0.89246025390625 0.86681806640625 0.8938671875 0.8618939453125 0.8864107421875 0.85331201171875 0.89189755859375 0.8488099609375 0.88415966796875 0.83600732421875
0 0.93182021484375 0.398151953125 0.93182021484375 0.371339453125 0.96252841796875 0.373401953125 0.9627576171875 0.37798525390625 0.9778826171875 0.37867275390625 0.97811171875 0.39792275390625 0.97467431640625 0.39861025390625 0.97490341796875 0.40433935546875 0.9634451171875 0.4045685546875 0.96298681640625 0.39792275390625 0.93182021484375 0.398151953125
0 0.8775568359375 0.3724984375 0.90907099609375 0.37432734375 0.9089302734375 0.37657841796875 0.92707900390625 0.37798525390625 0.92736044921875 0.39711884765625 0.87516513671875 0.39360166015625 0.87530576171875 0.37432734375 0.8775568359375 0.3724984375
0 0.856312890625 0.39528994140625 0.8541876953125 0.39447236328125 0.83048603515625 0.372925390625 0.84485068359375 0.35963818359375 0.85077607421875 0.36448623046875 0.8623625 0.3554751953125 0.86405068359375 0.3564599609375 0.86869345703125 0.3529427734375 0.87868232421875 0.36180615234375 0.87657197265625 0.3651826171875 0.88008916015625 0.368137109375 0.856312890625 0.39528994140625
0 0.819866015625 0.367098828125 0.80748544921875 0.34472939453125 0.81733359375 0.34022734375 0.81705224609375 0.3383984375 0.8219763671875 0.33656943359375 0.82000673828125 0.332489453125 0.83463828125 0.32700263671875 0.83843681640625 0.33389638671875 0.84350166015625 0.3315046875 0.84476787109375 0.33403701171875 0.85349052734375 0.32981640625 0.86179111328125 0.3476837890625 0.819866015625 0.367098828125
0 0.85011396484375 0.3277060546875 0.7982 0.32629921875 0.797355859375 0.31574755859375 0.7986220703125 0.3032263671875 0.8515208984375 0.3037890625 0.85011396484375 0.3277060546875
0 0.85138017578125 0.29872431640625 0.80523447265625 0.2988650390625 0.8055158203125 0.27565146484375 0.81029921875 0.27607353515625 0.8107212890625 0.27100869140625 0.835623046875 0.27072734375 0.83534169921875 0.2780431640625 0.8515208984375 0.27776181640625 0.85138017578125 0.29872431640625
0 0.8508173828125 0.2701646484375 0.805937890625 0.27058662109375 0.80509375 0.24301181640625 0.83323134765625 0.24315244140625 0.83534169921875 0.24793583984375 0.85138017578125 0.2486392578125 0.8508173828125 0.2701646484375
0 0.80748544921875 0.2407607421875 0.80523447265625 0.2145927734375 0.8429388671875 0.21529619140625 0.84307958984375 0.22261201171875 0.85194296875 0.22275263671875 0.85011396484375 0.240338671875 0.80748544921875 0.2407607421875
0 0.83618583984375 0.2041818359375 0.80664130859375 0.20277490234375 0.80706337890625 0.17885791015625 0.84969189453125 0.1789986328125 0.8489884765625 0.1981322265625 0.8364671875 0.198554296875 0.83618583984375 0.2041818359375
0 0.80658095703125 0.177386328125 0.805873046875 0.14932197265625 0.84073720703125 0.14885263671875 0.84065078125 0.16275830078125 0.8522244140625 0.16206728515625 0.85317451171875 0.1766638671875 0.80658095703125 0.177386328125
0 0.8077064453125 0.14740205078125 0.8060529296875 0.122489453125 0.85224052734375 0.12193828125 0.85202001953125 0.14905556640625 0.8077064453125 0.14740205078125
0 0.80042939453125 0.11931171875 0.800288671875 0.0937064453125 0.85163994140625 0.09440986328125 0.85178056640625 0.120155859375 0.85051435546875 0.12170341796875 0.80147353515625 0.1204900390625 0.80042939453125 0.11931171875
0 0.80626376953125 0.09039794921875 0.8069546875 0.06966904296875 0.82517880859375 0.069841796875 0.82552431640625 0.0631048828125 0.8376162109375 0.06336396484375 0.837270703125 0.0702736328125 0.85299013671875 0.07018720703125 0.8520400390625 0.0903115234375 0.80626376953125 0.09039794921875
0 0.8049681640625 0.0602546875 0.806091015625 0.03546640625 0.84072548828125 0.03624365234375 0.84124375 0.04444892578125 0.85324921875 0.044276171875 0.85376748046875 0.0631048828125 0.80557275390625 0.06094560546875 0.8049681640625 0.0602546875
0 0.80706044921875 0.03181259765625 0.80688095703125 0.00703359375 0.836148828125 0.00721318359375 0.83578974609375 0.01116337890625 0.85464326171875 0.01170205078125 0.85464326171875 0.0337876953125 0.80706044921875 0.03181259765625
0 0.99848779296875 0.02293095703125 0.9864939453125 0.02280595703125 0.98621259765625 0.0289962890625 0.97537958984375 0.02885556640625 0.97509814453125 0.02505703125 0.95765283203125 0.0246349609375 0.957512109375 0.00226552734375 0.95990380859375 0.00240625 0.998487890625 0.00294775390625 0.99848779296875 0.02293095703125
0 0.9984876953125 0.0583951171875 0.95723076171875 0.05825947265625 0.957371484375 0.0306845703125 0.99848779296875 0.030548828125 0.9984876953125 0.0583951171875
0 0.9984876953125 0.08095927734375 0.99071455078125 0.08048818359375 0.9908552734375 0.0880853515625 0.95723076171875 0.086819140625 0.95652734375 0.05966630859375 0.9984876953125 0.059937890625 0.9984876953125 0.08095927734375
0 0.99848759765625 0.10851474609375 0.99282490234375 0.10862578125 0.99282490234375 0.11650439453125 0.95624599609375 0.11551953125 0.95723076171875 0.08878876953125 0.9984876953125 0.0894673828125 0.99848759765625 0.10851474609375
0 0.9895890625 0.1437978515625 0.9577935546875 0.1429537109375 0.95652734375 0.13732626953125 0.9561052734375 0.119880859375 0.99848759765625 0.12028837890625 0.99848759765625 0.1380056640625 0.99113662109375 0.13788896484375 0.9895890625 0.1437978515625
0 0.9984875 0.16782001953125 0.98804150390625 0.16757421875 0.98804150390625 0.1724982421875 0.97326923828125 0.17221689453125 0.97326923828125 0.1689810546875 0.95666806640625 0.1679962890625 0.95624599609375 0.14604892578125 0.99848759765625 0.14645634765625 0.9984875 0.16782001953125
0 0.9984875 0.1932849609375 0.993950390625 0.19360146484375 0.99409111328125 0.19838486328125 0.993950390625 0.20429384765625 0.98593115234375 0.2062634765625 0.98621259765625 0.20738896484375 0.97031474609375 0.20879580078125 0.96932998046875 0.201620703125 0.95638662109375 0.20133935546875 0.95638662109375 0.1741865234375 0.9984875 0.176087890625 0.9984875 0.1932849609375
0 0.9984873046875 0.320978515625 0.99107099609375 0.3205978515625 0.99061259765625 0.3295353515625 0.9555501953125 0.32861865234375 0.95577939453125 0.30111865234375 0.96775947265625 0.30209814453125 0.968071484375 0.29955810546875 0.9848775390625 0.29902490234375 0.98503349609375 0.300975390625 0.9984873046875 0.3014412109375 0.9984873046875 0.320978515625
0 0.9984873046875 0.2985955078125 0.9561384765625 0.29954638671875 0.95459091796875 0.273659765625 0.9917326171875 0.2749259765625 0.9917326171875 0.27816171875 0.99848740234375 0.27839169921875 0.9984873046875 0.2985955078125
0 0.99848740234375 0.27124912109375 0.95501298828125 0.2707052734375 0.954872265625 0.2428490234375 0.98708994140625 0.2446779296875 0.98708994140625 0.2490392578125 0.9951091796875 0.24917998046875 0.9951091796875 0.2549482421875 0.99848740234375 0.25504541015625 0.99848740234375 0.27124912109375
0 0.956537109375 0.24171767578125 0.95601884765625 0.2188294921875 0.965433203125 0.21787939453125 0.965433203125 0.21183349609375 0.975711328125 0.2124380859375 0.97605 0.2152826171875 0.98646435546875 0.2147439453125 0.986284765625 0.22048984375 0.99848740234375 0.22085361328125 0.99848740234375 0.240865625 0.956537109375 0.24171767578125
0 0.9474501953125 0.301630859375 0.948012890625 0.3280802734375 0.9157953125 0.3280802734375 0.91410703125 0.322593359375 0.90116376953125 0.3220306640625 0.901023046875 0.302475 0.9474501953125 0.301630859375
0 0.90088232421875 0.28052763671875 0.909745703125 0.2786986328125 0.91058984375 0.272086328125 0.95082666015625 0.27321181640625 0.95082666015625 0.298254296875 0.90116376953125 0.299942578125 0.90088232421875 0.28052763671875
0 0.94673828125 0.2423046875 0.94646533203125 0.27011669921875 0.90088232421875 0.27138291015625 0.90074169921875 0.24873212890625 0.9157953125 0.24887275390625 0.91593603515625 0.24240107421875 0.945458984375 0.241728515625 0.94673828125 0.2423046875
0 0.9332333984375 0.21589677734375 0.94690224609375 0.2163376953125 0.946748046875 0.24115234375 0.93827744140625 0.24154755859375 0.93828125 0.24171875 0.901596484375 0.24180146484375 0.90115556640625 0.2203060546875 0.912730078125 0.21964462890625 0.912840234375 0.207078125 0.93345380859375 0.207078125 0.9332333984375 0.21589677734375
0 0.9157861328125 0.20243056640625 0.91488837890625 0.19812119140625 0.9023193359375 0.19758251953125 0.90213974609375 0.17406044921875 0.9493634765625 0.17477861328125 0.94918388671875 0.2011736328125 0.9157861328125 0.20243056640625
0 0.9028580078125 0.1643642578125 0.9017806640625 0.14533115234375 0.94756787109375 0.14533115234375 0.948465625 0.17208525390625 0.91327236328125 0.17046923828125 0.9130927734375 0.16346650390625 0.9028580078125 0.1643642578125
0 0.9157861328125 0.1412013671875 0.91560654296875 0.13617373046875 0.90267841796875 0.135994140625 0.9017806640625 0.1149859375 0.94810654296875 0.1162427734375 0.9472087890625 0.1412013671875 0.9157861328125 0.1412013671875
0 0.90267841796875 0.08787265625 0.94756787109375 0.08877041015625 0.947980859375 0.11482138671875 0.91831728515625 0.1145720703125 0.9186912109375 0.10975283203125 0.90211474609375 0.109642578125 0.90267841796875 0.08787265625
0 0.91590322265625 0.08673349609375 0.91535087890625 0.08009677734375 0.90240751953125 0.07939326171875 0.9015634765625 0.0591341796875 0.94925673828125 0.06068173828125 0.9486939453125 0.08713115234375 0.91590322265625 0.08673349609375
0 0.9017041015625 0.04928603515625 0.90057861328125 0.030855859375 0.94784990234375 0.03113720703125 0.9493974609375 0.048301171875 0.93392177734375 0.04928603515625 0.93364033203125 0.05660185546875 0.91788330078125 0.05716455078125 0.917742578125 0.05083359375 0.9017041015625 0.04928603515625
0 0.9007193359375 0.00243681640625 0.94813125 0.0034216796875 0.9495380859375 0.0277607421875 0.9167578125 0.02747939453125 0.9154916015625 0.02368076171875 0.9025482421875 0.02297734375 0.9007193359375 0.00243681640625
0 0.6409498046875 0.19004111328125 0.6688021484375 0.18883017578125 0.6700130859375 0.1981142578125 0.6421607421875 0.19972890625 0.6409498046875 0.19004111328125
0 0.85690751953125 0.40571328125 0.856312890625 0.39528994140625 0.9252283203125 0.39928310546875 0.923888671875 0.40705283203125 0.85690751953125 0.40571328125
