0 0.10836103515625 0.0063986328125 0.11838203125 0.00792763671875 0.11433095703125 0.03518232421875 0.10409677734375 0.03368984375 0.10836103515625 0.0063986328125
0 0.2194501953125 0.16172294921875 0.2316033203125 0.1585248046875 0.23416181640625 0.16108330078125 0.23906572265625 0.178353515625 0.19621015625 0.19114619140625 0.1936515625 0.18944052734375 0.19045341796875 0.17984599609375 0.1893873046875 0.17089111328125 0.20239326171875 0.16726650390625 0.2015404296875 0.16172294921875 0.21859736328125 0.157671875 0.2194501953125 0.16172294921875
0 0.27656328125 0.1493162109375 0.31570048828125 0.13308544921875 0.32119794921875 0.14277158203125 0.2842859375 0.15795517578125 0.2803591796875 0.1583478515625 0.27656328125 0.1493162109375
0 0.41434755859375 0.11447041015625 0.46317099609375 0.1013810546875 0.46565791015625 0.11132890625 0.4376466796875 0.1178736328125 0.44026455078125 0.127559765625 0.4182744140625 0.13240283203125 0.41434755859375 0.11447041015625
0 0.48524580078125 0.10934853515625 0.4966056640625 0.106007421875 0.49693984375 0.1075109375 0.50278681640625 0.10584033203125 0.50579384765625 0.1151955078125 0.48775166015625 0.120040234375 0.48524580078125 0.10934853515625
0 0.506462109375 0.099993359375 0.511473828125 0.09832275390625 0.5186572265625 0.09681923828125 0.522499609375 0.10851328125 0.5101373046875 0.11235556640625 0.506462109375 0.099993359375
0 0.56554873046875 0.07486708984375 0.5628275390625 0.06398232421875 0.56745361328125 0.0547302734375 0.6055501953125 0.045750390625 0.61289736328125 0.07704404296875 0.60391748046875 0.0786767578125 0.6047337890625 0.08275849609375 0.5867740234375 0.08711240234375 0.5837806640625 0.0707853515625 0.56554873046875 0.07486708984375
0 0.66196005859375 0.03709951171875 0.68590654296875 0.031112890625 0.68835556640625 0.04009287109375 0.6635927734375 0.0460794921875 0.66196005859375 0.03709951171875
0 0.76057412109375 9.66796875e-06 0.76334794921875 0.00587958984375 0.72757607421875 0.014909375 0.72306123046875 0.00969990234375 0.71800234375 1.015625e-05 0.76057412109375 9.66796875e-06
0 0.95140869140625 0.288430859375 0.97045703125 0.26502861328125 0.980525390625 0.2731921875 0.95385771484375 0.3061185546875 0.94351728515625 0.29931552734375 0.94776611328125 0.2940212890625 0.9432451171875 0.2906078125 0.9473888671875 0.28564765625 0.95140869140625 0.288430859375
0 0.92530986328125 0.28322265625 0.92764873046875 0.2780439453125 0.93165810546875 0.27420166015625 0.943519140625 0.28238740234375 0.93616865234375 0.291742578125 0.92530986328125 0.28322265625
0 0.9204193359375 0.3370310546875 0.95495966796875 0.361550390625 0.95495966796875 0.364108984375 0.95133505859375 0.36965244140625 0.94707080078125 0.369012890625 0.9142361328125 0.344919921875 0.9204193359375 0.3370310546875
0 0.87368193359375 0.375847265625 0.89095205078125 0.385228515625 0.88668779296875 0.3920513671875 0.89329736328125 0.39610234375 0.88540859375 0.40782900390625 0.87965185546875 0.40377802734375 0.870696875 0.41678388671875 0.85363994140625 0.40718935546875 0.87368193359375 0.375847265625
0 0.93700595703125 0.48571982421875 0.947425 0.4926658203125 0.9144314453125 0.53295263671875 0.90297060546875 0.526006640625 0.9102431640625 0.51745029296875 0.90814375 0.51604150390625 0.91079423828125 0.512330078125 0.9129298828125 0.51376123046875 0.93700595703125 0.48571982421875
0 0.92498251953125 0.44631787109375 0.9362828125 0.4548462890625 0.9260486328125 0.4676390625 0.91474833984375 0.459110546875 0.92498251953125 0.44631787109375
0 0.86518095703125 0.55066337890625 0.88442236328125 0.565192578125 0.87931748046875 0.5710828125 0.87696142578125 0.56964296875 0.8746052734375 0.57226083984375 0.8939775390625 0.586135546875 0.8833751953125 0.59948671875 0.84790302734375 0.57540234375 0.849997265625 0.56846494140625 0.85418583984375 0.56506171875 0.86518095703125 0.55066337890625
0 0.905600390625 0.58290244140625 0.909609765625 0.57906015625 0.91985107421875 0.58643603515625 0.91359384765625 0.5948501953125 0.9029275390625 0.58791416015625 0.905600390625 0.58290244140625
0 0.90794970703125 0.60579873046875 0.91269072265625 0.59937021484375 0.922655078125 0.60603984375 0.9129318359375 0.6174712890625 0.8996728515625 0.6078880859375 0.9039318359375 0.6028255859375 0.90794970703125 0.60579873046875
0 0.88541611328125 0.61452001953125 0.89089296875 0.60798701171875 0.90312578125 0.61688525390625 0.89769697265625 0.6233703125 0.88541611328125 0.61452001953125
0 0.86426669921875 0.61845146484375 0.872881640625 0.6116826171875 0.88334267578125 0.62265634765625 0.87452265625 0.62942529296875 0.86426669921875 0.61845146484375
0 0.91037548828125 0.6463271484375 0.91616123046875 0.6463271484375 0.9162416015625 0.65235390625 0.91053623046875 0.65243427734375 0.91037548828125 0.6463271484375
0 0.89031005859375 0.63428017578125 0.89537255859375 0.63845869140625 0.8906314453125 0.64408369140625 0.88564931640625 0.639985546875 0.89031005859375 0.63428017578125
0 0.8981505859375 0.6406818359375 0.903278515625 0.64304072265625 0.9001388671875 0.6487138671875 0.89517646484375 0.64622001953125 0.8981505859375 0.6406818359375
0 0.65726484375 0.8403560546875 0.665580078125 0.83971640625 0.66600654296875 0.8414220703125 0.670483984375 0.840995703125 0.67410859375 0.89110048828125 0.6600365234375 0.89259296875 0.65726484375 0.8403560546875
0 0.65385341796875 0.816689453125 0.65193447265625 0.7717017578125 0.6649404296875 0.77084892578125 0.66835185546875 0.81604990234375 0.65385341796875 0.816689453125
0 0.6447916015625 0.6819736328125 0.65649267578125 0.68142939453125 0.65649267578125 0.686599609375 0.6622072265625 0.686599609375 0.662479296875 0.69503525390625 0.65866962890625 0.695307421875 0.66193505859375 0.721975 0.64887333984375 0.72333564453125 0.6447916015625 0.6819736328125
0 0.5136896484375 0.90751259765625 0.52103681640625 0.90397509765625 0.52511865234375 0.90506357421875 0.541445703125 0.94588134765625 0.53409853515625 0.9486025390625 0.52947255859375 0.9475140625 0.5136896484375 0.90751259765625
0 0.4234310546875 0.9717494140625 0.4353708984375 0.9572509765625 0.47716044921875 0.9896591796875 0.47021865234375 0.99901142578125 0.4588201171875 0.999011328125 0.4234310546875 0.9717494140625
0 0.38378017578125 0.85976611328125 0.384958203125 0.8555775390625 0.3887541015625 0.8509962890625 0.4335197265625 0.87285546875 0.4305091796875 0.87979287109375 0.4268666015625 0.8799013671875 0.38378017578125 0.85976611328125
0 0.42525126953125 0.84144990234375 0.44273466796875 0.8045642578125 0.449816796875 0.80790087890625 0.45147626953125 0.80520390625 0.46490869140625 0.8116001953125 0.4574462890625 0.82759111328125 0.459151953125 0.82780439453125 0.45510087890625 0.8359064453125 0.45232919921875 0.8346271484375 0.44507998046875 0.8501916015625 0.4429478515625 0.8501916015625 0.42525126953125 0.84144990234375
0 0.47340341796875 0.77489560546875 0.49365849609375 0.739715625 0.5122080078125 0.75016298828125 0.49387177734375 0.78257119140625 0.4879017578125 0.78321083984375 0.47340341796875 0.77489560546875
0 0.5068119140625 0.7140435546875 0.51939140625 0.6971998046875 0.53346337890625 0.707647265625 0.520457421875 0.7238513671875 0.5068119140625 0.7140435546875
0 0.566939453125 0.63923740234375 0.56927822265625 0.63004931640625 0.5841462890625 0.63021630859375 0.5851486328125 0.63272216796875 0.585983984375 0.64625380859375 0.56844296875 0.64658798828125 0.566939453125 0.63923740234375
0 0.52266923828125 0.63071748046875 0.52601044921875 0.63255517578125 0.52701279296875 0.64675498046875 0.51013994140625 0.6479244140625 0.50646474609375 0.63957158203125 0.50813525390625 0.6313857421875 0.52266923828125 0.63071748046875
0 0.426611328125 0.63004931640625 0.44331708984375 0.62954814453125 0.4464912109375 0.63305634765625 0.4467154296875 0.64271875 0.4437083984375 0.64288583984375 0.4437083984375 0.64689521484375 0.42633447265625 0.646728125 0.42499794921875 0.639210546875 0.426611328125 0.63004931640625
0 0.36534306640625 0.64261650390625 0.3656771484375 0.64712705078125 0.3481361328125 0.647294140625 0.34479501953125 0.639275390625 0.34679970703125 0.630254296875 0.3671806640625 0.62992021484375 0.36734775390625 0.64261650390625 0.36534306640625 0.64261650390625
0 0.26752978515625 0.630635546875 0.2939248046875 0.630635546875 0.29609658203125 0.63297431640625 0.2959294921875 0.6481765625 0.268198046875 0.6473412109375 0.26552509765625 0.63898837890625 0.26752978515625 0.630635546875
0 0.19616064453125 0.637556640625 0.19807958984375 0.630307421875 0.2319802734375 0.630307421875 0.2325173828125 0.63946748046875 0.22588349609375 0.63959423828125 0.2260103515625 0.645871875 0.19935888671875 0.64693798828125 0.19616064453125 0.637556640625
0 0.135971484375 0.64935478515625 0.1346921875 0.6395470703125 0.13682431640625 0.63016572265625 0.1643287109375 0.63187138671875 0.164968359375 0.64935478515625 0.135971484375 0.64935478515625
0 0.06528525390625 0.63031416015625 0.093429296875 0.630740625 0.0934130859375 0.632019921875 0.098333203125 0.632019921875 0.09790673828125 0.64779755859375 0.093429296875 0.64801083984375 0.093429296875 0.64907685546875 0.0663513671875 0.65035615234375 0.063153125 0.6399087890625 0.06528525390625 0.63031416015625
0 -0.0 0.62945693359375 0.02336875 0.62981455078125 0.02336875 0.6307375 0.02665068359375 0.63094267578125 0.02603525390625 0.64868525390625 -0.0 0.64837763671875 -0.0 0.62945693359375
0 0.00135673828125 0.48091982421875 0.05498212890625 0.48242333984375 0.05498212890625 0.49361611328125 0.0011896484375 0.49194560546875 0.00135673828125 0.48091982421875
0 0.075817578125 0.54989697265625 0.12720166015625 0.55011015625 0.12741484375 0.5605576171875 0.0788025390625 0.560983984375 0.075817578125 0.55842548828125 0.075817578125 0.54989697265625
0 0.15406630859375 0.5507498046875 0.20609013671875 0.5509630859375 0.20587685546875 0.55970478515625 0.203105078125 0.56183681640625 0.15406630859375 0.5616236328125 0.15406630859375 0.5507498046875
0 0.27239599609375 0.55189970703125 0.31611455078125 0.5522923828125 0.315852734375 0.5625021484375 0.27318134765625 0.56237119140625 0.271087109375 0.55857529296875 0.27239599609375 0.55189970703125
0 0.27606103515625 0.509751953125 0.3179470703125 0.511191796875 0.3180779296875 0.52140146484375 0.27593017578125 0.51996162109375 0.27606103515625 0.509751953125
0 0.35360263671875 0.55241591796875 0.40009423828125 0.55248046875 0.39971044921875 0.56294052734375 0.3532685546875 0.56227236328125 0.35360263671875 0.55241591796875
0 0.441026953125 0.5531052734375 0.488137109375 0.5526041015625 0.48847119140625 0.56279453125 0.44085986328125 0.56296162109375 0.441026953125 0.5531052734375
0 0.51005966796875 0.55302587890625 0.55669501953125 0.5523873046875 0.5574658203125 0.563295703125 0.51052275390625 0.5646322265625 0.51005966796875 0.55302587890625
0 0.0396115234375 0.7052435546875 0.05849990234375 0.70726142578125 0.05722060546875 0.7202673828125 0.061698046875 0.72090703125 0.05956591796875 0.73732431640625 0.05594130859375 0.73668466796875 0.05531494140625 0.7510171875 0.05280908203125 0.75218662109375 0.0330962890625 0.75001484375 0.0396115234375 0.7052435546875
0 0.5940501953125 0.48878251953125 0.606567578125 0.49259208984375 0.59677138671875 0.52524638671875 0.58370966796875 0.5217087890625 0.5940501953125 0.48878251953125
0 0.5192951171875 0.50948154296875 0.555967578125 0.5096947265625 0.55639404296875 0.51971572265625 0.51886865234375 0.5201421875 0.5192951171875 0.50948154296875
0 0.4531994140625 0.49924736328125 0.4988267578125 0.5109740234375 0.49626826171875 0.51971572265625 0.45042763671875 0.50841552734375 0.4531994140625 0.49924736328125
0 0.39819072265625 0.475580859375 0.430812109375 0.490079296875 0.42697431640625 0.49818134765625 0.39392646484375 0.4832564453125 0.39819072265625 0.475580859375
0 0.344248046875 0.4453046875 0.373031640625 0.46321455078125 0.368127734375 0.47046376953125 0.33913095703125 0.4519142578125 0.344248046875 0.4453046875
0 0.49286923828125 0.43020556640625 0.5374966796875 0.4429951171875 0.53450341796875 0.45279140625 0.4898759765625 0.44027392578125 0.49286923828125 0.43020556640625
0 0.435996484375 0.4046263671875 0.4626640625 0.41932080078125 0.45858232421875 0.4255794921875 0.4319146484375 0.41170146484375 0.435996484375 0.4046263671875
0 0.3764025390625 0.3605431640625 0.41286640625 0.38884345703125 0.4074240234375 0.39619072265625 0.404975 0.3959185546875 0.3698716796875 0.36789033203125 0.3764025390625 0.3605431640625
0 0.31109404296875 0.3210859375 0.35272822265625 0.34040634765625 0.3481021484375 0.34993056640625 0.3467416015625 0.34993056640625 0.30674013671875 0.33033798828125 0.31109404296875 0.3210859375
0 0.6683287109375 0.36398974609375 0.699137109375 0.357259765625 0.70179931640625 0.36535029296875 0.67023359375 0.3721533203125 0.6683287109375 0.36398974609375
4 0.64709658203125 0.406155078125 0.66174794921875 0.388028125 0.66827880859375 0.3921099609375 0.653584375 0.41061396484375 0.64709658203125 0.406155078125
4 0.6331751953125 0.38660078125 0.651724609375 0.3642134765625 0.6596134765625 0.3691173828125 0.6414904296875 0.3919310546875 0.6331751953125 0.38660078125
4 0.70952197265625 0.00642900390625 0.7138322265625 0.0032271484375 0.71888134765625 0.01000029296875 0.714078515625 0.0134484375 0.70952197265625 0.00642900390625
0 0.98530693359375 0.26622001953125 0.990652734375 0.26070712890625 0.994662109375 0.2645494140625 0.99249033203125 0.266387109375 0.994662109375 0.2685587890625 0.99132099609375 0.2715658203125 0.98530693359375 0.26622001953125
0 0.4041953125 0.82814873046875 0.40407216796875 0.82334599609375 0.4138009765625 0.8228533203125 0.414047265625 0.82839501953125 0.412692578125 0.82839501953125 0.412692578125 0.830119140625 0.415032421875 0.8298728515625 0.4152787109375 0.83307470703125 0.40431845703125 0.833444140625 0.4041953125 0.82814873046875
