2 0.98210498046875 0.92310048828125 0.98167109375 0.9291744140625 0.9847080078125 0.93524833984375 0.967787890625 0.93893603515625 0.9647509765625 0.93307900390625 0.96626943359375 0.92570361328125 0.98210498046875 0.92310048828125
2 0.89858076171875 0.909475390625 0.91373251953125 0.9091294921875 0.9144244140625 0.923534375 0.90368251953125 0.9234052734375 0.904012109375 0.93069287109375 0.896853515625 0.93069287109375 0.89695791015625 0.9243388671875 0.89179287109375 0.926049609375 0.8900025390625 0.9128720703125 0.89858076171875 0.909475390625
3 0.841553515625 0.89522216796875 0.8488267578125 0.895212890625 0.84883291015625 0.90054775390625 0.84151728515625 0.90054462890625 0.841553515625 0.89522216796875
2 0.83086435546875 0.9178564453125 0.851562890625 0.91205341796875 0.85865830078125 0.9384525390625 0.83768505859375 0.94366982421875 0.83086435546875 0.9178564453125
2 0.8574841796875 0.9280564453125 0.8634416015625 0.92626279296875 0.86536337890625 0.9331810546875 0.85947001953125 0.93491064453125 0.8574841796875 0.9280564453125
2 0.82857919921875 0.91019755859375 0.834476171875 0.93127509765625 0.803119140625 0.9416052734375 0.79738017578125 0.92052763671875 0.82857919921875 0.91019755859375
2 0.81037080078125 0.9392451171875 0.8211966796875 0.93565791015625 0.824271484375 0.94520263671875 0.81325341796875 0.94885390625 0.81037080078125 0.9392451171875
2 0.73423896484375 0.9046490234375 0.748962109375 0.93695947265625 0.75254267578125 0.93504619140625 0.75650244140625 0.94116708984375 0.732878515625 0.9514703125 0.7290654296875 0.9422712890625 0.72395087890625 0.94453515625 0.71659609375 0.927548046875 0.721528515625 0.92510712890625 0.71581220703125 0.9127625 0.73423896484375 0.9046490234375
2 0.441154296875 0.87879150390625 0.45441162109375 0.8759021484375 0.45594130859375 0.8821908203125 0.44252041015625 0.8850802734375 0.441154296875 0.87879150390625
3 0.43391201171875 0.86540400390625 0.43579013671875 0.86331708984375 0.441007421875 0.8674908203125 0.43745966796875 0.8713515625 0.4332859375 0.86801259765625 0.43391201171875 0.86540400390625
3 0.4235388671875 0.86953583984375 0.4321951171875 0.87486279296875 0.42913212890625 0.87979013671875 0.4204759765625 0.874330078125 0.42060908203125 0.870867578125 0.4235388671875 0.86953583984375
2 0.39131103515625 0.86420888671875 0.412485546875 0.87579501953125 0.4080908203125 0.88338583984375 0.38718271484375 0.87126708984375 0.388514453125 0.86700556640625 0.39131103515625 0.86420888671875
2 0.34296923828125 0.84383349609375 0.353889453125 0.85022578125 0.33378037109375 0.88245361328125 0.322993359375 0.87646083984375 0.34296923828125 0.84383349609375
2 0.353412890625 0.89130986328125 0.35693603515625 0.89413681640625 0.36194521484375 0.89521396484375 0.35714169921875 0.90529296875 0.35128212890625 0.90329541015625 0.34861865234375 0.89956650390625 0.353412890625 0.89130986328125
2 0.41568974609375 0.898419140625 0.42996689453125 0.8946142578125 0.4303068359375 0.8961439453125 0.43659560546875 0.89478427734375 0.43659560546875 0.8929146484375 0.44713349609375 0.8901951171875 0.4496830078125 0.89971328125 0.43897509765625 0.90260263671875 0.43880517578125 0.9005630859375 0.43102548828125 0.9021078125 0.43132666015625 0.90310078125 0.41626533203125 0.9056921875 0.41568974609375 0.898419140625
2 0.27101748046875 0.79116552734375 0.27967373046875 0.79809052734375 0.2800732421875 0.80128671875 0.25330556640625 0.8356453125 0.2493103515625 0.83271552734375 0.24691318359375 0.83537900390625 0.24345068359375 0.83178330078125 0.24624736328125 0.82911982421875 0.243051171875 0.8261900390625 0.27101748046875 0.79116552734375
2 0.1833203125 0.778703125 0.2141427734375 0.75714384765625 0.21978291015625 0.7662546875 0.1897634765625 0.7883123046875 0.185942578125 0.78404248046875 0.1833203125 0.778703125
2 0.14908125 0.72644990234375 0.16080048828125 0.7303119140625 0.15041298828125 0.76720087890625 0.1377615234375 0.76293935546875 0.14908125 0.72644990234375
2 0.10886298828125 0.70594130859375 0.1201439453125 0.710276953125 0.10126708984375 0.75033681640625 0.0893658203125 0.74464912109375 0.10886298828125 0.70594130859375
2 0.056446484375 0.67885498046875 0.06641337890625 0.68320751953125 0.0623060546875 0.69141279296875 0.068565234375 0.69407626953125 0.065102734375 0.7033984375 0.0583109375 0.70033544921875 0.04748173828125 0.7234046875 0.0364705078125 0.7177810546875 0.056446484375 0.67885498046875
2 -0.0 0.68093486328125 0.0089083984375 0.6600869140625 0.01978203125 0.6647470703125 0.00400302734375 0.70186455078125 -0.0 0.69990244140625 -0.0 0.68093486328125
2 -0.0 0.5127345703125 0.02390703125 0.49795244140625 0.0329626953125 0.51313408203125 -0.0 0.53390908203125 -0.0 0.5127345703125
2 0.0663044921875 0.4550873046875 0.0797318359375 0.46868466796875 0.06597744140625 0.48210546875 0.051857421875 0.46814892578125 0.05814609375 0.46052626953125 0.0663044921875 0.4550873046875
2 -0.0 0.45628310546875 0.0088607421875 0.46821962890625 -0.0 0.473942578125 -0.0 0.45628310546875
2 0.20396328125 0.546921484375 0.23452568359375 0.55193017578125 0.2340546875 0.56612197265625 0.23642490234375 0.5663140625 0.235758203125 0.58518818359375 0.20081455078125 0.5831787109375 0.19559736328125 0.573266015625 0.2010287109375 0.56619755859375 0.20116416015625 0.5592806640625 0.1990341796875 0.55304033203125 0.20396328125 0.546921484375
2 0.23300673828125 0.5386353515625 0.23660244140625 0.52878046875 0.2526875 0.53067783203125 0.25055673828125 0.5494869140625 0.24592451171875 0.5487564453125 0.24333017578125 0.5667583984375 0.23415908203125 0.56591328125 0.23462998046875 0.551721484375 0.232064453125 0.5513794921875 0.23300673828125 0.5386353515625
2 0.34321826171875 0.48462548828125 0.34870283203125 0.49186044921875 0.354622265625 0.48844755859375 0.36399306640625 0.50051474609375 0.35755205078125 0.50576005859375 0.3622158203125 0.51373125 0.34304541015625 0.52781435546875 0.334380078125 0.5147095703125 0.325541796875 0.52048837890625 0.3223125 0.51725908203125 0.32213671875 0.51383037109375 0.3308107421875 0.5079109375 0.32843125 0.50247197265625 0.32435205078125 0.496183203125 0.34321826171875 0.48462548828125
2 0.31320546875 0.44716396484375 0.3277212890625 0.43784189453125 0.351159765625 0.475929296875 0.3362443359375 0.484585546875 0.31320546875 0.44716396484375
2 0.3666078125 0.46620771484375 0.42120869140625 0.43411298828125 0.43079716796875 0.4302509765625 0.43918701171875 0.4254568359375 0.454501953125 0.45075966796875 0.42866640625 0.46434326171875 0.42293994140625 0.45595341796875 0.37459814453125 0.48258798828125 0.36700732421875 0.4751302734375 0.3666078125 0.46620771484375
2 0.390712109375 0.47806005859375 0.41361787109375 0.46460966796875 0.41947744140625 0.47499716796875 0.39643857421875 0.488314453125 0.390712109375 0.47806005859375
2 0.36263154296875 0.31711962890625 0.364896875 0.31473349609375 0.3863724609375 0.33403974609375 0.3644630859375 0.35464755859375 0.356219921875 0.35117685546875 0.3379982421875 0.33078583984375 0.35838916015625 0.31408271484375 0.36263154296875 0.31711962890625
2 0.26710703125 0.2398166015625 0.2837396484375 0.253929296875 0.28066845703125 0.257185546875 0.30809208984375 0.28289443359375 0.295171484375 0.29725234375 0.28413544921875 0.28728994140625 0.269846484375 0.30303115234375 0.259478515625 0.29096357421875 0.24860068359375 0.28263525390625 0.2358875 0.271598828125 0.26429892578125 0.24392509765625 0.26340556640625 0.24326123046875 0.26710703125 0.2398166015625
2 0.42684228515625 0.0977287109375 0.44887861328125 0.1204310546875 0.44260205078125 0.12554765625 0.44420009765625 0.1278115234375 0.44273525390625 0.12901015625 0.44886123046875 0.135535546875 0.4388732421875 0.1451240234375 0.4334130859375 0.1400634765625 0.42728720703125 0.1453904296875 0.40211748046875 0.11862265625 0.42684228515625 0.0977287109375
2 0.3891630859375 0.16078583984375 0.3949419921875 0.15415712890625 0.404969921875 0.15058779296875 0.43080478515625 0.18254150390625 0.41567783203125 0.1944390625 0.3891630859375 0.16078583984375
2 0.44270244140625 0.182371484375 0.44729150390625 0.1966486328125 0.4331025390625 0.2008095703125 0.42827470703125 0.186829296875 0.44270244140625 0.182371484375
2 0.4811708984375 0.15060068359375 0.49442822265625 0.1652177734375 0.4706330078125 0.1876533203125 0.45754560546875 0.1743958984375 0.4811708984375 0.15060068359375
2 0.613021875 0.1190404296875 0.61865654296875 0.123631640625 0.62763017578125 0.11351015625 0.6433861328125 0.1267619140625 0.63545595703125 0.13667470703125 0.637647265625 0.138344140625 0.6228302734375 0.15535234375 0.60550908203125 0.1451265625 0.604361328125 0.13897021484375 0.600083203125 0.13385732421875 0.613021875 0.1190404296875
2 0.6683740234375 0.17135107421875 0.67967255859375 0.18214853515625 0.66336953125 0.19611396484375 0.6525720703125 0.18559345703125 0.6683740234375 0.17135107421875
2 0.57108916015625 0.1821888671875 0.5758833984375 0.186450390625 0.570922265625 0.19136767578125 0.56633037109375 0.1870572265625 0.57108916015625 0.1821888671875
2 0.64451591796875 0.22641025390625 0.64848095703125 0.23225361328125 0.65348955078125 0.2359056640625 0.63439453125 0.2542703125 0.6280294921875 0.2518703125 0.625003515625 0.24519228515625 0.64451591796875 0.22641025390625
2 0.25124814453125 0.3083609375 0.2546474609375 0.30853095703125 0.256621484375 0.3103736328125 0.25957646484375 0.311250390625 0.25958984375 0.31488466796875 0.25861044921875 0.3193431640625 0.25487978515625 0.31912265625 0.2512599609375 0.3195400390625 0.2485673828125 0.31733046875 0.2469720703125 0.3145216796875 0.247848828125 0.3114203125 0.249641015625 0.309851953125 0.25124814453125 0.3083609375
2 0.28374501953125 0.373645703125 0.29173349609375 0.36820673828125 0.30227138671875 0.38231396484375 0.2942830078125 0.38758291015625 0.28374501953125 0.373645703125
2 0.4134126953125 0.38780634765625 0.4204708984375 0.38354482421875 0.42979296875 0.37928330078125 0.45442998046875 0.417637109375 0.43791650390625 0.4269591796875 0.4134126953125 0.38780634765625
2 0.27550400390625 0.4875529296875 0.28553203125 0.47021640625 0.29471015625 0.47599521484375 0.28519208984375 0.49265185546875 0.27550400390625 0.4875529296875
2 0.26054697265625 0.46086826171875 0.2683654296875 0.46392763671875 0.26275654296875 0.47752490234375 0.25510810546875 0.47514541015625 0.26054697265625 0.46086826171875
3 0.7697404296875 0.8990896484375 0.77383837890625 0.89851513671875 0.77436416015625 0.9038248046875 0.77133505859375 0.90473359375 0.7697404296875 0.8990896484375
3 0.29756337890625 0.5497103515625 0.302638671875 0.550881640625 0.30302900390625 0.55556640625 0.30029619140625 0.55829921875 0.29522099609375 0.5559568359375 0.2948306640625 0.5504912109375 0.29756337890625 0.5497103515625
