2 0.05431337890625 0.0476572265625 0.06201845703125 0.04040537109375 0.0631515625 0.03451328125 0.07357607421875 0.02658154296875 0.08762646484375 0.04108525390625 0.08694658203125 0.04176513671875 0.09442509765625 0.04901689453125 0.0941984375 0.05037666015625 0.09918408203125 0.0555888671875 0.09147900390625 0.06284072265625 0.10009052734375 0.06918603515625 0.10054384765625 0.07349189453125 0.0901193359375 0.0816501953125 0.08898623046875 0.0818767578125 0.08581357421875 0.0818767578125 0.0753890625 0.070319140625 0.07584228515625 0.0680529296875 0.074029296875 0.06850625 0.06496455078125 0.0601212890625 0.06609765625 0.05966806640625 0.05431337890625 0.0476572265625
0 0.8393560546875 0.126887890625 0.8672302734375 0.13481962890625 0.86224462890625 0.1556685546875 0.86043173828125 0.1556685546875 0.833690625 0.148643359375 0.83437041015625 0.13731240234375 0.8393560546875 0.126887890625
1 0.8361833984375 0.17379814453125 0.84887412109375 0.176517578125 0.8486474609375 0.17787734375 0.85114033203125 0.17833056640625 0.84978056640625 0.18535576171875 0.84955400390625 0.18716875 0.8518201171875 0.1878486328125 0.85136689453125 0.18852841796875 0.8525 0.188755078125 0.85046044921875 0.20144580078125 0.847741015625 0.20257890625 0.8468345703125 0.2034853515625 0.84502158203125 0.2048451171875 0.84320859375 0.20597822265625 0.8409423828125 0.2066580078125 0.8400359375 0.207337890625 0.83958271484375 0.2082443359375 0.8393560546875 0.21005732421875 0.81805380859375 0.20620478515625 0.81873369140625 0.20393857421875 0.81828046875 0.200992578125 0.8176005859375 0.1987263671875 0.81737392578125 0.19668671875 0.81714736328125 0.19623349609375 0.81964013671875 0.18150322265625 0.83437041015625 0.18422265625 0.8361833984375 0.17379814453125
0 0.9381623046875 0.201219140625 0.98529912109375 0.21232353515625 0.98552578125 0.21390986328125 0.98892509765625 0.2141365234375 0.9880185546875 0.21934873046875 0.98960498046875 0.22025517578125 0.98983154296875 0.22116171875 0.98983154296875 0.2220681640625 0.98960498046875 0.22388115234375 0.98824521484375 0.22456103515625 0.98665888671875 0.22478759765625 0.98507255859375 0.232039453125 0.983939453125 0.232039453125 0.9830330078125 0.232039453125 0.98144658203125 0.232266015625 0.98031357421875 0.23385244140625 0.9755544921875 0.2343056640625 0.9753279296875 0.232266015625 0.9576515625 0.228866796875 0.9576515625 0.2306796875 0.93295 0.2250142578125 0.9336298828125 0.2118703125 0.9381623046875 0.201219140625
4 0.99844296875 0.1941935546875 0.98756533203125 0.1926076171875 0.988471875 0.1787837890625 0.993230859375 0.16563984375 0.99844306640625 0.1665123046875 0.99844296875 0.1941935546875
2 0.67946962890625 0.5081310546875 0.6753908203125 0.52425859375 0.65961826171875 0.52127861328125 0.65836376953125 0.5196720703125 0.6485263671875 0.51782763671875 0.6479115234375 0.51721279296875 0.6516005859375 0.50091953125 0.670353125 0.504916015625 0.670353125 0.506145703125 0.67946962890625 0.5081310546875
2 0.6460669921875 0.42806123046875 0.6454521484375 0.43021318359375 0.6488337890625 0.43082802734375 0.6454521484375 0.44558408203125 0.6426853515625 0.44527666015625 0.64145576171875 0.44742861328125 0.580894140625 0.43236513671875 0.581508984375 0.42037578125 0.58243125 0.416994140625 0.5861203125 0.40961611328125 0.61993642578125 0.416994140625 0.61901416015625 0.420683203125 0.6463744140625 0.42744638671875 0.6460669921875 0.42806123046875
1 0.99844267578125 0.5096375 0.9909671875 0.509116015625 0.991801171875 0.50286064453125 0.98346064453125 0.501192578125 0.98471171875 0.4945201171875 0.99263525390625 0.49577119140625 0.993387109375 0.49201796875 0.99844267578125 0.49284873046875 0.99844267578125 0.5096375
0 0.83565693359375 0.11550859375 0.83190361328125 0.1296875 0.82398017578125 0.1292705078125 0.81897578125 0.1242662109375 0.82398017578125 0.112589453125 0.83565693359375 0.11550859375
0 0.83398876953125 0.10424892578125 0.8327376953125 0.11175537109375 0.823974609375 0.1095703125 0.826318359375 0.10197265625 0.83398876953125 0.10424892578125
0 0.825849609375 0.101826171875 0.823505859375 0.109443359375 0.816056640625 0.10758515625 0.8185587890625 0.09966162109375 0.825849609375 0.101826171875
1 0.90586181640625 0.4721927734375 0.91087353515625 0.45431767578125 0.919059375 0.455487109375 0.93057412109375 0.45716279296875 0.93024326171875 0.45878115234375 0.93377744140625 0.4593046875 0.9218728515625 0.502726171875 0.889490234375 0.49842080078125 0.891494921875 0.48789619140625 0.890303125 0.47909208984375 0.895003125 0.46985400390625 0.90586181640625 0.4721927734375
1 0.9664486328125 0.519078125 0.969121484375 0.51039111328125 0.9749685546875 0.51189462890625 0.9839896484375 0.513565234375 0.9869966796875 0.5142333984375 0.98282021484375 0.533612109375 0.96578037109375 0.5307720703125 0.9569263671875 0.52809921875 0.95926513671875 0.517574609375 0.9664486328125 0.519078125
2 0.95043671875 0.5304046875 0.9616294921875 0.53207529296875 0.95929072265625 0.54343515625 0.94843203125 0.54209873046875 0.95043671875 0.5304046875
1 0.9502294921875 0.5585919921875 0.9445365234375 0.582851953125 0.94870849609375 0.58408505859375 0.9450376953125 0.599471484375 0.93783466796875 0.59848017578125 0.93719501953125 0.601251953125 0.9194984375 0.59762734375 0.93122509765625 0.5547716796875 0.9502294921875 0.5585919921875
2 0.88763994140625 0.57705263671875 0.89549169921875 0.552328125 0.91169619140625 0.55650458984375 0.910359765625 0.56335390625 0.91420205078125 0.5646904296875 0.91169619140625 0.57354443359375 0.9075197265625 0.5722080078125 0.90384453125 0.58206435546875 0.88763994140625 0.57705263671875
2 0.83091611328125 0.60987998046875 0.83957734375 0.58014384765625 0.87608779296875 0.5886546875 0.8668357421875 0.6185876953125 0.83091611328125 0.60987998046875
2 0.86792568359375 0.528708984375 0.8947478515625 0.5351763671875 0.889417578125 0.55735048828125 0.84016552734375 0.54434453125 0.84754462890625 0.5183513671875 0.86942919921875 0.52302900390625 0.86792568359375 0.528708984375
2 0.87277802734375 0.52813388671875 0.87394736328125 0.5227880859375 0.8886484375 0.52512685546875 0.88764609375 0.530973828125 0.87277802734375 0.52813388671875
2 0.6697505859375 0.53555947265625 0.70283115234375 0.541899609375 0.69789658203125 0.56532734375 0.66463544921875 0.558078125 0.6697505859375 0.53555947265625
2 0.67457392578125 0.45875126953125 0.68622353515625 0.4604529296875 0.684652734375 0.4679138671875 0.6732650390625 0.46581953125 0.67457392578125 0.45875126953125
2 0.63438955078125 0.48074140625 0.64407568359375 0.4828357421875 0.64263583984375 0.487940625 0.6332115234375 0.48610810546875 0.63438955078125 0.48074140625
2 0.36903095703125 0.30894091796875 0.374148046875 0.3004125 0.38288974609375 0.29508212890625 0.3995203125 0.31149951171875 0.38523515625 0.32578466796875 0.36903095703125 0.30894091796875
2 0.0928876953125 0.11983408203125 0.10431669921875 0.108405078125 0.11520146484375 0.0958876953125 0.14078056640625 0.1168408203125 0.11706142578125 0.14033837890625 0.0928876953125 0.11983408203125
