2 -0.0 0.62706064453125 -0.0 0.5915685546875 0.0015451171875 0.590614453125 0.01337587890625 0.61503916015625 0.01184931640625 0.618473828125 0.01375751953125 0.620763671875 -0.0 0.62706064453125
2 0.03215048828125 0.7274072265625 0.0017083984375 0.66043447265625 0.00268251953125 0.6584861328125 0.02484443359375 0.64898818359375 0.027766796875 0.65215419921875 0.05723486328125 0.7162044921875 0.03361171875 0.72838134765625 0.03215048828125 0.7274072265625
2 -0.0 0.788437109375 -0.0 0.76001328125 0.011317578125 0.75390712890625 0.0078828125 0.74226728515625 0.011317578125 0.74016826171875 0.00158583984375 0.71822421875 0.00177666015625 0.7138353515625 0.01188994140625 0.70925576171875 0.01540439453125 0.7105443359375 0.026533203125 0.73221630859375 0.05406240234375 0.71886171875 0.06556962890625 0.71732490234375 0.10404814453125 0.79681337890625 0.04430517578125 0.82465966796875 0.0367107421875 0.81554638671875 0.01949658203125 0.8231408203125 0.01342109375 0.821115625 -0.0 0.788437109375
2 -0.0 0.127385546875 0.0117701171875 0.12761572265625 0.01147578125 0.16764775390625 -0.0 0.16717080078125 -0.0 0.127385546875
2 0.84090146484375 1.03515625e-05 0.843684765625 0.022969140625 0.4667419921875 0.01973828125 0.46689794921875 1.279296875e-05 0.84090146484375 1.03515625e-05
2 0.84040517578125 0.10028896484375 0.50690419921875 0.09735302734375 0.507538671875 0.067219140625 0.51344423828125 0.069394921875 0.83918583984375 0.0709490234375 0.8404291015625 0.10016630859375 0.84040517578125 0.10028896484375
2 0.83938681640625 0.17723271484375 0.5450380859375 0.17366240234375 0.54464140625 0.14549697265625 0.83938681640625 0.1486705078125 0.840576953125 0.17723271484375 0.83938681640625 0.17723271484375
2 0.84097578125 0.251087890625 0.5827646484375 0.250581640625 0.5827646484375 0.22121640625 0.83895068359375 0.2232416015625 0.83945693359375 0.24956904296875 0.84097578125 0.251087890625
2 0.717566796875 0.29489814453125 0.819914453125 0.29529482421875 0.819914453125 0.36352666015625 0.81039375 0.36828701171875 0.726294140625 0.3674935546875 0.72550068359375 0.3770142578125 0.71836015625 0.37820439453125 0.717566796875 0.29569150390625 0.717566796875 0.29489814453125
2 0.717722265625 0.38077392578125 0.81912109375 0.38217138671875 0.81912109375 0.450403125 0.81356728515625 0.4551634765625 0.72550068359375 0.4543701171875 0.72470732421875 0.4638908203125 0.717566796875 0.46508095703125 0.717722265625 0.38077392578125
2 0.72201650390625 0.537852734375 0.71673251953125 0.52697392578125 0.71619697265625 0.4668654296875 0.72187841796875 0.46611787109375 0.7792181640625 0.46418623046875 0.81769765625 0.46656640625 0.81888779296875 0.476087109375 0.83792919921875 0.47807060546875 0.83753251953125 0.514169921875 0.84189619140625 0.51456669921875 0.84149951171875 0.52210390625 0.81849111328125 0.5232939453125 0.81849111328125 0.52964111328125 0.8311853515625 0.52884775390625 0.830788671875 0.54233544921875 0.8061935546875 0.54312880859375 0.80460673828125 0.535194921875 0.7435154296875 0.5355916015625 0.74430888671875 0.54233544921875 0.72566416015625 0.541938671875 0.72201650390625 0.537852734375
2 0.99843916015625 0.0927845703125 0.95815478515625 0.09202080078125 0.9561712890625 0.0900373046875 0.9518076171875 0.0848802734375 0.9518076171875 0.0352931640625 0.99843935546875 0.034909375 0.99843916015625 0.0927845703125
2 0.9984390625 0.12987939453125 0.955725 0.13004677734375 0.95183779296875 0.12645849609375 0.9521046875 0.09417109375 0.99843916015625 0.095832421875 0.9984390625 0.12987939453125
2 0.99843896484375 0.2099359375 0.96991357421875 0.20969169921875 0.9649283203125 0.2028087890625 0.96501416015625 0.17160888671875 0.9984390625 0.17261298828125 0.99843896484375 0.2099359375
2 0.9984388671875 0.31537919921875 0.9554458984375 0.3144021484375 0.9513955078125 0.30579501953125 0.95038291015625 0.26022841796875 0.95240810546875 0.25820322265625 0.9984388671875 0.2567341796875 0.9984388671875 0.31537919921875
2 0.9418166015625 0.5162787109375 0.93827255859375 0.51931650390625 0.90536328125 0.51931650390625 0.901312890625 0.510203125 0.90181923828125 0.4185634765625 0.909413671875 0.41653828125 0.92257734375 0.41653828125 0.9413103515625 0.41653828125 0.943841796875 0.51526611328125 0.9418166015625 0.5162787109375
2 0.1752341796875 0.96140927734375 0.17237197265625 0.9551123046875 0.1771423828125 0.9524408203125 0.1800046875 0.95892861328125 0.1752341796875 0.96140927734375
