0 0.2154546875 0.90889345703125 0.22232646484375 0.9124083984375 0.2185353515625 0.9405005859375 0.178660546875 0.93679482421875 0.17626533203125 0.92491416015625 0.1809251953125 0.91430400390625 0.1857958984375 0.91458017578125 0.18748056640625 0.90689248046875 0.2154546875 0.90889345703125
0 0.1505033203125 0.93090263671875 0.1690123046875 0.93125400390625 0.16889521484375 0.94601435546875 0.150034765625 0.94601435546875 0.1505033203125 0.93090263671875
0 0.20382626953125 0.79689990234375 0.23193076171875 0.79996171875 0.228375390625 0.82922119140625 0.235187109375 0.8302552734375 0.23299521484375 0.8487640625 0.20523203125 0.84535458984375 0.20693681640625 0.8270892578125 0.2001177734375 0.82611513671875 0.20382626953125 0.79689990234375
0 0.12324775390625 0.835333203125 0.13655419921875 0.8374263671875 0.1343115234375 0.851330859375 0.12025751953125 0.84908818359375 0.12324775390625 0.835333203125
0 0.14268408203125 0.784499609375 0.16227001953125 0.788536328125 0.155990625 0.81470078125 0.13595615234375 0.810514453125 0.14268408203125 0.784499609375
0 0.14153349609375 0.82298427734375 0.1496166015625 0.8243900390625 0.14774228515625 0.83481591796875 0.13954208984375 0.83317587890625 0.14153349609375 0.82298427734375
0 0.222676171875 0.69126650390625 0.2276869140625 0.690157421875 0.24098271484375 0.6931734375 0.2401029296875 0.6990251953125 0.241204296875 0.69975947265625 0.23941484375 0.71280087890625 0.24510654296875 0.71331787109375 0.24196435546875 0.737328125 0.23881787109375 0.73684130859375 0.2374607421875 0.74563916015625 0.21518359375 0.7427984375 0.216977734375 0.72156796875 0.210087890625 0.72022236328125 0.213389453125 0.7004869140625 0.22114130859375 0.70136142578125 0.222676171875 0.69126650390625
0 0.1499927734375 0.72021943359375 0.1631130859375 0.72291376953125 0.159364453125 0.74271142578125 0.1457755859375 0.7401341796875 0.1499927734375 0.72021943359375
0 0.2366001953125 0.65865859375 0.26162392578125 0.66259208984375 0.259568359375 0.67671259765625 0.25553466796875 0.676551953125 0.25448994140625 0.6857982421875 0.23683447265625 0.683200390625 0.23855185546875 0.6725146484375 0.2337814453125 0.6717513671875 0.2366001953125 0.65865859375
0 0.198467578125 0.6492259765625 0.211470703125 0.65121748046875 0.2100650390625 0.66094052734375 0.1967103515625 0.6590662109375 0.198467578125 0.6492259765625
0 0.19701630859375 0.61262548828125 0.21391103515625 0.613373046875 0.21226640625 0.62503486328125 0.1953716796875 0.62413779296875 0.19432509765625 0.61651279296875 0.19701630859375 0.61262548828125
0 0.2412716796875 0.61113427734375 0.24702412109375 0.61154873046875 0.247564453125 0.60888115234375 0.2732197265625 0.61126005859375 0.27066259765625 0.63112138671875 0.24343583984375 0.62815478515625 0.24401025390625 0.62400546875 0.23914453125 0.62304775390625 0.2412716796875 0.61113427734375
0 0.19869931640625 0.5809974609375 0.20144443359375 0.5521236328125 0.222946484375 0.55376728515625 0.22268203125 0.565598046875 0.24368525390625 0.566994140625 0.24534775390625 0.5447140625 0.26237578125 0.546034375 0.26166923828125 0.557526953125 0.2683478515625 0.558290234375 0.26621865234375 0.58171728515625 0.2563263671875 0.5809974609375 0.25583486328125 0.587545703125 0.19869931640625 0.5809974609375
0 0.11815146484375 0.535889453125 0.16089462890625 0.53913330078125 0.1593681640625 0.5603140625 0.1160525390625 0.55687939453125 0.11815146484375 0.535889453125
0 0.15961767578125 0.51237763671875 0.16577998046875 0.51268896484375 0.1653314453125 0.5231546875 0.15875302734375 0.522556640625 0.15961767578125 0.51237763671875
0 0.19259560546875 0.43874677734375 0.19738837890625 0.437840625 0.2069486328125 0.43904580078125 0.20515458984375 0.45982783203125 0.19110048828125 0.45893076171875 0.19259560546875 0.43874677734375
0 0.21692060546875 0.44436396484375 0.2270171875 0.44500654296875 0.22746220703125 0.44400732421875 0.25550126953125 0.44542822265625 0.254825 0.458940625 0.25033330078125 0.46108828125 0.22793505859375 0.461069140625 0.22665 0.457673046875 0.216278125 0.45739765625 0.21692060546875 0.44436396484375
0 0.39146611328125 0.49865791015625 0.4125337890625 0.4999798828125 0.41246572265625 0.507319140625 0.408659765625 0.50762861328125 0.40795673828125 0.53595703125 0.38683125 0.53603564453125 0.38757880859375 0.52377568359375 0.38279443359375 0.52377568359375 0.38330068359375 0.50062236328125 0.39146611328125 0.49865791015625
0 0.42279404296875 0.49845830078125 0.4206576171875 0.49068203125 0.4237681640625 0.48395703125 0.45190751953125 0.48399560546875 0.45190751953125 0.49834736328125 0.42279404296875 0.49845830078125
0 0.46525634765625 0.5059548828125 0.47180458984375 0.4946833984375 0.4896677734375 0.4944490234375 0.4915759765625 0.5232625 0.49730048828125 0.523644140625 0.49713984375 0.53626474609375 0.49250947265625 0.53666328125 0.49249248046875 0.55093115234375 0.4588591796875 0.55129951171875 0.459197265625 0.51254658203125 0.46791455078125 0.5121951171875 0.46525634765625 0.5059548828125
0 0.46516513671875 0.6041451171875 0.476611328125 0.60292744140625 0.49219775390625 0.607067578125 0.48343037109375 0.69766337890625 0.45396240234375 0.6940103515625 0.46516513671875 0.6041451171875
0 0.5997060546875 0.61144716796875 0.635083984375 0.61179853515625 0.634146875 0.64026494140625 0.597948828125 0.63979638671875 0.5997060546875 0.61144716796875
4 0.6041974609375 0.59652421875 0.60644013671875 0.578732421875 0.62034462890625 0.5796294921875 0.6178029296875 0.59487958984375 0.6130185546875 0.5980193359375 0.6041974609375 0.59652421875
0 0.5896888671875 0.25431435546875 0.60359619140625 0.25196953125 0.60719482421875 0.25321005859375 0.61026640625 0.27140595703125 0.5885666015625 0.27396845703125 0.5866673828125 0.258888671875 0.5896888671875 0.25431435546875
0 0.52582568359375 0.21639921875 0.55409052734375 0.21583798828125 0.554881640625 0.2141119140625 0.56670947265625 0.2137048828125 0.5664751953125 0.21464208984375 0.56952099609375 0.21464208984375 0.5706923828125 0.23959404296875 0.5450375 0.24053125 0.5451546875 0.25060576171875 0.5271142578125 0.25154287109375 0.52582568359375 0.21639921875
0 0.44239775390625 0.26934833984375 0.48769951171875 0.2700958984375 0.48829755859375 0.28953232421875 0.44194921875 0.28893427734375 0.44239775390625 0.26934833984375
0 0.374198828125 0.2370451171875 0.3990974609375 0.23680048828125 0.3990974609375 0.2474607421875 0.40542333984375 0.2473435546875 0.4056576171875 0.25519228515625 0.41526357421875 0.2550751953125 0.4156150390625 0.2704212890625 0.39944892578125 0.27124130859375 0.4002689453125 0.289281640625 0.37227119140625 0.29010166015625 0.37101962890625 0.2703041015625 0.36860478515625 0.2701869140625 0.36830673828125 0.25530947265625 0.370766796875 0.25530947265625 0.3708654296875 0.245703515625 0.3737673828125 0.2456849609375 0.374198828125 0.2370451171875
0 0.21127880859375 0.2143708984375 0.219483984375 0.211890234375 0.2332228515625 0.21303515625 0.23387978515625 0.21771376953125 0.23747158203125 0.21743115234375 0.2389474609375 0.22640927734375 0.235732421875 0.227056640625 0.23762490234375 0.25250419921875 0.19792158203125 0.2571140625 0.19773076171875 0.2550150390625 0.19544091796875 0.23688740234375 0.2139501953125 0.23478837890625 0.21127880859375 0.2143708984375
4 0.181708984375 0.19747177734375 0.18604482421875 0.19651982421875 0.191277734375 0.19801494140625 0.1903806640625 0.20713505859375 0.1808119140625 0.20623798828125 0.181708984375 0.19747177734375
0 -0.0 0.2020767578125 -0.0 0.17917861328125 0.026037890625 0.18032353515625 0.0254654296875 0.203030859375 -0.0 0.2020767578125
0 0.15171142578125 0.08355615234375 0.17212890625 0.080503125 0.17861669921875 0.1243912109375 0.157817578125 0.12725341796875 0.15171142578125 0.08355615234375
0 0.2127828125 9.47265625e-06 0.21329892578125 0.0064546875 0.17851455078125 0.01104150390625 0.17565458984375 8.984375e-06 0.2127828125 9.47265625e-06
0 0.38115087890625 0.11957861328125 0.40312392578125 0.11831298828125 0.4069330078125 0.12140947265625 0.40937744140625 0.15581953125 0.3719771484375 0.158809765625 0.36739755859375 0.15088720703125 0.37064873046875 0.14253232421875 0.38019677734375 0.1417134765625 0.38115087890625 0.11957861328125
0 0.4201970703125 0.07392197265625 0.4345083984375 0.07373115234375 0.43562314453125 0.09132978515625 0.41657158203125 0.0930037109375 0.41580830078125 0.0754484375 0.4201970703125 0.07392197265625
0 0.514663671875 0.09959423828125 0.5285453125 0.0983765625 0.53303994140625 0.09957265625 0.53315556640625 0.10899814453125 0.55943603515625 0.10650732421875 0.56189296875 0.1305404296875 0.5178296875 0.13442001953125 0.514663671875 0.09959423828125
0 0.56910888671875 0.07157255859375 0.573522265625 0.06941884765625 0.58420947265625 0.0694794921875 0.58495703125 0.09085947265625 0.5713515625 0.0913080078125 0.569557421875 0.08906533203125 0.56910888671875 0.07157255859375
0 0.51985625 1.162109375e-05 0.5211390625 0.0068431640625 0.4988349609375 0.01015556640625 0.49700126953125 1.162109375e-05 0.51985625 1.162109375e-05
0 0.0371171875 0.69794384765625 0.04246298828125 0.6820734375 0.05649580078125 0.68691806640625 0.05115 0.70312255859375 0.0371171875 0.69794384765625
0 0.14537783203125 0.67830439453125 0.1683376953125 0.6805033203125 0.16486474609375 0.71071845703125 0.14194296875 0.70724541015625 0.14537783203125 0.67830439453125
0 0.37466630859375 0.3499599609375 0.37399814453125 0.34311064453125 0.3793439453125 0.34210830078125 0.39721904296875 0.34060478515625 0.39855546875 0.35881396484375 0.37115810546875 0.3614869140625 0.37015576171875 0.35029404296875 0.37466630859375 0.3499599609375
