2 0.99842529296875 0.05036083984375 0.9778736328125 0.0580033203125 0.967461328125 0.0480248046875 0.97067822265625 0.04391435546875 0.9691966796875 0.040432421875 0.9665935546875 0.037829296875 0.966810546875 0.0311046875 0.96333974609375 0.02112607421875 0.99062548828125 0.0119658203125 0.99248720703125 0.0146099609375 0.99592509765625 0.019934375 0.9961392578125 0.0265052734375 0.998425390625 0.02913466796875 0.99842529296875 0.05036083984375
2 0.6285244140625 1.103515625e-05 0.620316015625 0.0033255859375 0.621911328125 0.00954873046875 0.62810751953125 0.008904296875 0.6307841796875 0.02157734375 0.58580400390625 0.04111015625 0.57740595703125 0.02258837890625 0.5942763671875 0.01538701171875 0.592348828125 0.00994931640625 0.58950400390625 0.010180859375 0.58473173828125 0.00540849609375 0.5858140625 1.1328125e-05 0.6285244140625 1.103515625e-05
0 0.47865205078125 1.15234375e-05 0.46978583984375 0.00464013671875 0.4694458984375 0.00616982421875 0.47574755859375 0.0117787109375 0.47624453125 0.01500810546875 0.477604296875 0.01738759765625 0.47930400390625 0.02010703125 0.48015380859375 0.02316640625 0.45329912109375 0.03557392578125 0.44718037109375 0.0311548828125 0.4453107421875 0.02248662109375 0.4406400390625 0.01335361328125 0.4363619140625 0.0142927734375 0.43205009765625 0.00982841796875 0.43358310546875 0.0044701171875 0.43375302734375 0.00243056640625 0.43933564453125 1.142578125e-05 0.47865205078125 1.15234375e-05
2 0.44844404296875 0.12458154296875 0.49638447265625 0.0985505859375 0.49746904296875 0.10570908203125 0.50744755859375 0.1159044921875 0.49236171875 0.12259482421875 0.49508291015625 0.12501533203125 0.49551669921875 0.1304384765625 0.50267529296875 0.14345400390625 0.47490478515625 0.15705576171875 0.465147265625 0.139983203125 0.456640234375 0.1431431640625 0.44605791015625 0.13325849609375 0.44844404296875 0.12458154296875
2 0.52223662109375 0.151696875 0.5242826171875 0.15379453125 0.52403095703125 0.15538017578125 0.52726025390625 0.15928935546875 0.53050146484375 0.1577984375 0.546558984375 0.18170126953125 0.525548828125 0.19567392578125 0.52726025390625 0.19889150390625 0.517912109375 0.20586015625 0.51495869140625 0.20285966796875 0.50102587890625 0.21177216796875 0.4910123046875 0.2031341796875 0.49083798828125 0.19620859375 0.49298505859375 0.19543212890625 0.49249443359375 0.19289765625 0.4990458984375 0.18852353515625 0.5012490234375 0.1897822265625 0.50659970703125 0.185967578125 0.49634580078125 0.16921630859375 0.52223662109375 0.151696875
0 -0.0 0.22009375 0.00658203125 0.23583291015625 -0.0 0.23817421875 -0.0 0.22009375
0 0.0554564453125 0.232903125 0.063446875 0.22451328125 0.075565625 0.22025166015625 0.08115888671875 0.21585703125 0.08222421875 0.21172861328125 0.09034775390625 0.20999736328125 0.0952751953125 0.20680126953125 0.104863671875 0.2233146484375 0.09314443359375 0.2305060546875 0.10221201171875 0.24854755859375 0.09571689453125 0.25077197265625 0.09877060546875 0.25756376953125 0.0763646484375 0.26712861328125 0.06970595703125 0.25833916015625 0.0609166015625 0.26206796875 0.0537251953125 0.248617578125 0.06118291015625 0.2440896484375 0.0554564453125 0.232903125
0 0.1468166015625 0.22964609375 0.15885849609375 0.231808203125 0.16393154296875 0.232849609375 0.15820439453125 0.252081640625 0.1706119140625 0.25497099609375 0.16364326171875 0.28556494140625 0.154975 0.28267548828125 0.14919609375 0.2814857421875 0.1503859375 0.27570693359375 0.13525888671875 0.27145771484375 0.1468166015625 0.22964609375
0 0.26948544921875 0.14275888671875 0.27668369140625 0.13251513671875 0.28498935546875 0.12780859375 0.29274140625 0.1305771484375 0.29689423828125 0.12780859375 0.30353876953125 0.13362255859375 0.30243134765625 0.13943662109375 0.30879912109375 0.14442001953125 0.31433623046875 0.1419283203125 0.32153447265625 0.14718857421875 0.32042705078125 0.15051083984375 0.32592041015625 0.1561111328125 0.30665263671875 0.17893955078125 0.2947232421875 0.16987158203125 0.2900796875 0.17264013671875 0.28166708984375 0.164907421875 0.272530859375 0.17321318359375 0.26181572265625 0.16397001953125 0.266716796875 0.1588166015625 0.26256396484375 0.15632490234375 0.26754736328125 0.1496802734375 0.26948544921875 0.14275888671875
1 0.32756474609375 0.19841962890625 0.33863896484375 0.206725390625 0.3378083984375 0.21004765625 0.34279189453125 0.2139236328125 0.34445302734375 0.21198564453125 0.3671552734375 0.22832021484375 0.34547978515625 0.25884462890625 0.318898046875 0.24150771484375 0.3065236328125 0.2548984375 0.2907427734375 0.24299365234375 0.32756474609375 0.19841962890625
0 0.0977822265625 0.351489453125 0.10885654296875 0.34761337890625 0.11743916015625 0.35287373046875 0.1135630859375 0.368377734375 0.13779814453125 0.37195400390625 0.134101953125 0.39755908203125 0.1192439453125 0.396217578125 0.1175197265625 0.4024310546875 0.0980591796875 0.3996625 0.0991666015625 0.3924642578125 0.090583984375 0.3913568359375 0.0977822265625 0.351489453125
1 0.21799169921875 0.36606650390625 0.2244994140625 0.36606650390625 0.22471640625 0.35999267578125 0.255398828125 0.35990478515625 0.2560826171875 0.3721404296875 0.2797658203125 0.370789453125 0.28113330078125 0.3890029296875 0.27243984375 0.38949443359375 0.27265673828125 0.395097265625 0.21734091796875 0.39708671875 0.21799169921875 0.36606650390625
2 0.41776044921875 0.35600107421875 0.4223443359375 0.34618837890625 0.43867890625 0.3481263671875 0.44089375 0.33040751953125 0.44643095703125 0.32985380859375 0.4467078125 0.32763896484375 0.4572283203125 0.32819267578125 0.470240625 0.33096123046875 0.470240625 0.33428359375 0.48020751953125 0.3364984375 0.4763314453125 0.36086181640625 0.47245546875 0.365568359375 0.46276552734375 0.3661220703125 0.45750517578125 0.37110556640625 0.4539060546875 0.37248984375 0.4494763671875 0.3708287109375 0.41985263671875 0.3661220703125 0.41776044921875 0.35600107421875
2 0.5738865234375 0.3117107421875 0.61911494140625 0.27602265625 0.6275953125 0.28520966796875 0.62618193359375 0.2855630859375 0.6399625 0.30040361328125 0.6346623046875 0.30499716796875 0.64420263671875 0.31807099609375 0.6078078125 0.34245205078125 0.5894337890625 0.31807099609375 0.57918671875 0.3208978515625 0.57353310546875 0.316304296875 0.5738865234375 0.3117107421875
2 0.7371330078125 0.16825166015625 0.76948837890625 0.2032384765625 0.72429541015625 0.24435458984375 0.71362744140625 0.23755400390625 0.70895615234375 0.2248029296875 0.72447314453125 0.209821484375 0.719465625 0.204646484375 0.71805224609375 0.207119921875 0.7116919921875 0.19793291015625 0.7159322265625 0.1943994140625 0.71296689453125 0.190287109375 0.7371330078125 0.16825166015625
2 0.862926171875 0.37262763671875 0.89205576171875 0.40846484375 0.8589345703125 0.4324568359375 0.84263154296875 0.40979658203125 0.85021533203125 0.40295927734375 0.84408935546875 0.39523525390625 0.84861728515625 0.39004150390625 0.84875048828125 0.3844482421875 0.862926171875 0.37262763671875
2 0.9280623046875 0.4807849609375 0.94352919921875 0.47517607421875 0.9476083984375 0.481634765625 0.95270732421875 0.4792552734375 0.97565283203125 0.51358837890625 0.928912109375 0.5385734375 0.91786435546875 0.5287154296875 0.9205837890625 0.51953720703125 0.935030859375 0.511548828125 0.93231142578125 0.5078095703125 0.92449296875 0.50220068359375 0.92619267578125 0.49455224609375 0.92449296875 0.4926826171875 0.92177353515625 0.48707373046875 0.9280623046875 0.4807849609375
2 0.77622607421875 0.55200302734375 0.7925291015625 0.54727548828125 0.81190908203125 0.536201171875 0.8215990234375 0.55281259765625 0.805264453125 0.5605646484375 0.82021474609375 0.5907419921875 0.79186318359375 0.60637919921875 0.78936796875 0.6021740234375 0.7851064453125 0.59698037109375 0.784573828125 0.59231923828125 0.779246875 0.58606015625 0.77951318359375 0.58033369140625 0.7748521484375 0.575539453125 0.76695654296875 0.5701705078125 0.7712564453125 0.5628880859375 0.77622607421875 0.55200302734375
2 0.83434326171875 0.67397314453125 0.86202890625 0.662898828125 0.8683966796875 0.67895654296875 0.86424375 0.68089453125 0.86590498046875 0.6847705078125 0.88196259765625 0.6792333984375 0.89090478515625 0.69643564453125 0.84435771484375 0.715700390625 0.83611455078125 0.69899716796875 0.84132080078125 0.6974787109375 0.8395853515625 0.69032021484375 0.83437919921875 0.686632421875 0.8365484375 0.6825109375 0.8313421875 0.6742677734375 0.83434326171875 0.67397314453125
2 0.88096474609375 0.80056025390625 0.89862470703125 0.79884287109375 0.8989615234375 0.801248828125 0.920053125 0.79800517578125 0.92306904296875 0.81858095703125 0.905345703125 0.82080615234375 0.90719296875 0.8448337890625 0.88607265625 0.8457328125 0.872484375 0.85002890625 0.8696576171875 0.82776796875 0.86329736328125 0.8175208984375 0.87283779296875 0.80621376953125 0.87283779296875 0.802326953125 0.88096474609375 0.80056025390625
2 0.92343642578125 0.863710546875 0.9244001953125 0.88210576171875 0.90032412109375 0.8840123046875 0.9028158203125 0.90948310546875 0.8829625 0.91762451171875 0.866270703125 0.91335908203125 0.86322529296875 0.89231796875 0.8601798828125 0.89204111328125 0.8491265625 0.882698046875 0.85341259765625 0.87496708984375 0.85990302734375 0.874322265625 0.86267158203125 0.8682314453125 0.92343642578125 0.863710546875
2 0.716941796875 0.99901025390625 0.7167908203125 0.9958095703125 0.71439375 0.99274658203125 0.7150595703125 0.98995 0.72305 0.98502255859375 0.73024130859375 0.9871533203125 0.731306640625 0.9907490234375 0.7427595703125 0.99634228515625 0.74702109375 0.98928408203125 0.7511494140625 0.99274658203125 0.7703263671875 0.99740771484375 0.76959482421875 0.99900966796875 0.716941796875 0.99901025390625
2 0.6631951171875 0.99901083984375 0.647285546875 0.9937474609375 0.6444203125 0.976553125 0.6607498046875 0.95893857421875 0.69771142578125 0.9732607421875 0.68618388671875 0.99901064453125 0.6631951171875 0.99901083984375
2 0.5846650390625 0.999011328125 0.584558203125 0.99513818359375 0.5896939453125 0.98710419921875 0.5831388671875 0.9829005859375 0.57802587890625 0.98809599609375 0.5709609375 0.98460029296875 0.56671171875 0.97729169921875 0.57215068359375 0.97049306640625 0.56926123046875 0.96845341796875 0.58863740234375 0.94040908203125 0.60155478515625 0.94754765625 0.59832548828125 0.95468623046875 0.60597392578125 0.9587654296875 0.6114216796875 0.950119921875 0.62558837890625 0.95775439453125 0.6209765625 0.96651025390625 0.63030185546875 0.9727849609375 0.61719169921875 0.9934384765625 0.6126306640625 0.99174765625 0.6091861328125 0.99901123046875 0.5846650390625 0.999011328125
2 0.4684162109375 0.8844650390625 0.4801439453125 0.87443701171875 0.4871125 0.8802158203125 0.49442109375 0.87460693359375 0.52190859375 0.895553125 0.501653515625 0.922349609375 0.4818435546875 0.9099599609375 0.47062578125 0.92389716796875 0.4577083984375 0.91777841796875 0.4548189453125 0.90962001953125 0.46756640625 0.89330322265625 0.4684162109375 0.8844650390625
2 0.37594990234375 0.80874833984375 0.38756494140625 0.8156556640625 0.3857115234375 0.8178591796875 0.4030654296875 0.83130849609375 0.398076171875 0.837382421875 0.40046240234375 0.85191640625 0.387446875 0.859291796875 0.372262109375 0.8499640625 0.36488671875 0.85907490234375 0.349051171875 0.8482287109375 0.37594990234375 0.80874833984375
2 0.3078314453125 0.999010546875 0.31491220703125 0.99089951171875 0.3137224609375 0.989709765625 0.31559208984375 0.980531640625 0.32477021484375 0.97441279296875 0.32188076171875 0.97186337890625 0.32850947265625 0.96523466796875 0.36814072265625 0.99284521484375 0.36254248046875 0.99901103515625 0.3078314453125 0.999010546875
2 0.24631904296875 0.9336779296875 0.24988837890625 0.93707724609375 0.258556640625 0.94149638671875 0.2541375 0.947955078125 0.257026953125 0.949484765625 0.26110615234375 0.94540556640625 0.2668849609375 0.9486349609375 0.26637509765625 0.95118447265625 0.26926455078125 0.95288408203125 0.2809921875 0.93758720703125 0.297648828125 0.950674609375 0.2741935546875 0.9875572265625 0.25736689453125 0.97888896484375 0.24903857421875 0.986707421875 0.2352712890625 0.982458203125 0.2276228515625 0.97378994140625 0.23459140625 0.9649517578125 0.22592314453125 0.965971484375 0.2232037109375 0.959852734375 0.22660302734375 0.9544138671875 0.23306171875 0.95254423828125 0.24631904296875 0.9336779296875
1 0.15488349609375 0.860330078125 0.16621005859375 0.87630537109375 0.1499 0.8888462890625 0.15534423828125 0.89418896484375 0.1547712890625 0.89942998046875 0.15234267578125 0.9170857421875 0.10975576171875 0.9112716796875 0.10594287109375 0.88916171875 0.11390859375 0.8822017578125 0.11723095703125 0.86669775390625 0.130796875 0.86780517578125 0.12941259765625 0.8774951171875 0.134119140625 0.8774951171875 0.13452216796875 0.8724048828125 0.1415943359375 0.8708505859375 0.142444140625 0.86650849609375 0.14500419921875 0.86271484375 0.14966171875 0.8632685546875 0.15488349609375 0.860330078125
0 -0.0 0.85200078125 0.009521875 0.8519259765625 0.01462080078125 0.85634501953125 0.0149607421875 0.89815673828125 0.00408291015625 0.89883662109375 -0.0 0.8958068359375 -0.0 0.85200078125
0 -0.0 0.69445126953125 0.03456455078125 0.69348759765625 0.03651689453125 0.72060322265625 0.044976953125 0.720386328125 0.04687109375 0.75528203125 0.02653837890625 0.75617890625 0.021766015625 0.742946484375 0.02415224609375 0.74012646484375 0.01894599609375 0.7297140625 -0.0 0.729422265625 -0.0 0.69445126953125
