0 0.9654919921875 0.7814958984375 0.97633466796875 0.78011904296875 0.9765068359375 0.76600625 0.989758984375 0.76428525390625 0.996126953125 0.812647265625 0.96807353515625 0.812130859375 0.9654919921875 0.7814958984375
0 0.93360078125 0.77052880859375 0.94344482421875 0.769989453125 0.94290546875 0.76553935546875 0.960975390625 0.76540458984375 0.96218896484375 0.78077744140625 0.94802978515625 0.7833396484375 0.948569140625 0.79170029296875 0.96084052734375 0.790621484375 0.96218896484375 0.8126021484375 0.93562353515625 0.81489453125 0.93360078125 0.77052880859375
0 0.87705615234375 0.7696306640625 0.9275771484375 0.7694109375 0.932629296875 0.81224404296875 0.89968076171875 0.81158505859375 0.901218359375 0.81839443359375 0.87002705078125 0.819273046875 0.871125390625 0.78896044921875 0.88122958984375 0.78698349609375 0.87705615234375 0.7696306640625
0 0.83838505859375 0.77443974609375 0.86298662109375 0.7729021484375 0.86452421875 0.7878388671875 0.85771484375 0.7909140625 0.8572755859375 0.79970029296875 0.86606181640625 0.8007986328125 0.86737978515625 0.82056767578125 0.84211923828125 0.8221052734375 0.83838505859375 0.77443974609375
0 0.817298828125 0.79161337890625 0.81576123046875 0.7760177734375 0.83025859375 0.77513916015625 0.8361892578125 0.82148671875 0.80895185546875 0.82500126953125 0.806316015625 0.79534755859375 0.817298828125 0.79161337890625
0 0.77447568359375 0.78051708984375 0.7825646484375 0.78051708984375 0.7825646484375 0.77759130859375 0.7990869140625 0.77759130859375 0.802701171875 0.793080859375 0.791686328125 0.79549033203125 0.793407421875 0.80650517578125 0.801840625 0.8059888671875 0.80356171875 0.82182275390625 0.79614287109375 0.82815615234375 0.77833349609375 0.82587294921875 0.77447568359375 0.78051708984375
0 0.74645234375 0.79835361328125 0.753869140625 0.79781416015625 0.75306005859375 0.7827109375 0.76802841796875 0.7817669921875 0.7725873046875 0.82632548828125 0.74608291015625 0.82873505859375 0.7438455078125 0.80739375 0.74711552734375 0.808254296875 0.74645234375 0.79835361328125
0 0.720390234375 0.78201748046875 0.73532685546875 0.780699609375 0.74103798828125 0.8222146484375 0.71885263671875 0.8255095703125 0.7179740234375 0.808815625 0.72126884765625 0.80903525390625 0.720390234375 0.78201748046875
0 0.67872080078125 0.7891412109375 0.69021494140625 0.7888609375 0.68937392578125 0.78633779296875 0.7039517578125 0.78549677734375 0.70815693359375 0.83231416015625 0.682365234375 0.8356783203125 0.67872080078125 0.7891412109375
0 0.6426685546875 0.79180966796875 0.65640537109375 0.79180966796875 0.65640537109375 0.786202734375 0.6740669921875 0.7867634765625 0.674627734375 0.8061072265625 0.6614515625 0.80666787109375 0.66201220703125 0.81423720703125 0.67518837890625 0.81199443359375 0.67827216796875 0.83554326171875 0.649957421875 0.83778603515625 0.6426685546875 0.79180966796875
0 0.61480634765625 0.7961287109375 0.641465625 0.7953953125 0.642633203125 0.805968359375 0.63244931640625 0.80733056640625 0.63234365234375 0.81419833984375 0.64283623046875 0.81563671875 0.64592001953125 0.83329833984375 0.64367724609375 0.83329833984375 0.6414345703125 0.8366625 0.6167642578125 0.8380642578125 0.61480634765625 0.7961287109375
0 0.59414033203125 0.8081099609375 0.5936240234375 0.79193193359375 0.6109197265625 0.7917271484375 0.61438544921875 0.83153564453125 0.60845478515625 0.83834501953125 0.58758740234375 0.84010234375 0.585830078125 0.81066826171875 0.59414033203125 0.8081099609375
0 0.55071611328125 0.79925732421875 0.56367587890625 0.79859833984375 0.56367587890625 0.793985546875 0.5788322265625 0.79464453125 0.57795361328125 0.81221708984375 0.5676296875 0.814413671875 0.56741005859375 0.81968544921875 0.57971083984375 0.81902646484375 0.581907421875 0.84055283203125 0.5529126953125 0.84099208984375 0.55071611328125 0.79925732421875
0 0.5210625 0.7990376953125 0.53182568359375 0.79925732421875 0.53182568359375 0.7948642578125 0.54412646484375 0.7948642578125 0.5456640625 0.81287607421875 0.53841533203125 0.81287607421875 0.539513671875 0.8247375 0.5480802734375 0.8249572265625 0.5493982421875 0.84187080078125 0.52369833984375 0.84472626953125 0.5210625 0.7990376953125
0 0.40915693359375 0.82103134765625 0.45089169921875 0.821470703125 0.45023271484375 0.83333212890625 0.4500130859375 0.8361876953125 0.45264892578125 0.8361876953125 0.45396689453125 0.851563671875 0.40783896484375 0.85134404296875 0.40915693359375 0.82103134765625
0 0.41007900390625 0.75580302734375 0.44148984375 0.75690126953125 0.44148984375 0.75887822265625 0.4417095703125 0.76854306640625 0.45357099609375 0.7665662109375 0.45840341796875 0.78040458984375 0.43094638671875 0.78172255859375 0.42896943359375 0.78721396484375 0.443466796875 0.79753779296875 0.455767578125 0.79841640625 0.45357099609375 0.81972314453125 0.4096396484375 0.81774619140625 0.41007900390625 0.75580302734375
0 -0.0 0.83779462890625 0.00858369140625 0.83815244140625 0.00929921875 0.8653451171875 -0.0 0.8635560546875 -0.0 0.83779462890625
0 0.01216162109375 0.827780859375 0.0224880859375 0.82657607421875 0.03040498046875 0.8241666015625 0.04589453125 0.82554345703125 0.05002509765625 0.86254638671875 0.02765126953125 0.8640953125 0.02679072265625 0.85876005859375 0.013710546875 0.8584158203125 0.01216162109375 0.827780859375
0 0.05420185546875 0.82519736328125 0.06383984375 0.823992578125 0.07192890625 0.8200341796875 0.082083203125 0.82175517578125 0.08586953125 0.84980859375 0.08363212890625 0.85307861328125 0.06728203125 0.85325078125 0.0655609375 0.8441291015625 0.0543740234375 0.84189169921875 0.05420185546875 0.82519736328125
0 0.09169130859375 0.82644501953125 0.1066279296875 0.824907421875 0.1072869140625 0.8286416015625 0.1114603515625 0.82886123046875 0.11102109375 0.8198552734375 0.1162927734375 0.81831767578125 0.1231021484375 0.8176587890625 0.12529873046875 0.830398828125 0.12661669921875 0.83061845703125 0.1285935546875 0.8539021484375 0.0936681640625 0.8574166015625 0.09169130859375 0.82644501953125
0 0.12949052734375 0.8186375 0.14378466796875 0.81728896484375 0.145807421875 0.83252705078125 0.15524697265625 0.83293154296875 0.155112109375 0.82039052734375 0.16563037109375 0.8202556640625 0.1660349609375 0.83077392578125 0.1679228515625 0.83063916015625 0.17021533203125 0.84870908203125 0.14944833984375 0.85032724609375 0.15093173828125 0.8576091796875 0.13879521484375 0.85841826171875 0.13906494140625 0.85410302734375 0.13043447265625 0.85369853515625 0.12949052734375 0.8186375
0 0.228931640625 0.82432919921875 0.247434375 0.824048828125 0.2477146484375 0.83217880859375 0.2662173828125 0.8341412109375 0.265656640625 0.8473173828125 0.227249609375 0.847037109375 0.228931640625 0.82432919921875
0 0.23556533203125 0.7873837890625 0.2513083984375 0.78487919921875 0.2620423828125 0.7877416015625 0.26240009765625 0.820301171875 0.2337763671875 0.819585546875 0.23556533203125 0.7873837890625
0 0.22716083984375 0.74718935546875 0.253637890625 0.746116015625 0.253637890625 0.73931787109375 0.26115166015625 0.73824443359375 0.264371875 0.746473828125 0.264371875 0.76651044921875 0.2675919921875 0.78189580078125 0.23789482421875 0.782611328125 0.236105859375 0.7690150390625 0.2393259765625 0.7682994140625 0.2393259765625 0.764005859375 0.2310966796875 0.763648046875 0.22716083984375 0.74718935546875
0 -0.0 0.71081494140625 0.0108880859375 0.71224619140625 0.01160361328125 0.761264453125 -0.0 0.761264453125 -0.0 0.71081494140625
0 0.0191173828125 0.7283470703125 0.02233759765625 0.72512685546875 0.0241265625 0.72047548828125 0.0470255859375 0.71618193359375 0.051319140625 0.759833203125 0.03664951171875 0.760906640625 0.03593388671875 0.75339287109375 0.02126416015625 0.75196171875 0.0191173828125 0.7283470703125
0 0.06062197265625 0.73013603515625 0.06419990234375 0.72906259765625 0.06348427734375 0.723695703125 0.08781455078125 0.722622265625 0.09210810546875 0.75339287109375 0.0763650390625 0.7566130859375 0.0752916015625 0.75303505859375 0.06491552734375 0.75303505859375 0.06062197265625 0.73013603515625
0 0.09138818359375 0.71879541015625 0.12631357421875 0.716598828125 0.13070673828125 0.749327734375 0.10127275390625 0.7559173828125 0.09995478515625 0.746691796875 0.09380439453125 0.74581318359375 0.09138818359375 0.71879541015625
0 0.13949296875 0.7148416015625 0.159262109375 0.71374326171875 0.1636552734375 0.7203330078125 0.16804833984375 0.72011337890625 0.16936630859375 0.7306568359375 0.16695009765625 0.73900380859375 0.16497314453125 0.7460328125 0.14476474609375 0.7524029296875 0.1408109375 0.748009765625 0.1366375 0.74317734375 0.13949296875 0.7148416015625
0 0.23184287109375 0.7117009765625 0.2615400390625 0.70848076171875 0.26010888671875 0.724939453125 0.26010888671875 0.7346 0.25849072265625 0.73689248046875 0.25134365234375 0.7377015625 0.248376953125 0.74147734375 0.23017216796875 0.74215166015625 0.23017216796875 0.72758779296875 0.23184287109375 0.7117009765625
0 0.22945126953125 0.6909455078125 0.24175205078125 0.69050615234375 0.2452666015625 0.67095673828125 0.2659142578125 0.670078125 0.26469638671875 0.7062630859375 0.23194228515625 0.7071083984375 0.22945126953125 0.6909455078125
0 0.236853515625 0.63354453125 0.25115107421875 0.63102138671875 0.26600927734375 0.63326416015625 0.26470478515625 0.66567138671875 0.24001669921875 0.66768134765625 0.236853515625 0.63354453125
0 0.13734248046875 0.656128125 0.16425546875 0.65304443359375 0.17154443359375 0.65865126953125 0.1726658203125 0.67967705078125 0.14266904296875 0.6802376953125 0.13734248046875 0.6690240234375 0.13734248046875 0.656128125
0 0.154487890625 0.6328064453125 0.16240478515625 0.62936435546875 0.169633203125 0.63108544921875 0.170149609375 0.64674716796875 0.15517626953125 0.64760771484375 0.154487890625 0.6328064453125
0 0.0978123046875 0.63303349609375 0.1265873046875 0.632594140625 0.12878388671875 0.6418197265625 0.131639453125 0.646212890625 0.1327376953125 0.6664212890625 0.09934990234375 0.66620166015625 0.0978123046875 0.63303349609375
0 -0.0 0.64919326171875 0.0170513671875 0.65051123046875 0.0177103515625 0.6755521484375 -0.0 0.6746734375 -0.0 0.64919326171875
0 0.02034619140625 0.65358642578125 0.0293521484375 0.64501982421875 0.035941796875 0.6415052734375 0.0396759765625 0.6390890625 0.04978017578125 0.64128564453125 0.05483232421875 0.66896240234375 0.0212248046875 0.67203759765625 0.02034619140625 0.65358642578125
0 0.05925751953125 0.6361876953125 0.063437890625 0.634030078125 0.07071982421875 0.63416494140625 0.0731470703125 0.6485939453125 0.09114130859375 0.649854296875 0.09257255859375 0.68098271484375 0.07182021484375 0.679909375 0.07217802734375 0.68491845703125 0.061086328125 0.6842029296875 0.05925751953125 0.6361876953125
0 0.2352908203125 0.5954927734375 0.24781376953125 0.59334599609375 0.26606142578125 0.5962083984375 0.26570361328125 0.62841025390625 0.23721552734375 0.63150810546875 0.23618291015625 0.61842802734375 0.23205234375 0.61739541015625 0.23170810546875 0.601389453125 0.23428974609375 0.60104521484375 0.2352908203125 0.5954927734375
0 0.23368466796875 0.556951171875 0.26256005859375 0.5555494140625 0.2628404296875 0.57685556640625 0.25078564453125 0.57769658203125 0.2505052734375 0.59003173828125 0.23508642578125 0.590312109375 0.23368466796875 0.556951171875
0 0.11439072265625 0.54093935546875 0.12900361328125 0.54139599609375 0.13859326171875 0.5372861328125 0.1527494140625 0.54002607421875 0.161882421875 0.54139599609375 0.16599228515625 0.544592578125 0.16462236328125 0.560575390625 0.1541193359375 0.561488671875 0.1536626953125 0.57747138671875 0.1267203125 0.57610146484375 0.1267203125 0.5532689453125 0.1153041015625 0.5523556640625 0.11439072265625 0.54093935546875
0 0.0519361328125 0.548446484375 0.065115625 0.54515166015625 0.07697705078125 0.5460302734375 0.07829501953125 0.56360283203125 0.0655548828125 0.56536005859375 0.0532541015625 0.5657994140625 0.0519361328125 0.548446484375
0 0.0474765625 0.52893701171875 0.06429306640625 0.52893701171875 0.06465078125 0.51212060546875 0.09148564453125 0.51068935546875 0.09220126953125 0.53859755859375 0.08218291015625 0.54360673828125 0.05108955078125 0.54163369140625 0.0474765625 0.52893701171875
0 0.233476953125 0.51832138671875 0.24492646484375 0.51832138671875 0.2578072265625 0.51510126953125 0.26818330078125 0.516532421875 0.2674677734375 0.553385546875 0.23991728515625 0.553743359375 0.2392017578125 0.5390736328125 0.233476953125 0.53835810546875 0.233476953125 0.51832138671875
0 0.23519765625 0.50000224609375 0.239683203125 0.50000224609375 0.24164560546875 0.497198828125 0.245009765625 0.49663818359375 0.2461310546875 0.48177998046875 0.25398076171875 0.4792568359375 0.26855859375 0.48065859375 0.26743720703125 0.50841259765625 0.26126962890625 0.50869296875 0.26042861328125 0.51373916015625 0.23480712890625 0.51657099609375 0.23519765625 0.50000224609375
0 0.116620703125 0.51717001953125 0.1320396484375 0.522776953125 0.1354037109375 0.522776953125 0.1384875 0.50707763671875 0.14269267578125 0.4986673828125 0.1547474609375 0.4995083984375 0.16035439453125 0.50091005859375 0.1631578125 0.53567275390625 0.13859326171875 0.5372861328125 0.10933173828125 0.53595302734375 0.116620703125 0.51717001953125
0 0.11851171875 0.48251513671875 0.12495205078125 0.48251513671875 0.12459423828125 0.4660564453125 0.16788779296875 0.4664142578125 0.1696767578125 0.47857939453125 0.1610896484375 0.48251513671875 0.1586623046875 0.48332431640625 0.15974111328125 0.4978880859375 0.15191982421875 0.49802294921875 0.14854853515625 0.48399853515625 0.14140146484375 0.48197578125 0.14140146484375 0.494935546875 0.1163404296875 0.496683984375 0.11851171875 0.48251513671875
0 0.048220703125 0.473276953125 0.06755048828125 0.47305732421875 0.06755048828125 0.485577734375 0.06469501953125 0.4873349609375 0.0649146484375 0.49194775390625 0.07677607421875 0.49194775390625 0.07633681640625 0.47723076171875 0.09171279296875 0.4770111328125 0.09215205078125 0.4789880859375 0.10093837890625 0.47942734375 0.10203662109375 0.5090810546875 0.0512958984375 0.50688447265625 0.048220703125 0.473276953125
0 0.04987275390625 0.4386763671875 0.0674048828125 0.43223603515625 0.07957001953125 0.4401076171875 0.0759919921875 0.4483369140625 0.0759919921875 0.47052041015625 0.05058837890625 0.4690892578125 0.04987275390625 0.4386763671875
0 0.12347978515625 0.42646416015625 0.1636650390625 0.42418095703125 0.16594833984375 0.44473017578125 0.15544541015625 0.44381689453125 0.15590205078125 0.46025634765625 0.1243931640625 0.46025634765625 0.12347978515625 0.42646416015625
0 0.2335326171875 0.46162626953125 0.24357890625 0.46253955078125 0.243122265625 0.44473017578125 0.2531685546875 0.439250390625 0.2682380859375 0.44199033203125 0.2691513671875 0.4643662109375 0.27508779296875 0.4657361328125 0.27508779296875 0.47532578125 0.2586484375 0.47715244140625 0.242208984375 0.47715244140625 0.2335326171875 0.47715244140625 0.2335326171875 0.46162626953125
0 0.0505712890625 0.4113046875 0.064167578125 0.410946875 0.065241015625 0.3969927734375 0.07669052734375 0.39377255859375 0.08921337890625 0.3962771484375 0.08992900390625 0.4152404296875 0.101020703125 0.4159560546875 0.101736328125 0.43241474609375 0.10283251953125 0.437659375 0.09904619140625 0.4522884765625 0.08699873046875 0.446608984375 0.09026875 0.432151953125 0.05307587890625 0.43134130859375 0.0505712890625 0.4113046875
0 0.144280078125 0.38699267578125 0.15108935546875 0.3858943359375 0.16558671875 0.38743193359375 0.164927734375 0.41708564453125 0.16315380859375 0.42244921875 0.142973046875 0.422660546875 0.1424447265625 0.4190681640625 0.144280078125 0.38699267578125
0 0.05338291015625 0.35620048828125 0.0654376953125 0.35311669921875 0.07889423828125 0.35535947265625 0.07889423828125 0.372180078125 0.05422392578125 0.37330146484375 0.05338291015625 0.35620048828125
0 0.05541982421875 0.3768642578125 0.06809580078125 0.373358203125 0.07780498046875 0.3761900390625 0.07793984375 0.39102353515625 0.05622890625 0.39075390625 0.05541982421875 0.3768642578125
0 0.06815283203125 0.33743740234375 0.0661904296875 0.31809365234375 0.0950658203125 0.318934765625 0.09562646484375 0.3237005859375 0.08301103515625 0.3332322265625 0.0874515625 0.35266923828125 0.05818408203125 0.35129560546875 0.05850107421875 0.33999013671875 0.06815283203125 0.33743740234375
0 0.1175845703125 0.3254755859375 0.1344806640625 0.32958544921875 0.12900087890625 0.34785146484375 0.1148447265625 0.3414583984375 0.1175845703125 0.3254755859375
0 0.11969072265625 0.34924755859375 0.13466396484375 0.34976396484375 0.14120400390625 0.3459775390625 0.14722783203125 0.34993603515625 0.169773828125 0.349591796875 0.16874111328125 0.3621556640625 0.16770849609375 0.36267197265625 0.16753642578125 0.37110517578125 0.15669365234375 0.3705888671875 0.1563494140625 0.38298056640625 0.13087763671875 0.383496875 0.1293287109375 0.36749091796875 0.1183138671875 0.36542568359375 0.11969072265625 0.34924755859375
0 0.0508875 0.2819533203125 0.0601388671875 0.27999091796875 0.07163291015625 0.28139267578125 0.071072265625 0.29709189453125 0.064063671875 0.29849365234375 0.06462431640625 0.30690390625 0.07695947265625 0.305221875 0.0794826171875 0.2976525390625 0.0820056640625 0.29260634765625 0.0811646484375 0.28699951171875 0.09406044921875 0.286719140625 0.09321943359375 0.3161552734375 0.05256953125 0.3153142578125 0.0508875 0.2819533203125
0 0.1445083984375 0.31374072265625 0.1554912109375 0.30715107421875 0.1664740234375 0.312203125 0.16559541015625 0.34207646484375 0.16383818359375 0.34449267578125 0.1451673828125 0.34273544921875 0.1445083984375 0.31374072265625
0 0.239758984375 0.40603017578125 0.255458203125 0.401825 0.27059677734375 0.40350703125 0.271157421875 0.43714833984375 0.2400392578125 0.437708984375 0.2400392578125 0.4259345703125 0.2439640625 0.4245328125 0.2439640625 0.41472080078125 0.2400392578125 0.4135994140625 0.239758984375 0.40603017578125
0 0.2352734375 0.383322265625 0.246767578125 0.38248125 0.24564619140625 0.36706240234375 0.2593830078125 0.3636982421875 0.2725591796875 0.36706240234375 0.2742412109375 0.40014296875 0.23695546875 0.40210537109375 0.2352734375 0.383322265625
0 0.23772783203125 0.34385927734375 0.25275537109375 0.34314365234375 0.25096630859375 0.330262890625 0.2692140625 0.32775830078125 0.26992958984375 0.33240966796875 0.28781953125 0.33276748046875 0.28853505859375 0.34707939453125 0.3003423828125 0.34707939453125 0.30248916015625 0.36174912109375 0.28853505859375 0.36282255859375 0.28680048828125 0.350276953125 0.28163720703125 0.35062109375 0.28232568359375 0.35991484375 0.23723369140625 0.36215224609375 0.23772783203125 0.34385927734375
0 0.245268359375 0.293258984375 0.2792591796875 0.292901171875 0.2792591796875 0.32259833984375 0.23847021484375 0.3258185546875 0.23668125 0.311506640625 0.2409748046875 0.3079287109375 0.245268359375 0.30363505859375 0.245268359375 0.293258984375
0 0.1206833984375 0.28537001953125 0.12713134765625 0.28537001953125 0.12797236328125 0.273315234375 0.16918291015625 0.27303486328125 0.16946328125 0.287332421875 0.15516572265625 0.2881734375 0.15376396484375 0.29181787109375 0.1506802734375 0.2999478515625 0.14591435546875 0.3044333984375 0.12012275390625 0.30583505859375 0.1206833984375 0.28537001953125
0 0.24159375 0.26627939453125 0.23765791015625 0.26556376953125 0.2365845703125 0.2551876953125 0.27093310546875 0.2548298828125 0.270217578125 0.286673828125 0.2412359375 0.28560048828125 0.24159375 0.26627939453125
0 0.0548677734375 0.26213701171875 0.06719736328125 0.26168037109375 0.06765400390625 0.24432763671875 0.07724365234375 0.24204443359375 0.09139990234375 0.24387099609375 0.09276982421875 0.25254736328125 0.0968796875 0.25163408203125 0.0968796875 0.26807353515625 0.1060126953125 0.26716015625 0.1060126953125 0.27948974609375 0.05545400390625 0.27875673828125 0.0548677734375 0.26213701171875
0 0.1299189453125 0.2335431640625 0.16964755859375 0.2335431640625 0.17238740234375 0.2518091796875 0.156861328125 0.2518091796875 0.15731796875 0.2682486328125 0.1294623046875 0.2687052734375 0.1299189453125 0.2335431640625
0 0.2382515625 0.23102109375 0.2523095703125 0.229703125 0.25252919921875 0.216084375 0.26922314453125 0.21388779296875 0.2701017578125 0.218061328125 0.27032138671875 0.22552958984375 0.28503837890625 0.22552958984375 0.28525810546875 0.246836328125 0.23891044921875 0.24903291015625 0.2382515625 0.23102109375
0 0.059319140625 0.20373251953125 0.06546953125 0.199339453125 0.09160869140625 0.20197529296875 0.0931462890625 0.19868046875 0.0889728515625 0.19868046875 0.09160869140625 0.1931890625 0.09666083984375 0.1931890625 0.09688046875 0.18989423828125 0.1102794921875 0.18967451171875 0.1096205078125 0.20197529296875 0.108522265625 0.218449609375 0.0938052734375 0.218449609375 0.09424453125 0.22416064453125 0.08106513671875 0.2263572265625 0.0801865234375 0.23755966796875 0.0555849609375 0.2379990234375 0.059319140625 0.20373251953125
0 0.04773017578125 0.16855966796875 0.0604703125 0.15977333984375 0.0765052734375 0.15867509765625 0.07672490234375 0.1613109375 0.08529150390625 0.16240927734375 0.08726845703125 0.17712626953125 0.08045908203125 0.17778525390625 0.081776953125 0.1953578125 0.0765052734375 0.19667568359375 0.07057451171875 0.19491845703125 0.0580541015625 0.20040986328125 0.053001953125 0.1859125 0.05036611328125 0.19118427734375 0.0450943359375 0.18986630859375 0.04773017578125 0.16855966796875
0 0.11948310546875 0.195622265625 0.13379501953125 0.196337890625 0.1405931640625 0.1916865234375 0.1491802734375 0.19275986328125 0.15347392578125 0.194548828125 0.1688591796875 0.19669560546875 0.1692169921875 0.214943359375 0.15740966796875 0.214943359375 0.156467578125 0.23082001953125 0.13237265625 0.2309921875 0.1313400390625 0.21223251953125 0.12101357421875 0.2125767578125 0.11948310546875 0.195622265625
0 0.12438310546875 0.15477587890625 0.16654931640625 0.15133369140625 0.16758193359375 0.16871650390625 0.1651724609375 0.1699212890625 0.15949296875 0.1699212890625 0.16190244140625 0.18523876953125 0.1605255859375 0.18644345703125 0.1359142578125 0.188680859375 0.13625849609375 0.18334560546875 0.1312673828125 0.1757728515625 0.13247216796875 0.17319130859375 0.12472734375 0.17164228515625 0.12438310546875 0.15477587890625
0 0.043635546875 0.1455791015625 0.05673720703125 0.13892265625 0.0498693359375 0.12497568359375 0.0511373046875 0.1236021484375 0.0741125 0.1139232421875 0.08926875 0.142258984375 0.066644140625 0.15543837890625 0.0635689453125 0.15521875 0.0499501953125 0.1593921875 0.043635546875 0.1455791015625
0 0.116326171875 0.117931640625 0.1508123046875 0.10782744140625 0.158719921875 0.11639404296875 0.15893955078125 0.12254443359375 0.14663876953125 0.126278515625 0.14927470703125 0.13484521484375 0.14488154296875 0.14209384765625 0.1433439453125 0.146706640625 0.12774833984375 0.1497818359375 0.116326171875 0.117931640625
0 0.01756943359375 0.0923380859375 0.0250376953125 0.08882353515625 0.03162744140625 0.0872859375 0.03689921875 0.09080048828125 0.03953505859375 0.1004654296875 0.02657529296875 0.1066158203125 0.01756943359375 0.0923380859375
0 0.02814189453125 0.10977685546875 0.0389845703125 0.10599052734375 0.04277099609375 0.11046533203125 0.057055859375 0.10547421875 0.0608421875 0.11149794921875 0.03537041015625 0.1230291015625 0.02814189453125 0.10977685546875
0 0.01427607421875 0.06955712890625 0.0069697265625 0.0544876953125 0.018842578125 0.04398466796875 0.02934560546875 0.04124482421875 0.03847861328125 0.0563142578125 0.04806826171875 0.05129111328125 0.05491796875 0.06818720703125 0.01523603515625 0.0922443359375 0.01082353515625 0.083142578125 0.016503125 0.07729091796875 0.01427607421875 0.06955712890625
0 0.24641337890625 0.19212255859375 0.24823994140625 0.1706599609375 0.2701591796875 0.16655009765625 0.27289912109375 0.19120927734375 0.27518232421875 0.19303583984375 0.28020546875 0.19303583984375 0.278835546875 0.2062787109375 0.27472568359375 0.2067353515625 0.27426904296875 0.20901865234375 0.23910693359375 0.2085619140625 0.23728037109375 0.19349248046875 0.24641337890625 0.19212255859375
0 0.23728037109375 0.141891015625 0.25554638671875 0.13869443359375 0.27563896484375 0.1359544921875 0.28203212890625 0.16198359375 0.25583095703125 0.16655009765625 0.24946298828125 0.16758271484375 0.23741552734375 0.15949375 0.23728037109375 0.141891015625
0 0.0721966796875 8.88671875e-06 0.04781650390625 0.02236708984375 0.0147474609375 7.8125e-06 0.0721966796875 8.88671875e-06
0 0.0912796875 9.27734375e-06 0.097655078125 0.00709248046875 0.089308203125 0.0139017578125 0.0995365234375 0.023998828125 0.09595859375 0.025787890625 0.085582421875 0.0390263671875 0.0719861328125 0.02686123046875 0.05946318359375 0.0397419921875 0.04658251953125 0.02614560546875 0.07698486328125 8.984375e-06 0.0912796875 9.27734375e-06
0 0.09983056640625 0.035499609375 0.1141154296875 0.02293583984375 0.13752197265625 0.06183193359375 0.08812734375 0.0843779296875 0.08021044921875 0.07026513671875 0.105854296875 0.05821767578125 0.09983056640625 0.035499609375
0 0.098396875 0.08262763671875 0.13792529296875 0.06861044921875 0.1435322265625 0.08178662109375 0.13624326171875 0.08627216796875 0.14179189453125 0.10056845703125 0.11952236328125 0.10901259765625 0.11400009765625 0.10227822265625 0.11026591796875 0.1038158203125 0.10960693359375 0.09854404296875 0.10609248046875 0.09810478515625 0.098396875 0.08262763671875
0 0.22883388671875 0.09460556640625 0.23742099609375 0.09102763671875 0.2488705078125 0.09174326171875 0.26032001953125 0.1128533203125 0.26175126953125 0.11500009765625 0.26210908203125 0.12000927734375 0.23348525390625 0.12931201171875 0.22883388671875 0.09460556640625
0 0.27589580078125 0.11499326171875 0.286 0.111039453125 0.28863583984375 0.12048466796875 0.28116748046875 0.12355986328125 0.27589580078125 0.11499326171875
0 0.212446484375 0.05973017578125 0.22526845703125 0.05390205078125 0.23575908203125 0.05098798828125 0.2497466796875 0.0777974609375 0.2465080078125 0.08808896484375 0.23040068359375 0.0906333984375 0.2259505859375 0.08915 0.21866865234375 0.07499072265625 0.22122626953125 0.07157607421875 0.212446484375 0.05973017578125
0 0.195637890625 0.02565947265625 0.23427998046875 0.01063203125 0.24894970703125 0.0417603515625 0.22372412109375 0.0511947265625 0.217183984375 0.03690986328125 0.2042759765625 0.0419009765625 0.195637890625 0.02565947265625
0 0.2238552734375 1.11328125e-05 0.22778046875 0.00416552734375 0.2048814453125 0.0159728515625 0.19844111328125 0.00416552734375 0.18484482421875 0.011679296875 0.1776953125 1.0546875e-05 0.2238552734375 1.11328125e-05
0 0.4478501953125 1.26953125e-05 0.4489462890625 0.0062697265625 0.44872666015625 0.01154140625 0.43576689453125 0.0097841796875 0.43444892578125 0.01307900390625 0.42698056640625 0.01263974609375 0.42698056640625 1.26953125e-05 0.4478501953125 1.26953125e-05
0 0.46892265625 1.279296875e-05 0.47004287109375 0.01256689453125 0.467239453125 0.0148095703125 0.4546240234375 0.01817373046875 0.4519033203125 0.01085283203125 0.45215146484375 1.26953125e-05 0.46892265625 1.279296875e-05
0 0.60175673828125 0.11777041015625 0.643261328125 0.11777041015625 0.64397685546875 0.13959599609375 0.60139892578125 0.13888046875 0.60175673828125 0.11777041015625
0 0.53772548828125 0.04265380859375 0.58978369140625 0.0394572265625 0.5852171875 0.100191796875 0.5400087890625 0.1006484375 0.534072265625 0.0906021484375 0.53772548828125 0.04265380859375
0 0.70886220703125 0.0377447265625 0.76229033203125 0.0377447265625 0.76274697265625 0.0564673828125 0.739914453125 0.05875068359375 0.739914453125 0.06925361328125 0.70977548828125 0.06788369140625 0.70886220703125 0.0377447265625
0 0.711349609375 0.07047744140625 0.74026357421875 0.071854296875 0.73888671875 0.10283349609375 0.7381982421875 0.10575927734375 0.70997275390625 0.1050708984375 0.70911220703125 0.10180087890625 0.70911220703125 0.08252490234375 0.71255439453125 0.08252490234375 0.711349609375 0.07047744140625
0 0.79093427734375 0.03756728515625 0.8141912109375 0.0350626953125 0.8138333984375 0.047585546875 0.817769140625 0.047943359375 0.81562236328125 0.05867734375 0.81132880859375 0.05831953125 0.81168662109375 0.067622265625 0.80775078125 0.07370478515625 0.7934388671875 0.07406259765625 0.79093427734375 0.03756728515625
0 0.77925830078125 0.07374521484375 0.79176201171875 0.0743666015625 0.79218466796875 0.08049482421875 0.80852216796875 0.08060302734375 0.81093837890625 0.0961986328125 0.81357421875 0.09575927734375 0.8148921875 0.11245322265625 0.801932421875 0.112892578125 0.8012734375 0.1091583984375 0.79995556640625 0.09817548828125 0.7920478515625 0.097296875 0.792267578125 0.11047626953125 0.77842919921875 0.11113525390625 0.77925830078125 0.07374521484375
0 0.99844921875 0.0677044921875 0.99776044921875 0.06899775390625 0.997480078125 0.0746046875 0.98065947265625 0.0746046875 0.9812201171875 0.04572919921875 0.98598603515625 0.04544892578125 0.98710732421875 0.04853271484375 0.99844931640625 0.04655966796875 0.99844921875 0.0677044921875
0 0.94954130859375 0.047411328125 0.95963369140625 0.047411328125 0.95991396484375 0.050775390625 0.97561328125 0.05161650390625 0.9742115234375 0.05890537109375 0.9772953125 0.0706798828125 0.97028671875 0.075445703125 0.9610353515625 0.07264228515625 0.9610353515625 0.07516533203125 0.95038232421875 0.075445703125 0.94954130859375 0.047411328125
0 0.88611748046875 0.04331865234375 0.91077666015625 0.04605849609375 0.9167130859375 0.0410353515625 0.93086923828125 0.04331865234375 0.92767265625 0.06386787109375 0.9167130859375 0.06204130859375 0.91397314453125 0.06249794921875 0.90986328125 0.06341123046875 0.9071234375 0.0743708984375 0.88383427734375 0.0748275390625 0.8833775390625 0.067064453125 0.8820076171875 0.0666078125 0.8820076171875 0.0487984375 0.88611748046875 0.04331865234375
0 0.87748720703125 0.08037099609375 0.89352216796875 0.079931640625 0.9062623046875 0.07839404296875 0.91263232421875 0.08344619140625 0.91087509765625 0.1144177734375 0.88978798828125 0.11573564453125 0.8871521484375 0.0904751953125 0.87748720703125 0.08037099609375
0 0.99844912109375 0.13326015625 0.990471484375 0.1374849609375 0.98150048828125 0.12066435546875 0.9943962890625 0.1156181640625 0.99844912109375 0.12778349609375 0.99844912109375 0.13326015625
0 0.78377646484375 0.1173935546875 0.79673623046875 0.11761328125 0.796955859375 0.11214384765625 0.80073466796875 0.1120291015625 0.8034791015625 0.11467197265625 0.807316015625 0.11558798828125 0.8067876953125 0.11960302734375 0.81238759765625 0.1184408203125 0.81323291015625 0.1249916015625 0.818621484375 0.1260482421875 0.81957236328125 0.135980078125 0.81175361328125 0.1375650390625 0.81097236328125 0.1471826171875 0.79054423828125 0.1485005859375 0.79098359375 0.16211923828125 0.76967685546875 0.15904404296875 0.76923759765625 0.14015361328125 0.78329560546875 0.13751767578125 0.7898853515625 0.132465625 0.78571181640625 0.1287314453125 0.78377646484375 0.1173935546875
0 0.4238375 0.10542080078125 0.4528322265625 0.1043224609375 0.45480908203125 0.11398740234375 0.46667060546875 0.1153052734375 0.46667060546875 0.13068125 0.43020751953125 0.13353681640625 0.429987890625 0.130022265625 0.4214212890625 0.12870439453125 0.4220802734375 0.11618388671875 0.42361787109375 0.1159642578125 0.4238375 0.10542080078125
0 0.4210458984375 0.13571943359375 0.46531689453125 0.13561376953125 0.46573955078125 0.1534701171875 0.45380009765625 0.153787109375 0.45010205078125 0.165092578125 0.4208345703125 0.1657265625 0.4210458984375 0.13571943359375
0 0.4220625 0.16946328125 0.450111328125 0.16717080078125 0.4666978515625 0.1697330078125 0.4610341796875 0.18186953125 0.45375224609375 0.183083203125 0.45469619140625 0.1834876953125 0.46305693359375 0.18497109375 0.46251748046875 0.19670302734375 0.41828662109375 0.19724248046875 0.4220625 0.16946328125
0 0.72361552734375 0.1147666015625 0.749376953125 0.11261982421875 0.7522392578125 0.15018857421875 0.7254044921875 0.147326171875 0.72361552734375 0.1147666015625
0 0.733233203125 0.1534564453125 0.7513044921875 0.159996484375 0.749411328125 0.168085546875 0.75440234375 0.17238818359375 0.75009970703125 0.18770576171875 0.7237673828125 0.18030517578125 0.72531630859375 0.17015087890625 0.72979111328125 0.16929033203125 0.733233203125 0.1534564453125
0 0.41821025390625 0.20144287109375 0.46486845703125 0.2000943359375 0.4656775390625 0.21856884765625 0.449091015625 0.21829912109375 0.4494955078125 0.227738671875 0.4183451171875 0.22800830078125 0.41821025390625 0.20144287109375
0 0.4177216796875 0.23100771484375 0.4626416015625 0.23117978515625 0.46332998046875 0.25045576171875 0.4480125 0.2492509765625 0.4480125 0.259233203125 0.41806591796875 0.26009375 0.4177216796875 0.23100771484375
0 0.41974501953125 0.2623908203125 0.4370640625 0.2636880859375 0.437300390625 0.27507333984375 0.4457107421875 0.2761947265625 0.44767314453125 0.2638595703125 0.46337236328125 0.26329892578125 0.46337236328125 0.2924546875 0.417956640625 0.2902119140625 0.41974501953125 0.2623908203125
0 0.88372392578125 0.1233576171875 0.904151953125 0.1198431640625 0.91205966796875 0.14883779296875 0.91140068359375 0.15564716796875 0.8975623046875 0.16004033203125 0.89229052734375 0.1492771484375 0.88701875 0.15081474609375 0.88130771484375 0.1400515625 0.8839435546875 0.135878125 0.88372392578125 0.1233576171875
0 0.94418759765625 0.145053125 0.94991240234375 0.14147509765625 0.955637109375 0.14290634765625 0.97424267578125 0.134319140625 0.9984490234375 0.1743123046875 0.9984490234375 0.17542119140625 0.9703068359375 0.19371357421875 0.94418759765625 0.145053125
0 0.88596591796875 0.17024853515625 0.89956240234375 0.1654294921875 0.91797783203125 0.16577373046875 0.92090361328125 0.15372626953125 0.940007421875 0.155103125 0.9389748046875 0.17317431640625 0.92228046875 0.172830078125 0.9267552734375 0.18539384765625 0.8957759765625 0.196925 0.88596591796875 0.17024853515625
0 0.7876873046875 0.164562890625 0.798283984375 0.16290712890625 0.80176103515625 0.17143408203125 0.81823544921875 0.1687021484375 0.82883212890625 0.179216015625 0.82900419921875 0.1882548828125 0.7935501953125 0.19582763671875 0.78735439453125 0.19565546875 0.7852890625 0.1853291015625 0.79045234375 0.1844685546875 0.7876873046875 0.164562890625
0 0.80170078125 0.19733037109375 0.8076341796875 0.19463330078125 0.82273740234375 0.19301513671875 0.83231171875 0.21418662109375 0.83770576171875 0.21175927734375 0.84202099609375 0.22227763671875 0.81653427734375 0.23239140625 0.81370244140625 0.22861552734375 0.80844326171875 0.2302337890625 0.8014310546875 0.2197154296875 0.8083083984375 0.21674873046875 0.80170078125 0.19733037109375
0 0.5366935546875 0.17884306640625 0.544 0.1633169921875 0.5718556640625 0.17884306640625 0.563179296875 0.1975658203125 0.55861279296875 0.19573916015625 0.55130634765625 0.2062421875 0.529387109375 0.19528251953125 0.5366935546875 0.17884306640625
0 0.5327580078125 0.20450400390625 0.5455154296875 0.2050646484375 0.5482125 0.21854970703125 0.55589892578125 0.21774052734375 0.56398994140625 0.207222265625 0.58017197265625 0.21234658203125 0.57059765625 0.23419228515625 0.5324349609375 0.232708984375 0.5327580078125 0.20450400390625
0 0.91068115234375 0.20912060546875 0.9239240234375 0.19770439453125 0.93808017578125 0.21962353515625 0.92255400390625 0.231496484375 0.91068115234375 0.20912060546875
0 0.41927294921875 0.29694931640625 0.4329724609375 0.29603603515625 0.4329724609375 0.3047123046875 0.44575869140625 0.30699560546875 0.4498685546875 0.29603603515625 0.4590015625 0.29603603515625 0.45991484375 0.3220650390625 0.41835966796875 0.3206951171875 0.41927294921875 0.29694931640625
0 0.4151552734375 0.3284919921875 0.4623845703125 0.3284919921875 0.4627423828125 0.34316171875 0.44735712890625 0.34351953125 0.44628369140625 0.35389560546875 0.41801767578125 0.35532685546875 0.4151552734375 0.3284919921875
0 0.41814169921875 0.35875771484375 0.46061953125 0.3586228515625 0.4603498046875 0.37440029296875 0.45738310546875 0.37520947265625 0.4572482421875 0.38707626953125 0.43391923828125 0.38694140625 0.43405400390625 0.3885595703125 0.42812060546875 0.38923388671875 0.4278509765625 0.3859974609375 0.41625380859375 0.3853232421875 0.41814169921875 0.35875771484375
0 0.4117380859375 0.390333203125 0.45906748046875 0.39102158203125 0.45855107421875 0.405994921875 0.4447826171875 0.405994921875 0.44374990234375 0.41941923828125 0.4100169921875 0.419075 0.4117380859375 0.390333203125
0 0.4083458984375 0.42247001953125 0.44415 0.422250390625 0.44415 0.45080576171875 0.41427666015625 0.45212373046875 0.4151552734375 0.42971875 0.4083458984375 0.42949912109375 0.4083458984375 0.42247001953125
0 0.4148765625 0.45493994140625 0.4332611328125 0.45493994140625 0.4338951171875 0.46835859375 0.44403837890625 0.4682529296875 0.4458345703125 0.45430595703125 0.4604154296875 0.45451728515625 0.46094375 0.47406416015625 0.4565060546875 0.47416982421875 0.4562947265625 0.484207421875 0.41403134765625 0.48452431640625 0.4148765625 0.45493994140625
0 0.41379619140625 0.48689638671875 0.42851318359375 0.4866767578125 0.4302705078125 0.49612197265625 0.44344990234375 0.49678095703125 0.44388916015625 0.4879947265625 0.45882587890625 0.487775 0.4590455078125 0.51369453125 0.41445517578125 0.5150125 0.41379619140625 0.48689638671875
0 0.4138994140625 0.5179646484375 0.440748046875 0.517792578125 0.4443623046875 0.5171041015625 0.4583029296875 0.51744833984375 0.459335546875 0.53397060546875 0.44401806640625 0.53431474609375 0.44315751953125 0.54515751953125 0.41441572265625 0.54532958984375 0.4138994140625 0.5179646484375
0 0.41427314453125 0.54854267578125 0.458848828125 0.54940322265625 0.458848828125 0.56609755859375 0.44198232421875 0.566441796875 0.44112177734375 0.57883349609375 0.4128962890625 0.57814501953125 0.41427314453125 0.54854267578125
0 0.4126595703125 0.58126982421875 0.4577515625 0.580753515625 0.45809580078125 0.5983083984375 0.44157353515625 0.59796416015625 0.441229296875 0.60983955078125 0.41214326171875 0.61052802734375 0.4126595703125 0.58126982421875
0 0.41148232421875 0.61298447265625 0.427956640625 0.613423828125 0.4297138671875 0.623088671875 0.4413556640625 0.62374765625 0.44091640625 0.61364345703125 0.45277783203125 0.612105859375 0.457390625 0.6151810546875 0.458049609375 0.6316552734375 0.45475478515625 0.63143564453125 0.45475478515625 0.64197919921875 0.41214130859375 0.640880859375 0.41148232421875 0.61298447265625
0 0.41199189453125 0.64580126953125 0.42952236328125 0.6466103515625 0.4308708984375 0.6603650390625 0.44354677734375 0.6596908203125 0.4415240234375 0.64768916015625 0.4558181640625 0.64714970703125 0.4546044921875 0.67425458984375 0.411317578125 0.67519853515625 0.41199189453125 0.64580126953125
0 0.4611103515625 0.6479810546875 0.48245341796875 0.6479810546875 0.48298173828125 0.66129404296875 0.4610046875 0.66097705078125 0.4611103515625 0.6479810546875
0 0.411440234375 0.67839638671875 0.45333017578125 0.67756845703125 0.45374404296875 0.69197333984375 0.44041552734375 0.69172490234375 0.4400015625 0.7056330078125 0.41110908203125 0.7062953125 0.411440234375 0.67839638671875
0 0.41127802734375 0.70898671875 0.42867373046875 0.708447265625 0.4297525390625 0.72260654296875 0.4404056640625 0.72274140625 0.44148447265625 0.7096609375 0.45483466796875 0.70952607421875 0.45510439453125 0.72597783203125 0.45321650390625 0.73568701171875 0.4321798828125 0.7342037109375 0.43244951171875 0.74283408203125 0.40871591796875 0.74162041015625 0.41127802734375 0.70898671875
0 0.4565001953125 0.7123015625 0.48162763671875 0.713018359375 0.48150810546875 0.72476572265625 0.455982421875 0.72412861328125 0.4565001953125 0.7123015625
0 0.998448828125 0.683990625 0.99089697265625 0.683990625 0.9876021484375 0.65477626953125 0.998448828125 0.6536232421875 0.998448828125 0.683990625
0 0.91533505859375 0.6602677734375 0.942133203125 0.6582908203125 0.942133203125 0.6908 0.9170923828125 0.69167861328125 0.91533505859375 0.6602677734375
0 0.8828412109375 0.66196806640625 0.9108900390625 0.6621029296875 0.91075517578125 0.68934267578125 0.9005138671875 0.68978310546875 0.9015873046875 0.707673046875 0.88369736328125 0.706957421875 0.8828412109375 0.66196806640625
0 0.84967958984375 0.66536904296875 0.87618408203125 0.66433642578125 0.8788046875 0.69192841796875 0.8614517578125 0.69478388671875 0.8614517578125 0.70466845703125 0.867821875 0.70422919921875 0.86913974609375 0.71323505859375 0.85376376953125 0.71279580078125 0.84967958984375 0.66536904296875
0 0.81746474609375 0.66855791015625 0.84535859375 0.6670787109375 0.84736611328125 0.69264814453125 0.83713564453125 0.6955853515625 0.83853740234375 0.71380771484375 0.82283818359375 0.71605048828125 0.81746474609375 0.66855791015625
0 0.78810712890625 0.6724623046875 0.81305439453125 0.66976533203125 0.81471396484375 0.69586982421875 0.8118515625 0.69980556640625 0.8125671875 0.71447529296875 0.78975869140625 0.71664921875 0.78810712890625 0.6724623046875
0 0.75856650390625 0.67632978515625 0.77043330078125 0.67565546875 0.77232119140625 0.6797009765625 0.78634560546875 0.6828025390625 0.78688505859375 0.70572705078125 0.7762318359375 0.70667099609375 0.775962109375 0.71934697265625 0.760858984375 0.719212109375 0.75856650390625 0.67632978515625
0 0.69853369140625 0.7027865234375 0.740902734375 0.702258203125 0.74012978515625 0.73260419921875 0.72116650390625 0.73224638671875 0.72080869140625 0.7265216796875 0.71222158203125 0.7268794921875 0.7100748046875 0.71364091796875 0.69790966796875 0.71364091796875 0.69853369140625 0.7027865234375
0 0.6986828125 0.67070869140625 0.739812109375 0.67138291015625 0.73900302734375 0.70037578125 0.7214724609375 0.69929697265625 0.720528515625 0.68567705078125 0.71162841796875 0.6855421875 0.7124375 0.7001060546875 0.69450244140625 0.6994318359375 0.69450244140625 0.68284521484375 0.6982783203125 0.68257548828125 0.6986828125 0.67070869140625
0 0.59238369140625 0.70748349609375 0.6116595703125 0.7067951171875 0.61200380859375 0.72039150390625 0.62370712890625 0.720563671875 0.6235349609375 0.7069671875 0.6374755859375 0.707827734375 0.637303515625 0.72107998046875 0.6362708984375 0.721768359375 0.6345498046875 0.73674169921875 0.59272783203125 0.73502060546875 0.59238369140625 0.70748349609375
0 0.52387265625 0.71012490234375 0.569405078125 0.71087001953125 0.569405078125 0.73976240234375 0.5409265625 0.740590234375 0.54084384765625 0.728337890625 0.52378984375 0.7276755859375 0.52387265625 0.71012490234375
0 0.52391279296875 0.6781755859375 0.57055087890625 0.6792783203125 0.57061572265625 0.7087919921875 0.54175068359375 0.70892177734375 0.54181552734375 0.69718115234375 0.52417216796875 0.69653251953125 0.52391279296875 0.6781755859375
0 0.5238890625 0.64390390625 0.541271875 0.6449365234375 0.54109970703125 0.6614587890625 0.553147265625 0.66094248046875 0.55366357421875 0.647690234375 0.57087421875 0.64717392578125 0.57052998046875 0.676087890625 0.52526591796875 0.67488310546875 0.5238890625 0.64390390625
0 0.5930759765625 0.64837861328125 0.63231630859375 0.6475181640625 0.63300478515625 0.6585330078125 0.63747958984375 0.65818876953125 0.63816796875 0.6762599609375 0.62250625 0.67574365234375 0.62285048828125 0.66472880859375 0.6104587890625 0.66490087890625 0.61028671875 0.67660419921875 0.59410859375 0.67574365234375 0.5930759765625 0.64837861328125
0 0.595112109375 0.678984375 0.61213798828125 0.6787302734375 0.6129091796875 0.68000546875 0.63184091796875 0.67948916015625 0.634766796875 0.70186298828125 0.5972474609375 0.70375615234375 0.59655908203125 0.70358408203125 0.59621484375 0.70358408203125 0.595112109375 0.678984375
0 0.93375546875 0.18845419921875 0.93983798828125 0.18702294921875 0.943416015625 0.1991880859375 0.93912236328125 0.20097705078125 0.93912236328125 0.20598623046875 0.93290849609375 0.2099083984375 0.9277453125 0.20078681640625 0.92808388671875 0.196828515625 0.93359130859375 0.19700068359375 0.93375546875 0.18845419921875
0 0.95151279296875 0.222034765625 0.95719228515625 0.22616533203125 0.955643359375 0.23270537109375 0.9604623046875 0.2320169921875 0.962011328125 0.22341162109375 0.97629619140625 0.22461640625 0.977673046875 0.2442365234375 0.9613228515625 0.2413107421875 0.95994599609375 0.242343359375 0.963216015625 0.2493998046875 0.95082431640625 0.25748876953125 0.9503080078125 0.25662822265625 0.94858701171875 0.25593984375 0.94428427734375 0.25938193359375 0.93602314453125 0.25576767578125 0.93481845703125 0.2476787109375 0.93843271484375 0.2438923828125 0.93034365234375 0.23855703125 0.95151279296875 0.222034765625
0 0.9671796875 0.24527705078125 0.97436455078125 0.24717890625 0.995179296875 0.26323896484375 0.9955626953125 0.26668115234375 0.99844892578125 0.2693677734375 0.998448828125 0.27389951171875 0.98953896484375 0.29163662109375 0.95546181640625 0.269951171875 0.9671796875 0.24527705078125
0 0.70825576171875 0.198652734375 0.72099169921875 0.200373828125 0.72632705078125 0.1931453125 0.75334775390625 0.2098396484375 0.74508662109375 0.2234361328125 0.7306296875 0.21861708984375 0.7261548828125 0.22773876953125 0.69965048828125 0.21500283203125 0.7020599609375 0.20467646484375 0.70825576171875 0.198652734375
0 0.782741796875 0.23115283203125 0.78318115234375 0.2278580078125 0.78977080078125 0.22983486328125 0.78999052734375 0.235765625 0.7829615234375 0.236424609375 0.782741796875 0.23115283203125
0 0.81846884765625 0.24146220703125 0.82707412109375 0.22958681640625 0.83998212890625 0.2270052734375 0.84359638671875 0.23612685546875 0.841358984375 0.23698740234375 0.8451453125 0.24765810546875 0.85099697265625 0.245420703125 0.85633232421875 0.25437021484375 0.85633232421875 0.2591892578125 0.83240947265625 0.2739904296875 0.82586943359375 0.261082421875 0.81795244140625 0.26331982421875 0.81519873046875 0.2540259765625 0.82139462890625 0.25075595703125 0.81846884765625 0.24146220703125
0 0.8367439453125 0.27228857421875 0.8575232421875 0.2604501953125 0.8643326171875 0.27124208984375 0.86762744140625 0.2697044921875 0.87399755859375 0.278930078125 0.87443681640625 0.28398212890625 0.87070263671875 0.285739453125 0.87092236328125 0.2888146484375 0.85598564453125 0.2991384765625 0.851592578125 0.2879359375 0.8423669921875 0.28837529296875 0.8367439453125 0.27228857421875
0 0.8933822265625 0.300903515625 0.9018154296875 0.3045177734375 0.9073228515625 0.31036943359375 0.90474130859375 0.31536044921875 0.884260546875 0.3387669921875 0.861026171875 0.31587685546875 0.862747265625 0.3074435546875 0.8765158203125 0.31587685546875 0.8933822265625 0.300903515625
0 0.90874384765625 0.31808955078125 0.93679267578125 0.33845185546875 0.92222890625 0.3581400390625 0.89471943359375 0.33629423828125 0.90874384765625 0.31808955078125
0 0.938884375 0.34366689453125 0.95343251953125 0.35526796875 0.95517109375 0.35253603515625 0.96767177734375 0.36238759765625 0.94955498046875 0.38342353515625 0.92391103515625 0.36036123046875 0.938884375 0.34366689453125
0 0.9433611328125 0.39200166015625 0.9658810546875 0.3728529296875 0.97815244140625 0.38674248046875 0.98408583984375 0.38107880859375 0.9944693359375 0.3922712890625 0.98314189453125 0.40413818359375 0.97464638671875 0.3953728515625 0.964937109375 0.40009267578125 0.97599482421875 0.4108806640625 0.9590037109375 0.424905078125 0.93985498046875 0.402519921875 0.9433611328125 0.39200166015625
0 0.99287685546875 0.3987208984375 0.99844873046875 0.4010267578125 0.99844873046875 0.43405419921875 0.99810634765625 0.433493359375 0.98718349609375 0.4419888671875 0.97032724609375 0.42432353515625 0.9727544921875 0.417311328125 0.99287685546875 0.3987208984375
0 0.53188212890625 0.23618251953125 0.5743515625 0.236430859375 0.5787392578125 0.240321875 0.5786564453125 0.2643298828125 0.54935009765625 0.2655716796875 0.5491017578125 0.25605126953125 0.53204775390625 0.2556373046875 0.53188212890625 0.23618251953125
0 0.59239462890625 0.22179453125 0.6185548828125 0.22145029296875 0.61821064453125 0.24193095703125 0.6096052734375 0.24158681640625 0.6096052734375 0.25019208984375 0.6197595703125 0.25019208984375 0.620448046875 0.267919140625 0.60323740234375 0.26964013671875 0.603065234375 0.26550966796875 0.5927388671875 0.26482119140625 0.59239462890625 0.22179453125
0 0.6503353515625 0.24367421875 0.665711328125 0.25180146484375 0.664393359375 0.25619462890625 0.6714224609375 0.26102705078125 0.65626611328125 0.28387138671875 0.63276279296875 0.2669578125 0.63276279296875 0.2632236328125 0.6503353515625 0.24367421875
0 0.67608984375 0.264853125 0.69901435546875 0.28063056640625 0.6845853515625 0.30355517578125 0.66044716796875 0.2881822265625 0.67608984375 0.264853125
0 0.70472998046875 0.28305830078125 0.726284375 0.300808984375 0.7105412109375 0.3235255859375 0.6998697265625 0.31697470703125 0.69236796875 0.32859716796875 0.67799833984375 0.31834833984375 0.70472998046875 0.28305830078125
0 0.7289267578125 0.3021529296875 0.7445146484375 0.3129177734375 0.739748828125 0.31852470703125 0.7481591796875 0.3266546875 0.73555107421875 0.3445193359375 0.72934208984375 0.342780859375 0.7261134765625 0.33640625 0.71708974609375 0.3470029296875 0.70334716796875 0.3346677734375 0.71336435546875 0.32316044921875 0.7149373046875 0.3248162109375 0.71535126953125 0.32448505859375 0.7149373046875 0.3198490234375 0.7289267578125 0.3021529296875
0 0.756991796875 0.32100166015625 0.77802841796875 0.33839736328125 0.77398291015625 0.347027734375 0.773848046875 0.3510732421875 0.76117216796875 0.36294013671875 0.75422822265625 0.3730033203125 0.7444181640625 0.3657748046875 0.74200869140625 0.36784013671875 0.7313380859375 0.35682529296875 0.74045966796875 0.34391728515625 0.75044189453125 0.3508015625 0.7562935546875 0.3442615234375 0.74510654296875 0.33513984375 0.756991796875 0.32100166015625
0 0.77469833984375 0.3556759765625 0.7834845703125 0.34293583984375 0.80369306640625 0.35721357421875 0.79754267578125 0.36468193359375 0.79446748046875 0.36468193359375 0.77843251953125 0.388844140625 0.77338037109375 0.3844509765625 0.77491796875 0.38181513671875 0.7663513671875 0.37983818359375 0.75712578125 0.37983818359375 0.76547275390625 0.36709814453125 0.7762359375 0.37127158203125 0.7830453125 0.3611673828125 0.77469833984375 0.3556759765625
0 0.8002302734375 0.3766234375 0.81167978515625 0.36374267578125 0.8295697265625 0.37805458984375 0.80345048828125 0.41061416015625 0.7823404296875 0.39451328125 0.79378994140625 0.38270595703125 0.80201923828125 0.3902197265625 0.80774404296875 0.38342158203125 0.8002302734375 0.3766234375
0 0.82517216796875 0.39144931640625 0.836155078125 0.38024677734375 0.84691826171875 0.38947236328125 0.8570224609375 0.3991373046875 0.82736875 0.4336234375 0.80825869140625 0.41473291015625 0.81770390625 0.40243212890625 0.823854296875 0.40792353515625 0.8317619140625 0.39935693359375 0.82517216796875 0.39144931640625
0 0.85012099609375 0.41586064453125 0.85956044921875 0.40466806640625 0.8830244140625 0.4212546875 0.87574248046875 0.4309638671875 0.8773607421875 0.4336609375 0.8711576171875 0.441751953125 0.86859541015625 0.4395943359375 0.857246875 0.45251142578125 0.84827587890625 0.445783203125 0.84463134765625 0.44718486328125 0.8331373046875 0.43765322265625 0.844070703125 0.424757421875 0.8519203125 0.43148564453125 0.8594896484375 0.42447705078125 0.85012099609375 0.41586064453125
0 0.85918251953125 0.4566931640625 0.88866728515625 0.42461669921875 0.908490234375 0.44511396484375 0.8894763671875 0.46507177734375 0.8825990234375 0.4599474609375 0.86965341796875 0.47006123046875 0.85918251953125 0.4566931640625
0 0.8915845703125 0.471047265625 0.90081015625 0.478515625 0.90081015625 0.4758796875 0.8994921875 0.4741224609375 0.90300673828125 0.4692900390625 0.8977349609375 0.46335927734375 0.91157333984375 0.447763671875 0.93178173828125 0.46819169921875 0.90278701171875 0.49828466796875 0.88148037109375 0.48115146484375 0.8915845703125 0.471047265625
0 0.904854296875 0.5020166015625 0.93703828125 0.47172578125 0.95493740234375 0.49237861328125 0.934456640625 0.51371982421875 0.9296376953125 0.50545869140625 0.91621337890625 0.51630146484375 0.904854296875 0.5020166015625
0 0.93832080078125 0.51728779296875 0.94381220703125 0.5225595703125 0.9515001953125 0.51377333984375 0.94666767578125 0.5085015625 0.95984716796875 0.49751875 0.9772 0.51860576171875 0.94491044921875 0.5471611328125 0.9255806640625 0.526952734375 0.93832080078125 0.51728779296875
0 0.9472099609375 0.55068251953125 0.9829453125 0.5237125 0.99804853515625 0.5452884765625 0.97741640625 0.5621447265625 0.97161787109375 0.556211328125 0.95853740234375 0.564841796875 0.9472099609375 0.55068251953125
0 0.99844873046875 0.56903134765625 0.9965931640625 0.57098798828125 0.99447998046875 0.56750126953125 0.98602734375 0.573101171875 0.99046494140625 0.581765234375 0.9787369140625 0.59053486328125 0.96806533203125 0.577010546875 0.99844873046875 0.557005859375 0.99844873046875 0.56903134765625
0 0.98805146484375 0.57552041015625 0.99413876953125 0.57180947265625 0.99844873046875 0.5792625 0.99844873046875 0.5905265625 0.98545107421875 0.598700390625 0.97991728515625 0.59059912109375 0.9915724609375 0.58183330078125 0.98805146484375 0.57552041015625
0 0.99844873046875 0.63805810546875 0.995682421875 0.6396076171875 0.98661357421875 0.616028515625 0.986786328125 0.61179638671875 0.99844873046875 0.60752744140625 0.99844873046875 0.63805810546875
0 0.5218388671875 0.32085966796875 0.53994296875 0.32154716796875 0.5390263671875 0.33850546875 0.54681796875 0.33896376953125 0.54773466796875 0.3538595703125 0.54842216796875 0.3779220703125 0.52894296875 0.37677626953125 0.52917216796875 0.37013046875 0.52138056640625 0.36944296875 0.5218388671875 0.32085966796875
0 0.55369296875 0.32544296875 0.5656095703125 0.3252138671875 0.5752345703125 0.33117216796875 0.57752626953125 0.34033876953125 0.5779845703125 0.34767216796875 0.5766095703125 0.35340126953125 0.5697345703125 0.35477626953125 0.5683595703125 0.36806796875 0.55415126953125 0.36852626953125 0.55369296875 0.32544296875
0 0.59540126953125 0.33735966796875 0.608463671875 0.34492216796875 0.6027345703125 0.35569296875 0.61075537109375 0.36256796875 0.59196376953125 0.38800537109375 0.58188046875 0.3799845703125 0.5834845703125 0.3744845703125 0.5752345703125 0.36990126953125 0.59540126953125 0.33735966796875
0 0.53341474609375 0.39000029296875 0.54599140625 0.38941533203125 0.5454064453125 0.404916796875 0.55564326171875 0.40462431640625 0.5547658203125 0.393217578125 0.5734845703125 0.393217578125 0.5746544921875 0.4195408203125 0.53341474609375 0.4183708984375 0.53282978515625 0.40696416015625 0.5301974609375 0.40696416015625 0.53341474609375 0.39000029296875
0 0.52812490234375 0.4203822265625 0.57342646484375 0.42178916015625 0.57412998046875 0.44978603515625 0.5457109375 0.44964541015625 0.54557021484375 0.43965654296875 0.52854697265625 0.438249609375 0.52812490234375 0.4203822265625
0 0.53034287109375 0.45341474609375 0.54028720703125 0.45224482421875 0.541749609375 0.4665763671875 0.54964658203125 0.467161328125 0.5575435546875 0.4572169921875 0.566610546875 0.46043427734375 0.56573310546875 0.477690625 0.53151279296875 0.47915302734375 0.53034287109375 0.45341474609375
0 0.5289462890625 0.4840478515625 0.5455474609375 0.48362578125 0.58311123046875 0.4850326171875 0.58367392578125 0.514155078125 0.54442197265625 0.514014453125 0.5437185546875 0.50163388671875 0.52880556640625 0.50163388671875 0.5289462890625 0.4840478515625
0 0.52773974609375 0.5166142578125 0.5440595703125 0.51689560546875 0.5440595703125 0.5315271484375 0.5544705078125 0.53180849609375 0.5553146484375 0.51802109375 0.57332275390625 0.51703623046875 0.57247861328125 0.54686220703125 0.53125693359375 0.54644013671875 0.53167900390625 0.53335615234375 0.5274583984375 0.53223056640625 0.52773974609375 0.5166142578125
0 0.5277302734375 0.54918720703125 0.5720470703125 0.54975 0.57232841796875 0.57957587890625 0.55375751953125 0.57901318359375 0.553476171875 0.5805607421875 0.527448828125 0.580279296875 0.5277302734375 0.54918720703125
0 0.52928642578125 0.59113173828125 0.555322265625 0.5914908203125 0.55586103515625 0.58215380859375 0.5723802734375 0.5828720703125 0.572739453125 0.61213994140625 0.5291068359375 0.6114216796875 0.52928642578125 0.59113173828125
0 0.52606513671875 0.61392958984375 0.57103544921875 0.61492060546875 0.57103544921875 0.64299873046875 0.541271875 0.6449365234375 0.54237236328125 0.6315919921875 0.5248234375 0.632176953125 0.52606513671875 0.61392958984375
0 0.6130966796875 0.36872900390625 0.62088828125 0.3563541015625 0.63647158203125 0.36597900390625 0.63349248046875 0.36918740234375 0.64220078125 0.37674990234375 0.63463828125 0.38729150390625 0.63738828125 0.3891248046875 0.62547158203125 0.40677060546875 0.62249248046875 0.40402060546875 0.61905498046875 0.40883310546875 0.59705498046875 0.393020703125 0.60163828125 0.3856873046875 0.61149248046875 0.39072900390625 0.62157578125 0.37674990234375 0.6130966796875 0.36872900390625
0 0.63152587890625 0.40091474609375 0.63493486328125 0.39753818359375 0.64365751953125 0.40400986328125 0.6558974609375 0.38881552734375 0.66673037109375 0.39570927734375 0.64393896484375 0.42778623046875 0.622413671875 0.4132953125 0.63152587890625 0.40091474609375
0 0.609226953125 0.46402080078125 0.62146689453125 0.4417919921875 0.659593359375 0.46106630859375 0.65574931640625 0.47303984375 0.65808916015625 0.47303984375 0.65165458984375 0.48737138671875 0.63556806640625 0.47976689453125 0.6414177734375 0.467190234375 0.6341056640625 0.4642654296875 0.62767109375 0.47742705078125 0.609226953125 0.46402080078125
0 0.658205859375 0.41789892578125 0.6623005859375 0.42082373046875 0.66961259765625 0.412341796875 0.66317802734375 0.40502978515625 0.67195244140625 0.39479296875 0.6941810546875 0.40970947265625 0.67867958984375 0.4345703125 0.6663953125 0.433400390625 0.6623005859375 0.44246728515625 0.646506640625 0.429890625 0.658205859375 0.41789892578125
0 0.6708623046875 0.44716513671875 0.68176142578125 0.4357611328125 0.68933408203125 0.4424732421875 0.6934646484375 0.43438427734375 0.6934646484375 0.432491015625 0.6951857421875 0.43180263671875 0.69105517578125 0.4240578125 0.70017685546875 0.412182421875 0.72065751953125 0.43042578125 0.69277626953125 0.464675 0.6708623046875 0.44716513671875
0 0.72251357421875 0.4302458984375 0.74219326171875 0.447600390625 0.7232615234375 0.475481640625 0.70088759765625 0.459819921875 0.708826953125 0.4502892578125 0.71914052734375 0.45768388671875 0.72381083984375 0.45009462890625 0.71421083984375 0.44244052734375 0.72251357421875 0.4302458984375
0 0.74909599609375 0.44990751953125 0.76974873046875 0.47038828125 0.76492978515625 0.47727255859375 0.76751142578125 0.478821484375 0.753570703125 0.49482744140625 0.75219384765625 0.4943111328125 0.74565380859375 0.50412119140625 0.72276357421875 0.4870826171875 0.7403185546875 0.4647087890625 0.736704296875 0.461438671875 0.74909599609375 0.44990751953125
0 0.776496875 0.47003193359375 0.78808994140625 0.481065234375 0.7791189453125 0.49255927734375 0.7868828125 0.49786494140625 0.7676177734375 0.522319140625 0.74686025390625 0.50575341796875 0.76692255859375 0.481458984375 0.776496875 0.47003193359375
0 0.81097890625 0.48901123046875 0.82230625 0.49737197265625 0.82230625 0.5012826171875 0.84361259765625 0.5175994140625 0.83268974609375 0.5306798828125 0.8256775390625 0.526634375 0.8225759765625 0.53041025390625 0.80086513671875 0.514093359375 0.79965146484375 0.50303564453125 0.81097890625 0.48901123046875
0 0.598965234375 0.47633466796875 0.6376248046875 0.48599951171875 0.63520859375 0.49852001953125 0.64113935546875 0.500496875 0.63916240234375 0.5145548828125 0.63323173828125 0.51631220703125 0.59083798828125 0.50598828125 0.598965234375 0.47633466796875
0 0.59347802734375 0.513438671875 0.62092109375 0.51704677734375 0.6213751953125 0.52463603515625 0.62636982421875 0.5243765625 0.626823828125 0.5178251953125 0.63772119140625 0.518603515625 0.6354720703125 0.54734375 0.59003583984375 0.54132001953125 0.59347802734375 0.513438671875
0 0.594966796875 0.54937451171875 0.64122041015625 0.55153212890625 0.64081591796875 0.56798388671875 0.62773544921875 0.579985546875 0.61505947265625 0.57108544921875 0.60845185546875 0.5721642578125 0.60777763671875 0.579985546875 0.594292578125 0.578771875 0.594966796875 0.54937451171875
0 0.59282119140625 0.584521875 0.63791318359375 0.58434970703125 0.636536328125 0.60483046875 0.61364609375 0.606895703125 0.61312978515625 0.61377998046875 0.59368173828125 0.61464052734375 0.594198046875 0.6029373046875 0.5850763671875 0.60138828125 0.5852484375 0.59209453125 0.592476953125 0.591233984375 0.59282119140625 0.584521875
0 0.5937361328125 0.61646298828125 0.6221337890625 0.616979296875 0.62282216796875 0.62713359375 0.63831181640625 0.626273046875 0.63917236328125 0.64227900390625 0.5920150390625 0.6434837890625 0.5937361328125 0.61646298828125
0 0.86740595703125 0.61722421875 0.86516865234375 0.60810263671875 0.87756025390625 0.60190673828125 0.88323984375 0.60793046875 0.88547724609375 0.6022509765625 0.88926357421875 0.59467822265625 0.90475322265625 0.58521240234375 0.91525166015625 0.60104619140625 0.9028599609375 0.6086189453125 0.90767900390625 0.61550322265625 0.91766123046875 0.60827470703125 0.931085546875 0.62755068359375 0.90681845703125 0.64063076171875 0.90217158203125 0.63495126953125 0.900966796875 0.635467578125 0.89958994140625 0.63804921875 0.90492529296875 0.649408203125 0.893394140625 0.65353876953125 0.8896078125 0.64510556640625 0.87532294921875 0.65164560546875 0.8575958984375 0.6242806640625 0.86740595703125 0.61722421875
0 0.828165625 0.61756845703125 0.8326404296875 0.6051767578125 0.84778583984375 0.61120048828125 0.83573837890625 0.654915625 0.80665234375 0.64510556640625 0.81663447265625 0.61842900390625 0.828165625 0.61756845703125
0 0.7326119140625 0.5124744140625 0.7620458984375 0.5329025390625 0.760288671875 0.54652119140625 0.75303994140625 0.556625390625 0.7251435546875 0.53861357421875 0.7306349609375 0.52807001953125 0.7258025390625 0.52499482421875 0.7326119140625 0.5124744140625
0 0.7710517578125 0.53070595703125 0.7908208984375 0.53400078125 0.78796533203125 0.5500357421875 0.79806962890625 0.55091435546875 0.7976302734375 0.5528912109375 0.81080966796875 0.55640576171875 0.8088328125 0.56760830078125 0.76599970703125 0.5590416015625 0.7710517578125 0.53070595703125
0 0.80725068359375 0.530294140625 0.82035234375 0.540754296875 0.81084306640625 0.55153154296875 0.80027724609375 0.54329013671875 0.801016796875 0.53705625 0.80725068359375 0.530294140625
0 0.76713515625 0.5707427734375 0.7825080078125 0.57101240234375 0.78385654296875 0.580451953125 0.7955884765625 0.580451953125 0.79572333984375 0.56939423828125 0.81123115234375 0.56993369140625 0.81244482421875 0.59649912109375 0.76484267578125 0.5956900390625 0.76713515625 0.5707427734375
0 0.700489453125 0.56241728515625 0.7220158203125 0.562856640625 0.7231140625 0.56549248046875 0.72904482421875 0.56724970703125 0.72904482421875 0.56307626953125 0.74749599609375 0.56549248046875 0.7466173828125 0.59097265625 0.7206978515625 0.59141201171875 0.72113720703125 0.5810880859375 0.7152064453125 0.5804291015625 0.71366884765625 0.5927298828125 0.6980732421875 0.590313671875 0.700489453125 0.56241728515625
0 0.69684619140625 0.60932548828125 0.7106845703125 0.610643359375 0.71112392578125 0.59768359375 0.74473134765625 0.60009990234375 0.74055791015625 0.63063212890625 0.69245302734375 0.6262390625 0.69684619140625 0.60932548828125
0 0.697758203125 0.63389921875 0.7432556640625 0.63715771484375 0.74157353515625 0.664070703125 0.72447255859375 0.66463134765625 0.72503330078125 0.65509970703125 0.712978515625 0.65369794921875 0.7121375 0.66210830078125 0.69279375 0.6601458984375 0.697758203125 0.63389921875
0 0.995914453125 0.99900751953125 0.99295185546875 0.9987126953125 0.98839326171875 0.99450478515625 0.9852373046875 0.9829328125 0.976470703125 0.98433544921875 0.96840537109375 0.98328349609375 0.96560009765625 0.95943837890625 0.96910673828125 0.9590876953125 0.98593857421875 0.957334375 0.98769189453125 0.9520744140625 0.9943544921875 0.95172373046875 0.99844921875 0.95426708984375 0.99844931640625 0.999007421875 0.995914453125 0.99900751953125
0 0.959989453125 0.99836201171875 0.94175498046875 0.9987126953125 0.94035224609375 0.98959541015625 0.93158564453125 0.99029677734375 0.9221177734375 0.98679013671875 0.92141640625 0.96925693359375 0.92387109375 0.96645166015625 0.92457236328125 0.957334375 0.9361443359375 0.95593173828125 0.93579365234375 0.95978896484375 0.9547294921875 0.95873701171875 0.95683349609375 0.96119169921875 0.959989453125 0.99836201171875
0 0.90130966796875 0.99900927734375 0.89967529296875 0.9853875 0.89441533203125 0.98433544921875 0.891259375 0.9906474609375 0.8754794921875 0.98994609375 0.8740767578125 0.95523037109375 0.88494736328125 0.9545291015625 0.89546728515625 0.95768505859375 0.89722060546875 0.96434765625 0.913351171875 0.96434765625 0.916078515625 0.99900908203125 0.90130966796875 0.99900927734375
0 0.86040087890625 0.94997041015625 0.86566083984375 0.9625943359375 0.86460888671875 0.96645166015625 0.858296875 0.96750361328125 0.86110224609375 0.97907548828125 0.86566083984375 0.979426171875 0.86916748046875 0.99660869140625 0.85373828125 0.99660869140625 0.847776953125 0.9811794921875 0.840763671875 0.98047822265625 0.84286767578125 0.9906474609375 0.83059443359375 0.99029677734375 0.822178515625 0.9566330078125 0.8333998046875 0.9545291015625 0.8369064453125 0.96049033203125 0.84181572265625 0.95873701171875 0.84532236328125 0.9590876953125 0.843218359375 0.95242509765625 0.85128359375 0.9475158203125 0.86040087890625 0.94997041015625
0 0.78146044921875 0.99901103515625 0.77939755859375 0.99380341796875 0.78150146484375 0.988894140625 0.7930734375 0.9766208984375 0.7993853515625 0.9706595703125 0.8239318359375 0.99240078125 0.81661162109375 0.99901064453125 0.78146044921875 0.99901103515625
