0 0.36261181640625 0.005469140625 0.34929169921875 0.03443193359375 0.3378455078125 0.02980478515625 0.33687138671875 0.03150947265625 0.32055439453125 0.024933984375 0.3217720703125 0.0220115234375 0.2859720703125 0.00447685546875 0.28791611328125 9.765625e-06 0.3298373046875 1.015625e-05 0.34174208984375 0.00423330078125 0.3437599609375 1.025390625e-05 0.347494140625 1.025390625e-05 0.36261181640625 0.005469140625
0 0.481029296875 0.045231640625 0.52834140625 0.063808203125 0.520686328125 0.083294921875 0.50564482421875 0.0793880859375 0.50235615234375 0.086482421875 0.488134375 0.08148701171875 0.49076103515625 0.0740451171875 0.47132001953125 0.06515556640625 0.47285732421875 0.055008203125 0.481029296875 0.045231640625
0 0.621545703125 0.1055853515625 0.62892587890625 0.094105078125 0.64110908203125 0.0857876953125 0.64427197265625 0.08871640625 0.64930927734375 0.08508486328125 0.64825498046875 0.08391337890625 0.652237890625 0.081101953125 0.6532921875 0.08028193359375 0.6570408203125 0.08403056640625 0.66055517578125 0.08133623046875 0.66992685546875 0.090825 0.6662953125 0.0945736328125 0.67929853515625 0.1076939453125 0.6692240234375 0.117065625 0.66992685546875 0.1176513671875 0.6504806640625 0.135457421875 0.621545703125 0.1055853515625
0 0.72565830078125 0.23937958984375 0.74514130859375 0.19578642578125 0.76584189453125 0.205284375 0.75804873046875 0.22257548828125 0.77363515625 0.2296380859375 0.76072763671875 0.2571578125 0.72565830078125 0.23937958984375
0 0.2977609375 0.22681318359375 0.32040986328125 0.23460634765625 0.313347265625 0.25530703125 0.3226017578125 0.25847294921875 0.319679296875 0.26675322265625 0.3191921875 0.2684580078125 0.30920712890625 0.26504853515625 0.3060412109375 0.27527705078125 0.283879296875 0.2679708984375 0.2977609375 0.22681318359375
0 0.297509765625 0.1975126953125 0.33339228515625 0.20782890625 0.3274119140625 0.2283119140625 0.29108076171875 0.21754716796875 0.297509765625 0.1975126953125
0 0.35256279296875 0.2126177734375 0.355670703125 0.207642578125 0.3758197265625 0.214202734375 0.37628828125 0.2160771484375 0.373125390625 0.22416015625 0.35250771484375 0.218654296875 0.35256279296875 0.2126177734375
1 0.2750888671875 0.3418529296875 0.2769970703125 0.33402939453125 0.29493388671875 0.33822744140625 0.2924533203125 0.34814990234375 0.2747072265625 0.3437611328125 0.2750888671875 0.3418529296875
1 0.30158544921875 0.43964833984375 0.31093466796875 0.4397203125 0.3107908203125 0.44957294921875 0.30158544921875 0.4494291015625 0.30158544921875 0.43964833984375
0 0.30026806640625 0.538168359375 0.30086611328125 0.530991796875 0.29922158203125 0.53084228515625 0.29937109375 0.5218716796875 0.305201953125 0.5129009765625 0.3072951171875 0.50572451171875 0.32418984375 0.510359375 0.32105009765625 0.51843291015625 0.33061875 0.5206755859375 0.32957216796875 0.52172216796875 0.34556982421875 0.52560947265625 0.34183212890625 0.543401171875 0.32433935546875 0.53861689453125 0.3238908203125 0.54564384765625 0.30026806640625 0.538168359375
0 0.26498076171875 0.55920234375 0.27454951171875 0.562192578125 0.2693166015625 0.5790873046875 0.25974794921875 0.575798046875 0.26498076171875 0.55920234375
0 0.18618134765625 0.4939904296875 0.18618134765625 0.48860810546875 0.189171484375 0.48621591796875 0.21189716796875 0.49234580078125 0.2096544921875 0.5005689453125 0.18618134765625 0.4939904296875
0 0.29508876953125 0.713488671875 0.3067287109375 0.7121529296875 0.31035419921875 0.74669091796875 0.29871435546875 0.74802666015625 0.29508876953125 0.713488671875
0 0.3366748046875 0.8210427734375 0.37560166015625 0.81760810546875 0.3811353515625 0.82276015625 0.382852734375 0.8454005859375 0.3594490234375 0.847169140625 0.35957294921875 0.851764453125 0.3393462890625 0.85367265625 0.338773828125 0.84432255859375 0.33343095703125 0.83230107421875 0.3366748046875 0.8210427734375
0 0.04076669921875 0.9203896484375 0.0681787109375 0.87482001953125 0.0845791015625 0.88512880859375 0.0845791015625 0.8864173828125 0.08598486328125 0.8875888671875 0.08645341796875 0.88794033203125 0.06032998046875 0.93151845703125 0.059978515625 0.9323384765625 0.04076669921875 0.9203896484375
0 0.1410048828125 0.8926662109375 0.154311328125 0.88190146484375 0.163190234375 0.893587109375 0.14997548828125 0.90313193359375 0.1410048828125 0.8926662109375
0 0.389655859375 0.9302783203125 0.39805185546875 0.929705859375 0.39881513671875 0.93752939453125 0.390419140625 0.9381017578125 0.389655859375 0.9302783203125
0 0.1464794921875 0.92723271484375 0.156427734375 0.92169453125 0.18801572265625 0.962512890625 0.1870927734375 0.96528193359375 0.1707859375 0.9758455078125 0.1624787109375 0.96425634765625 0.1532484375 0.9689740234375 0.14781279296875 0.959538671875 0.15472333984375 0.9549302734375 0.140428515625 0.9335953125 0.1464794921875 0.92723271484375
0 0.18595419921875 0.967182421875 0.18965068359375 0.97328955078125 0.193829296875 0.9774681640625 0.1942310546875 0.980119921875 0.1843470703125 0.98638779296875 0.1843470703125 0.9879146484375 0.1812935546875 0.98952177734375 0.17679345703125 0.98453955078125 0.17301669921875 0.97698603515625 0.18595419921875 0.967182421875
0 0.17869013671875 0.49549287109375 0.18976650390625 0.49939013671875 0.20197099609375 0.50369755859375 0.200740234375 0.50646669921875 0.20919814453125 0.5094064453125 0.205355859375 0.5199310546875 0.19817236328125 0.51759228515625 0.196334765625 0.523272265625 0.203351171875 0.52561103515625 0.19900771484375 0.53680390625 0.16810205078125 0.52611220703125 0.17869013671875 0.49549287109375
1 0.23838974609375 0.3643375 0.2499083984375 0.368526171875 0.26077265625 0.37206025390625 0.2512173828125 0.39889345703125 0.23001259765625 0.3901236328125 0.23838974609375 0.3643375
1 0.26764345703125 0.38271044921875 0.27078486328125 0.37171533203125 0.2816490234375 0.37472587890625 0.2785076171875 0.386113671875 0.26764345703125 0.38271044921875
0 0.1900384765625 0.9937822265625 0.1843470703125 0.9879146484375 0.19976728515625 0.97740341796875 0.20420068359375 0.983683984375 0.1900384765625 0.9937822265625
0 0.7092662109375 0.06859375 0.71761904296875 0.04219873046875 0.72931298828125 0.0453728515625 0.71962373046875 0.07126669921875 0.7092662109375 0.06859375
