1 0.01988154296875 0.71535439453125 0.05219033203125 0.7095388671875 0.07868359375 0.71406201171875 0.07932978515625 0.8161580078125 0.0496056640625 0.81421943359375 0.02182001953125 0.8193888671875 0.02117392578125 0.8135732421875 0.01988154296875 0.71535439453125
1 0.49937568359375 0.75444853515625 0.5620537109375 0.70367138671875 0.6120375 0.765952734375 0.5481693359375 0.8203001953125 0.49937568359375 0.75444853515625
4 0.4490544921875 0.7754861328125 0.47176181640625 0.76937998046875 0.47386083984375 0.777203515625 0.449626953125 0.78197392578125 0.4490544921875 0.7754861328125
0 0.27619580078125 0.56574970703125 0.29087841796875 0.56372451171875 0.31163662109375 0.66143974609375 0.29695400390625 0.66599638671875 0.28834697265625 0.62296123046875 0.2853091796875 0.624480078125 0.27771474609375 0.59967158203125 0.283283984375 0.5961275390625 0.27619580078125 0.56574970703125
4 0.3219748046875 0.7767513671875 0.32343603515625 0.7718806640625 0.332933984375 0.768958203125 0.33634345703125 0.78210927734375 0.3246537109375 0.78624931640625 0.3219748046875 0.7767513671875
2 0.64087275390625 0.6522337890625 0.63040068359375 0.62349638671875 0.72294482421875 0.58769638671875 0.73171220703125 0.61229365234375 0.64087275390625 0.6522337890625
2 0.58705107421875 0.6325072265625 0.5858333984375 0.6244705078125 0.62723466796875 0.61521611328125 0.62820888671875 0.62203515625 0.58705107421875 0.6325072265625
2 0.5580939453125 0.63439248046875 0.56841015625 0.63020615234375 0.57005478515625 0.63259833984375 0.57035380859375 0.64112041015625 0.563027734375 0.6457552734375 0.5580939453125 0.63439248046875
2 0.5121998046875 0.628959375 0.52176845703125 0.6189421875 0.55316572265625 0.64136884765625 0.54524169921875 0.6518345703125 0.53657001953125 0.6452560546875 0.5340283203125 0.64749873046875 0.521319921875 0.63897666015625 0.5231140625 0.6382291015625 0.5121998046875 0.628959375
2 0.50330478515625 0.59967978515625 0.51570791015625 0.5979625 0.51914267578125 0.6105564453125 0.5084568359375 0.6120830078125 0.50330478515625 0.59967978515625
2 0.46915966796875 0.52908056640625 0.48145732421875 0.52511357421875 0.49573837890625 0.57549404296875 0.49653173828125 0.583824609375 0.48145732421875 0.58620478515625 0.46915966796875 0.52908056640625
2 0.50037314453125 0.533129296875 0.5099140625 0.5314119140625 0.5223171875 0.58331435546875 0.51697431640625 0.58541337890625 0.5089599609375 0.55297431640625 0.5051435546875 0.55316513671875 0.50037314453125 0.533129296875
2 0.4762115234375 0.40931845703125 0.499833984375 0.40714267578125 0.5029421875 0.41802138671875 0.477765625 0.41864306640625 0.4762115234375 0.40931845703125
2 0.50386181640625 0.51780009765625 0.50995029296875 0.5185306640625 0.5084890625 0.52875927734375 0.502644140625 0.5270544921875 0.50386181640625 0.51780009765625
2 0.50472041015625 0.50457373046875 0.50935517578125 0.506666796875 0.507710546875 0.5153384765625 0.5027767578125 0.5135443359375 0.50472041015625 0.50457373046875
2 0.63261689453125 0.695356640625 0.64114072265625 0.6956001953125 0.661354296875 0.7004708984375 0.65818828125 0.71995390625 0.63797470703125 0.71605732421875 0.62993798828125 0.71508310546875 0.63261689453125 0.695356640625
2 0.77182275390625 0.66513515625 0.78393310546875 0.66558369140625 0.7849796875 0.67231162109375 0.7864748046875 0.67679697265625 0.77212177734375 0.6763484375 0.77182275390625 0.66513515625
0 0.2369818359375 1.103515625e-05 0.239414453125 0.00978193359375 0.21871376953125 0.00953837890625 0.21871376953125 0.01294794921875 0.2004484375 0.0144091796875 0.19558125 1.0546875e-05 0.2369818359375 1.103515625e-05
0 0.186907421875 0.0290505859375 0.22275400390625 0.0181560546875 0.2280255859375 0.02869912109375 0.230719921875 0.04685673828125 0.1963962890625 0.0573998046875 0.1929990234375 0.051425390625 0.19100751953125 0.04908251953125 0.191358984375 0.0432251953125 0.186907421875 0.0290505859375
0 0.23189970703125 0.04797841796875 0.2546259765625 0.06402734375 0.25650029296875 0.0689474609375 0.240919921875 0.08663642578125 0.21819365234375 0.06355869140625 0.23189970703125 0.04797841796875
0 0.26189013671875 0.06854462890625 0.27044169921875 0.067490234375 0.2706759765625 0.071941796875 0.276884765625 0.0710046875 0.27758759765625 0.0693646484375 0.2818048828125 0.06573310546875 0.28918505859375 0.0659673828125 0.2909421875 0.09091943359375 0.28449921875 0.09244228515625 0.28426494140625 0.09747958984375 0.2761818359375 0.09747958984375 0.2762990234375 0.09279375 0.26224150390625 0.09291083984375 0.26189013671875 0.06854462890625
0 0.2954208984375 0.0715388671875 0.30362607421875 0.0650509765625 0.30725166015625 0.0696306640625 0.315266015625 0.0696306640625 0.31774658203125 0.06390615234375 0.3131669921875 0.06104384765625 0.31946396484375 0.0553193359375 0.3425529296875 0.08661337890625 0.3425529296875 0.09233798828125 0.33530185546875 0.098444140625 0.32423447265625 0.09157470703125 0.3108771484375 0.0808888671875 0.300573046875 0.07840830078125 0.2954208984375 0.0715388671875
0 0.33073671875 0.01983193359375 0.33817861328125 0.02383916015625 0.35020009765625 0.028800390625 0.35153583984375 0.0324259765625 0.345811328125 0.05551494140625 0.32138662109375 0.0463556640625 0.31966923828125 0.04024951171875 0.33073671875 0.01983193359375
0 0.3665232421875 1.2109375e-05 0.36704853515625 0.01978623046875 0.34671513671875 0.020234765625 0.34297734375 0.014254296875 0.3218962890625 0.0151513671875 0.3189083984375 1.181640625e-05 0.3665232421875 1.2109375e-05
0 0.42662333984375 1.240234375e-05 0.42662333984375 0.003867578125 0.4280845703125 0.0116607421875 0.42564912109375 0.01312197265625 0.42564912109375 0.01896689453125 0.3942328125 0.02359404296875 0.39009482421875 1.220703125e-05 0.42662333984375 1.240234375e-05
0 0.385445703125 0.049040625 0.414029296875 0.0310001953125 0.43054677734375 0.0518521484375 0.39552021484375 0.07750703125 0.39458310546875 0.07059541015625 0.3958716796875 0.065323828125 0.39118583984375 0.05864658203125 0.38415712890625 0.0615751953125 0.385445703125 0.049040625
0 0.40453994140625 0.0748947265625 0.43089765625 0.0561513671875 0.44917236328125 0.08098623046875 0.4271490234375 0.09644951171875 0.4248060546875 0.0949265625 0.41965166015625 0.0987923828125 0.41320869140625 0.09094365234375 0.41086572265625 0.0910607421875 0.40395419921875 0.08485205078125 0.40453994140625 0.0748947265625
0 0.4605794921875 0.075555078125 0.46496826171875 0.07173876953125 0.48405009765625 0.06906728515625 0.490537890625 0.087958203125 0.4903470703125 0.093301171875 0.49683486328125 0.11772578125 0.46954794921875 0.123450390625 0.4605794921875 0.075555078125
0 0.4872244140625 0.06521181640625 0.51317568359375 0.05605263671875 0.52691455078125 0.08582021484375 0.5328298828125 0.08372119140625 0.53989013671875 0.09936826171875 0.51050419921875 0.11119892578125 0.4872244140625 0.06521181640625
0 0.51028017578125 0.0175611328125 0.5474896484375 0.01202744140625 0.55187841796875 0.0313 0.55035185546875 0.0322541015625 0.55016103515625 0.04198583984375 0.53756708984375 0.045611328125 0.53794873046875 0.0446572265625 0.5320333984375 0.0454205078125 0.52192001953125 0.0454205078125 0.51676796875 0.03893271484375 0.51028017578125 0.0175611328125
0 0.5470017578125 1.240234375e-05 0.54814443359375 0.0065720703125 0.5109349609375 0.00867109375 0.50807685546875 1.25e-05 0.5470017578125 1.240234375e-05
0 0.6215794921875 1.220703125e-05 0.61854560546875 0.00942548828125 0.61601416015625 0.0144884765625 0.5805734375 0.02461435546875 0.56893447265625 1.240234375e-05 0.6215794921875 1.220703125e-05
0 0.58048154296875 0.03689775390625 0.60719609375 0.02907431640625 0.6209349609375 0.0512091796875 0.5923123046875 0.06952763671875 0.58048154296875 0.03689775390625
0 0.5866404296875 0.09222802734375 0.62122275390625 0.06032470703125 0.6421669921875 0.07907705078125 0.60247041015625 0.11731240234375 0.58858876953125 0.1044048828125 0.59126767578125 0.10123896484375 0.5866404296875 0.09222802734375
0 0.64288330078125 0.08350341796875 0.66830390625 0.08315205078125 0.6708810546875 0.10986123046875 0.66907763671875 0.117771484375 0.657387890625 0.11655380859375 0.65641376953125 0.1233728515625 0.64204501953125 0.121424609375 0.64288330078125 0.08350341796875
1 0.67978076171875 0.077376171875 0.68372763671875 0.07251142578125 0.699606640625 0.06379169921875 0.7248099609375 0.10329462890625 0.721400390625 0.1071912109375 0.71555556640625 0.1018333984375 0.711658984375 0.10353818359375 0.7136072265625 0.10913955078125 0.7028916015625 0.11474091796875 0.67978076171875 0.077376171875
0 0.73188046875 1.1328125e-05 0.733090234375 0.0017396484375 0.69582900390625 0.01148115234375 0.69558544921875 0.0066103515625 0.69631611328125 0.00612333984375 0.69267001953125 1.171875e-05 0.73188046875 1.1328125e-05
0 0.8311984375 1.015625e-05 0.78495185546875 0.0183865234375 0.77667158203125 0.01181103515625 0.7842212890625 0.00620966796875 0.77911591796875 1.083984375e-05 0.8311984375 1.015625e-05
0 0.83094609375 0.004180078125 0.85038251953125 0.0252611328125 0.80717392578125 0.050976953125 0.80119345703125 0.0440994140625 0.80209052734375 0.039165625 0.7934189453125 0.02556015625 0.83094609375 0.004180078125
0 0.849294140625 0.03003203125 0.86395908203125 0.04277265625 0.86425810546875 0.05234130859375 0.829870703125 0.07925322265625 0.81402255859375 0.0554810546875 0.849294140625 0.03003203125
0 0.86854169921875 0.05313583984375 0.88266220703125 0.0697369140625 0.884951953125 0.07813291015625 0.85232216796875 0.10637392578125 0.83648427734375 0.09339833984375 0.83858330078125 0.08099521484375 0.86854169921875 0.05313583984375
0 0.88931298828125 0.08246611328125 0.90149609375 0.09464921875 0.8913044921875 0.10378662109375 0.8906015625 0.10648095703125 0.89950458984375 0.10484091796875 0.8906015625 0.12604423828125 0.88380712890625 0.12651279296875 0.8814642578125 0.13108154296875 0.8758412109375 0.1300271484375 0.8703353515625 0.12452138671875 0.8688125 0.1258099609375 0.8574494140625 0.11175244140625 0.88931298828125 0.08246611328125
0 0.9495193359375 8.203125e-06 0.93005 0.0117193359375 0.91471865234375 8.7890625e-06 0.9495193359375 8.203125e-06
0 0.99167177734375 7.32421875e-06 0.99237431640625 0.01642900390625 0.96203359375 0.03388369140625 0.94446181640625 0.00869736328125 0.95920859375 8.0078125e-06 0.99167177734375 7.32421875e-06
0 0.99850126953125 0.0583896484375 0.983194140625 0.06766943359375 0.97606494140625 0.05703115234375 0.9718669921875 0.05626787109375 0.966333203125 0.03928515625 0.987132421875 0.02783603515625 0.9985013671875 0.02530712890625 0.99850126953125 0.0583896484375
1 0.024904296875 0.4458673828125 0.05583359375 0.4461109375 0.0555900390625 0.45901845703125 0.0305056640625 0.4597490234375 0.024904296875 0.4458673828125
1 0.106052734375 0.44460791015625 0.13281513671875 0.44400986328125 0.1350578125 0.4562697265625 0.1082953125 0.45731630859375 0.106052734375 0.44460791015625
2 0.4738052734375 0.4573427734375 0.50814404296875 0.454907421875 0.50741337890625 0.45904755859375 0.50692626953125 0.46172646484375 0.47502294921875 0.46440537109375 0.4738052734375 0.4573427734375
2 0.45714599609375 0.4742763671875 0.45939990234375 0.4707828125 0.464133203125 0.47117724609375 0.46790859375 0.47309306640625 0.46785224609375 0.47709384765625 0.4659927734375 0.47917880859375 0.4639078125 0.48086923828125 0.46041416015625 0.48086923828125 0.457427734375 0.47929150390625 0.45714599609375 0.4742763671875
2 0.45986826171875 0.48967509765625 0.46375185546875 0.48536015625 0.46734765625 0.48492861328125 0.472022265625 0.48816484375 0.470583984375 0.49233603515625 0.466700390625 0.494709375 0.4636798828125 0.49355869140625 0.4616662109375 0.49161689453125 0.45986826171875 0.48967509765625
2 0.47508935546875 0.49724599609375 0.47736796875 0.49568349609375 0.47990703125 0.494251171875 0.48231591796875 0.49441396484375 0.48189267578125 0.496008984375 0.48186015625 0.49900380859375 0.47893046875 0.50027333984375 0.47694482421875 0.499719921875 0.47639140625 0.49858056640625 0.47508935546875 0.49724599609375
