1 0.07446640625 0.966025 0.08783056640625 0.98258896484375 0.079925 0.9884240234375 0.06637265625 0.9722365234375 0.07446640625 0.966025
1 0.13429638671875 0.98522421875 0.14314306640625 0.97863623046875 0.150295703125 0.98880048828125 0.1414490234375 0.9953884765625 0.13429638671875 0.98522421875
1 0.177383203125 0.85508115234375 0.153840625 0.8750203125 0.1509578125 0.87213759765625 0.1427900390625 0.87213759765625 0.1418291015625 0.8649306640625 0.14495205078125 0.8627685546875 0.14519228515625 0.8603662109375 0.149276171875 0.85748349609375 0.14951640625 0.85484091796875 0.1651314453125 0.84162822265625 0.177383203125 0.85508115234375
0 0.13414169921875 0.8394662109375 0.14495205078125 0.85532138671875 0.13270029296875 0.8630087890625 0.1262140625 0.85580185546875 0.12309111328125 0.84739375 0.13414169921875 0.8394662109375
1 0.1918056640625 0.93532763671875 0.18510224609375 0.9406837890625 0.18070029296875 0.9383392578125 0.180146484375 0.938603515625 0.190927734375 0.930205078125 0.1918056640625 0.93532763671875
1 0.1907421875 0.9297265625 0.1782396484375 0.93946875 0.17826171875 0.939501953125 0.17780419921875 0.93971640625 0.17335947265625 0.94059794921875 0.16969736328125 0.936222265625 0.17128896484375 0.93175126953125 0.18408837890625 0.9219634765625 0.1907421875 0.9297265625
1 0.23776865234375 0.82626103515625 0.2543326171875 0.81553212890625 0.25546201171875 0.80819130859375 0.26412041015625 0.81063818359375 0.263179296875 0.81590859375 0.26750849609375 0.82927265625 0.249438671875 0.84188388671875 0.23776865234375 0.82626103515625
1 0.20173505859375 0.92835498046875 0.20870166015625 0.92571240234375 0.21494765625 0.93532158203125 0.219992578125 0.9324388671875 0.22407646484375 0.94036650390625 0.21350634765625 0.946372265625 0.2082212890625 0.941567578125 0.2065396484375 0.93628251953125 0.20173505859375 0.92835498046875
0 0.3501826171875 0.94424794921875 0.33528837890625 0.95698017578125 0.3283216796875 0.95289619140625 0.3273607421875 0.9478513671875 0.341774609375 0.93487890625 0.3501826171875 0.94424794921875
1 0.385250390625 0.974648828125 0.3950998046875 0.9878615234375 0.386211328125 0.99410751953125 0.37900439453125 0.98545927734375 0.37804345703125 0.979933984375 0.385250390625 0.974648828125
1 0.32612021484375 0.86880615234375 0.340533984375 0.885141796875 0.3333271484375 0.89114755859375 0.32155576171875 0.87769462890625 0.32083515625 0.8738509765625 0.32612021484375 0.86880615234375
0 0.4908802734375 0.88537490234375 0.49793203125 0.8976390625 0.49762548828125 0.900705078125 0.4844416015625 0.9083701171875 0.476469921875 0.8954927734375 0.47861611328125 0.8927333984375 0.4908802734375 0.88537490234375
1 0.63124765625 0.972569140625 0.63869482421875 0.9828990234375 0.6194763671875 0.995871484375 0.61347060546875 0.9884244140625 0.61226943359375 0.9848208984375 0.63124765625 0.972569140625
1 0.57775234375 0.94634990234375 0.58197265625 0.952861328125 0.57507060546875 0.95702158203125 0.56618212890625 0.94549052734375 0.57298828125 0.939853515625 0.57775234375 0.94634990234375
1 0.59260751953125 0.94645146484375 0.582392578125 0.952607421875 0.5781544921875 0.94607255859375 0.573369140625 0.939541015625 0.5815568359375 0.93275830078125 0.59260751953125 0.94645146484375
1 0.477533203125 0.72781630859375 0.483794140625 0.7219466796875 0.486924609375 0.72429453125 0.4916203125 0.72077275390625 0.5037509765625 0.7360337890625 0.4924029296875 0.74659921875 0.477533203125 0.72781630859375
1 0.36092265625 0.69885927734375 0.36600966796875 0.7051203125 0.36992275390625 0.7043376953125 0.37187939453125 0.70864208984375 0.35818349609375 0.719207421875 0.3503572265625 0.70942470703125 0.36092265625 0.69885927734375
0 0.38151005859375 0.64118818359375 0.38960390625 0.65059951171875 0.3805689453125 0.66076376953125 0.3751103515625 0.6590697265625 0.371910546875 0.65191708984375 0.38151005859375 0.64118818359375
1 0.3543759765625 0.6086658203125 0.36337607421875 0.61883994140625 0.3575064453125 0.6247095703125 0.35085419921875 0.6231443359375 0.34416962890625 0.61559248046875 0.3543759765625 0.6086658203125
0 0.32418798828125 0.58356083984375 0.33044892578125 0.5917783203125 0.31127470703125 0.60273505859375 0.30501376953125 0.59373486328125 0.32418798828125 0.58356083984375
1 0.30579638671875 0.56595185546875 0.31049208984375 0.57299541015625 0.30344853515625 0.5776912109375 0.29679619140625 0.5757345703125 0.2964048828125 0.57221279296875 0.30579638671875 0.56595185546875
1 0.29138671875 0.611025390625 0.2917091796875 0.613300390625 0.28583955078125 0.61799609375 0.275546875 0.607705078125 0.282060546875 0.6020703125 0.29138671875 0.611025390625
1 0.30070927734375 0.60116982421875 0.291455078125 0.610419921875 0.28130576171875 0.60066201171875 0.2812890625 0.600673828125 0.28117626953125 0.6005255859375 0.2917091796875 0.59138701171875 0.30070927734375 0.60116982421875
1 0.0584361328125 0.4734619140625 0.073697265625 0.49146220703125 0.07332080078125 0.49353271484375 0.0768970703125 0.4978619140625 0.0688033203125 0.5033205078125 0.0592037109375 0.4925916015625 0.05506279296875 0.4952267578125 0.04621611328125 0.4843095703125 0.0584361328125 0.4734619140625
4 0.08951328125 0.47507021484375 0.0957248046875 0.48429326171875 0.09591298828125 0.48655205078125 0.0887603515625 0.4916341796875 0.08123125 0.48052880859375 0.08951328125 0.47507021484375
4 7.890625e-05 0.43361630859375 0.0073537109375 0.44371396484375 7.890625e-05 0.44961728515625 7.890625e-05 0.43361630859375
1 0.235967578125 0.47064072265625 0.23842041015625 0.47064072265625 0.24731181640625 0.481065234375 0.2466986328125 0.4853576171875 0.23903359375 0.49087646484375 0.22860908203125 0.4761595703125 0.235967578125 0.47064072265625
1 0.16386318359375 0.266877734375 0.17122158203125 0.2779154296875 0.15435849609375 0.2877267578125 0.14761318359375 0.27607587890625 0.16386318359375 0.266877734375
1 0.40067080078125 0.656436328125 0.40835810546875 0.66003984375 0.4047546875 0.6679673828125 0.39706728515625 0.66484443359375 0.40067080078125 0.656436328125
1 0.471383203125 0.6035009765625 0.4760888671875 0.611030078125 0.46234833984375 0.618935546875 0.45688974609375 0.61121826171875 0.471383203125 0.6035009765625
0 0.243757421875 0.38012265625 0.262735546875 0.39460595703125 0.2527470703125 0.40659208984375 0.232270703125 0.391609375 0.243757421875 0.38012265625
1 0.2729365234375 0.32209404296875 0.2796818359375 0.3291458984375 0.26803095703125 0.33773076171875 0.26189892578125 0.33129208984375 0.2729365234375 0.32209404296875
1 0.129973828125 0.15444677734375 0.13580888671875 0.1482353515625 0.1467259765625 0.16065830078125 0.13976162109375 0.166493359375 0.129973828125 0.15444677734375
1 0.15387861328125 0.1318595703125 0.15651376953125 0.1331771484375 0.162537109375 0.14051796875 0.1631017578125 0.1425884765625 0.15594912109375 0.1480470703125 0.14729072265625 0.1384474609375 0.15387861328125 0.1318595703125
1 0.15068955078125 0.17903232421875 0.15020908203125 0.18095419921875 0.140859375 0.18359375 0.1389068359375 0.17969130859375 0.13567861328125 0.1806408203125 0.1343359375 0.178740234375 0.13339296875 0.175909375 0.1461251953125 0.16918291015625 0.15068955078125 0.17903232421875
1 0.21877060546875 0.155983203125 0.2283798828125 0.16583271484375 0.21564765625 0.17664306640625 0.20675908203125 0.16655341796875 0.21877060546875 0.155983203125
4 0.326161328125 0.06212255859375 0.33312802734375 0.05707763671875 0.3372119140625 0.05972021484375 0.34177626953125 0.0671673828125 0.3343291015625 0.07341337890625 0.33048544921875 0.07125126953125 0.326161328125 0.06212255859375
4 0.3680994140625 0.082424609375 0.37602705078125 0.08987177734375 0.36401552734375 0.0987603515625 0.357529296875 0.08987177734375 0.3680994140625 0.082424609375
0 0.41488193359375 0.12062548828125 0.40743486328125 0.12735185546875 0.40166923828125 0.122066796875 0.409356640625 0.11510009765625 0.41440146484375 0.11654150390625 0.41488193359375 0.12062548828125
0 0.435087890625 0.104453125 0.43468515625 0.10442646484375 0.42763330078125 0.1108650390625 0.4190484375 0.100133984375 0.4279296875 0.093720703125 0.435087890625 0.104453125
0 0.44418984375 0.09952080078125 0.4395908203125 0.1047330078125 0.435703125 0.1044921875 0.428330078125 0.0934375 0.43560498046875 0.0881765625 0.44418984375 0.09952080078125
0 0.45733046875 0.0609421875 0.4647775390625 0.0710318359375 0.46021318359375 0.07799853515625 0.45300625 0.084004296875 0.4436373046875 0.0748755859375 0.45733046875 0.0609421875
1 0.5214001953125 0.00174326171875 0.52716728515625 0.0131970703125 0.5139833984375 0.020862109375 0.50709453125 0.01014970703125 0.5214001953125 0.00174326171875
0 0.58996669921875 0.0783439453125 0.60053203125 0.09595283203125 0.5805751953125 0.109257421875 0.56922724609375 0.08969189453125 0.58996669921875 0.0783439453125
0 0.54953603515625 0.098968359375 0.56057373046875 0.10877958984375 0.56057373046875 0.1130720703125 0.55290869140625 0.11981728515625 0.541564453125 0.10755322265625 0.54953603515625 0.098968359375
1 0.50170615234375 0.1311615234375 0.51856923828125 0.12441630859375 0.5222484375 0.13392099609375 0.51274384765625 0.14005302734375 0.5056919921875 0.1403595703125 0.50170615234375 0.1311615234375
4 0.5151966796875 0.14495859375 0.52991357421875 0.142505859375 0.53144658203125 0.15201044921875 0.5167296875 0.15446328125 0.5151966796875 0.14495859375
1 0.8715333984375 0.00832568359375 0.87642734375 0.0053140625 0.8838927734375 0.012116015625 0.8858623046875 0.01563701171875 0.886357421875 0.020361328125 0.880380078125 0.0248896484375 0.88075654296875 0.02790126953125 0.85854580078125 0.0440888671875 0.85289892578125 0.03561865234375 0.85421650390625 0.03091298828125 0.85082841796875 0.025830859375 0.85384013671875 0.023007421875 0.84951083984375 0.01867822265625 0.853275390625 0.0126548828125 0.867016015625 0.00286708984375 0.8715333984375 0.00832568359375
1 0.9001439453125 0.014913671875 0.8894615234375 0.02359736328125 0.886865234375 0.0205078125 0.8863404296875 0.015514453125 0.88494140625 0.0121875 0.89374423828125 0.0060669921875 0.9001439453125 0.014913671875
1 0.83389921875 0.02394267578125 0.84029892578125 0.0318482421875 0.843122265625 0.02940126953125 0.84632216796875 0.035048046875 0.836534375 0.0425771484375 0.8267763671875 0.03063310546875 0.83389921875 0.02394267578125
1 0.97246474609375 0.11015224609375 0.978290234375 0.11675615234375 0.97493916015625 0.1195294921875 0.9766724609375 0.12172509765625 0.9749435546875 0.1236470703125 0.97654375 0.12536279296875 0.97878759765625 0.123885546875 0.9804220703125 0.12573212890625 0.98394658203125 0.12445751953125 0.9890287109375 0.130292578125 0.99015810546875 0.14779765625 0.98375830078125 0.1540091796875 0.97848798828125 0.14949169921875 0.9741587890625 0.15306796875 0.970582421875 0.15137392578125 0.9632416015625 0.15476201171875 0.95891240234375 0.15099755859375 0.9577830078125 0.1525033203125 0.95270087890625 0.14742119140625 0.95891240234375 0.14252734375 0.9510068359375 0.13330419921875 0.95684189453125 0.12765732421875 0.95401845703125 0.1240810546875 0.97246474609375 0.11015224609375
4 0.00875078125 0.730290625 0.01361767578125 0.7356 0.009045703125 0.73972939453125 0.0043263671875 0.734567578125 0.00875078125 0.730290625
1 0.04755859375 0.462998046875 0.04751455078125 0.4630373046875 0.04751455078125 0.4642171875 0.04028798828125 0.4686416015625 0.0366009765625 0.4640697265625 0.042548828125 0.458515625 0.04755859375 0.462998046875
1 0.052233984375 0.45831796875 0.047900390625 0.462646484375 0.04291015625 0.458173828125 0.0478095703125 0.45359853515625 0.052233984375 0.45831796875
1 0.10600927734375 0.999001953125 0.10393671875 0.99566044921875 0.114402734375 0.98953408203125 0.11879033203125 0.99900205078125 0.10600927734375 0.999001953125
1 0.4170427734375 0.7685921875 0.43164345703125 0.78779306640625 0.42204296875 0.794793359375 0.4082423828125 0.777392578125 0.411242578125 0.7719923828125 0.4170427734375 0.7685921875
