1 0.02452607421875 0.31891748046875 0.04410654296875 0.3195201171875 0.0427841796875 0.35436240234375 0.02242705078125 0.3532646484375 0.02452607421875 0.31891748046875
0 0.12894384765625 0.09933046875 0.1475931640625 0.144399609375 0.11876328125 0.15691376953125 0.1162001953125 0.151859375 0.10438896484375 0.15683251953125 0.10194296875 0.150728515625 0.0956859375 0.151859375 0.08593037109375 0.1390388671875 0.08387470703125 0.12575029296875 0.08946943359375 0.12326376953125 0.08768271484375 0.11311748046875 0.1025240234375 0.1061685546875 0.1228533203125 0.09772509765625 0.1240494140625 0.10071533203125 0.12894384765625 0.09933046875
0 0.31721015625 0.049269921875 0.344505078125 0.0452869140625 0.344387890625 0.04938701171875 0.3530751953125 0.048396484375 0.3537595703125 0.064381640625 0.3456765625 0.06549970703125 0.3456765625 0.06754462890625 0.32119306640625 0.07117607421875 0.31463291015625 0.05993017578125 0.31721015625 0.049269921875
0 0.41024833984375 0.02891787109375 0.446312890625 0.02452900390625 0.45051083984375 0.0529609375 0.44020673828125 0.05391494140625 0.44058837890625 0.05868544921875 0.4134921875 0.06154765625 0.41024833984375 0.02891787109375
0 0.32608037109375 0.16724365234375 0.34886494140625 0.17182333984375 0.344398828125 0.1952939453125 0.32111904296875 0.19281328125 0.32114931640625 0.18454775390625 0.32608037109375 0.16724365234375
0 0.43605947265625 0.6031404296875 0.43306435546875 0.58899814453125 0.45591943359375 0.58288154296875 0.45546015625 0.58118916015625 0.459165625 0.57981298828125 0.4637123046875 0.5793998046875 0.464046875 0.58157080078125 0.47721337890625 0.57870849609375 0.4808388671875 0.59359228515625 0.43605947265625 0.6031404296875
4 0.36927998046875 0.6426931640625 0.39764541015625 0.63922822265625 0.40033017578125 0.65991025390625 0.3694744140625 0.66359619140625 0.3651423828125 0.65129326171875 0.36927998046875 0.6426931640625
4 0.3114982421875 0.717327734375 0.31116015625 0.71501748046875 0.32575458984375 0.71281982421875 0.3259236328125 0.71462294921875 0.33915419921875 0.71277255859375 0.342994140625 0.7342576171875 0.3095955078125 0.73911005859375 0.305721484375 0.72653505859375 0.308249609375 0.7179201171875 0.3114982421875 0.717327734375
0 0.32354248046875 0.80291611328125 0.347323046875 0.79811318359375 0.34744013671875 0.7996494140625 0.35325888671875 0.79887236328125 0.35567890625 0.81487392578125 0.3510716796875 0.8158021484375 0.35132822265625 0.81949443359375 0.32421865234375 0.82276123046875 0.3215509765625 0.81181923828125 0.32354248046875 0.80291611328125
0 0.37148037109375 0.78447939453125 0.38570732421875 0.78255185546875 0.388185546875 0.79953232421875 0.37322431640625 0.80173525390625 0.37148037109375 0.78447939453125
4 0.32213603515625 0.56866640625 0.3387150390625 0.56800673828125 0.3399142578125 0.5913154296875 0.31945712890625 0.5913154296875 0.31921357421875 0.5805998046875 0.32213603515625 0.58084326171875 0.32213603515625 0.56866640625
