0 0.5467091796875 0.3147080078125 0.56964365234375 0.33714921875 0.554847265625 0.35737099609375 0.5255009765625 0.33690263671875 0.5467091796875 0.31495458984375 0.5467091796875 0.3147080078125
0 0.60910078125 0.3312306640625 0.61156689453125 0.359837109375 0.57630205078125 0.36304296875 0.57432919921875 0.3351763671875 0.5859197265625 0.3319705078125 0.58493330078125 0.3265451171875 0.60342880859375 0.32506552734375 0.60490849609375 0.3307375 0.6093474609375 0.3307375 0.60910078125 0.3312306640625
0 0.39137900390625 0.229428125 0.488187890625 0.230633203125 0.48899130859375 0.25031630859375 0.39137900390625 0.24790615234375 0.39137900390625 0.230633203125 0.39137900390625 0.229428125
0 0.7498572265625 0.6315703125 0.7499111328125 0.68492138671875 0.7214240234375 0.68548134765625 0.72159267578125 0.6965712890625 0.8054822265625 0.69964736328125 0.8132533203125 0.74879658203125 0.79939765625 0.74879658203125 0.79939765625 0.76904716796875 0.8111216796875 0.77117880859375 0.8111216796875 0.8266015625 0.69388134765625 0.8234041015625 0.69388134765625 0.78503447265625 0.6608408203125 0.78610029296875 0.661906640625 0.88735341796875 0.6160763671875 0.88628759765625 0.6160763671875 0.87456357421875 0.593694140625 0.87136611328125 0.5926283203125 0.88095849609375 0.54253466796875 0.88095849609375 0.54466630859375 0.76798134765625 0.445544921875 0.76691552734375 0.445544921875 0.90227490234375 0.21532744140625 0.89801162109375 0.21212998046875 0.75412568359375 0.23770966796875 0.75412568359375 0.23770966796875 0.7417271484375 0.3453576171875 0.74453330078125 0.344291796875 0.6901763671875 0.310738671875 0.69128271484375 0.310185546875 0.71682197265625 0.1886818359375 0.71255869140625 0.187616015625 0.61556884765625 0.3005931640625 0.61130556640625 0.3048564453125 0.528171484375 0.441281640625 0.530303125 0.445544921875 0.6645966796875 0.5062966796875 0.6667283203125 0.505230859375 0.6560701171875 0.54253466796875 0.6539384765625 0.54253466796875 0.663530859375 0.6331294921875 0.663530859375 0.6352611328125 0.55694873046875 0.68109150390625 0.55588291015625 0.68215732421875 0.56867275390625 0.709327734375 0.56933681640625 0.71100673828125 0.55629853515625 0.7447708984375 0.558958984375 0.74835966796875 0.58401259765625 0.7498572265625 0.6315703125
0 0.402351171875 0.2766830078125 0.4027529296875 0.277084765625 0.4216326171875 0.27507626953125 0.43569208984375 0.277084765625 0.44573447265625 0.2859220703125 0.4461361328125 0.295964453125 0.4658193359375 0.29315263671875 0.48068212890625 0.29716962890625 0.48028037109375 0.29194755859375 0.49353642578125 0.291144140625 0.49353642578125 0.34979189453125 0.48068212890625 0.349390234375 0.48028037109375 0.34336474609375 0.4409140625 0.344971484375 0.44171748046875 0.3606376953125 0.409180078125 0.3570224609375 0.409180078125 0.3453732421875 0.40315458984375 0.34697998046875 0.402351171875 0.2766830078125
0 0.943996875 0.25323466796875 0.950162109375 0.251015234375 0.957313671875 0.251015234375 0.9686576171875 0.2544677734375 0.969890625 0.28134794921875 0.94498330078125 0.27986826171875 0.943996875 0.25323466796875
0 0.8367228515625 0.2544677734375 0.837955859375 0.294911328125 0.8194603515625 0.29589775390625 0.81847392578125 0.30699501953125 0.80047158203125 0.30600859375 0.79973173828125 0.2655650390625 0.8155146484375 0.267537890625 0.8147748046875 0.26457861328125 0.822173046875 0.26383876953125 0.82167978515625 0.2529880859375 0.83696943359375 0.2529880859375 0.83647626953125 0.25545419921875 0.8367228515625 0.2544677734375
0 0.75139677734375 0.25002880859375 0.750903515625 0.25002880859375 0.7874013671875 0.247809375 0.787648046875 0.27937509765625 0.77531767578125 0.27986826171875 0.76939912109375 0.2835673828125 0.7518900390625 0.2788818359375 0.75139677734375 0.25002880859375
0 0.74768935546875 0.25323173828125 0.74768935546875 0.28356435546875 0.74571640625 0.2833177734375 0.7479359375 0.30896494140625 0.733139453125 0.3077318359375 0.73412587890625 0.2951548828125 0.7272208984375 0.2958947265625 0.7272208984375 0.2926888671875 0.7134109375 0.290716015625 0.71365751953125 0.272713671875 0.70971181640625 0.272713671875 0.709465234375 0.2534783203125 0.72549462890625 0.254711328125 0.72574130859375 0.25002578125 0.7420173828125 0.25002578125 0.7420173828125 0.25323173828125 0.74719609375 0.25298505859375 0.74768935546875 0.25323173828125
0 0.20889013671875 1.09375e-05 0.2080875 0.0124322265625 0.20567734375 0.03291875 0.20969423828125 0.03532890625 0.2080875 0.045773046875 0.2033306640625 0.04456796875 0.20311201171875 0.05766884765625 0.1992501953125 0.05661884765625 0.1992501953125 0.0702765625 0.15466181640625 0.057422265625 0.157875390625 0.01845771484375 0.16510595703125 0.018859375 0.16631103515625 0.00761181640625 0.17233642578125 0.00761181640625 0.17273759765625 1.044921875e-05 0.20889013671875 1.09375e-05
0 0.27777119140625 1.171875e-05 0.27879609375 0.02530234375 0.28699892578125 0.024276953125 0.28648623046875 0.03863203125 0.28084677734375 0.03863203125 0.2736693359375 0.0550376953125 0.2582201171875 0.05186875 0.23880712890625 0.0560630859375 0.2367564453125 0.03504326171875 0.22804091796875 0.03401787109375 0.22855361328125 0.02222626953125 0.23624375 0.02120087890625 0.2372685546875 1.1328125e-05 0.27777119140625 1.171875e-05
0 0.46512001953125 0.01500341796875 0.47275224609375 0.01500341796875 0.4723505859375 0.02584921875 0.46632509765625 0.02584921875 0.46494208984375 0.06288154296875 0.471328125 0.063544921875 0.47141396484375 0.06411318359375 0.471884765625 0.06427734375 0.47074375 0.07646298828125 0.4655216796875 0.07686474609375 0.46110302734375 0.09574453125 0.44182158203125 0.0905224609375 0.42414697265625 0.09574453125 0.4233435546875 0.06923251953125 0.41370283203125 0.0696341796875 0.41450615234375 0.05838662109375 0.42254013671875 0.05838662109375 0.4233435546875 0.001329296875 0.4655216796875 0.001329296875 0.46512001953125 0.01500341796875
0 0.99845849609375 0.640583984375 0.99369931640625 0.640891015625 0.990414453125 0.64378935546875 0.97669560546875 0.6434029296875 0.975536328125 0.6555759765625 0.9531224609375 0.65460986328125 0.95292919921875 0.636446875 0.9712853515625 0.6350943359375 0.97089892578125 0.60089384765625 0.98539072265625 0.60031416015625 0.98539072265625 0.6051447265625 0.990994140625 0.60417861328125 0.991573828125 0.608816015625 0.9984583984375 0.60833564453125 0.99845849609375 0.640583984375
0 0.94346123046875 0.567273046875 0.948871484375 0.57790029296875 0.95176982421875 0.57596806640625 0.95679365234375 0.5864021484375 0.95428173828125 0.588334375 0.96007841796875 0.59567685546875 0.9614310546875 0.607656640625 0.9397900390625 0.62195517578125 0.91911513671875 0.5877546875 0.9218203125 0.58543603515625 0.91698974609375 0.576161328125 0.93051533203125 0.56688662109375 0.9326408203125 0.5719103515625 0.9436544921875 0.56765947265625 0.94346123046875 0.567273046875
0 0.99845849609375 0.28439462890625 0.99239052734375 0.28470458984375 0.99274638671875 0.2898052734375 0.984680078125 0.2898052734375 0.9856291015625 0.284230078125 0.98100283203125 0.2858908203125 0.98171455078125 0.25943798828125 0.9870525390625 0.25920078125 0.98728974609375 0.25421865234375 0.99333955078125 0.25149033203125 0.99845859375 0.25285791015625 0.99845849609375 0.28439462890625
0 0.99845849609375 0.355726953125 0.990369921875 0.354328125 0.990369921875 0.33676630859375 0.98431416015625 0.32707705078125 0.99845849609375 0.3158826171875 0.99845849609375 0.355726953125
0 0.935464453125 0.2894404296875 0.9356158203125 0.28959189453125 0.95196650390625 0.28747236328125 0.9513609375 0.30987880859375 0.93955205078125 0.30851630859375 0.935464453125 0.2894404296875
0 0.9186595703125 0.290348828125 0.91850810546875 0.2901974609375 0.93395048828125 0.28898623046875 0.9334962890625 0.30760791015625 0.9179025390625 0.3071537109375 0.9186595703125 0.290348828125
0 0.89064052734375 0.25287255859375 0.89044736328125 0.25248603515625 0.92561396484375 0.24978095703125 0.926580078125 0.27721865234375 0.92252236328125 0.27663896484375 0.9215978515625 0.28148388671875 0.91651650390625 0.28173623046875 0.9163392578125 0.28436787109375 0.91363408203125 0.284754296875 0.89179990234375 0.285333984375 0.89064052734375 0.25287255859375
0 0.9488744140625 0.16655703125 0.9801935546875 0.167296875 0.97920712890625 0.19688974609375 0.9473947265625 0.1991091796875 0.94838115234375 0.1825865234375 0.9488744140625 0.16655703125
0 0.29895595703125 0.17144755859375 0.34301953125 0.15602529296875 0.3927484375 0.139029296875 0.40439384765625 0.15413681640625 0.41163291015625 0.1799455078125 0.39180419921875 0.18686982421875 0.39432216796875 0.19568251953125 0.38425048828125 0.1978857421875 0.38078837890625 0.1906466796875 0.3449080078125 0.2026068359375 0.34616689453125 0.21110478515625 0.337039453125 0.2133080078125 0.33389208984375 0.20701318359375 0.313433984375 0.21362275390625 0.29895595703125 0.17144755859375
0 0.5777796875 0.13995595703125 0.5966640625 0.14247392578125 0.6133453125 0.14247392578125 0.61240107421875 0.18150166015625 0.5755765625 0.17615107421875 0.5777796875 0.13995595703125
0 0.46478798828125 0.09903974609375 0.47013857421875 0.1339759765625 0.46352900390625 0.13429072265625 0.46541748046875 0.15128662109375 0.465102734375 0.17268896484375 0.469823828125 0.17520693359375 0.46887958984375 0.2132904296875 0.4521984375 0.216437890625 0.4515689453125 0.2073103515625 0.43394345703125 0.209198828125 0.41789169921875 0.2126609375 0.41631806640625 0.201015625 0.4219833984375 0.19944189453125 0.4172623046875 0.17080048828125 0.42261279296875 0.1695416015625 0.42324228515625 0.15663720703125 0.4267044921875 0.1563224609375 0.427333984375 0.14876875 0.42355703125 0.1421591796875 0.42261279296875 0.12988427734375 0.4194654296875 0.12705166015625 0.421572265625 0.102705078125 0.4230458984375 0.10246923828125 0.42232421875 0.101318359375 0.4430708984375 0.0936892578125 0.46478798828125 0.09903974609375
0 0.48560390625 0.0648380859375 0.47255859375 0.063662109375 0.4722953125 0.062860546875 0.471904296875 0.062607421875 0.47029912109375 0.02900244140625 0.48187099609375 0.0278826171875 0.48560390625 0.0648380859375
0 0.4836900390625 0.13644482421875 0.4843548828125 0.183237890625 0.48345712890625 0.199398046875 0.47070849609375 0.19993671875 0.47070849609375 0.18359697265625 0.47089443359375 0.14376259765625 0.4711984375 0.1318912109375 0.47817841796875 0.13101494140625 0.4836900390625 0.1319287109375 0.4836900390625 0.13644482421875
0 0.48396953125 0.12658837890625 0.4717296875 0.125603515625 0.472138671875 0.097958984375 0.47292822265625 0.0973923828125 0.47267578125 0.09703125 0.48396953125 0.0967625 0.48396953125 0.12658837890625
0 0.61984130859375 0.09418994140625 0.6243326171875 0.09487109375 0.62940810546875 0.0957375 0.62940810546875 0.09151689453125 0.6424921875 0.0920796875 0.6422107421875 0.082653515625 0.65923408203125 0.0822314453125 0.66064091796875 0.12584482421875 0.62012275390625 0.127814453125 0.61984130859375 0.09418994140625
0 0.7100578125 0.16088388671875 0.71257861328125 0.1558421875 0.7189953125 0.1524046875 0.748328515625 0.15217548828125 0.74993271484375 0.1828837890625 0.7100578125 0.18586298828125 0.7100578125 0.16088388671875
0 0.78816923828125 0.082775390625 0.787373046875 0.114560546875 0.784892578125 0.1156640625 0.78469296875 0.1154478515625 0.78259765625 0.11740234375 0.7668181640625 0.11582578125 0.75453388671875 0.11553330078125 0.75219404296875 0.084237890625 0.76974296875 0.079265625 0.78816923828125 0.082775390625
0 0.75394892578125 0.168472265625 0.787291796875 0.1678873046875 0.787291796875 0.19772041015625 0.76243095703125 0.20064521484375 0.7633083984375 0.1936255859375 0.75394892578125 0.19508798828125 0.75394892578125 0.168472265625
0 0.77647001953125 0.147413671875 0.7767625 0.14770615234375 0.7913865234375 0.145073828125 0.7948962890625 0.1643775390625 0.77880986328125 0.166132421875 0.77647001953125 0.147413671875
0 0.8028451171875 0.15467763671875 0.80915390625 0.15090126953125 0.8375984375 0.15326328125 0.83730595703125 0.1854361328125 0.81624736328125 0.1842662109375 0.8147849609375 0.19889033203125 0.80103837890625 0.19830537109375 0.8028451171875 0.15467763671875
0 0.80182998046875 0.09809365234375 0.8015375 0.09809365234375 0.8246435546875 0.09633876953125 0.82435107421875 0.08405458984375 0.839267578125 0.0831771484375 0.839267578125 0.13640859375 0.8056322265625 0.1369935546875 0.80475478515625 0.12792666015625 0.80241494140625 0.1288041015625 0.80182998046875 0.09809365234375
0 0.6672888671875 0.1688740234375 0.6737234375 0.16507177734375 0.68630009765625 0.1618544921875 0.7035564453125 0.16624169921875 0.7035564453125 0.19373486328125 0.6684587890625 0.19431982421875 0.6672888671875 0.1688740234375
0 0.1560630859375 0.07589013671875 0.1648375 0.07238037109375 0.17653671875 0.06828564453125 0.19730283203125 0.0732578125 0.198765234375 0.087296875 0.1981802734375 0.09314658203125 0.202275 0.09490146484375 0.20900205078125 0.094608984375 0.20929453125 0.1068931640625 0.20432236328125 0.10660068359375 0.2040298828125 0.1150826171875 0.19847275390625 0.11654501953125 0.2063697265625 0.1308765625 0.21251181640625 0.1291216796875 0.212804296875 0.14052841796875 0.20315244140625 0.14257578125 0.2028599609375 0.16275693359375 0.16571494140625 0.16743662109375 0.15986533203125 0.14403818359375 0.151968359375 0.14520810546875 0.14992099609375 0.13409384765625 0.1584029296875 0.13292392578125 0.15635556640625 0.12473447265625 0.1630826171875 0.12122470703125 0.16249765625 0.1168375 0.15635556640625 0.12005478515625 0.15460068359375 0.1080630859375 0.14875107421875 0.10981796875 0.14875107421875 0.09665634765625 0.1572330078125 0.09577890625 0.1560630859375 0.07589013671875
0 0.2377666015625 0.05999140625 0.2504583984375 0.0584982421875 0.26315009765625 0.0573783203125 0.2862939453125 0.07044345703125 0.28439677734375 0.09039453125 0.28069462890625 0.0924673828125 0.27920146484375 0.09806669921875 0.2862939453125 0.09918662109375 0.2844275390625 0.10590576171875 0.27546865234375 0.11038525390625 0.26725634765625 0.13614208984375 0.27584189453125 0.1469673828125 0.2728556640625 0.1592859375 0.26912275390625 0.158166015625 0.26427001953125 0.17309755859375 0.21462275390625 0.1607791015625 0.215742578125 0.1256900390625 0.22731455078125 0.1324091796875 0.2329138671875 0.0935873046875 0.22582138671875 0.0887345703125 0.2377666015625 0.05999140625
0 0.28877080078125 0.0465384765625 0.28877080078125 0.04689755859375 0.3011603515625 0.04689755859375 0.30151943359375 0.08245 0.28877080078125 0.082988671875 0.28877080078125 0.0465384765625
0 0.288950390625 0.0995080078125 0.2885912109375 0.09932841796875 0.30044208984375 0.10130361328125 0.293259765625 0.134880859375 0.2810498046875 0.1320080078125 0.288950390625 0.0995080078125
0 0.33563232421875 0.02395107421875 0.34784228515625 0.0191029296875 0.3482013671875 0.02502841796875 0.36077041015625 0.01874384765625 0.3736986328125 0.02466923828125 0.37513505859375 0.02197587890625 0.38626767578125 0.02718310546875 0.3860880859375 0.0645310546875 0.38088095703125 0.0639923828125 0.38034228515625 0.07853662109375 0.37675107421875 0.07835703125 0.38536982421875 0.11013876953125 0.3807013671875 0.112473046875 0.3812400390625 0.13832939453125 0.33222080078125 0.1370724609375 0.3325798828125 0.1270171875 0.33653017578125 0.1262990234375 0.33599150390625 0.1067271484375 0.3325798828125 0.10654765625 0.3325798828125 0.0959537109375 0.33868486328125 0.09631279296875 0.33868486328125 0.0835642578125 0.34263515625 0.0824869140625 0.34263515625 0.07440673828125 0.33868486328125 0.07440673828125 0.33868486328125 0.06201728515625 0.3347345703125 0.0618376953125 0.33491416015625 0.0489095703125 0.3395826171875 0.0483708984375 0.3374279296875 0.03059462890625 0.33563232421875 0.02395107421875
0 0.153777734375 0.1750615234375 0.20090830078125 0.1757650390625 0.200626953125 0.1896931640625 0.15405908203125 0.18997451171875 0.153777734375 0.17548359375 0.153777734375 0.1750615234375
0 0.20498828125 0.17548359375 0.22108515625 0.1774923828125 0.25310361328125 0.17900087890625 0.252822265625 0.19264755859375 0.2045662109375 0.18814560546875 0.20498828125 0.17548359375
0 0.1054201171875 0.190236328125 0.10533720703125 0.1521470703125 0.11409501953125 0.15117392578125 0.12257421875 0.15323642578125 0.12257421875 0.22381962890625 0.1042443359375 0.222185546875 0.1054201171875 0.190236328125
0 0.1039494140625 0.11779453125 0.10349111328125 0.11779453125 0.11655361328125 0.1152736328125 0.12090771484375 0.147815234375 0.10830361328125 0.1489611328125 0.1039494140625 0.11779453125
0 0.12450673828125 9.765625e-06 0.12307080078125 0.02666064453125 0.10852666015625 0.025762890625 0.10852666015625 9.47265625e-06 0.12450673828125 9.765625e-06
0 0.11014267578125 0.028994921875 0.11014267578125 0.02917451171875 0.122173046875 0.03025185546875 0.118941015625 0.0525169921875 0.10691064453125 0.04910537109375 0.11014267578125 0.028994921875
0 0.104219921875 0.054489453125 0.109223046875 0.05533603515625 0.11499072265625 0.05494775390625 0.115255078125 0.059563671875 0.116594921875 0.05953115234375 0.11655361328125 0.1152736328125 0.103532421875 0.11338515625 0.10330322265625 0.0753435546875 0.104907421875 0.07419775390625 0.104219921875 0.054489453125
0 0.1375298828125 0.04545341796875 0.14430341796875 0.046977734375 0.151880078125 0.0484078125 0.1480814453125 0.08343916015625 0.13344990234375 0.08076611328125 0.1375298828125 0.04545341796875
0 0.318262109375 0.0150046875 0.32478134765625 0.01713056640625 0.3308388671875 0.01646708984375 0.33113134765625 0.03957314453125 0.3176771484375 0.03752578125 0.318262109375 0.0150046875
0 0.41521806640625 0.0110728515625 0.396928515625 0.0119169921875 0.39664716796875 0.0214837890625 0.38497001953125 0.02021767578125 0.38412587890625 0.01402734375 0.37695078125 0.0162783203125 0.3763880859375 0.00727431640625 0.368228125 0.00769638671875 0.368931640625 0.013042578125 0.360349609375 0.0136052734375 0.36006826171875 0.01641904296875 0.35022001953125 0.015715625 0.34909453125 0.00994736328125 0.3364326171875 0.01065087890625 0.33544775390625 0.00727431640625 0.330234375 0.008125 0.3298802734375 0.00749248046875 0.329716796875 0.007587890625 0.32963544921875 0.0073890625 0.3293359375 0.00751953125 0.32869580078125 1.2109375e-05 0.41535859375 1.259765625e-05 0.41521806640625 0.0110728515625
0 0.590680078125 1.259765625e-05 0.59658076171875 0.00910361328125 0.5684431640625 0.0223283203125 0.55733505859375 1.26953125e-05 0.590680078125 1.259765625e-05
0 0.54733369140625 1.26953125e-05 0.5407275390625 0.0136056640625 0.51964404296875 1.26953125e-05 0.54733369140625 1.26953125e-05
0 0.54215166015625 0.01787294921875 0.55530146484375 0.022435546875 0.545447265625 0.0604771484375 0.5321556640625 0.0577271484375 0.5294056640625 0.0714771484375 0.5119890625 0.07124794921875 0.51175986328125 0.05314384765625 0.51519736328125 0.05314384765625 0.51519736328125 0.04558134765625 0.5190931640625 0.04626884765625 0.5197806640625 0.03045634765625 0.52711396484375 0.0240396484375 0.5314681640625 0.01372724609375 0.54215166015625 0.01787294921875
0 0.52738359375 0.08039921875 0.55341943359375 0.06567548828125 0.5568310546875 0.074473828125 0.56096083984375 0.072319140625 0.5735298828125 0.0974572265625 0.54390283203125 0.1179267578125 0.5345658203125 0.10428037109375 0.54462109375 0.10212568359375 0.54336416015625 0.0979958984375 0.53672060546875 0.0996119140625 0.52720400390625 0.080937890625 0.52738359375 0.08039921875
0 0.63253037109375 1.240234375e-05 0.63242080078125 0.00207822265625 0.622279296875 0.0027396484375 0.6170984375 0.01045595703125 0.609823046875 0.005826171875 0.6028783203125 0.0106763671875 0.602548046875 1.25e-05 0.63253037109375 1.240234375e-05
0 0.725633203125 1.162109375e-05 0.72596357421875 0.01146591796875 0.72287705078125 0.0113556640625 0.724971484375 0.0270087890625 0.70744443359375 0.02899296875 0.70711376953125 0.01565478515625 0.6865001953125 0.0152138671875 0.68605966796875 1.201171875e-05 0.725633203125 1.162109375e-05
0 0.674020703125 1.2109375e-05 0.67449404296875 0.0166732421875 0.65520712890625 0.014575390625 0.648169140625 0.00537177734375 0.648169140625 1.23046875e-05 0.674020703125 1.2109375e-05
0 0.76995439453125 1.11328125e-05 0.7700923828125 0.0256017578125 0.7381353515625 0.02603359375 0.7385669921875 1.15234375e-05 0.76995439453125 1.11328125e-05
0 0.82118349609375 1.0546875e-05 0.82448896484375 0.0220501953125 0.7873404296875 0.0218296875 0.7872302734375 1.09375e-05 0.82118349609375 1.0546875e-05
0 0.02315869140625 0.11161982421875 0.02463837890625 0.16094130859375 0.0061427734375 0.16069462890625 0.0061427734375 0.114169921875 0.0071806640625 0.11389716796875 0.0070703125 0.11138671875 0.02315869140625 0.11161982421875
0 0.031489453125 0.19821796875 0.05763662109375 0.197911328125 0.057939453125 0.19609462890625 0.07746943359375 0.1970029296875 0.07671240234375 0.21411064453125 0.06111875 0.2154732421875 0.060058984375 0.21713857421875 0.0453736328125 0.21713857421875 0.045525 0.21532177734375 0.02175595703125 0.21501904296875 0.02208369140625 0.198078125 0.031489453125 0.19821796875
0 0.02114638671875 0.23254833984375 0.02930341796875 0.23078974609375 0.05945595703125 0.23064052734375 0.0675712890625 0.23237958984375 0.0667984375 0.25092900390625 0.02061806640625 0.249383203125 0.02114638671875 0.23254833984375
0 0.141816015625 0.21941728515625 0.14142958984375 0.21922412109375 0.1551484375 0.22173603515625 0.160172265625 0.21787158203125 0.1698333984375 0.220769921875 0.16964013671875 0.21748505859375 0.1787216796875 0.2188376953125 0.17891484375 0.2227021484375 0.1930201171875 0.22308857421875 0.1930201171875 0.22811240234375 0.201715234375 0.22695302734375 0.2013287109375 0.2342955078125 0.203840625 0.23526162109375 0.2036474609375 0.22308857421875 0.21678662109375 0.22328173828125 0.21697978515625 0.219030859375 0.22722060546875 0.2188376953125 0.226641015625 0.2228953125 0.2523396484375 0.222315625 0.25330576171875 0.23584130859375 0.25659052734375 0.23661416015625 0.25581767578125 0.26926884765625 0.23978017578125 0.27042822265625 0.238234375 0.27371298828125 0.23224443359375 0.27371298828125 0.23031220703125 0.26984853515625 0.216013671875 0.269462109375 0.201715234375 0.26849599609375 0.2019083984375 0.26443828125 0.19263369140625 0.26405185546875 0.18625732421875 0.26907568359375 0.1775623046875 0.26907568359375 0.1775623046875 0.2740994140625 0.16964013671875 0.27371298828125 0.16964013671875 0.26984853515625 0.15456875 0.27236044921875 0.15456875 0.26849599609375 0.14896533203125 0.268302734375 0.1499314453125 0.2733265625 0.141816015625 0.27294013671875 0.1404634765625 0.254004296875 0.14452119140625 0.25439072265625 0.14336181640625 0.2292716796875 0.141816015625 0.22965810546875 0.141816015625 0.21941728515625
0 0.260123046875 0.24424287109375 0.26345791015625 0.242212890625 0.27362177734375 0.2395615234375 0.27442158203125 0.2349681640625 0.28717421875 0.229171484375 0.29876767578125 0.23767333984375 0.30842880859375 0.23786650390625 0.30842880859375 0.24231064453125 0.31441875 0.24810732421875 0.3149984375 0.25757529296875 0.310554296875 0.25912109375 0.3107474609375 0.2610533203125 0.318283203125 0.25931435546875 0.3196357421875 0.270134765625 0.31171357421875 0.27226025390625 0.31557802734375 0.30993876953125 0.32369345703125 0.30781328125 0.32504599609375 0.3230779296875 0.32098828125 0.32443046875 0.32330703125 0.3441392578125 0.27268251953125 0.3468443359375 0.27229609375 0.3391154296875 0.26959091796875 0.33950185546875 0.26939775390625 0.3269423828125 0.2659197265625 0.3269423828125 0.26611298828125 0.3155421875 0.27268251953125 0.3120642578125 0.26881806640625 0.27226025390625 0.26108916015625 0.272453515625 0.260123046875 0.26569072265625 0.26630615234375 0.26317880859375 0.26630615234375 0.2616330078125 0.26128232421875 0.26259912109375 0.260123046875 0.24424287109375
0 0.370754296875 0.30512724609375 0.3714048828125 0.35341728515625 0.356855078125 0.35465029296875 0.356115234375 0.2782021484375 0.36376005859375 0.27524287109375 0.37047177734375 0.2780162109375 0.370754296875 0.30512724609375
0 0.37715849609375 0.2006537109375 0.41209462890625 0.19876533203125 0.41335361328125 0.21292861328125 0.37936171875 0.21418759765625 0.37684375 0.20631904296875 0.37715849609375 0.2006537109375
0 0.36362470703125 0.21827919921875 0.344755859375 0.229365234375 0.3434693359375 0.2285619140625 0.343046875 0.22890625 0.3359275390625 0.2192234375 0.35764462890625 0.20694853515625 0.36362470703125 0.21827919921875
0 0.32670478515625 0.29134501953125 0.3389228515625 0.2915822265625 0.33916005859375 0.33760771484375 0.327548828125 0.336513671875 0.3272103515625 0.3344205078125 0.326591796875 0.334755859375 0.32670478515625 0.2911078125 0.32670478515625 0.29134501953125
0 -0.0 0.291339453125 0.01406318359375 0.29165419921875 0.01280419921875 0.2954310546875 0.02507900390625 0.29637529296875 0.02413486328125 0.291339453125 0.0392423828125 0.2932279296875 0.03955712890625 0.28882158203125 0.05372041015625 0.2894509765625 0.05309091796875 0.29354267578125 0.05970048828125 0.2932279296875 0.06127412109375 0.34956640625 -0.0 0.34925166015625 -0.0 0.291339453125
0 0.18500107421875 0.28155458984375 0.2052228515625 0.2820478515625 0.20892197265625 0.32002529296875 0.21188125 0.32397099609375 0.22889716796875 0.3252041015625 0.22914375 0.31607958984375 0.24714609375 0.3165728515625 0.2483791015625 0.34591904296875 0.21138798828125 0.3456724609375 0.21188125 0.34912490234375 0.20472958984375 0.3503580078125 0.20398984375 0.3528240234375 0.18672734375 0.35405712890625 0.18672734375 0.3496181640625 0.1793291015625 0.34912490234375 0.17908251953125 0.34394619140625 0.172670703125 0.343699609375 0.171930859375 0.32742353515625 0.17735625 0.3276701171875 0.17735625 0.32273798828125 0.18574091796875 0.3229845703125 0.181301953125 0.31410673828125 0.18500107421875 0.281801171875 0.18500107421875 0.28155458984375
0 0.34909892578125 0.25888603515625 0.34874296875 0.25888603515625 0.35977490234375 0.2543783203125 0.36618046875 0.27300205078125 0.35502998046875 0.27549306640625 0.34909892578125 0.25888603515625
0 0.892118359375 0.16988349609375 0.91028134765625 0.16524609375 0.92999013671875 0.168530859375 0.933081640625 0.19867373046875 0.8934708984375 0.19906015625 0.892118359375 0.16988349609375
0 0.918203515625 0.14515087890625 0.92206796875 0.144764453125 0.9317291015625 0.143605078125 0.9350138671875 0.16292744140625 0.92110185546875 0.1633138671875 0.918203515625 0.14515087890625
0 0.7801146484375 0.1249974609375 0.7801146484375 0.12547197265625 0.7797587890625 0.11859189453125 0.7956541015625 0.1177615234375 0.796603125 0.13579208984375 0.78035185546875 0.13543623046875 0.7801146484375 0.1249974609375
0 0.9337572265625 0.1241453125 0.92463271484375 0.13696884765625 0.91131591796875 0.125871484375 0.91828125 0.115908203125 0.9207390625 0.11636103515625 0.920693359375 0.1152734375 0.9337572265625 0.1241453125
0 0.93604677734375 0.08394189453125 0.93604677734375 0.0836953125 0.9710650390625 0.0849283203125 0.971558203125 0.1061365234375 0.96465322265625 0.11032890625 0.9538025390625 0.1209330078125 0.9491169921875 0.114274609375 0.93555361328125 0.1115619140625 0.93604677734375 0.08394189453125
0 0.9984587890625 0.112490234375 0.99344677734375 0.10938681640625 0.98069404296875 0.09837314453125 0.98146689453125 0.089678125 0.98958232421875 0.085813671875 0.99845888671875 0.08156865234375 0.9984587890625 0.112490234375
0 0.99845869140625 0.16038642578125 0.99788232421875 0.16051005859375 0.99697392578125 0.1652033203125 0.98304560546875 0.15975302734375 0.98546787109375 0.144159375 0.9984587890625 0.14442998046875 0.99845869140625 0.16038642578125
0 0.96487880859375 0.11657890625 0.96487880859375 0.11672451171875 0.98017177734375 0.12473515625 0.97136005859375 0.13864443359375 0.957305078125 0.13041533203125 0.96487880859375 0.11657890625
0 0.51150830078125 0.1901912109375 0.5184326171875 0.1901912109375 0.52630107421875 0.1901912109375 0.53228115234375 0.1776015625 0.52944853515625 0.1700478515625 0.53952021484375 0.16910361328125 0.54424130859375 0.159976171875 0.5574603515625 0.1687888671875 0.55242451171875 0.17917529296875 0.556830859375 0.1923943359375 0.5492771484375 0.20939033203125 0.53165166015625 0.197744921875 0.52567158203125 0.21222294921875 0.5077314453125 0.20624296875 0.51150830078125 0.1901912109375
0 0.5105640625 0.2219798828125 0.54140859375 0.2210357421875 0.542667578125 0.2304779296875 0.5461296875 0.2304779296875 0.54707392578125 0.23960537109375 0.54361181640625 0.2399201171875 0.5439265625 0.25439814453125 0.51559990234375 0.26069296875 0.51559990234375 0.2493623046875 0.51213779296875 0.24904755859375 0.51150830078125 0.2219798828125 0.5105640625 0.2219798828125
0 0.52510927734375 0.27151396484375 0.52535595703125 0.26115654296875 0.5500166015625 0.26164970703125 0.552729296875 0.29938056640625 0.52510927734375 0.3003669921875 0.52510927734375 0.28557060546875 0.519683984375 0.28507744140625 0.519683984375 0.2752130859375 0.5248626953125 0.27225380859375 0.52510927734375 0.27151396484375
0 0.62431484375 0.142615625 0.6312708984375 0.1428087890625 0.6389998046875 0.146480078125 0.635328515625 0.15884638671875 0.618711328125 0.15633447265625 0.62431484375 0.142615625
0 0.6484677734375 0.16348369140625 0.652525390625 0.16329052734375 0.65097958984375 0.193046875 0.62450810546875 0.18898916015625 0.625615234375 0.163232421875 0.62673720703125 0.16281748046875 0.626650390625 0.16216796875 0.64267099609375 0.16271083984375 0.64267099609375 0.1594259765625 0.64885419921875 0.15845986328125 0.6484677734375 0.16348369140625
0 0.71106767578125 0.0818798828125 0.7179919921875 0.081250390625 0.7227130859375 0.078732421875 0.730266796875 0.083453515625 0.7308962890625 0.09509892578125 0.742226953125 0.0935251953125 0.74317119140625 0.0995052734375 0.751669140625 0.0995052734375 0.751669140625 0.13255302734375 0.711382421875 0.13066455078125 0.7085498046875 0.1102064453125 0.71641826171875 0.1080033203125 0.71264140625 0.104855859375 0.71106767578125 0.0818798828125
0 0.6704662109375 0.0793619140625 0.6799083984375 0.07747353515625 0.689980078125 0.07778828125 0.7047728515625 0.081250390625 0.704143359375 0.1086328125 0.67078095703125 0.10705908203125 0.67078095703125 0.10642958984375 0.67015146484375 0.10611484375 0.6704662109375 0.0793619140625
0 0.58611591796875 0.08911884765625 0.58643056640625 0.0878599609375 0.59839072265625 0.09698740234375 0.6100361328125 0.09509892578125 0.6100361328125 0.1020232421875 0.61727509765625 0.1020232421875 0.61444248046875 0.1268876953125 0.6027970703125 0.12657294921875 0.6034265625 0.1221666015625 0.58013583984375 0.116816015625 0.58611591796875 0.08911884765625
0 0.64207763671875 0.24439619140625 0.68626435546875 0.24319111328125 0.68465751953125 0.25564365234375 0.693494921875 0.25845556640625 0.69389658203125 0.28295908203125 0.66577783203125 0.28295908203125 0.651718359375 0.2632759765625 0.6416759765625 0.2632759765625 0.64207763671875 0.24399453125 0.64207763671875 0.24439619140625
0 0.675016796875 0.28577099609375 0.70193046875 0.29862529296875 0.684255859375 0.33276953125 0.640069140625 0.31027451171875 0.64770146484375 0.29541171875 0.66015400390625 0.3030439453125 0.66537607421875 0.29059130859375 0.6709998046875 0.2950099609375 0.675016796875 0.28536923828125 0.675016796875 0.28577099609375
0 0.61677080078125 0.32955595703125 0.63685556640625 0.31509482421875 0.65653876953125 0.34080341796875 0.63605224609375 0.36048662109375 0.6171724609375 0.34200859375 0.6171724609375 0.32955595703125 0.61677080078125 0.32955595703125
0 0.6557353515625 0.35004248046875 0.67381171875 0.336384765625 0.68566484375 0.35004248046875 0.6685896484375 0.36570869140625 0.65975234375 0.35807646484375 0.6557353515625 0.35004248046875
0 0.78041689453125 0.28273798828125 0.7801703125 0.28249140625 0.79447353515625 0.2898896484375 0.7875685546875 0.3056724609375 0.7735119140625 0.2990140625 0.78041689453125 0.28273798828125
0 0.90382490234375 0.0838951171875 0.92868935546875 0.08358037109375 0.92868935546875 0.11222177734375 0.90980498046875 0.11348076171875 0.910434375 0.11883134765625 0.89375322265625 0.11820185546875 0.89469736328125 0.08798681640625 0.9041396484375 0.08420986328125 0.90382490234375 0.0838951171875
0 0.9234787109375 8.88671875e-06 0.924737109375 0.01922587890625 0.90364951171875 0.016078515625 0.901131640625 0.0321302734375 0.884450390625 0.02929755859375 0.8827943359375 9.5703125e-06 0.9234787109375 8.88671875e-06
0 0.98207421875 7.71484375e-06 0.96785654296875 0.02929755859375 0.92977294921875 0.025520703125 0.9316607421875 8.69140625e-06 0.98207421875 7.71484375e-06
0 0.99845869140625 0.1976275390625 0.9874794921875 0.196799609375 0.98779423828125 0.16847294921875 0.99845869140625 0.16847294921875 0.99845869140625 0.1976275390625
0 0.9984583984375 0.509874609375 0.971325390625 0.52421630859375 0.96529990234375 0.5085501953125 0.954855859375 0.51497734375 0.946821875 0.49328564453125 0.9648982421875 0.49328564453125 0.9624880859375 0.48324326171875 0.98739326171875 0.47922626953125 0.9857865234375 0.4852517578125 0.99382041015625 0.48243984375 0.9984583984375 0.49480087890625 0.9984583984375 0.509874609375
0 0.922744921875 0.49971279296875 0.9291212890625 0.50067890625 0.939362109375 0.50357724609375 0.9374298828125 0.51169267578125 0.94979619140625 0.5138181640625 0.94728427734375 0.52773017578125 0.95443359375 0.5358455078125 0.94670458984375 0.562703515625 0.9080599609375 0.54338125 0.922744921875 0.49971279296875
0 0.98081572265625 0.67620869140625 0.9884927734375 0.69146162109375 0.98037744140625 0.69706513671875 0.98211640625 0.70228212890625 0.97728583984375 0.70865849609375 0.97651298828125 0.7142619140625 0.96897724609375 0.717353515625 0.9674314453125 0.71387548828125 0.9525533203125 0.71967216796875 0.9398005859375 0.6932005859375 0.94327861328125 0.68952939453125 0.93902763671875 0.6821869140625 0.95158720703125 0.675810546875 0.955065234375 0.68508525390625 0.9597025390625 0.6765833984375 0.96955693359375 0.67986826171875 0.9796044921875 0.67368505859375 0.98081572265625 0.67620869140625
0 0.90962177734375 0.7162568359375 0.9266376953125 0.71675009765625 0.928610546875 0.72908046875 0.9512984375 0.730806640625 0.95820341796875 0.7354921875 0.9572169921875 0.745603125 0.95266396484375 0.74827509765625 0.95105185546875 0.758180078125 0.95475087890625 0.75793349609375 0.95250556640625 0.7695662109375 0.92639111328125 0.77075703125 0.92713095703125 0.766071484375 0.9180064453125 0.7648384765625 0.91849970703125 0.7527546875 0.92244541015625 0.7527546875 0.92318525390625 0.7382048828125 0.90838876953125 0.73573876953125 0.90962177734375 0.7162568359375
0 0.93579306640625 0.77441279296875 0.934848828125 0.7728390625 0.9436615234375 0.78259599609375 0.95813955078125 0.77063583984375 0.9650638671875 0.77724541015625 0.9650638671875 0.783540234375 0.9738765625 0.7923529296875 0.98143037109375 0.7948708984375 0.98363349609375 0.8030541015625 0.9666375 0.82256796875 0.95530693359375 0.83012177734375 0.94555 0.82036484375 0.9518447265625 0.8184763671875 0.95341845703125 0.81312578125 0.9496416015625 0.80997841796875 0.94082890625 0.81532900390625 0.92886875 0.8197353515625 0.9200560546875 0.81532900390625 0.9140759765625 0.81060791015625 0.9128169921875 0.80210986328125 0.93579306640625 0.77441279296875
0 0.99845869140625 0.82989033203125 0.99780556640625 0.82989033203125 0.99765419921875 0.83428076171875 0.98417998046875 0.8333724609375 0.98508837890625 0.788559375 0.99845859375 0.788830859375 0.99845869140625 0.82989033203125
0 0.9984587890625 0.89523134765625 0.9921177734375 0.89340478515625 0.99187109375 0.8704703125 0.9812669921875 0.86504501953125 0.98373310546875 0.84901552734375 0.99369892578125 0.8501009765625 0.99845869140625 0.8516708984375 0.9984587890625 0.89523134765625
0 0.9066666015625 0.875799609375 0.90685986328125 0.875799609375 0.91710068359375 0.869230078125 0.92424990234375 0.87850478515625 0.955165625 0.86053505859375 0.95671142578125 0.852033203125 0.9659861328125 0.85048740234375 0.9826033203125 0.877538671875 0.97970498046875 0.87908447265625 0.9820236328125 0.8821759765625 0.9814439453125 0.88739306640625 0.97584052734375 0.8877794921875 0.976806640625 0.891837109375 0.9717828125 0.89396259765625 0.9698505859375 0.89125751953125 0.96115556640625 0.897440625 0.9570978515625 0.894155859375 0.9545859375 0.8960880859375 0.9559384765625 0.89917958984375 0.950141796875 0.90149833984375 0.94337900390625 0.89531513671875 0.92598896484375 0.90478310546875 0.9066666015625 0.875799609375
0 0.89577568359375 0.94820029296875 0.8959271484375 0.94804892578125 0.9057677734375 0.94804892578125 0.90561640625 0.93851103515625 0.91424599609375 0.93866240234375 0.91439736328125 0.92185751953125 0.92287548828125 0.92170615234375 0.92302685546875 0.91459052734375 0.94164853515625 0.91549892578125 0.9431625 0.92443125 0.9496724609375 0.92427978515625 0.95133779296875 0.9518337890625 0.93423017578125 0.95228798828125 0.93256484375 0.96924423828125 0.8959271484375 0.96591357421875 0.89577568359375 0.94820029296875
0 0.9328330078125 0.99900869140625 0.9207359375 0.99054052734375 0.94026591796875 0.9623810546875 0.9523775390625 0.97343291015625 0.95828193359375 0.96404638671875 0.97387568359375 0.97570380859375 0.95993505859375 0.999008203125 0.9328330078125 0.99900869140625
0 0.66298525390625 0.119126953125 0.67433994140625 0.1118599609375 0.685391796875 0.12699951171875 0.672674609375 0.1359318359375 0.66268251953125 0.1192783203125 0.66298525390625 0.119126953125
0 0.67010087890625 0.13729443359375 0.67025224609375 0.13759716796875 0.70416484375 0.1409279296875 0.70249951171875 0.158792578125 0.67025224609375 0.16151767578125 0.66313671875 0.15546181640625 0.67010087890625 0.13729443359375
0 0.998458984375 0.02731298828125 0.981344921875 0.0303685546875 0.982077734375 7.71484375e-06 0.99845908203125 7.421875e-06 0.998458984375 0.02731298828125
0 0.56738291015625 0.11267919921875 0.57767783203125 0.11404169921875 0.5814626953125 0.12206572265625 0.5920603515625 0.12327685546875 0.5920603515625 0.1300896484375 0.58010009765625 0.12963544921875 0.57979736328125 0.13251201171875 0.55905615234375 0.12978681640625 0.56087294921875 0.112225 0.56738291015625 0.11267919921875
0 0.98267109375 0.99900771484375 0.98424189453125 0.9816888671875 0.998458984375 0.979334375 0.998458984375 0.999007421875 0.98267109375 0.99900771484375
0 0.0368412109375 0.74060185546875 0.03618681640625 0.73994755859375 0.05123623046875 0.75172529296875 0.06105107421875 0.74518212890625 0.08722392578125 0.74452783203125 0.0774091796875 0.83809580078125 0.08526103515625 0.83809580078125 0.083298046875 0.8701576171875 0.0584337890625 0.86557734375 0.03356953125 0.8596884765625 0.032915234375 0.8407130859375 0.0374955078125 0.8295896484375 0.0381498046875 0.763503125 0.03487822265625 0.763503125 0.0368412109375 0.74060185546875
0 -0.0 0.9689451171875 0.00704892578125 0.96647900390625 0.007101953125 0.92895107421875 -0.0 0.9319935546875 -0.0 0.8906662109375 0.01854892578125 0.890770703125 0.04574384765625 0.89633232421875 0.0442240234375 0.92020634765625 0.04824091796875 0.91980458984375 0.0490443359375 0.93788095703125 0.04462568359375 0.93948779296875 0.04221552734375 0.95113701171875 0.0490443359375 0.951538671875 0.04944599609375 0.97162353515625 0.0454291015625 0.97162353515625 0.0454291015625 0.9812642578125 0.04221552734375 0.9824693359375 0.04530205078125 0.9990083984375 0.0333154296875 0.99900810546875 -0.0 0.9962931640625 -0.0 0.9689451171875
0 0.93688837890625 0.15009521484375 0.95341943359375 0.1500224609375 0.95392919921875 0.16553388671875 0.93761669921875 0.16699033203125 0.936815625 0.14965830078125 0.93688837890625 0.15009521484375
0 0.5092884765625 0.298134375 0.516858203125 0.29873994140625 0.52510927734375 0.3003669921875 0.52594189453125 0.31736162109375 0.5086828125 0.3167560546875 0.5092884765625 0.298134375
0 0.5092546875 0.33500205078125 0.52171005859375 0.32432607421875 0.52716669921875 0.3309689453125 0.52206591796875 0.3410517578125 0.5091361328125 0.335120703125 0.5092546875 0.33500205078125
0 0.01907294921875 0.574150390625 0.02033193359375 0.65031748046875 0.00490966796875 0.6493732421875 0.0052244140625 0.57383564453125 0.01907294921875 0.57383564453125 0.01907294921875 0.574150390625
0 0.0192716796875 0.72593662109375 0.02556650390625 0.7275103515625 0.02588125 0.73034306640625 0.03618681640625 0.73994755859375 0.0299728515625 0.74513583984375 0.03487822265625 0.763503125 0.03280546875 0.77000029296875 0.03217607421875 0.795808984375 0.02025390625 0.796806640625 0.01814453125 0.793359375 0.018580078125 0.79312197265625 0.01834482421875 0.792694140625 0.017890625 0.792939453125 0.017793359375 0.79278076171875 0.01737666015625 0.7930353515625 0.0174609375 0.793173828125 0.01716796875 0.79333984375 0.01895693359375 0.725621875 0.0192716796875 0.72593662109375
0 0.4356318359375 0.9990126953125 0.43510185546875 0.9884666015625 0.51567529296875 0.98689296875 0.51567529296875 0.99901279296875 0.4356318359375 0.9990126953125
0 0.3935505859375 0.116391796875 0.39295751953125 0.10654619140625 0.402803125 0.101208203125 0.4102763671875 0.1073765625 0.4084970703125 0.129440234375 0.3928388671875 0.12896572265625 0.3935505859375 0.116391796875
0 0.31915185546875 0.04243623046875 0.33050654296875 0.04243623046875 0.33171767578125 0.06999013671875 0.3185462890625 0.0701416015625 0.3174865234375 0.05545625 0.31915185546875 0.04243623046875
0 0.316826171875 0.1009341796875 0.318945703125 0.09109345703125 0.33105732421875 0.0906392578125 0.3270421875 0.12465966796875 0.3248501953125 0.13091044921875 0.31864296875 0.15377109375 0.30759111328125 0.14983486328125 0.31425244140625 0.12561162109375 0.316826171875 0.1009341796875
0 0.91220576171875 0.5907396484375 0.8996462890625 0.59344482421875 0.895439453125 0.577333984375 0.89805498046875 0.5774263671875 0.897958984375 0.57494140625 0.90834130859375 0.57238349609375 0.91220576171875 0.5907396484375
0 0.07131083984375 0.99900888671875 0.07052412109375 0.9317490234375 0.08489404296875 0.93015234375 0.08646806640625 0.99900908203125 0.07131083984375 0.99900888671875
0 0.5113787109375 0.8231765625 0.48822724609375 0.8231765625 0.4890255859375 0.775276953125 0.4666724609375 0.77447861328125 0.46507578125 0.8215798828125 0.44591591796875 0.8215798828125 0.446521484375 0.76691552734375 0.51058037109375 0.7680919921875 0.5113787109375 0.8231765625
