2 0.12866044921875 0.18342734375 0.1385779296875 0.1735099609375 0.16475986328125 0.16200576171875 0.1707103515625 0.1683529296875 0.16912353515625 0.1794603515625 0.17110703125 0.1838240234375 0.16753671875 0.18937783203125 0.17269375 0.19572490234375 0.15008212890625 0.206832421875 0.13976796875 0.20841923828125 0.1346109375 0.2020720703125 0.13659443359375 0.196518359375 0.1358009765625 0.18977451171875 0.12866044921875 0.18342734375
2 0.1459939453125 0.2132580078125 0.1815775390625 0.21131435546875 0.1821755859375 0.21669677734375 0.18636181640625 0.22581689453125 0.1862123046875 0.23179736328125 0.1880064453125 0.231946875 0.187707421875 0.24540283203125 0.14315322265625 0.2476455078125 0.14135908203125 0.21699580078125 0.1459939453125 0.2132580078125
2 0.13637138671875 0.2511095703125 0.1879154296875 0.25181240234375 0.18814970703125 0.2642298828125 0.17983232421875 0.26540126953125 0.17983232421875 0.2663384765625 0.1879154296875 0.26715849609375 0.1875337890625 0.28089736328125 0.13620380859375 0.28051572265625 0.13637138671875 0.2511095703125
2 0.156076171875 0.28207890625 0.18480546875 0.2840064453125 0.18379580078125 0.29520439453125 0.1882015625 0.296122265625 0.18896484375 0.30491435546875 0.18114130859375 0.30491435546875 0.18056884765625 0.308921484375 0.18597783203125 0.30803359375 0.186409375 0.3119171875 0.1868408203125 0.31637607421875 0.1425294921875 0.31327685546875 0.142880859375 0.30671669921875 0.13620361328125 0.3026166015625 0.13784365234375 0.28481044921875 0.1523697265625 0.2862162109375 0.156076171875 0.28207890625
2 0.13766875 0.338522265625 0.1426025390625 0.33792421875 0.14125703125 0.32058095703125 0.14843349609375 0.31848779296875 0.1485830078125 0.31729169921875 0.1859607421875 0.31998291015625 0.18835283203125 0.344353125 0.18222294921875 0.34480166015625 0.1829705078125 0.35033359375 0.1817744140625 0.35407138671875 0.1385658203125 0.35317431640625 0.13766875 0.338522265625
2 0.13521669921875 0.37154638671875 0.1436126953125 0.37250048828125 0.1436126953125 0.356471875 0.1867375 0.3558994140625 0.1873099609375 0.38433125 0.1356677734375 0.388381640625 0.13521669921875 0.37154638671875
2 0.1481962890625 0.39092509765625 0.1600076171875 0.388682421875 0.1783974609375 0.38883193359375 0.17944404296875 0.4013908203125 0.18691953125 0.4031849609375 0.188115625 0.42277080078125 0.1437109375 0.42277080078125 0.14131884765625 0.40363349609375 0.1475982421875 0.4007927734375 0.1481962890625 0.39092509765625
2 0.1591103515625 0.4244521484375 0.178385546875 0.4241767578125 0.1800376953125 0.4316115234375 0.18591201171875 0.43280478515625 0.18869501953125 0.45702548828125 0.14234853515625 0.458223828125 0.14048359375 0.44361513671875 0.14701083984375 0.44206103515625 0.14715244140625 0.4279599609375 0.1568841796875 0.42662431640625 0.1591103515625 0.4244521484375
2 0.13882744140625 0.46187314453125 0.153470703125 0.4607017578125 0.16295947265625 0.45871025390625 0.17443974609375 0.45906171875 0.17935986328125 0.46035029296875 0.17982841796875 0.464567578125 0.18697431640625 0.465621875 0.18533427734375 0.4874109375 0.1843970703125 0.49361962890625 0.14433330078125 0.492916796875 0.14363046875 0.4759306640625 0.1387103515625 0.47393916015625 0.13882744140625 0.46187314453125
1 0.18057958984375 0.50186943359375 0.189548046875 0.50759404296875 0.19508173828125 0.51541748046875 0.2023328125 0.5238134765625 0.18382353515625 0.54709326171875 0.1773357421875 0.5554892578125 0.17523671875 0.55987802734375 0.160162109375 0.54785654296875 0.161688671875 0.542513671875 0.15539169921875 0.538315625 0.159398828125 0.5264849609375 0.18057958984375 0.50186943359375
1 0.20939677734375 0.52075478515625 0.2243162109375 0.52541708984375 0.2305326171875 0.533809375 0.23643828125 0.53878251953125 0.22804609375 0.5711080078125 0.21188330078125 0.5667564453125 0.20939677734375 0.57297294921875 0.197585546875 0.5698646484375 0.20100458984375 0.557742578125 0.19882880859375 0.5490396484375 0.20939677734375 0.52075478515625
2 0.24576298828125 0.520133203125 0.2721828125 0.5120517578125 0.2821291015625 0.557742578125 0.2553984375 0.56240498046875 0.24576298828125 0.520133203125
2 0.2793654296875 0.5082658203125 0.30417177734375 0.50521279296875 0.31390341796875 0.55081826171875 0.2974931640625 0.5531080078125 0.29940126953125 0.55826015625 0.28833388671875 0.55978662109375 0.2793654296875 0.5082658203125
2 0.31358134765625 0.50492900390625 0.34228203125 0.49684599609375 0.3591638671875 0.54747958984375 0.351393359375 0.5496552734375 0.35232578125 0.5540068359375 0.34269033203125 0.5580474609375 0.34113623046875 0.55462841796875 0.32994658203125 0.55773671875 0.31358134765625 0.50492900390625
2 0.34680185546875 0.49471064453125 0.3525263671875 0.48803203125 0.35806005859375 0.48822275390625 0.3653111328125 0.485360546875 0.36741015625 0.48974931640625 0.37431904296875 0.48621025390625 0.3904818359375 0.5166708984375 0.38581943359375 0.5228873046875 0.37898134765625 0.52475224609375 0.38271123046875 0.53283359375 0.36810263671875 0.5374958984375 0.34680185546875 0.49471064453125
2 0.377759765625 0.47791767578125 0.3867736328125 0.47294453125 0.38801689453125 0.4732552734375 0.40542294921875 0.46890380859375 0.428423828125 0.50216171875 0.4169234375 0.5089998046875 0.4184775390625 0.511797265625 0.40293642578125 0.51770283203125 0.377759765625 0.47791767578125
2 0.40604462890625 0.46268740234375 0.4141259765625 0.45305185546875 0.4172341796875 0.452741015625 0.417855859375 0.45056533203125 0.42811298828125 0.4406189453125 0.46106015625 0.47574189453125 0.45173544921875 0.48506650390625 0.44831640625 0.4791609375 0.4405458984375 0.48351240234375 0.44178916015625 0.48568818359375 0.4330861328125 0.4922154296875 0.40604462890625 0.46268740234375
2 0.432832421875 0.43534453125 0.43867734375 0.42852548828125 0.45328955078125 0.41513095703125 0.48860244140625 0.44971328125 0.4737466796875 0.4631078125 0.47837392578125 0.467978515625 0.4717984375 0.47479755859375 0.432832421875 0.43534453125
2 0.45926533203125 0.40976708984375 0.4664142578125 0.39671259765625 0.47356318359375 0.39919912109375 0.47760390625 0.39826669921875 0.47573896484375 0.3932935546875 0.47667138671875 0.3911177734375 0.48195537109375 0.3911177734375 0.5133484375 0.41038876953125 0.5133484375 0.41722685546875 0.5052669921875 0.42810556640625 0.50309130859375 0.42717314453125 0.49345576171875 0.4396060546875 0.45926533203125 0.40976708984375
2 0.4779146484375 0.37806328125 0.4822662109375 0.3712251953125 0.48661767578125 0.37153603515625 0.49407744140625 0.35661650390625 0.53728173828125 0.3796173828125 0.53603837890625 0.38614462890625 0.53914658203125 0.39142861328125 0.53448427734375 0.40137490234375 0.5301328125 0.400131640625 0.5232947265625 0.40821298828125 0.4779146484375 0.37806328125
2 0.2501107421875 0.40421865234375 0.25974619140625 0.40328623046875 0.26005703125 0.405151171875 0.278084765625 0.40484033203125 0.279949609375 0.42504375 0.284301171875 0.42473291015625 0.2867876953125 0.44276064453125 0.27466572265625 0.4461796875 0.2662734375 0.44524716796875 0.2662734375 0.43965234375 0.2563271484375 0.43903076171875 0.25508388671875 0.43157099609375 0.250732421875 0.43094931640625 0.2494890625 0.41944892578125 0.2501107421875 0.40421865234375
2 0.2870552734375 0.3992849609375 0.29029921875 0.3977583984375 0.28724609375 0.39069814453125 0.29793193359375 0.3857369140625 0.3017482421875 0.39298798828125 0.31147998046875 0.38955322265625 0.32808115234375 0.4263810546875 0.31357900390625 0.43477705078125 0.31186162109375 0.4294341796875 0.29793193359375 0.43630361328125 0.289917578125 0.41645859375 0.2927798828125 0.4155044921875 0.2870552734375 0.3992849609375
2 0.313883984375 0.3773150390625 0.3207220703125 0.37327431640625 0.32507353515625 0.378869140625 0.3312900390625 0.3751392578125 0.32724931640625 0.36643623046875 0.33874970703125 0.36084140625 0.36765615234375 0.40373486328125 0.34434453125 0.4192759765625 0.33191162109375 0.40373486328125 0.33346572265625 0.40000498046875 0.330668359375 0.39969423828125 0.313883984375 0.3773150390625
2 0.3496345703125 0.3636498046875 0.36299990234375 0.35246025390625 0.3602025390625 0.349662890625 0.36983798828125 0.34033818359375 0.39190634765625 0.36116328125 0.39190634765625 0.36240654296875 0.3959470703125 0.36706884765625 0.39035224609375 0.37297451171875 0.3915955078125 0.377015234375 0.382581640625 0.3826099609375 0.38817646484375 0.38354248046875 0.376365234375 0.39411044921875 0.3496345703125 0.3636498046875
2 0.3721791015625 0.33379521484375 0.3771404296875 0.3263533203125 0.38057509765625 0.32692578125 0.3790486328125 0.32387275390625 0.38744453125 0.31146953125 0.41396826171875 0.32463603515625 0.42465400390625 0.33589423828125 0.42465400390625 0.33951982421875 0.407098828125 0.3599373046875 0.3721791015625 0.33379521484375
1 0.38586259765625 0.28355927734375 0.39540341796875 0.28031533203125 0.39692998046875 0.277453125 0.40189130859375 0.2764990234375 0.44119970703125 0.2900470703125 0.433376171875 0.3213412109375 0.38261865234375 0.3016869140625 0.38586259765625 0.28355927734375
2 0.24608037109375 0.33258466796875 0.2536748046875 0.32954697265625 0.25468740234375 0.3270154296875 0.26076298828125 0.32397763671875 0.26278818359375 0.32752177734375 0.26680009765625 0.3219140625 0.27508037109375 0.321426953125 0.2840912109375 0.35089501953125 0.28287353515625 0.36623779296875 0.27654150390625 0.36648134765625 0.26606943359375 0.36672490234375 0.25486669921875 0.36721201171875 0.24608037109375 0.33258466796875
1 0.28248701171875 0.31416044921875 0.29594296875 0.30937607421875 0.29758759765625 0.313412890625 0.30999697265625 0.3083294921875 0.3270412109375 0.33613857421875 0.326144140625 0.34167041015625 0.33047998046875 0.34959453125 0.30267099609375 0.35976123046875 0.28248701171875 0.31416044921875
1 0.3073798828125 0.2615361328125 0.31997392578125 0.2613453125 0.327225 0.2638259765625 0.339246484375 0.26420751953125 0.3518404296875 0.26783310546875 0.35050478515625 0.30046298828125 0.30566259765625 0.29473837890625 0.30260947265625 0.28061787109375 0.30470849609375 0.2777556640625 0.3073798828125 0.2615361328125
2 0.2640666015625 0.18729716796875 0.27494541015625 0.19040537109375 0.27867529296875 0.19631103515625 0.28147265625 0.1991083984375 0.284580859375 0.197554296875 0.29235146484375 0.2053248046875 0.27867529296875 0.230190625 0.27308046875 0.23205556640625 0.26717490234375 0.22677158203125 0.2569177734375 0.2255283203125 0.2587826171875 0.21464951171875 0.2516337890625 0.2075005859375 0.2640666015625 0.18729716796875
1 0.28787783203125 0.231194140625 0.303426953125 0.2154955078125 0.3077626953125 0.21788759765625 0.3167333984375 0.2059267578125 0.333628125 0.22356904296875 0.330637890625 0.22581171875 0.336618359375 0.232838671875 0.3073798828125 0.2615361328125 0.2925126953125 0.247640234375 0.29236318359375 0.24435107421875 0.28787783203125 0.231194140625
2 0.38568720703125 1.23046875e-05 0.39961142578125 0.03095986328125 0.39903896484375 0.0384017578125 0.3904521484375 0.04221806640625 0.38911640625 0.04069150390625 0.387971484375 0.04355380859375 0.3919787109375 0.05137734375 0.38033876953125 0.05500283203125 0.3772857421875 0.04565283203125 0.371751953125 0.04030986328125 0.3595396484375 0.01264130859375 0.37213359375 0.0051994140625 0.37384697265625 1.220703125e-05 0.38568720703125 1.23046875e-05
2 0.32213935546875 0.0244720703125 0.32347509765625 0.018556640625 0.33511494140625 0.01493115234375 0.33702314453125 0.018175 0.34007626953125 0.01741181640625 0.34064873046875 0.01397705078125 0.34961708984375 0.01264130859375 0.3704162109375 0.05862841796875 0.34274765625 0.07103154296875 0.33931298828125 0.0685509765625 0.32213935546875 0.0244720703125
2 0.2883646484375 0.037829296875 0.29351669921875 0.03038740234375 0.31069033203125 0.02504453125 0.3328251953125 0.0639712890625 0.316796484375 0.0696958984375 0.32080361328125 0.0790458984375 0.30878212890625 0.0813357421875 0.2883646484375 0.037829296875
2 0.2570705078125 0.0660703125 0.26451240234375 0.05901005859375 0.271954296875 0.05786513671875 0.27519814453125 0.05672021484375 0.27901455078125 0.05595693359375 0.27958701171875 0.05767431640625 0.2887462890625 0.05519365234375 0.299813671875 0.07656533203125 0.29256259765625 0.0779009765625 0.29275341796875 0.08228984375 0.299813671875 0.0798091796875 0.3030576171875 0.08782353515625 0.2988595703125 0.0922123046875 0.27748798828125 0.098509375 0.2570705078125 0.0660703125
2 0.1954134765625 1.064453125e-05 0.1966291015625 0.0062931640625 0.1885923828125 0.01408642578125 0.18518291015625 0.01286875 0.17641552734375 0.0228537109375 0.14793408203125 9.9609375e-06 0.1954134765625 1.064453125e-05
2 0.50474248046875 1.25e-05 0.50668544921875 0.00459677734375 0.48427998046875 0.01263349609375 0.45662587890625 0.019087109375 0.44701259765625 1.25e-05 0.50474248046875 1.25e-05
2 0.45912470703125 0.024169140625 0.47060498046875 0.017608984375 0.4822755859375 0.01426962890625 0.49500498046875 0.0111771484375 0.511258203125 0.04023173828125 0.4731330078125 0.05637890625 0.45912470703125 0.024169140625
2 0.47080400390625 0.0595419921875 0.5192716796875 0.04255927734375 0.52976669921875 0.06965537109375 0.48320712890625 0.08835546875 0.47080400390625 0.0595419921875
2 0.4887970703125 0.0890076171875 0.51324892578125 0.07965830078125 0.51619755859375 0.0857712890625 0.532045703125 0.07964140625 0.5383251953125 0.09563896484375 0.53219521484375 0.09773212890625 0.5359330078125 0.1065533203125 0.52143046875 0.11208515625 0.5211314453125 0.1095435546875 0.5063298828125 0.113879296875 0.4949669921875 0.11761708984375 0.48898662109375 0.1032640625 0.49287392578125 0.10102138671875 0.4887970703125 0.0890076171875
2 0.50434677734375 0.11712890625 0.527225390625 0.111668359375 0.53234453125 0.12134619140625 0.53808466796875 0.120643359375 0.54031044921875 0.12509482421875 0.5439419921875 0.1265005859375 0.55003349609375 0.140089453125 0.50797822265625 0.15508408203125 0.49989521484375 0.13915234375 0.50610390625 0.1364580078125 0.50317529296875 0.12685205078125 0.50704111328125 0.12509482421875 0.50434677734375 0.11712890625
2 0.5071041015625 0.1578802734375 0.5560263671875 0.14484658203125 0.55767861328125 0.14649873046875 0.565296875 0.17440185546875 0.51634326171875 0.1864171875 0.5071041015625 0.1578802734375
2 0.66992890625 1.19140625e-05 0.6726138671875 0.0051548828125 0.676501171875 0.0051548828125 0.6796408203125 0.01277998046875 0.66558681640625 0.019657421875 0.659307421875 0.00620146484375 0.6439078125 0.01263046875 0.650934765625 0.0265349609375 0.6294052734375 0.03640263671875 0.6219296875 0.01890986328125 0.62910625 0.01621865234375 0.62088935546875 1.220703125e-05 0.66992890625 1.19140625e-05
2 0.6530912109375 0.04319677734375 0.65672275390625 0.04167392578125 0.65332548828125 0.0325365234375 0.686477734375 0.020001953125 0.688586328125 0.02632783203125 0.68788349609375 0.03019365234375 0.69198359375 0.03218515625 0.69631142578125 0.04174501953125 0.70142578125 0.03955322265625 0.70020810546875 0.0462458984375 0.697748046875 0.06053759765625 0.66633173828125 0.07417568359375 0.6530912109375 0.04319677734375
2 0.661139453125 0.08462490234375 0.67404697265625 0.07926708984375 0.6806224609375 0.07196103515625 0.6891462890625 0.070743359375 0.70351494140625 0.065385546875 0.710333984375 0.07829296875 0.69596533203125 0.08462490234375 0.69913125 0.08998271484375 0.71374345703125 0.0843814453125 0.7181271484375 0.09046982421875 0.7208060546875 0.089495703125 0.72324150390625 0.094853515625 0.7288427734375 0.1084916015625 0.68427548828125 0.130653515625 0.661139453125 0.08462490234375
2 0.7261650390625 0.2062994140625 0.769680078125 0.18019033203125 0.774031640625 0.1820552734375 0.77527490234375 0.191069140625 0.76222041015625 0.20132626953125 0.76874765625 0.2125158203125 0.771855859375 0.21034013671875 0.77154501953125 0.20692109375 0.7765181640625 0.19821806640625 0.77962646484375 0.19666396484375 0.78118056640625 0.19821806640625 0.78055888671875 0.20256953125 0.782423828125 0.20723193359375 0.78522119140625 0.20971845703125 0.790816015625 0.21438076171875 0.79112685546875 0.21935390625 0.748855078125 0.2510578125 0.73704384765625 0.23551669921875 0.73921953125 0.2327193359375 0.733003125 0.22588125 0.7292732421875 0.22339462890625 0.7261650390625 0.2062994140625
2 0.762273046875 0.24329912109375 0.77982080078125 0.23589169921875 0.780899609375 0.23092939453125 0.794028125 0.22549775390625 0.79926103515625 0.2301326171875 0.80045712890625 0.2301326171875 0.8061384765625 0.24059833984375 0.80240078125 0.2425419921875 0.80284931640625 0.246429296875 0.7991115234375 0.2482234375 0.800606640625 0.25151259765625 0.80509189453125 0.24717685546875 0.8109228515625 0.2443361328125 0.82243515625 0.260034765625 0.7925330078125 0.2769294921875 0.79357958984375 0.280069140625 0.7801236328125 0.2875447265625 0.762273046875 0.24329912109375
2 0.78673037109375 0.288641796875 0.81932373046875 0.2636734375 0.826201171875 0.26681318359375 0.82694873046875 0.27129853515625 0.82904189453125 0.27159755859375 0.83532138671875 0.27982060546875 0.83382626953125 0.28310986328125 0.84234833984375 0.29566875 0.8436939453125 0.29581826171875 0.84952490234375 0.30359287109375 0.81510625 0.33070126953125 0.80857900390625 0.32355234375 0.807646484375 0.31702509765625 0.78673037109375 0.288641796875
2 0.81878212890625 0.3368111328125 0.8586630859375 0.30647109375 0.8689671875 0.3179201171875 0.86515087890625 0.3224998046875 0.8725927734375 0.33165908203125 0.87698154296875 0.32784267578125 0.88366015625 0.336238671875 0.84625986328125 0.36925009765625 0.83748232421875 0.3631439453125 0.83481083984375 0.35512958984375 0.8269873046875 0.34520712890625 0.823743359375 0.34558876953125 0.81878212890625 0.3368111328125
2 0.86100283203125 0.36432373046875 0.8862701171875 0.3433921875 0.8940447265625 0.3525123046875 0.89718447265625 0.35056875 0.9064541015625 0.3596888671875 0.90241728515625 0.3650712890625 0.90660361328125 0.3709021484375 0.9016697265625 0.3744904296875 0.90660361328125 0.37912529296875 0.91034140625 0.3762845703125 0.91049091796875 0.37344384765625 0.91557421875 0.3756865234375 0.91991005859375 0.38062041015625 0.8919515625 0.403196484375 0.88118681640625 0.391983203125 0.88073828125 0.38824541015625 0.87116953125 0.37852724609375 0.86279697265625 0.37523798828125 0.86100283203125 0.36432373046875
2 0.921887890625 0.38377265625 0.9337498046875 0.39524130859375 0.93830654296875 0.39524130859375 0.947926171875 0.40637978515625 0.956533203125 0.4200498046875 0.92615537109375 0.44485830078125 0.90080693359375 0.42294443359375 0.89961083984375 0.42324345703125 0.8903412109375 0.413973828125 0.90349814453125 0.40171396484375 0.90574072265625 0.39618203125 0.921887890625 0.38377265625
2 0.92375615234375 0.45667109375 0.9332541015625 0.44717314453125 0.94056025390625 0.45301796875 0.95322412109375 0.43791875 0.947379296875 0.43353505859375 0.9573642578125 0.42257587890625 0.97270712890625 0.43523984375 0.97027177734375 0.44108466796875 0.9770908203125 0.43791875 0.9897546875 0.4515568359375 0.95931259765625 0.48784384765625 0.94786630859375 0.47810234375 0.95054521484375 0.4725009765625 0.947379296875 0.46860439453125 0.9305751953125 0.483947265625 0.91888544921875 0.474936328125 0.92984453125 0.464220703125 0.92375615234375 0.45667109375
2 0.80554345703125 1.0546875e-05 0.811666015625 0.0087240234375 0.7757833984375 0.02517021484375 0.76830791015625 0.01066767578125 0.7733912109375 0.00737841796875 0.76921123046875 1.103515625e-05 0.80554345703125 1.0546875e-05
2 0.7713689453125 0.034010546875 0.78184111328125 0.0257302734375 0.78939072265625 0.0257302734375 0.7984015625 0.01964189453125 0.8074125 0.0157453125 0.818128125 0.0369330078125 0.8237294921875 0.04521328125 0.8234859375 0.051058203125 0.82762607421875 0.0583642578125 0.8290873046875 0.06323505859375 0.79182607421875 0.07906494140625 0.7713689453125 0.034010546875
2 0.90946181640625 8.984375e-06 0.91749130859375 0.009900390625 0.91749130859375 0.01623232421875 0.91992666015625 0.0267044921875 0.88753623046875 0.04156025390625 0.87998662109375 0.0288962890625 0.8777947265625 0.021103125 0.86902744140625 0.0150146484375 0.8605091796875 9.765625e-06 0.90946181640625 8.984375e-06
2 0.83722626953125 0.14586474609375 0.87278271484375 0.12711240234375 0.8761921875 0.1307654296875 0.8791146484375 0.130521875 0.88325478515625 0.13758447265625 0.882037109375 0.14075048828125 0.88569013671875 0.1451341796875 0.89202216796875 0.1424552734375 0.90468603515625 0.1633994140625 0.8854466796875 0.17362802734375 0.87838408203125 0.1612076171875 0.86474599609375 0.1665654296875 0.87180859375 0.18117763671875 0.85890107421875 0.18921435546875 0.85037724609375 0.1746021484375 0.83722626953125 0.14586474609375
2 0.906358203125 0.11235361328125 0.95141259765625 0.08337275390625 0.9611541015625 0.094575390625 0.9611541015625 0.09920263671875 0.96212822265625 0.10236865234375 0.96188466796875 0.10456044921875 0.9691908203125 0.1140583984375 0.974305078125 0.12355634765625 0.9338779296875 0.15058896484375 0.906358203125 0.11235361328125
2 0.86311171875 0.19395927734375 0.89477158203125 0.1744763671875 0.8979375 0.1798341796875 0.89939873046875 0.1798341796875 0.90767900390625 0.19176748046875 0.914498046875 0.1883580078125 0.92034296875 0.19761240234375 0.9152287109375 0.20199609375 0.92399599609375 0.2129552734375 0.89452802734375 0.2343865234375 0.86311171875 0.19395927734375
2 0.8947380859375 0.2385740234375 0.9273314453125 0.2186890625 0.955352734375 0.24960224609375 0.92613544921875 0.2760220703125 0.92147314453125 0.27322470703125 0.920540625 0.26576494140625 0.91339169921875 0.25830517578125 0.90375625 0.2517779296875 0.8947380859375 0.2385740234375
2 0.93847255859375 0.15789287109375 0.97892587890625 0.12774365234375 0.9984923828125 0.15343291015625 0.9984923828125 0.16560224609375 0.96412255859375 0.1934501953125 0.93847255859375 0.15789287109375
2 0.99849228515625 0.23909052734375 0.9881693359375 0.23626005859375 0.96546201171875 0.20840068359375 0.96832421875 0.1969515625 0.9984923828125 0.17314423828125 0.99849228515625 0.23909052734375
2 0.93242294921875 0.27706640625 0.9477658203125 0.2661072265625 0.9604296875 0.25344326171875 0.9687099609375 0.25587861328125 0.97552900390625 0.25660927734375 0.98624462890625 0.27024736328125 0.98064326171875 0.2760921875 0.9911154296875 0.28851259765625 0.95896845703125 0.31822412109375 0.949226953125 0.3089697265625 0.94435625 0.30458603515625 0.94873994140625 0.3009330078125 0.955558984375 0.3009330078125 0.9477658203125 0.2924091796875 0.94240791015625 0.2924091796875 0.935832421875 0.28534658203125 0.93242294921875 0.27706640625
2 0.99849228515625 0.35793076171875 0.99769091796875 0.3576771484375 0.9901412109375 0.34890986328125 0.98941064453125 0.344526171875 0.998421484375 0.33770712890625 0.990384765625 0.33015751953125 0.98380927734375 0.33234931640625 0.97260654296875 0.3196853515625 0.97918203125 0.31335341796875 0.97625966796875 0.31043095703125 0.99849228515625 0.2853431640625 0.99849228515625 0.35793076171875
