0 0.08373046875 0.83244140625 0.085519921875 0.83378125 0.08900546875 0.83545703125 0.091171875 0.8369140625 0.0897693359375 0.840899609375 0.099691796875 0.8441435546875 0.09740205078125 0.85082216796875 0.0874794921875 0.84757822265625 0.08041923828125 0.86799580078125 0.09263154296875 0.8720029296875 0.0893876953125 0.88173466796875 0.07736611328125 0.87734580078125 0.0735498046875 0.888031640625 0.05198740234375 0.88058974609375 0.06992421875 0.82811484375 0.08373046875 0.83244140625
0 0.10265517578125 0.83392412109375 0.10410771484375 0.8363751953125 0.10365380859375 0.8383724609375 0.099635546875 0.83912255859375 0.09158203125 0.8366015625 0.08924892578125 0.8350322265625 0.085774609375 0.8333619140625 0.0844921875 0.832392578125 0.08567900390625 0.82856796875 0.10265517578125 0.83392412109375
0 0.09724130859375 0.55309375 0.1231234375 0.56183515625 0.11446171875 0.5912802734375 0.08691337890625 0.5813822265625 0.08861484375 0.57276640625 0.09262412109375 0.55890068359375 0.09724130859375 0.55309375
0 0.0006357421875 0.55557744140625 0.01542734375 0.563993359375 0.0242056640625 0.5523779296875 0.02914248046875 0.55689599609375 0.041139453125 0.56344541015625 0.02554140625 0.59041982421875 0.01995439453125 0.58980615234375 0.0006357421875 0.57959482421875 0.0006357421875 0.55557744140625
1 0.90681181640625 0.9990064453125 0.93413134765625 0.984757421875 0.9423267578125 0.9990056640625 0.90681181640625 0.9990064453125
1 0.90709873046875 0.87954931640625 0.93924560546875 0.8780880859375 0.94168095703125 0.9021982421875 0.90929052734375 0.90439013671875 0.90709873046875 0.87954931640625
0 0.9348619140625 0.8042962890625 0.9360796875 0.84959423828125 0.9251205078125 0.8503248046875 0.924876953125 0.84374931640625 0.91537900390625 0.84374931640625 0.91513544921875 0.83084189453125 0.90466337890625 0.83132890625 0.90417626953125 0.809410546875 0.91949462890625 0.8095623046875 0.91949462890625 0.8044125 0.9348619140625 0.8042962890625
0 0.951746875 0.76038642578125 0.96662314453125 0.76017705078125 0.96793544921875 0.77976708984375 0.9537798828125 0.780252734375 0.952283203125 0.770996875 0.951746875 0.76038642578125
0 0.99963876953125 0.7888046875 0.99168232421875 0.78934287109375 0.98593056640625 0.75982783203125 0.99963876953125 0.7591837890625 0.99963876953125 0.7888046875
0 0.10039609375 0.8953828125 0.10057763671875 0.88887138671875 0.10327958984375 0.8867103515625 0.119651171875 0.89138798828125 0.11731240234375 0.90107724609375 0.1067587890625 0.89967900390625 0.10618505859375 0.89787421875 0.10039609375 0.8953828125
0 0.1069 0.88662939453125 0.10699072265625 0.88063779296875 0.10789853515625 0.87709736328125 0.11951865234375 0.87836826171875 0.1178845703125 0.88944365234375 0.1069 0.88662939453125
