1 0.03895380859375 6.25e-06 0.03913720703125 0.02625634765625 -0.0 0.02444287109375 -0.0 5.2734375e-06 0.03895380859375 6.25e-06
2 -0.0 0.27962353515625 0.00802685546875 0.2786373046875 0.00802685546875 0.27931884765625 0.011605078125 0.2788076171875 0.01313857421875 0.2949947265625 -0.0 0.297425 -0.0 0.27962353515625
2 0.1183390625 0.41961318359375 0.11994111328125 0.41934619140625 0.12114267578125 0.41907919921875 0.1215431640625 0.418945703125 0.1239462890625 0.418945703125 0.12434677734375 0.418945703125 0.12554833984375 0.418945703125 0.12621591796875 0.4194796875 0.12781796875 0.42054775390625 0.12942001953125 0.421348828125 0.13115556640625 0.423084375 0.13235712890625 0.42495341796875 0.1332916015625 0.42695595703125 0.13315810546875 0.4297595703125 0.1322236328125 0.43176220703125 0.13048798828125 0.43323076171875 0.12848544921875 0.43429873046875 0.125751171875 0.43465029296875 0.12327373046875 0.43453193359375 0.12058837890625 0.43393369140625 0.1187244140625 0.4330533203125 0.11669140625 0.4311892578125 0.11528701171875 0.42850908203125 0.114511328125 0.4259521484375 0.11463984375 0.4230099609375 0.1163365234375 0.42081474609375 0.1180720703125 0.420147265625 0.1183390625 0.41961318359375
2 0.11240810546875 0.4221208984375 0.113771875 0.4233544921875 0.11447822265625 0.4267580078125 0.11528701171875 0.42850908203125 0.1148990234375 0.43068046875 0.11463203125 0.43161494140625 0.11369755859375 0.43295 0.1119619140625 0.4344185546875 0.1090248046875 0.43548662109375 0.1063546875 0.4356201171875 0.10448564453125 0.4338845703125 0.10288359375 0.4302798828125 0.102349609375 0.427609765625 0.10248310546875 0.42574072265625 0.10384853515625 0.4238767578125 0.1055537109375 0.42253662109375 0.1072791015625 0.42204150390625 0.10916337890625 0.42149228515625 0.11042412109375 0.42136376953125 0.11240810546875 0.4221208984375
2 0.0777494140625 0.41620986328125 0.09059306640625 0.4151181640625 0.09078564453125 0.42295283203125 0.08962978515625 0.4231455078125 0.0896939453125 0.4297599609375 0.0805107421875 0.43046630859375 0.08031806640625 0.42532890625 0.0785841796875 0.42532890625 0.0777494140625 0.41620986328125
2 0.04316533203125 0.45626103515625 0.05371220703125 0.45038681640625 0.07226943359375 0.48176044921875 0.064392578125 0.4860326171875 0.05758388671875 0.49270791015625 0.03662353515625 0.46066669921875 0.04316533203125 0.45626103515625
2 0.08867197265625 0.52089091796875 0.09024111328125 0.52281513671875 0.09609892578125 0.5202 0.11953037109375 0.55785771484375 0.10128232421875 0.5676162109375 0.09358837890625 0.5549287109375 0.089299609375 0.5569162109375 0.083441796875 0.54499130859375 0.08595224609375 0.54300380859375 0.07852529296875 0.529509765625 0.0816634765625 0.52773154296875 0.08082666015625 0.5253255859375 0.0845923828125 0.5223966796875 0.08867197265625 0.52089091796875
2 0.15600986328125 0.5044560546875 0.1611734375 0.5139634765625 0.1667466796875 0.51093095703125 0.17166435546875 0.51863525390625 0.1659271484375 0.5225693359375 0.16715654296875 0.52453642578125 0.15969814453125 0.5289623046875 0.16822197265625 0.54076455078125 0.15355107421875 0.5497802734375 0.1414208984375 0.53322421875 0.1360115234375 0.5175697265625 0.15600986328125 0.5044560546875
2 0.14349833984375 0.49565234375 0.14799638671875 0.49303720703125 0.152808203125 0.49115439453125 0.1564693359375 0.50171943359375 0.151370703125 0.50254443359375 0.1466365234375 0.50360234375 0.14349833984375 0.49565234375
2 0.15636474609375 0.49230498046875 0.16211796875 0.4904220703125 0.16504697265625 0.499104296875 0.158666015625 0.50046416015625 0.15636474609375 0.49230498046875
2 0.146813671875 0.439359765625 0.1883888671875 0.43561123046875 0.189751953125 0.451287109375 0.14834716796875 0.4552060546875 0.146813671875 0.439359765625
2 0.14050927734375 0.42368388671875 0.14749521484375 0.42283193359375 0.1481767578125 0.43356650390625 0.1403388671875 0.4345888671875 0.14050927734375 0.42368388671875
2 0.20065693359375 0.40851923828125 0.20065693359375 0.4028962890625 0.22473583984375 0.40035556640625 0.22502265625 0.40596337890625 0.22263720703125 0.40613369140625 0.22584765625 0.430944921875 0.20968759765625 0.43475927734375 0.20031611328125 0.43305537109375 0.19776025390625 0.40868955078125 0.20065693359375 0.40851923828125
2 -0.0 0.9297412109375 0.00178564453125 0.92957470703125 0.00144482421875 0.908787109375 0.02291396484375 0.90895751953125 0.02291396484375 0.94916953125 -0.0 0.949356640625 -0.0 0.9297412109375
2 0.25312568359375 0.99901005859375 0.25238330078125 0.99504228515625 0.2471765625 0.99677783203125 0.24584150390625 0.98115771484375 0.25064775390625 0.97888818359375 0.24824462890625 0.95886240234375 0.26560029296875 0.95445673828125 0.266668359375 0.95792783203125 0.284825 0.9552578125 0.28709462890625 0.9743490234375 0.2710740234375 0.977553125 0.27413681640625 0.9990103515625 0.25312568359375 0.99901005859375
2 0.29589501953125 0.93812236328125 0.311915625 0.93585283203125 0.32032646484375 0.9345177734375 0.32326357421875 0.95053837890625 0.3164548828125 0.953075 0.29856513671875 0.955878515625 0.2952275390625 0.94666669921875 0.29589501953125 0.93812236328125
2 0.3119806640625 0.9689076171875 0.31158017578125 0.9624994140625 0.31772138671875 0.96143134765625 0.31892294921875 0.96757255859375 0.3119806640625 0.9689076171875
2 0.74153740234375 0.57408779296875 0.7439228515625 0.56795380859375 0.75516865234375 0.56590908203125 0.76028037109375 0.57016884765625 0.762325 0.5798810546875 0.74954580078125 0.58260732421875 0.749375390625 0.581073828125 0.745115625 0.58124423828125 0.74153740234375 0.57408779296875
1 0.69396630859375 0.51283583984375 0.70998291015625 0.51113193359375 0.71287958984375 0.52953408203125 0.69669248046875 0.53089716796875 0.69798662109375 0.55044892578125 0.67671337890625 0.55123740234375 0.67568955078125 0.5446109375 0.6724111328125 0.5448568359375 0.66896875 0.519203125 0.671263671875 0.518793359375 0.67064658203125 0.51197099609375 0.693455078125 0.50891689453125 0.69396630859375 0.51283583984375
2 0.72580078125 0.4415837890625 0.75783408203125 0.43885751953125 0.7614123046875 0.440391015625 0.762605078125 0.45691884765625 0.72767509765625 0.4599859375 0.7235857421875 0.45146640625 0.72580078125 0.4415837890625
