1 0.092420703125 0.90701806640625 0.10302890625 0.909762109375 0.1091197265625 0.8881671875 0.13514423828125 0.89702666015625 0.1473259765625 0.9000720703125 0.15895400390625 0.86601865234375 0.182763671875 0.87404755859375 0.17196630859375 0.90948525390625 0.20906513671875 0.920792578125 0.20297421875 0.9429849609375 0.21570966796875 0.94713779296875 0.20120625 0.9918431640625 0.1891314453125 0.98866630859375 0.1850890625 0.999008984375 0.180051171875 0.99900888671875 0.16781337890625 0.99640087890625 0.1665462890625 0.99900869140625 0.1025912109375 0.99900751953125 0.10435009765625 0.99301552734375 0.08245908203125 0.9864970703125 0.086014453125 0.97186748046875 0.0900166015625 0.95542607421875 0.0786654296875 0.952123046875 0.092420703125 0.90701806640625
2 0.05278876953125 0.65833115234375 0.06530703125 0.65074033203125 0.06317626953125 0.64647880859375 0.0783580078125 0.63702353515625 0.08110791015625 0.6410365234375 0.090112890625 0.6359869140625 0.11242919921875 0.6708890625 0.104344140625 0.67591201171875 0.10682421875 0.67998818359375 0.0894869140625 0.691023046875 0.08590068359375 0.68555908203125 0.073810546875 0.692984765625 0.05278876953125 0.65833115234375
2 0.04770654296875 0.5849568359375 0.050369921875 0.58828623046875 0.0582271484375 0.5833587890625 0.06407978515625 0.59060771484375 0.06449716796875 0.59436416015625 0.07221865234375 0.6040681640625 0.074529296875 0.60397890625 0.08352998046875 0.615187109375 0.07793671875 0.61918232421875 0.081532421875 0.62437607421875 0.0635294921875 0.636987890625 0.0591744140625 0.63164267578125 0.0465478515625 0.6401892578125 0.0237353515625 0.6083953125 0.0355759765625 0.5998140625 0.03274228515625 0.5948208984375 0.04770654296875 0.5849568359375
1 0.23412373046875 0.06610966796875 0.26298583984375 0.10940283203125 0.2413392578125 0.12473583984375 0.226908203125 0.12744169921875 0.223300390625 0.136912109375 0.1962421875 0.15449990234375 0.20526162109375 0.166676171875 0.1966931640625 0.17208779296875 0.20165380859375 0.1793033203125 0.17955625 0.1932833984375 0.1759484375 0.18787177734375 0.16749658203125 0.193193359375 0.15393056640625 0.17270595703125 0.147562890625 0.17879677734375 0.14341005859375 0.17270595703125 0.13482744140625 0.1779662109375 0.122645703125 0.16467705078125 0.12015400390625 0.1555408203125 0.12707548828125 0.15194169921875 0.12153828125 0.14335908203125 0.135104296875 0.13449970703125 0.12652177734375 0.120103125 0.13261259765625 0.1156734375 0.12652177734375 0.10626025390625 0.1295671875 0.097677734375 0.14230263671875 0.091863671875 0.14950087890625 0.10183056640625 0.15669912109375 0.09850830078125 0.16754912109375 0.1146080078125 0.17408515625 0.1103078125 0.17248701171875 0.10831025390625 0.19047568359375 0.0971240234375 0.18956689453125 0.09130068359375 0.194628515625 0.08438857421875 0.2145623046875 0.0744216796875 0.2167771484375 0.07829775390625 0.23412373046875 0.06610966796875
2 0.4566306640625 1.142578125e-05 0.4470080078125 0.00771005859375 0.4478408203125 0.00883837890625 0.45466396484375 0.00578583984375 0.4553822265625 0.01171123046875 0.46148720703125 0.0162001953125 0.42790986328125 0.040799609375 0.4137248046875 0.02984658203125 0.411929296875 0.01907314453125 0.4191115234375 0.013866015625 0.413006640625 0.0038107421875 0.41778076171875 1.1328125e-05 0.4566306640625 1.142578125e-05
2 0.44348828125 0.04621435546875 0.45483115234375 0.0391619140625 0.4510296875 0.03400439453125 0.45515947265625 0.02700166015625 0.4689546875 0.02215361328125 0.47652685546875 0.034183984375 0.47868154296875 0.03939111328125 0.48658212890625 0.04962587890625 0.47257666015625 0.05375576171875 0.4617228515625 0.0669130859375 0.44977275390625 0.0577060546875 0.44348828125 0.04621435546875
2 0.4575990234375 0.077285546875 0.46355732421875 0.07063974609375 0.47593232421875 0.06651474609375 0.48922392578125 0.05826474609375 0.499765625 0.073160546875 0.49953642578125 0.075910546875 0.497015625 0.0784314453125 0.5054947265625 0.088973046875 0.46997392578125 0.1160146484375 0.4589740234375 0.10570224609375 0.45736982421875 0.096535546875 0.464703125 0.09057724609375 0.4575990234375 0.077285546875
2 0.47864921875 0.12051083984375 0.4860111328125 0.1102759765625 0.50181220703125 0.10345283203125 0.51025146484375 0.11368759765625 0.51833154296875 0.10830087890625 0.5271298828125 0.12230634765625 0.5271298828125 0.12392236328125 0.497682421875 0.14475107421875 0.4935525390625 0.14098037109375 0.48744755859375 0.1438533203125 0.473801171875 0.13182294921875 0.4732625 0.125179296875 0.47864921875 0.12051083984375
2 0.56115556640625 1.142578125e-05 0.54204033203125 0.0141275390625 0.5317701171875 0.0027318359375 0.530789453125 1.142578125e-05 0.56115556640625 1.142578125e-05
2 0.61910380859375 1.11328125e-05 0.619290234375 0.0085115234375 0.581403515625 0.0350861328125 0.576016796875 0.03275185546875 0.57314384765625 0.0264673828125 0.57949423828125 0.02094873046875 0.5784578125 0.01973955078125 0.56783427734375 0.02846298828125 0.55643857421875 0.01805205078125 0.554046875 0.01172109375 0.56473916015625 0.00370185546875 0.5658646484375 0.0034205078125 0.5700173828125 1.1328125e-05 0.61910380859375 1.11328125e-05
2 0.6075857421875 0.02263486328125 0.61943662109375 0.017427734375 0.62356640625 0.02317353515625 0.6314669921875 0.01778681640625 0.6409298828125 0.03019111328125 0.64561318359375 0.0364755859375 0.63829013671875 0.04077021484375 0.6422404296875 0.049209375 0.60830400390625 0.07075634765625 0.59824873046875 0.0641126953125 0.59645322265625 0.05567353515625 0.61357412109375 0.04385224609375 0.6116958984375 0.041026953125 0.6069181640625 0.04341474609375 0.59968525390625 0.037897265625 0.59986474609375 0.031433203125 0.60237861328125 0.02909892578125 0.6075857421875 0.02263486328125
2 0.99842470703125 0.7303314453125 0.98852587890625 0.7305703125 0.98907958984375 0.73832236328125 0.9692501953125 0.7390611328125 0.96886904296875 0.731677734375 0.9520892578125 0.73257646484375 0.94727421875 0.71811181640625 0.9511501953125 0.70565322265625 0.9589021484375 0.70509951171875 0.9589021484375 0.6962400390625 0.986710546875 0.69540947265625 0.9871416015625 0.701500390625 0.998424609375 0.701500390625 0.99842470703125 0.7303314453125
1 0.17010107421875 0.0819265625 0.17968955078125 0.0957765625 0.16583955078125 0.10576455078125 0.1558515625 0.09111552734375 0.17010107421875 0.0819265625
1 0.09619150390625 0.0786275390625 0.11503486328125 0.10487548828125 0.1080548828125 0.10839609375 0.107255859375 0.1110595703125 0.0972912109375 0.118077734375 0.0940716796875 0.113723046875 0.08967705078125 0.1146552734375 0.07862060546875 0.10552626953125 0.07970517578125 0.0961984375 0.07862060546875 0.0912091796875 0.09619150390625 0.0786275390625
1 0.06429072265625 0.03327607421875 0.07927783203125 0.05431640625 0.0750943359375 0.05675830078125 0.07728876953125 0.06014580078125 0.070969921875 0.0658859375 0.06494365234375 0.06821494140625 0.059557421875 0.06109462890625 0.0522994140625 0.06468984375 0.0454427734375 0.0575705078125 0.04635498046875 0.05045771484375 0.0519638671875 0.04620859375 0.04873447265625 0.041959375 0.05094404296875 0.03754033203125 0.0580826171875 0.0336310546875 0.059859765625 0.03618056640625 0.06429072265625 0.03327607421875
