3 0.9555623046875 0.03704638671875 0.95845615234375 0.01791494140625 0.97356826171875 0.02048720703125 0.9714783203125 0.03961865234375 0.96987060546875 0.0392970703125 0.9555623046875 0.03704638671875
2 0.9047595703125 0.04733544921875 0.91247646484375 0.03977939453125 0.92228330078125 0.04830009765625 0.91504873046875 0.0563384765625 0.9047595703125 0.04733544921875
3 0.92828681640625 0.2155791015625 0.93090556640625 0.193581640625 0.94268994140625 0.1951529296875 0.9395474609375 0.21741220703125 0.92828681640625 0.2155791015625
3 0.96442548828125 0.2244828125 0.97018671875 0.20746103515625 0.97961416015625 0.21086533203125 0.97411484375 0.22788720703125 0.96442548828125 0.2244828125
3 0.94754990234375 0.2736009765625 0.9554275390625 0.25559501953125 0.96571669921875 0.26057880859375 0.95735673828125 0.277941796875 0.94754990234375 0.2736009765625
3 0.93367724609375 0.3328404296875 0.943941796875 0.33323525390625 0.9435470703125 0.34626337890625 0.93328251953125 0.3458685546875 0.93367724609375 0.3328404296875
1 0.9280515625 0.41859384765625 0.938019140625 0.40316005859375 0.94991591796875 0.41248466796875 0.940269921875 0.42856142578125 0.9280515625 0.41859384765625
1 0.90769755859375 0.44086904296875 0.92602509765625 0.442958984375 0.92393505859375 0.46643115234375 0.9048037109375 0.46498427734375 0.90769755859375 0.44086904296875
3 0.93656875 0.4486109375 0.9436580078125 0.44818681640625 0.94390029296875 0.456003125 0.93650810546875 0.45588193359375 0.93656875 0.4486109375
3 0.85793564453125 0.48046201171875 0.86864267578125 0.48134384765625 0.8676349609375 0.49431826171875 0.8564240234375 0.49305859375 0.85793564453125 0.48046201171875
3 0.93486875 0.58516708984375 0.93512060546875 0.5676578125 0.95376357421875 0.56916943359375 0.953259765625 0.57332626953125 0.95439345703125 0.57345224609375 0.95439345703125 0.579624609375 0.95376357421875 0.5798765625 0.95363759765625 0.58705654296875 0.93486875 0.58516708984375
1 0.92054580078125 0.6401890625 0.94241025390625 0.62716689453125 0.94964482421875 0.6374560546875 0.95173486328125 0.63649140625 0.9549501953125 0.64195751953125 0.9523779296875 0.64420830078125 0.95896943359375 0.65514052734375 0.92987041015625 0.67362880859375 0.9194205078125 0.65530126953125 0.925851171875 0.6511212890625 0.92054580078125 0.6401890625
2 0.89610634765625 0.71256103515625 0.91744560546875 0.68383505859375 0.92154931640625 0.686912890625 0.92544775390625 0.68445068359375 0.93016708984375 0.68650244140625 0.93180849609375 0.6904009765625 0.93242412109375 0.69347880859375 0.94022109375 0.69901875 0.93406552734375 0.7053794921875 0.91457294921875 0.72938623046875 0.89610634765625 0.71256103515625
3 0.77748076171875 0.82459443359375 0.78857373046875 0.82427294921875 0.78841298828125 0.84034970703125 0.7769984375 0.8406712890625 0.77748076171875 0.82459443359375
3 0.74563525390625 0.85118740234375 0.7505845703125 0.8415208984375 0.7584724609375 0.84492353515625 0.75360048828125 0.85489931640625 0.74563525390625 0.85118740234375
3 0.6522443359375 0.934187890625 0.66462353515625 0.93724248046875 0.6581927734375 0.960071484375 0.64565283203125 0.95669541015625 0.6522443359375 0.934187890625
3 0.52621845703125 0.999003515625 0.53942958984375 0.98654912109375 0.5621927734375 0.999003515625 0.52621845703125 0.999003515625
3 0.54051904296875 0.9181384765625 0.54278642578125 0.901762890625 0.5503443359375 0.902266796875 0.54946259765625 0.9183904296875 0.54051904296875 0.9181384765625
3 0.60110859375 0.92569638671875 0.60904443359375 0.91687880859375 0.6172322265625 0.92405888671875 0.60917041015625 0.93275048828125 0.60110859375 0.92569638671875
3 0.09072353515625 0.74665546875 0.10197724609375 0.74665546875 0.10310263671875 0.7698060546875 0.0913666015625 0.77044912109375 0.09072353515625 0.74665546875
3 0.12753935546875 0.73620556640625 0.13702470703125 0.735883984375 0.13702470703125 0.7444046875 0.12737861328125 0.7444046875 0.12753935546875 0.73620556640625
3 0.52312900390625 0.58899638671875 0.5315416015625 0.5766853515625 0.5450837890625 0.58550830078125 0.53790234375 0.5976142578125 0.5360556640625 0.59658828125 0.52312900390625 0.58899638671875
3 0.75200009765625 0.57998564453125 0.7677994140625 0.571573046875 0.7739548828125 0.58326865234375 0.77354453125 0.58449970703125 0.7589763671875 0.59188642578125 0.75200009765625 0.57998564453125
3 0.830597265625 0.5541140625 0.84906396484375 0.5387251953125 0.87635361328125 0.56067998046875 0.85645068359375 0.580993359375 0.830597265625 0.5541140625
3 0.8791330078125 0.3485873046875 0.8990359375 0.3500236328125 0.89657373046875 0.36438662109375 0.878927734375 0.36212958984375 0.8791330078125 0.3485873046875
1 0.8669306640625 0.374112890625 0.87032373046875 0.37296171875 0.8732322265625 0.37338583984375 0.8743228515625 0.37623359375 0.87365634765625 0.3790814453125 0.87214150390625 0.38023271484375 0.86996025390625 0.38083857421875 0.86735478515625 0.38083857421875 0.86602177734375 0.379323828125 0.86571875 0.37683955078125 0.8669306640625 0.374112890625
3 0.62350517578125 0.83265234375 0.64196162109375 0.82653310546875 0.64640302734375 0.83581064453125 0.6266634765625 0.84232470703125 0.62350517578125 0.83265234375
1 0.8881705078125 0.7535400390625 0.835362890625 0.814034765625 0.81698046875 0.79899462890625 0.83870517578125 0.77559892578125 0.8323548828125 0.7692486328125 0.84305009765625 0.758219140625 0.8497345703125 0.76423525390625 0.87313037109375 0.7378314453125 0.8881705078125 0.7535400390625
3 0.92542783203125 0.58562607421875 0.924069140625 0.59604326171875 0.90912275390625 0.59559033203125 0.9082169921875 0.58517314453125 0.92542783203125 0.58562607421875
3 0.0858189453125 0.93560390625 0.093435546875 0.92860908203125 0.102606640625 0.93746923828125 0.0949900390625 0.94430869140625 0.0858189453125 0.93560390625
3 0.0897865234375 0.97306396484375 0.088933984375 0.961980859375 0.09429287109375 0.96173720703125 0.09551083984375 0.97221142578125 0.0897865234375 0.97306396484375
2 0.75846103515625 0.714869921875 0.7721337890625 0.69663955078125 0.77593173828125 0.69993115234375 0.763271875 0.7184146484375 0.75846103515625 0.714869921875
