0 -0.0 0.8622029296875 0.04487978515625 0.86157236328125 0.04299765625 0.97568837890625 -0.0 0.9747001953125 -0.0 0.95888994140625 0.03113994140625 0.9591369140625 0.03113994140625 0.87712099609375 -0.0 0.8763798828125 -0.0 0.8622029296875
0 0.09740400390625 0.864028125 0.1175341796875 0.86306025390625 0.1179212890625 0.87622236328125 0.09624267578125 0.87622236328125 0.09546845703125 0.864028125 0.09740400390625 0.864028125
0 0.0878201171875 0.99900869140625 0.0873697265625 0.98876826171875 0.164444921875 0.98629794921875 0.1655908203125 0.9990099609375 0.0878201171875 0.99900869140625
0 0.18506435546875 0.99901025390625 0.18300400390625 0.96937294921875 0.2521046875 0.9670501953125 0.26004052734375 0.96917939453125 0.26228876953125 0.9990111328125 0.18506435546875 0.99901025390625
0 0.2831572265625 0.97444345703125 0.3152880859375 0.97424990234375 0.3160326171875 0.99901162109375 0.27386640625 0.99901123046875 0.27386640625 0.99205732421875 0.2804474609375 0.99147666015625 0.2812216796875 0.97483056640625 0.2831572265625 0.97444345703125
0 0.1133419921875 0.896840234375 0.1187767578125 0.8995576171875 0.1200119140625 0.90326318359375 0.11655341796875 0.9079568359375 0.11704755859375 0.90869794921875 0.119023828125 0.91067421875 0.119023828125 0.91437978515625 0.1175416015625 0.91709716796875 0.11111865234375 0.91685009765625 0.10815419921875 0.91314462890625 0.10923056640625 0.9106390625 0.11231005859375 0.90843369140625 0.10971923828125 0.9056396484375 0.1091423828125 0.90128681640625 0.11111865234375 0.89758134765625 0.1133419921875 0.896840234375
0 0.10967744140625 0.92059775390625 0.11761337890625 0.92021064453125 0.121197265625 0.92151572265625 0.1217779296875 0.945710546875 0.1105515625 0.94609765625 0.10958369140625 0.92267705078125 0.10967744140625 0.92059775390625
0 0.09835732421875 0.93351630859375 0.10726103515625 0.93312919921875 0.10822880859375 0.94029091796875 0.1057125 0.94609765625 0.09893798828125 0.9459041015625 0.09797021484375 0.93506484375 0.09835732421875 0.93351630859375
0 0.32228388671875 0.9329943359375 0.31818515625 0.9374083984375 0.30662109375 0.938623046875 0.30616865234375 0.93785224609375 0.30563369140625 0.9367822265625 0.2952439453125 0.93617822265625 0.28822265625 0.937470703125 0.2882328125 0.9374083984375 0.28192705078125 0.9374083984375 0.28049814453125 0.93756435546875 0.26970546875 0.9383173828125 0.26891982421875 0.93903759765625 0.2681640625 0.9405859375 0.25386650390625 0.941191796875 0.25134423828125 0.94623642578125 0.1595955078125 0.94875869140625 0.1570732421875 0.9377236328125 0.15518154296875 0.866783984375 0.15770380859375 0.86615341796875 0.3203921875 0.86173935546875 0.32228388671875 0.9329943359375
0 0.28192705078125 0.948128125 0.2708919921875 0.94844345703125 0.2683697265625 0.94718232421875 0.268681640625 0.94064453125 0.2693181640625 0.93933486328125 0.269904296875 0.93879755859375 0.28192705078125 0.93828125 0.28192705078125 0.948128125
0 0.3053232421875 0.9372533203125 0.30573896484375 0.93808466796875 0.306240234375 0.9389453125 0.30715009765625 0.94592119140625 0.2869716796875 0.94718232421875 0.288154296875 0.937978515625 0.29527451171875 0.936669140625 0.3053232421875 0.9372533203125
0 0.20416845703125 0.84253310546875 0.20441552734375 0.85661416015625 0.07415625 0.861630859375 0.06657021484375 0.57959736328125 0.06657021484375 0.578480078125 0.07938310546875 0.57815185546875 0.08054443359375 0.5802810546875 0.08112509765625 0.59576572265625 0.08803662109375 0.84557724609375 0.203896484375 0.84088349609375 0.20416845703125 0.84253310546875
0 -0.0 0.73641142578125 -0.0 0.602023828125 0.00586474609375 0.60251796875 0.01154658203125 0.60325908203125 0.01475810546875 0.6136345703125 0.02463955078125 0.61412861328125 0.02735693359375 0.7356703125 -0.0 0.73641142578125
0 0.17531025390625 0.7769638671875 0.17490791015625 0.768916015625 0.16323837890625 0.75925849609375 0.16203125 0.75925849609375 0.15277607421875 0.753625 0.15237373046875 0.7246525390625 0.171688671875 0.7041302734375 0.153580859375 0.68642490234375 0.15076416015625 0.63169912109375 0.159214453125 0.62043203125 0.165652734375 0.61399375 0.30085771484375 0.74276025390625 0.29965048828125 0.7612705078125 0.29482177734375 0.7677087890625 0.28274990234375 0.77092802734375 0.27349482421875 0.77133037109375 0.2702755859375 0.769318359375 0.268666015625 0.769318359375 0.265446875 0.769318359375 0.25096064453125 0.77454951171875 0.2364744140625 0.77454951171875 0.23446240234375 0.7677087890625 0.2248048828125 0.76811123046875 0.2244025390625 0.774951953125 0.21313544921875 0.774951953125 0.21313544921875 0.76851357421875 0.20227080078125 0.76851357421875 0.20227080078125 0.77575673828125 0.17531025390625 0.7769638671875
0 0.14893955078125 0.556014453125 0.34329658203125 0.55038095703125 0.34410146484375 0.57130546875 0.30225224609375 0.61154501953125 0.275694140625 0.6151666015625 0.27609658203125 0.63287197265625 0.2797181640625 0.6393103515625 0.28052294921875 0.65057744140625 0.26402470703125 0.66466123046875 0.23827138671875 0.66586845703125 0.22378515625 0.6546013671875 0.214530078125 0.63850556640625 0.21976123046875 0.63568876953125 0.21734677734375 0.61154501953125 0.18958154296875 0.6119474609375 0.14853720703125 0.574122265625 0.14893955078125 0.556014453125
0 0.0791357421875 0.5656416015625 0.1374638671875 0.56374990234375 0.13777919921875 0.5795142578125 0.08354970703125 0.58140595703125 0.07973115234375 0.57815185546875 0.0791357421875 0.5656416015625
0 0.69673251953125 0.9990115234375 0.698266015625 0.98776142578125 0.7231380859375 0.9866998046875 0.72359306640625 0.97942021484375 0.73966884765625 0.97820693359375 0.7453109375 0.98672333984375 0.7457681640625 0.99901103515625 0.69673251953125 0.9990115234375
0 0.66654462890625 0.99901171875 0.666969140625 0.9929849609375 0.65955810546875 0.99792568359375 0.6457240234375 0.9984197265625 0.640536328125 0.96926953125 0.64251259765625 0.96828134765625 0.6427595703125 0.9608703125 0.65511142578125 0.959141015625 0.65535849609375 0.96235244140625 0.6654869140625 0.96161142578125 0.6672162109375 0.950741796875 0.674133203125 0.949506640625 0.6751212890625 0.93764892578125 0.69513125 0.93740185546875 0.6948841796875 0.95247109375 0.68475576171875 0.95395322265625 0.685002734375 0.9618583984375 0.6879671875 0.96210546875 0.68870830078125 0.97396318359375 0.6864849609375 0.977174609375 0.68790302734375 0.99901162109375 0.66654462890625 0.99901171875
0 0.63375673828125 0.88101435546875 0.660871484375 0.88227548828125 0.6618173828125 0.89015771484375 0.66465498046875 0.89173408203125 0.66465498046875 0.8964634765625 0.66717724609375 0.89867041015625 0.66591611328125 0.9059220703125 0.66402431640625 0.90749853515625 0.66244794921875 0.91443486328125 0.660871484375 0.9163265625 0.66497021484375 0.92137109375 0.66465498046875 0.9314603515625 0.66244794921875 0.93461318359375 0.660871484375 0.93650498046875 0.6596103515625 0.9383966796875 0.646998828125 0.9396578125 0.63123447265625 0.93902724609375 0.630919140625 0.934928515625 0.62997333984375 0.9150654296875 0.6318650390625 0.8923646484375 0.63249560546875 0.88795068359375 0.63375673828125 0.88101435546875
0 0.62082734375 0.8257173828125 0.62153232421875 0.82383642578125 0.62985029296875 0.82193515625 0.64197080078125 0.821341015625 0.64232724609375 0.826094140625 0.64896943359375 0.82626015625 0.65624912109375 0.825501953125 0.65624912109375 0.81928388671875 0.66307373046875 0.8185255859375 0.66428701171875 0.823075390625 0.66868505859375 0.82246875 0.6739931640625 0.82474365234375 0.6752064453125 0.83733125 0.680580859375 0.8402765625 0.68133916015625 0.85771728515625 0.67299794921875 0.85802060546875 0.67117802734375 0.8590822265625 0.62932021484375 0.85893056640625 0.6297751953125 0.8549875 0.62219228515625 0.85620068359375 0.62082734375 0.8257173828125
0 0.567186328125 0.85803203125 0.5807732421875 0.8582791015625 0.58003916015625 0.90210546875 0.57955458984375 0.902439453125 0.57926875 0.90278232421875 0.5639748046875 0.90126337890625 0.5644689453125 0.85877314453125 0.567186328125 0.85803203125
0 0.4724517578125 0.9594701171875 0.47072255859375 0.94168349609375 0.5006138671875 0.94020126953125 0.50209609375 0.95848193359375 0.4724517578125 0.9594701171875
0 0.50787333984375 0.8377771484375 0.53516513671875 0.83758359375 0.537487890625 0.90223232421875 0.50845400390625 0.90378076171875 0.50942177734375 0.89700625 0.5028408203125 0.8964255859375 0.49974384765625 0.89352216796875 0.4892916015625 0.89565126953125 0.4873560546875 0.90339365234375 0.4813556640625 0.90455498046875 0.4538703125 0.90416787109375 0.453483203125 0.898941796875 0.46180625 0.888683203125 0.4623869140625 0.88423134765625 0.45116044921875 0.88442490234375 0.45077333984375 0.8642947265625 0.45464453125 0.8631333984375 0.45464453125 0.85384248046875 0.45309609375 0.85171337890625 0.453483203125 0.840293359375 0.48212998046875 0.8400998046875 0.48290419921875 0.84416455078125 0.5067119140625 0.84377744140625 0.50787333984375 0.8377771484375
0 0.450389453125 0.711571484375 0.49831435546875 0.70984228515625 0.49831435546875 0.7580142578125 0.49460888671875 0.77086015625 0.49584404296875 0.7777771484375 0.5005376953125 0.78518828125 0.49831435546875 0.8113740234375 0.48892705078125 0.8160677734375 0.4884357421875 0.8166642578125 0.487691796875 0.82224365234375 0.45508310546875 0.822490625 0.454094921875 0.81507958984375 0.452859765625 0.801492578125 0.45211865234375 0.782223828125 0.4545890625 0.77580087890625 0.45582421875 0.76171982421875 0.451624609375 0.76122578125 0.451624609375 0.7483798828125 0.4501423828125 0.74689765625 0.44866015625 0.719970703125 0.450389453125 0.711571484375
0 0.50690751953125 0.77825458984375 0.51479375 0.77764794921875 0.5249548828125 0.77446318359375 0.543760546875 0.774008203125 0.556044921875 0.77719296875 0.5637794921875 0.777799609375 0.56519931640625 0.78101259765625 0.5655994140625 0.7829560546875 0.564689453125 0.78871904296875 0.56211123046875 0.7959986328125 0.5641798828125 0.80055166015625 0.559783203125 0.81302861328125 0.56465517578125 0.8189701171875 0.560852734375 0.82063369140625 0.5494451171875 0.8161181640625 0.5363740234375 0.8225349609375 0.53292802734375 0.8214654296875 0.51581669921875 0.80768134765625 0.5073798828125 0.80637421875 0.50690751953125 0.77825458984375
0 0.42998662109375 0.7521271484375 0.44727919921875 0.75237412109375 0.4477732421875 0.79758173828125 0.43171591796875 0.79733466796875 0.42998662109375 0.7521271484375
0 0.43437109375 0.86505322265625 0.4472169921875 0.86505322265625 0.448205078125 0.89692080078125 0.43362998046875 0.89692080078125 0.432641796875 0.86653544921875 0.43437109375 0.86505322265625
0 0.51106142578125 0.621586328125 0.5116919921875 0.63514365234375 0.5094849609375 0.6367201171875 0.508223828125 0.6458634765625 0.51106142578125 0.64680927734375 0.5116919921875 0.65374560546875 0.4981345703125 0.65500673828125 0.4978193359375 0.6625736328125 0.4968734375 0.6714017578125 0.4852078125 0.67077119140625 0.48300078125 0.66635712890625 0.4700740234375 0.66761826171875 0.44958037109375 0.6669876953125 0.4306630859375 0.666041796875 0.43003251953125 0.6695099609375 0.4237267578125 0.66982529296875 0.42309619140625 0.6657265625 0.41615986328125 0.6644654296875 0.41489873046875 0.64743984375 0.419943359375 0.64523291015625 0.41868212890625 0.63735068359375 0.41395283203125 0.63735068359375 0.41395283203125 0.6181181640625 0.42183505859375 0.61622646484375 0.42656435546875 0.61528056640625 0.43223955078125 0.612127734375 0.4448509765625 0.61401943359375 0.44737333984375 0.61906396484375 0.46124599609375 0.61874873046875 0.46124599609375 0.619379296875 0.4678669921875 0.62127099609375 0.473857421875 0.61874873046875 0.48205498046875 0.6181181640625 0.48583837890625 0.61401943359375 0.50444033203125 0.61244296875 0.5069626953125 0.61906396484375 0.51106142578125 0.621586328125
0 0.6656681640625 0.6030177734375 0.665915234375 0.6534130859375 0.657021875 0.65563642578125 0.64639931640625 0.65835380859375 0.63849423828125 0.65810673828125 0.6189783203125 0.657365625 0.6152728515625 0.65538935546875 0.604897265625 0.65538935546875 0.6021798828125 0.65835380859375 0.5841462890625 0.65835380859375 0.5757470703125 0.65835380859375 0.57179443359375 0.65613046875 0.5656185546875 0.65613046875 0.55968974609375 0.65267197265625 0.554501953125 0.649460546875 0.55400791015625 0.6030177734375 0.56265419921875 0.60178251953125 0.5727826171875 0.59782998046875 0.585628515625 0.601535546875 0.59427470703125 0.6000533203125 0.6081087890625 0.6069703125 0.6152728515625 0.6069703125 0.62466015625 0.6025236328125 0.6305890625 0.60054736328125 0.63824716796875 0.60079443359375 0.652822265625 0.59807705078125 0.66369189453125 0.600300390625 0.6656681640625 0.6030177734375
0 0.67174697265625 0.60326455078125 0.673638671875 0.6016880859375 0.69161005859375 0.5979046875 0.6966546875 0.600426953125 0.71714833984375 0.600426953125 0.72534580078125 0.60105751953125 0.7373267578125 0.60105751953125 0.74741591796875 0.60011171875 0.752460546875 0.60074228515625 0.76223447265625 0.5988505859375 0.7814669921875 0.60200341796875 0.7839892578125 0.6329015625 0.7814669921875 0.65055771484375 0.775791796875 0.6524494140625 0.77516123046875 0.6524494140625 0.76444140625 0.65087294921875 0.74552421875 0.64929658203125 0.72534580078125 0.6480353515625 0.70579794921875 0.64866591796875 0.68814189453125 0.65055771484375 0.67332333984375 0.65055771484375 0.67174697265625 0.60326455078125
0 0.800086328125 0.693530859375 0.7874875 0.69155458984375 0.78822861328125 0.675497265625 0.7926751953125 0.67426201171875 0.7926751953125 0.66586279296875 0.7860052734375 0.6638865234375 0.78674638671875 0.654005078125 0.78872265625 0.64906435546875 0.79069892578125 0.6446177734375 0.80181552734375 0.64239443359375 0.80626220703125 0.6428884765625 0.8141673828125 0.64387666015625 0.820590234375 0.64782919921875 0.8280013671875 0.6470880859375 0.82997763671875 0.6483232421875 0.84554091796875 0.6461 0.85369306640625 0.6458529296875 0.8544341796875 0.64387666015625 0.858880859375 0.64115927734375 0.8741970703125 0.64140625 0.87864375 0.644370703125 0.88333740234375 0.66610986328125 0.882843359375 0.67203876953125 0.86950341796875 0.68043798828125 0.882843359375 0.67994384765625 0.8858078125 0.69822451171875 0.87345595703125 0.70143603515625 0.8687623046875 0.69822451171875 0.86950341796875 0.69155458984375 0.85542236328125 0.6937779296875 0.852951953125 0.69278974609375 0.8418353515625 0.69427197265625 0.8388708984375 0.6890841796875 0.82948359375 0.68982529296875 0.8262720703125 0.6920486328125 0.800086328125 0.693530859375
0 0.666057421875 0.66024521484375 0.69397255859375 0.66073935546875 0.6927373046875 0.67729072265625 0.66556337890625 0.67729072265625 0.666057421875 0.66024521484375
0 0.67742001953125 0.69225322265625 0.69347734375 0.69200615234375 0.6919951171875 0.74833037109375 0.6638330078125 0.74833037109375 0.66506826171875 0.708310546875 0.6769259765625 0.7073224609375 0.67742001953125 0.69225322265625
0 0.63377568359375 0.703319140625 0.63303466796875 0.79027578125 0.56929931640625 0.78780537109375 0.56929931640625 0.75667890625 0.573251953125 0.756184765625 0.575722265625 0.74951484375 0.57671044921875 0.74062158203125 0.56979345703125 0.736916015625 0.56979345703125 0.7003546875 0.57967490234375 0.6976373046875 0.58362744140625 0.70134287109375 0.597214453125 0.6976373046875 0.61178955078125 0.69837841796875 0.61327177734375 0.70084873046875 0.623647265625 0.69986064453125 0.63130537109375 0.69936650390625 0.63402275390625 0.69936650390625 0.63377568359375 0.703319140625
0 0.562521875 0.7151328125 0.56425107421875 0.72797861328125 0.5580751953125 0.73119013671875 0.55659296875 0.75169404296875 0.53930048828125 0.75169404296875 0.5299130859375 0.7526822265625 0.51385576171875 0.75169404296875 0.51360869140625 0.7487296875 0.50940908203125 0.748235546875 0.5089150390625 0.73242529296875 0.51558505859375 0.73366044921875 0.51929052734375 0.72970791015625 0.5244783203125 0.72921376953125 0.5244783203125 0.7190853515625 0.53386572265625 0.7148857421875 0.5400416015625 0.720567578125 0.5383123046875 0.728966796875 0.54448818359375 0.728966796875 0.54498232421875 0.72501416015625 0.55066416015625 0.72279091796875 0.55066416015625 0.72254384765625 0.5509111328125 0.7161208984375 0.562521875 0.7151328125
0 0.6516224609375 0.78367646484375 0.6938708984375 0.784622265625 0.6935556640625 0.80227841796875 0.6506765625 0.80038671875 0.6516224609375 0.78367646484375
0 0.7787865234375 0.67084521484375 0.7787865234375 0.69530185546875 0.77532802734375 0.69678408203125 0.7758220703125 0.70938291015625 0.7758220703125 0.73705087890625 0.7602587890625 0.73581572265625 0.760505859375 0.72865166015625 0.7516125 0.727910546875 0.74963623046875 0.73705087890625 0.728144140625 0.73408642578125 0.72690888671875 0.72025244140625 0.72740302734375 0.70814765625 0.73357890625 0.7071595703125 0.73222490234375 0.69208095703125 0.730680078125 0.6916056640625 0.72690888671875 0.69134921875 0.7266619140625 0.6804796875 0.72888525390625 0.67455078125 0.72987333984375 0.66541044921875 0.73728447265625 0.65972861328125 0.7476599609375 0.6617048828125 0.74840107421875 0.66541044921875 0.75803544921875 0.6661515625 0.7585294921875 0.6634341796875 0.76791689453125 0.660716796875 0.7711283203125 0.66269306640625 0.77433984375 0.67257451171875 0.7787865234375 0.67084521484375
0 0.813651171875 0.70293359375 0.85095361328125 0.70342763671875 0.85120068359375 0.69947509765625 0.8687623046875 0.69822451171875 0.870504296875 0.7011279296875 0.87293984375 0.7037892578125 0.87293984375 0.7068861328125 0.8786216796875 0.71009765625 0.8813390625 0.72615498046875 0.8739279296875 0.73406015625 0.87886865234375 0.73727158203125 0.878374609375 0.75011748046875 0.8751630859375 0.75110556640625 0.8709634765625 0.7565404296875 0.8529298828125 0.75728154296875 0.854705078125 0.75496396484375 0.85218876953125 0.75283486328125 0.818383203125 0.75181357421875 0.81315712890625 0.75258779296875 0.81167490234375 0.75431708984375 0.79611162109375 0.75555224609375 0.78598310546875 0.753823046875 0.7852419921875 0.73035458984375 0.78894755859375 0.729860546875 0.789688671875 0.721461328125 0.78647724609375 0.7212142578125 0.78598310546875 0.70342763671875 0.78795947265625 0.701204296875 0.796852734375 0.70071025390625 0.79907607421875 0.6972517578125 0.8134041015625 0.6984869140625 0.813651171875 0.70293359375
0 0.709025390625 0.8995005859375 0.72121962890625 0.8998876953125 0.71947763671875 0.9233083984375 0.7080576171875 0.92175986328125 0.709025390625 0.8995005859375
0 0.68444091796875 0.8345080078125 0.69432236328125 0.8350021484375 0.69234609375 0.92269990234375 0.680982421875 0.92171171875 0.6836998046875 0.8374724609375 0.68444091796875 0.8345080078125
0 0.712108984375 0.84834208984375 0.712108984375 0.83376689453125 0.72273154296875 0.8332728515625 0.722978515625 0.84784794921875 0.712108984375 0.84834208984375
0 0.7120654296875 0.8717998046875 0.7175001953125 0.86858828125 0.71848828125 0.857224609375 0.727381640625 0.85524833984375 0.73281640625 0.85574248046875 0.7451681640625 0.8592009765625 0.74961484375 0.85426025390625 0.76147255859375 0.8562365234375 0.76715439453125 0.8634005859375 0.76838955078125 0.87081162109375 0.77258916015625 0.8730349609375 0.7723421875 0.89180966796875 0.76468408203125 0.8927978515625 0.76320185546875 0.8965033203125 0.752579296875 0.896750390625 0.75159111328125 0.89477412109375 0.7258994140625 0.89329189453125 0.72491123046875 0.894280078125 0.721946875 0.894280078125 0.71947646484375 0.8910685546875 0.714288671875 0.8923037109375 0.7120654296875 0.8717998046875
0 0.78456552734375 0.91116474609375 0.78456552734375 0.90787421875 0.78456552734375 0.899551171875 0.7822427734375 0.89722841796875 0.7799201171875 0.88735693359375 0.7797265625 0.86161357421875 0.7799201171875 0.8558068359375 0.78417841796875 0.85464541015625 0.78456552734375 0.8484515625 0.7876625 0.8470966796875 0.79211435546875 0.8505806640625 0.79172724609375 0.85367763671875 0.796759765625 0.85425830078125 0.8041150390625 0.85425830078125 0.80663125 0.85251630859375 0.8068248046875 0.8494193359375 0.80972822265625 0.84922578125 0.81185732421875 0.85 0.81108310546875 0.85406474609375 0.81534140625 0.8585166015625 0.81708349609375 0.88716337890625 0.8159220703125 0.89645419921875 0.8132123046875 0.90284169921875 0.80121162109375 0.90380947265625 0.7981146484375 0.9069064453125 0.79327568359375 0.91155185546875 0.78456552734375 0.91116474609375
0 0.84142646484375 0.8886208984375 0.8702416015625 0.88998583984375 0.8782794921875 0.90318017578125 0.8752462890625 0.9174361328125 0.86883095703125 0.9321173828125 0.84637802734375 0.93269814453125 0.82895771484375 0.9297947265625 0.82779638671875 0.90076083984375 0.82915126953125 0.89147001953125 0.83786142578125 0.88876015625 0.84142646484375 0.8886208984375
0 0.878141796875 0.840168359375 0.87690654296875 0.879694140625 0.85195595703125 0.88117626953125 0.85047373046875 0.880929296875 0.8371337890625 0.879694140625 0.82972275390625 0.873765234375 0.82774638671875 0.8624015625 0.8299697265625 0.8416505859375 0.83342822265625 0.83967431640625 0.87567138671875 0.840168359375 0.878141796875 0.840168359375
0 0.84034404296875 0.83254150390625 0.83879560546875 0.83234794921875 0.83821484375 0.820347265625 0.85718369140625 0.8205408203125 0.85718369140625 0.8292509765625 0.85002197265625 0.83002529296875 0.85002197265625 0.83176728515625 0.84034404296875 0.83254150390625
0 0.8595064453125 0.80428193359375 0.85911923828125 0.802152734375 0.85834501953125 0.7872486328125 0.9022830078125 0.78666796875 0.902863671875 0.803701171875 0.8595064453125 0.80428193359375
0 0.78982509765625 0.78511953125 0.79834169921875 0.7849259765625 0.79853525390625 0.7843453125 0.8039548828125 0.7843453125 0.80511630859375 0.7853130859375 0.819633203125 0.78511953125 0.819633203125 0.7841517578125 0.82524638671875 0.7845388671875 0.82563359375 0.7853130859375 0.834730859375 0.78589375 0.834730859375 0.801765625 0.79021220703125 0.8011849609375 0.78982509765625 0.78511953125
0 0.7679431640625 0.92493193359375 0.78449453125 0.92443779296875 0.78968232421875 0.92493193359375 0.7901763671875 0.92888447265625 0.79116455078125 0.9548232421875 0.78400048828125 0.9577876953125 0.7763423828125 0.95679951171875 0.7751072265625 0.94914140625 0.77041357421875 0.94790625 0.7696724609375 0.94395361328125 0.76571982421875 0.94395361328125 0.7625083984375 0.937777734375 0.7612732421875 0.928143359375 0.76571982421875 0.92715517578125 0.7679431640625 0.92493193359375
0 0.824823046875 0.96812568359375 0.8586958984375 0.96812568359375 0.86179287109375 0.97586806640625 0.864115625 0.98709453125 0.8628646484375 0.99900947265625 0.823274609375 0.99901005859375 0.823274609375 0.99503037109375 0.824048828125 0.986707421875 0.824048828125 0.97122265625 0.824823046875 0.96812568359375
0 0.8699291015625 0.9751119140625 0.90902802734375 0.97588623046875 0.9168203125 0.97871806640625 0.91839677734375 0.99006845703125 0.91697763671875 0.99900859375 0.86734873046875 0.99900947265625 0.86795078125 0.9780875 0.8699291015625 0.9751119140625
0 0.88793759765625 0.97248896484375 0.88733095703125 0.9717306640625 0.88733095703125 0.959749609375 0.91023134765625 0.9600529296875 0.90992802734375 0.97248896484375 0.88793759765625 0.97248896484375
0 0.91143251953125 0.92685654296875 0.9236267578125 0.927630859375 0.923433203125 0.95724541015625 0.91046474609375 0.95647109375 0.91143251953125 0.92685654296875
0 0.885740234375 0.836672265625 0.89735087890625 0.836672265625 0.89636279296875 0.91424150390625 0.884505078125 0.914735546875 0.884505078125 0.8393896484375 0.885740234375 0.836672265625
0 0.9137552734375 0.83497822265625 0.92403984375 0.83544912109375 0.9230720703125 0.852482421875 0.91283935546875 0.8512212890625 0.9137552734375 0.83497822265625
0 0.91232080078125 0.732302734375 0.92911923828125 0.732302734375 0.928378125 0.76170009765625 0.9115796875 0.76120595703125 0.91232080078125 0.732302734375
0 0.91181494140625 0.681075 0.93001396484375 0.6819849609375 0.92910400390625 0.71322666015625 0.912269921875 0.71171005859375 0.9119666015625 0.6825916015625 0.91181494140625 0.681075
0 0.8142560546875 0.63134697265625 0.8225791015625 0.63134697265625 0.8229662109375 0.6303791015625 0.8293537109375 0.63057265625 0.8305150390625 0.63134697265625 0.84425771484375 0.63173408203125 0.84445126953125 0.6303791015625 0.8479353515625 0.63076630859375 0.84812890625 0.63134697265625 0.8550970703125 0.63173408203125 0.855290625 0.64044423828125 0.83535400390625 0.64160556640625 0.83361201171875 0.64257333984375 0.82722451171875 0.64257333984375 0.8156109375 0.64102490234375 0.814449609375 0.63425029296875 0.8142560546875 0.63134697265625
0 0.99852744140625 0.96658232421875 0.99605400390625 0.9646599609375 0.99506591796875 0.96811845703125 0.98790185546875 0.9686125 0.98617255859375 0.963177734375 0.9827140625 0.963177734375 0.98222001953125 0.96984765625 0.97135048828125 0.96984765625 0.970115234375 0.95947216796875 0.96563369140625 0.95525283203125 0.96437255859375 0.940749609375 0.969732421875 0.93917314453125 0.97004765625 0.9243546875 0.96689482421875 0.9212017578125 0.9615349609375 0.9117431640625 0.97004765625 0.91016669921875 0.97004765625 0.9070138671875 0.96342666015625 0.90606796875 0.9640572265625 0.8978705078125 0.97067822265625 0.89755517578125 0.9722546875 0.88715068359375 0.965318359375 0.88210615234375 0.9640572265625 0.87201689453125 0.97257001953125 0.87170166015625 0.9722546875 0.86949462890625 0.96468779296875 0.8679181640625 0.9640572265625 0.85656787109375 0.9722546875 0.85656787109375 0.9722546875 0.852784375 0.9735158203125 0.85120791015625 0.97414638671875 0.8376505859375 0.965003125 0.8373353515625 0.96468779296875 0.8212556640625 0.97067822265625 0.81936396484375 0.97130888671875 0.810851171875 0.99337900390625 0.81148173828125 0.99852724609375 0.81117548828125 0.99852744140625 0.96658232421875
0 0.994994921875 0.641260546875 0.99688662109375 0.645674609375 0.9962560546875 0.6586013671875 0.99531015625 0.7746271484375 0.99215732421875 0.77746474609375 0.96882607421875 0.77494248046875 0.97166357421875 0.64189111328125 0.994994921875 0.641260546875
0 0.998526953125 0.496049609375 0.98097822265625 0.49664384765625 0.9804841796875 0.4892328125 0.97801376953125 0.48824462890625 0.97870849609375 0.4698685546875 0.9816119140625 0.470062109375 0.9819990234375 0.461351953125 0.98006337890625 0.45980341796875 0.97909560546875 0.44199599609375 0.9825796875 0.44141533203125 0.9831603515625 0.43386650390625 0.98064404296875 0.43328583984375 0.97928916015625 0.41334921875 0.9827732421875 0.4119943359375 0.9827732421875 0.39786455078125 0.98025693359375 0.39767099609375 0.98045048828125 0.38392822265625 0.982966796875 0.38354111328125 0.9827732421875 0.37541162109375 0.99852705078125 0.3746822265625 0.998526953125 0.496049609375
0 0.998526953125 0.52580859375 0.99481220703125 0.52752333984375 0.98542490234375 0.5297466796875 0.98246044921875 0.52357080078125 0.9829544921875 0.51368935546875 0.987401171875 0.5124541015625 0.9876482421875 0.50800751953125 0.998526953125 0.50482802734375 0.998526953125 0.52580859375
2 0.87024384765625 0.51165537109375 0.8703515625 0.511533203125 0.87822734375 0.52053798828125 0.87655498046875 0.5273796875 0.87831591796875 0.5289939453125 0.87576240234375 0.5322984375 0.8850830078125 0.54498056640625 0.885283203125 0.546982421875 0.872135546875 0.5576873046875 0.8617310546875 0.54791337890625 0.86677568359375 0.54223828125 0.86456865234375 0.540346484375 0.856055859375 0.54507578125 0.84911953125 0.53782421875 0.848804296875 0.530887890625 0.85321826171875 0.5239515625 0.84281376953125 0.512601171875 0.85416416015625 0.50030498046875 0.87024384765625 0.51165537109375
2 0.88348583984375 0.50156611328125 0.8979890625 0.5110248046875 0.90397958984375 0.51291650390625 0.90902412109375 0.51890693359375 0.90177255859375 0.5274197265625 0.90555595703125 0.53151845703125 0.902403125 0.538139453125 0.9128076171875 0.54791337890625 0.90650185546875 0.55264267578125 0.90019609375 0.552012109375 0.895466796875 0.5554802734375 0.8857421875 0.54669921875 0.88555556640625 0.5447990234375 0.876373828125 0.53230576171875 0.8789767578125 0.5289373046875 0.8770978515625 0.5272150390625 0.8787619140625 0.520407421875 0.870673828125 0.511162109375 0.87970244140625 0.500935546875 0.88348583984375 0.50156611328125
2 0.8798115234375 0.44367255859375 0.88899912109375 0.43825419921875 0.901875 0.451123046875 0.90040830078125 0.4588140625 0.88089267578125 0.476275390625 0.877037109375 0.4763275390625 0.8452478515625 0.4453431640625 0.86174609375 0.43005205078125 0.86140625 0.42966796875 0.8642048828125 0.4292482421875 0.8798115234375 0.44367255859375
2 0.89723583984375 0.4177501953125 0.901513671875 0.41529296875 0.912733984375 0.4341626953125 0.90246259765625 0.4480291015625 0.901982421875 0.450546875 0.889076953125 0.43764150390625 0.87987626953125 0.44306748046875 0.86436416015625 0.42873056640625 0.861025390625 0.429228515625 0.85677958984375 0.4243537109375 0.85571015625 0.422808984375 0.870598828125 0.410737109375 0.87015625 0.4101171875 0.88426494140625 0.40265673828125 0.89723583984375 0.4177501953125
2 0.89767822265625 0.38751484375 0.906689453125 0.3866796875 0.90657119140625 0.3889685546875 0.91427470703125 0.405402734375 0.903564453125 0.413544921875 0.89734267578125 0.41712529296875 0.88438125 0.40204296875 0.869873046875 0.40970703125 0.858929296875 0.3942388671875 0.87412109375 0.381044921875 0.88568388671875 0.37693154296875 0.89767822265625 0.38751484375
2 0.89818046875 0.35924921875 0.903818359375 0.357265625 0.9037958984375 0.35729599609375 0.91304013671875 0.3732166015625 0.90687734375 0.3829744140625 0.906708984375 0.38619140625 0.89784326171875 0.3870091796875 0.8857912109375 0.37637509765625 0.87390625 0.38060546875 0.85812451171875 0.36285205078125 0.873232421875 0.348935546875 0.8775015625 0.3517298828125 0.88361142578125 0.34679501953125 0.89818046875 0.35924921875
2 0.897941015625 0.328630078125 0.900048828125 0.32751953125 0.9125265625 0.34599736328125 0.904365234375 0.3565625 0.898283984375 0.3586953125 0.8836203125 0.34616015625 0.8774712890625 0.35112666015625 0.8728515625 0.34810546875 0.85973408203125 0.33267236328125 0.876533203125 0.31892578125 0.87842783203125 0.31987451171875 0.8866208984375 0.31589501953125 0.897941015625 0.328630078125
2 0.88262802734375 0.293037109375 0.8878205078125 0.28996875 0.897742578125 0.2998908203125 0.9012818359375 0.29705947265625 0.905263671875 0.300908203125 0.91368408203125 0.31353271484375 0.8996873046875 0.3269953125 0.899765625 0.327119140625 0.898051953125 0.328019921875 0.886740234375 0.31529423828125 0.87843095703125 0.31933017578125 0.876943359375 0.318583984375 0.87743955078125 0.3181861328125 0.85812451171875 0.30249267578125 0.8742203125 0.2880064453125 0.8737109375 0.287265625 0.87624599609375 0.286182421875 0.88262802734375 0.293037109375
2 0.903035546875 0.2677533203125 0.91844267578125 0.2852146484375 0.904375 0.299365234375 0.901312109375 0.2964099609375 0.89777890625 0.2992365234375 0.88789814453125 0.28935576171875 0.8827177734375 0.29241689453125 0.8763693359375 0.2855982421875 0.873427734375 0.28685546875 0.86255087890625 0.271105859375 0.88508505859375 0.2517908203125 0.903035546875 0.2677533203125
2 0.71517578125 0.473115234375 0.71343115234375 0.48471845703125 0.72552900390625 0.4911376953125 0.72064736328125 0.5110255859375 0.71276513671875 0.52899697265625 0.69605498046875 0.52206064453125 0.69605498046875 0.51733134765625 0.70349296875 0.5074103515625 0.70054580078125 0.50118837890625 0.6908732421875 0.49775625 0.69298828125 0.486533203125 0.6992078125 0.470353515625 0.71517578125 0.473115234375
2 0.692451171875 0.48671875 0.690316015625 0.49807666015625 0.70019130859375 0.50158076171875 0.70291923828125 0.50733974609375 0.694541015625 0.517548828125 0.67650712890625 0.5201689453125 0.66389560546875 0.51764658203125 0.66704853515625 0.498098828125 0.66925546875 0.498098828125 0.6727236328125 0.4902166015625 0.676191796875 0.4854873046875 0.692451171875 0.48671875
2 0.74171875 0.458798828125 0.73810556640625 0.46963115234375 0.7490373046875 0.4755939453125 0.74951884765625 0.48233427734375 0.74507890625 0.49762724609375 0.7442939453125 0.49999052734375 0.73672705078125 0.51890771484375 0.724430859375 0.5157548828125 0.72316962890625 0.51071025390625 0.72607685546875 0.49087568359375 0.713965234375 0.48444912109375 0.71568359375 0.4730078125 0.72316962890625 0.45585029296875 0.74171875 0.458798828125
2 0.762998046875 0.446298828125 0.7615845703125 0.45799501953125 0.770045703125 0.46197666015625 0.771005078125 0.46509453125 0.771650390625 0.466708984375 0.7698322265625 0.4854873046875 0.7673099609375 0.4867484375 0.76226533203125 0.5044044921875 0.745244140625 0.500224609375 0.74555859375 0.497726171875 0.75001201171875 0.48238662109375 0.74950537109375 0.47529296875 0.73869794921875 0.469398046875 0.74220703125 0.4588671875 0.7430328125 0.459003125 0.74839267578125 0.4438693359375 0.762998046875 0.446298828125
2 0.78860107421875 0.43474951171875 0.7894140625 0.434970703125 0.78943583984375 0.435524609375 0.7862876953125 0.44399013671875 0.78951171875 0.448955078125 0.794693359375 0.450641796875 0.78706455078125 0.48973583984375 0.77288974609375 0.48451953125 0.77515771484375 0.47351982421875 0.7720958984375 0.47295283203125 0.771865234375 0.465927734375 0.7714658203125 0.4649318359375 0.77044892578125 0.4616267578125 0.7621115234375 0.4577033203125 0.7634765625 0.44638671875 0.76352646484375 0.4463916015625 0.77077802734375 0.430942578125 0.78860107421875 0.43474951171875
2 0.822169921875 0.4274744140625 0.81554892578125 0.45585029296875 0.7896953125 0.4482833984375 0.7896875 0.448330078125 0.786830859375 0.44393037109375 0.78992724609375 0.43560400390625 0.7898828125 0.4344921875 0.7953705078125 0.41896162109375 0.822169921875 0.4274744140625
0 0.99852705078125 0.3081134765625 0.969732421875 0.312971875 0.97036298828125 0.27450673828125 0.9839203125 0.2735609375 0.98455087890625 0.27135390625 0.9985271484375 0.2715318359375 0.99852705078125 0.3081134765625
0 -0.0 0.547646484375 -0.0 0.51580244140625 0.005848046875 0.5252611328125 0.01909013671875 0.522108203125 0.0231888671875 0.535980859375 0.0162525390625 0.5441783203125 -0.0 0.547646484375
0 0.03756083984375 0.43242158203125 0.05237939453125 0.43210625 0.05269462890625 0.4497623046875 0.03850673828125 0.4497623046875 0.03756083984375 0.43242158203125
0 0.015175390625 0.4333673828125 0.03188564453125 0.43147568359375 0.0344080078125 0.4377814453125 0.0344080078125 0.45133876953125 0.02715634765625 0.4516541015625 0.02589521484375 0.45795986328125 0.01675185546875 0.45606806640625 0.01549072265625 0.43715087890625 0.015175390625 0.4333673828125
0 0.12136640625 0.49944453125 0.11758291015625 0.49881396484375 0.1087548828125 0.48998583984375 0.10118798828125 0.4754826171875 0.09078349609375 0.45971826171875 0.10118798828125 0.44836796875 0.10843955078125 0.4471068359375 0.1109619140625 0.4518361328125 0.119474609375 0.4499443359375 0.12199697265625 0.4534125 0.1276720703125 0.45719599609375 0.1317708984375 0.466969921875 0.1346083984375 0.4726451171875 0.14028359375 0.4751673828125 0.13839189453125 0.48336484375 0.12136640625 0.49944453125
0 0.11437529296875 0.36791396484375 0.11721279296875 0.37642666015625 0.1131140625 0.38021015625 0.11437529296875 0.39187578125 0.11216826171875 0.40322607421875 0.1096458984375 0.413 0.1118529296875 0.4230892578125 0.09924140625 0.43317841796875 0.0885216796875 0.42939501953125 0.0863146484375 0.4278185546875 0.09041337890625 0.40795546875 0.09608857421875 0.387146484375 0.09514267578125 0.3720126953125 0.09486328125 0.371845703125 0.09676435546875 0.368166015625 0.099501953125 0.366953125 0.10870009765625 0.366652734375 0.11437529296875 0.36791396484375
0 0.1001873046875 0.354987109375 0.098955078125 0.36666015625 0.09640947265625 0.367789453125 0.094443359375 0.371591796875 0.08568408203125 0.3663375 0.08789111328125 0.35404130859375 0.1001873046875 0.354987109375
0 0.20535791015625 0.48597109375 0.21008720703125 0.4847099609375 0.21828466796875 0.48597109375 0.225536328125 0.48218759765625 0.2463453125 0.4806111328125 0.25044404296875 0.4847099609375 0.2592720703125 0.4872322265625 0.26337080078125 0.50268134765625 0.26021796875 0.5102482421875 0.26116376953125 0.52601259765625 0.258326171875 0.52853486328125 0.2362560546875 0.52979599609375 0.22490576171875 0.516238671875 0.206934375 0.51560810546875 0.20535791015625 0.48597109375
0 0.13392529296875 0.49755 0.14338388671875 0.49439716796875 0.15757177734375 0.49660419921875 0.1613552734375 0.49219013671875 0.1824794921875 0.48714560546875 0.185632421875 0.49187490234375 0.19319931640625 0.495027734375 0.19256875 0.5079544921875 0.1919796875 0.51355771484375 0.1902830078125 0.52098046875 0.1496896484375 0.522773046875 0.12162900390625 0.52781767578125 0.11879140625 0.51646728515625 0.13392529296875 0.49755
0 0.2759255859375 0.4794197265625 0.2702919921875 0.47781015625 0.27673037109375 0.450447265625 0.29242373046875 0.44360654296875 0.30610517578125 0.45366640625 0.316969921875 0.44722802734375 0.32059140625 0.4524591796875 0.3125435546875 0.46211669921875 0.3129458984375 0.48344365234375 0.3189818359375 0.493101171875 0.311336328125 0.50477060546875 0.29242373046875 0.49229638671875 0.29524052734375 0.48465087890625 0.2759255859375 0.4794197265625
0 0.2876689453125 0.43263583984375 0.28364501953125 0.4294166015625 0.2663419921875 0.40406572265625 0.25587978515625 0.385153125 0.26111083984375 0.3746908203125 0.27278037109375 0.3670453125 0.294912109375 0.3911890625 0.2961193359375 0.406077734375 0.3057767578125 0.41774716796875 0.2876689453125 0.43263583984375
0 0.1879419921875 0.4144484375 0.1857349609375 0.41192607421875 0.180375 0.3854419921875 0.189518359375 0.37692919921875 0.19361708984375 0.36652470703125 0.2137955078125 0.3621107421875 0.2160025390625 0.363687109375 0.2254611328125 0.36084951171875 0.2298751953125 0.36841640625 0.23996435546875 0.38638779296875 0.22735283203125 0.395846484375 0.1879419921875 0.4144484375
1 0.3984146484375 0.2779921875 0.39600029296875 0.27276103515625 0.390769140625 0.20515859375 0.402438671875 0.20314658203125 0.402841015625 0.2067681640625 0.40807216796875 0.2071705078125 0.40686494140625 0.1914771484375 0.41571767578125 0.18664833984375 0.42617998046875 0.189867578125 0.4281919921875 0.19912265625 0.44428779296875 0.2035490234375 0.45515244140625 0.201939453125 0.45986826171875 0.237075 0.4434830078125 0.2401669921875 0.42580849609375 0.24242998046875 0.4253751953125 0.2401669921875 0.42336318359375 0.2373501953125 0.420546484375 0.23775263671875 0.4253751953125 0.274773046875 0.3984146484375 0.2779921875
0 0.32688896484375 0.2848158203125 0.32436669921875 0.25171064453125 0.33634765625 0.2501341796875 0.33571708984375 0.22491123046875 0.3167998046875 0.22396533203125 0.31585390625 0.20252578125 0.3584177734375 0.20157998046875 0.3631470703125 0.202210546875 0.36472353515625 0.22049716796875 0.3530578125 0.2242806640625 0.35589541015625 0.2826087890625 0.32688896484375 0.2848158203125
0 0.21932509765625 0.27254033203125 0.21711806640625 0.2706486328125 0.22184736328125 0.250785546875 0.23004482421875 0.2501548828125 0.24202578125 0.25488427734375 0.23887294921875 0.26875693359375 0.23445888671875 0.276323828125 0.21932509765625 0.27254033203125
0 0.20965615234375 0.20515283203125 0.2197453125 0.20893623046875 0.220060546875 0.21492666015625 0.23109560546875 0.22060185546875 0.22636630859375 0.23478984375 0.23298740234375 0.23920380859375 0.23078037109375 0.24708603515625 0.217223046875 0.24834716796875 0.20177392578125 0.2429873046875 0.2049267578125 0.23037578125 0.19735986328125 0.2265923828125 0.19925166015625 0.216503125 0.20618798828125 0.20515283203125 0.20965615234375 0.20515283203125
0 0.08436611328125 0.2111142578125 0.0811546875 0.2098791015625 0.0737435546875 0.199503515625 0.097953125 0.18319921875 0.1174689453125 0.180234765625 0.13011630859375 0.17806240234375 0.1317970703125 0.180234765625 0.12932666015625 0.191104296875 0.120186328125 0.19233955078125 0.1036349609375 0.1985154296875 0.08436611328125 0.2111142578125
0 0.123413671875 0.19714697265625 0.13823212890625 0.18705771484375 0.146744921875 0.19399404296875 0.14989775390625 0.20534443359375 0.14359208984375 0.21101962890625 0.148951953125 0.22016298828125 0.1319263671875 0.231198046875 0.1259359375 0.2220546875 0.1316111328125 0.21574892578125 0.12183720703125 0.2015609375 0.123413671875 0.19714697265625
0 0.0924126953125 0.1512591796875 0.090803125 0.14643037109375 0.09965576171875 0.13435849609375 0.11132529296875 0.13395615234375 0.1225923828125 0.1275177734375 0.13426181640625 0.131541796875 0.13587138671875 0.1395896484375 0.130237890625 0.1456255859375 0.12661630859375 0.1420041015625 0.12138515625 0.1452232421875 0.11454443359375 0.14602802734375 0.106094140625 0.15809990234375 0.0924126953125 0.1512591796875
0 0.07229287109375 0.16131904296875 0.06867138671875 0.1589046875 0.06625693359375 0.15327109375 0.06746416015625 0.14723515625 0.0622330078125 0.14039443359375 0.0710857421875 0.13234658203125 0.0771216796875 0.13677294921875 0.0807431640625 0.15045439453125 0.07229287109375 0.16131904296875
0 0.1457103515625 0.0015162109375 0.156826953125 0.00349248046875 0.155591796875 0.03140751953125 0.12866484375 0.0321486328125 0.12866484375 0.0052216796875 0.14052255859375 0.00201025390625 0.1457103515625 0.0015162109375
0 0.3302892578125 0.05181591796875 0.32954814453125 0.08565986328125 0.30953818359375 0.08590693359375 0.30978525390625 0.0750373046875 0.26235439453125 0.07306103515625 0.26334248046875 0.0416875 0.30138603515625 0.04341669921875 0.30435048828125 0.0510748046875 0.3302892578125 0.05181591796875
0 0.3839369140625 0.03186962890625 0.3872447265625 0.03181796875 0.42098056640625 0.03339443359375 0.42350283203125 0.03024150390625 0.4332767578125 0.03024150390625 0.434853125 0.0330791015625 0.457869140625 0.034025 0.46543603515625 0.06681484375 0.4540857421875 0.07185947265625 0.45503154296875 0.080372265625 0.448410546875 0.08131806640625 0.43516845703125 0.0769041015625 0.4219263671875 0.07280537109375 0.42129580078125 0.06240087890625 0.384800390625 0.06074072265625 0.3839369140625 0.03186962890625
1 0.6572923828125 0.012733984375 0.6405037109375 0.06411552734375 0.6268091796875 0.06172734375 0.6107923828125 0.05811259765625 0.61422294921875 0.04507734375 0.592104296875 0.040096875 0.59411630859375 0.0320490234375 0.5993474609375 0.0219890625 0.6086025390625 0.0050884765625 0.61739560546875 0.00307646484375 0.6512564453125 0.01072197265625 0.6572923828125 0.012733984375
1 0.59263994140625 0.16194970703125 0.59263994140625 0.1578509765625 0.59484697265625 0.15406748046875 0.58171640625 0.14809931640625 0.582235546875 0.1417712890625 0.58286611328125 0.12821396484375 0.5834966796875 0.1137107421875 0.58444248046875 0.1089814453125 0.58318134765625 0.1023603515625 0.592009375 0.09700048828125 0.60998076171875 0.0998380859375 0.6137642578125 0.098576953125 0.626691015625 0.103621484375 0.62511455078125 0.11276484375 0.6197546875 0.11465654296875 0.61471015625 0.1323126953125 0.61534072265625 0.138303125 0.612503125 0.14681591796875 0.61912412109375 0.15879677734375 0.6112419921875 0.16321083984375 0.60493623046875 0.161634375 0.59263994140625 0.16194970703125
1 0.5821306640625 0.07415888671875 0.58830654296875 0.08329921875 0.600411328125 0.08675771484375 0.5976939453125 0.09515693359375 0.5908609375 0.0952193359375 0.57578349609375 0.106115234375 0.56167392578125 0.10025087890625 0.56755556640625 0.08576962890625 0.57002587890625 0.07984072265625 0.57471962890625 0.08082890625 0.5791662109375 0.07391181640625 0.5821306640625 0.07415888671875
2 0.5896138671875 0.233847265625 0.59024443359375 0.23006376953125 0.5940279296875 0.22281220703125 0.60506298828125 0.22155107421875 0.60758525390625 0.2259650390625 0.61672861328125 0.2259650390625 0.61798974609375 0.22155107421875 0.6381681640625 0.22092041015625 0.63879873046875 0.2256498046875 0.65046435546875 0.22501923828125 0.65046435546875 0.22155107421875 0.67348037109375 0.22155107421875 0.6848306640625 0.22092041015625 0.6873529296875 0.23006376953125 0.6942892578125 0.23132490234375 0.6953072265625 0.25825234375 0.688298828125 0.25970078125 0.67032744140625 0.26127724609375 0.59245146484375 0.261592578125 0.5896138671875 0.233847265625
2 0.703464453125 0.2374080078125 0.70173525390625 0.23370244140625 0.696300390625 0.23394951171875 0.69432412109375 0.22555029296875 0.69432412109375 0.15885048828125 0.71260478515625 0.15638017578125 0.721498046875 0.1600857421875 0.72273330078125 0.22925576171875 0.719027734375 0.23518466796875 0.703464453125 0.2374080078125
2 0.690116796875 0.16164208984375 0.68665830078125 0.1604068359375 0.66862470703125 0.1441025390625 0.65602587890625 0.13446806640625 0.6562728515625 0.1243396484375 0.66590732421875 0.10803525390625 0.67430654296875 0.10507080078125 0.68178212890625 0.1122326171875 0.6838763671875 0.114033203125 0.686411328125 0.1159404296875 0.69308125 0.121622265625 0.69715849609375 0.12466025390625 0.70049228515625 0.12730400390625 0.70815048828125 0.13347998046875 0.7083974609375 0.14632578125 0.70073935546875 0.14879619140625 0.690116796875 0.16164208984375
1 0.61099755859375 0.54123447265625 0.59096025390625 0.53106845703125 0.58787890625 0.52336484375 0.58787890625 0.5028220703125 0.57452607421875 0.50230849609375 0.571958203125 0.53209560546875 0.567849609375 0.53774482421875 0.4445927734375 0.54185341796875 0.44407919921875 0.53466337890625 0.41583291015625 0.533636328125 0.41275146484375 0.525419140625 0.41583291015625 0.48844208984375 0.41840078125 0.4555736328125 0.4194279296875 0.367753125 0.4230228515625 0.3009890625 0.47105966796875 0.2979306640625 0.47311396484375 0.3138513671875 0.47414111328125 0.3333669921875 0.46797822265625 0.33696201171875 0.4664375 0.385751171875 0.49571103515625 0.3903732421875 0.49827890625 0.3765068359375 0.5007412109375 0.373435546875 0.52045859375 0.3722283203125 0.529713671875 0.37383798828125 0.5309208984375 0.3782642578125 0.5329328125 0.3778619140625 0.53333525390625 0.3597541015625 0.53977353515625 0.35935166015625 0.54138310546875 0.35774208984375 0.56069814453125 0.35613251953125 0.56271015625 0.35935166015625 0.57317236328125 0.35894931640625 0.57317236328125 0.35613251953125 0.59248740234375 0.355327734375 0.59369453125 0.3565349609375 0.602144921875 0.3565349609375 0.60294970703125 0.36418046875 0.61864306640625 0.36216845703125 0.6174359375 0.37142353515625 0.63353173828125 0.37061875 0.63514130859375 0.36780205078125 0.6588826171875 0.36659482421875 0.65928505859375 0.40160322265625 0.65606591796875 0.464376953125 0.647615625 0.4929470703125 0.6254837890625 0.525138671875 0.61099755859375 0.54123447265625
0 0.93894267578125 0.319380078125 0.95322666015625 0.319782421875 0.95342783203125 0.33547470703125 0.94960537109375 0.33587705078125 0.94900185546875 0.340906640625 0.9367296875 0.340303125 0.93894267578125 0.319380078125
1 0.93974736328125 0.28135654296875 0.94920302734375 0.28095419921875 0.94900185546875 0.3089185546875 0.94900185546875 0.31958125 0.93894267578125 0.319380078125 0.93974736328125 0.28135654296875
0 0.12706552734375 0.07515546875 0.15140859375 0.095273828125 0.12706552734375 0.11961689453125 0.10956259765625 0.10291875 0.0892431640625 0.0916525390625 0.10835546875 0.0709306640625 0.12163359375 0.082196875 0.12706552734375 0.07515546875
