4 0.9943712890625 0.3333140625 0.984925390625 0.333559765625 0.984635546875 0.29847099609375 0.993427734375 0.298271484375 0.9943712890625 0.3333140625
4 0.99841591796875 0.2868275390625 0.99060791015625 0.2871240234375 0.9895447265625 0.2517416015625 0.998416015625 0.25153154296875 0.99841591796875 0.2868275390625
4 0.980178515625 0.24415625 0.98978447265625 0.24411328125 0.9895447265625 0.2517416015625 0.989525 0.2536955078125 0.98008359375 0.25380517578125 0.980178515625 0.24415625
4 0.9569458984375 0.2434400390625 0.9631853515625 0.2429904296875 0.96343427734375 0.24515849609375 0.9675013671875 0.245000390625 0.967948046875 0.280869140625 0.9574966796875 0.28088896484375 0.9569458984375 0.2434400390625
4 0.96797548828125 0.31769453125 0.96797001953125 0.31769453125 0.96797001953125 0.32200849609375 0.958699609375 0.3222837890625 0.958148828125 0.28722138671875 0.9675390625 0.286962890625 0.96797548828125 0.31769453125
4 0.97698251953125 0.282587890625 0.97759794921875 0.3175109375 0.968466796875 0.317685546875 0.96801767578125 0.28216259765625 0.97127431640625 0.2810716796875 0.97698251953125 0.282587890625
0 0.87771357421875 0.1230810546875 0.88763017578125 0.12217080078125 0.8965146484375 0.1205154296875 0.908956640625 0.11928193359375 0.91165 0.1534263671875 0.89849892578125 0.15336484375 0.88902568359375 0.15486279296875 0.88022734375 0.1555810546875 0.87771357421875 0.1230810546875
0 0.90892939453125 0.16014033203125 0.9217373046875 0.16014033203125 0.92173193359375 0.18068076171875 0.90905400390625 0.18083212890625 0.90892939453125 0.16014033203125
0 0.91495322265625 0.056766015625 0.92017490234375 0.07275146484375 0.918013671875 0.07347333984375 0.91942060546875 0.07558359375 0.86793134765625 0.09232548828125 0.86222724609375 0.08328671875 0.86300458984375 0.07136298828125 0.91232109375 0.05576494140625 0.9130896484375 0.0576123046875 0.91495322265625 0.056766015625
0 0.7995552734375 0.09446279296875 0.8384056640625 0.08226650390625 0.8389443359375 0.08424169921875 0.85800927734375 0.0792140625 0.8656916015625 0.10633408203125 0.85528408203125 0.10902060546875 0.8583365234375 0.118178125 0.84988369140625 0.12024638671875 0.851226953125 0.12533310546875 0.81123330078125 0.13604072265625 0.7995552734375 0.09446279296875
0 0.547479296875 0.2329111328125 0.558734375 0.2337552734375 0.55907802734375 0.231014453125 0.57488857421875 0.2319939453125 0.57466416015625 0.2351888671875 0.57947333984375 0.23557177734375 0.57933798828125 0.23699287109375 0.5970015625 0.23741318359375 0.59545400390625 0.255983984375 0.544946875 0.252466796875 0.547479296875 0.2329111328125
0 0.6055865234375 0.4253693359375 0.609854296875 0.47713095703125 0.5847068359375 0.4788681640625 0.58390205078125 0.45779462890625 0.575794921875 0.4581400390625 0.57491162109375 0.451790234375 0.57608740234375 0.44310146484375 0.58797412109375 0.4423875 0.5880236328125 0.42706328125 0.5959615234375 0.4246818359375 0.6055865234375 0.4253693359375
0 0.523379296875 0.46747314453125 0.5674146484375 0.4442595703125 0.5731640625 0.4547125 0.55531552734375 0.463955859375 0.55742578125 0.4677544921875 0.5312578125 0.48224541015625 0.523379296875 0.46747314453125
0 0.19870537109375 0.19652216796875 0.23581298828125 0.20467060546875 0.2309076171875 0.22205244140625 0.19458037109375 0.21439716796875 0.19362890625 0.207156640625 0.19870537109375 0.19652216796875
0 0.1282548828125 0.187146484375 0.17576533203125 0.19155576171875 0.174552734375 0.20235859375 0.12715263671875 0.1981697265625 0.1282548828125 0.187146484375
0 0.2020857421875 0.25744892578125 0.21013271484375 0.25788984375 0.2093611328125 0.2677005859375 0.20142431640625 0.267369921875 0.2020857421875 0.25744892578125
0 0.189658203125 0.35302275390625 0.1989951171875 0.353863671875 0.2022396484375 0.3814337890625 0.1860669921875 0.3836453125 0.1824349609375 0.35638095703125 0.189658203125 0.35302275390625
0 0.6002912109375 0.77838076171875 0.6067521484375 0.776005078125 0.62149775390625 0.77655712890625 0.6221076171875 0.7840359375 0.62417255859375 0.78410361328125 0.624781640625 0.79770595703125 0.623157421875 0.79784130859375 0.6241298828125 0.80948349609375 0.60330263671875 0.811239453125 0.6002912109375 0.77838076171875
0 0.6047005859375 0.7726697265625 0.602275390625 0.76892177734375 0.60238564453125 0.76363056640625 0.6198625 0.76156123046875 0.6210150390625 0.771346875 0.6047005859375 0.7726697265625
0 0.50155126953125 0.5291306640625 0.5232970703125 0.56378203125 0.51302685546875 0.57011298828125 0.49347119140625 0.5390208984375 0.4955814453125 0.53184580078125 0.50155126953125 0.5291306640625
0 0.0173169921875 0.05724443359375 0.03239990234375 0.05491015625 0.03455458984375 0.0708908203125 0.0194716796875 0.07340458984375 0.0173169921875 0.05724443359375
0 0.0097755859375 0.04287978515625 0.0279109375 0.03857041015625 0.029526953125 0.04736875 0.01157119140625 0.05203720703125 0.0097755859375 0.04287978515625
