0 0.00018212890625 0.88344609375 0.0062638671875 0.88568056640625 0.00439404296875 0.89531748046875 0.00072626953125 0.902796875 0.00018212890625 0.903946484375 0.00018212890625 0.88344609375
0 0.5068546875 0.875262890625 0.5530326171875 0.74665166015625 0.56028369140625 0.743789453125 0.7449953125 0.80618681640625 0.71885322265625 0.88060576171875 0.73640849609375 0.886902734375 0.715609375 0.94338486328125 0.70473271484375 0.94681953125 0.5068546875 0.875262890625
0 0.35876591796875 0.84221455078125 0.4076826171875 0.70120283203125 0.41429384765625 0.69738388671875 0.53450908203125 0.73860048828125 0.48451484375 0.87961484375 0.479171875 0.88304951171875 0.35876591796875 0.84221455078125
0 0.8676626953125 0.99900625 0.87811923828125 0.983548828125 0.9024435546875 0.99900556640625 0.8676626953125 0.99900625
0 0.93015087890625 0.88113388671875 0.9166791015625 0.90257158203125 0.914551953125 0.9011658203125 0.9115314453125 0.90274794921875 0.90728837890625 0.900158984375 0.90599384765625 0.90130966796875 0.89477470703125 0.8944775390625 0.8982068359375 0.8911001953125 0.8928849609375 0.8877919921875 0.90697587890625 0.86707421875 0.93015087890625 0.88113388671875
0 0.5004599609375 0.56368623046875 0.55964541015625 0.58604658203125 0.5452923828125 0.622377734375 0.5405080078125 0.6250689453125 0.479806640625 0.60234326171875 0.4944455078125 0.565471875 0.5004599609375 0.56368623046875
0 0.51408447265625 0.51590185546875 0.53748056640625 0.4560328125 0.5432390625 0.45400439453125 0.57881484375 0.46820791015625 0.553854296875 0.52741416015625 0.55011650390625 0.5296568359375 0.51408447265625 0.51590185546875
0 0.7217568359375 0.50334013671875 0.74717734375 0.51318037109375 0.7408515625 0.535906640625 0.71414228515625 0.52676923828125 0.7217568359375 0.50334013671875
0 0.36157509765625 0.48589228515625 0.40450908203125 0.41242744140625 0.42870869140625 0.423857421875 0.4157673828125 0.450591015625 0.4266439453125 0.45688798828125 0.40088359375 0.50344755859375 0.36157509765625 0.48589228515625
0 0.000182421875 0.4941787109375 0.00562744140625 0.49373466796875 0.00920712890625 0.496580078125 0.0187529296875 0.50419833984375 0.01893642578125 0.51144951171875 0.020221484375 0.51264267578125 0.00158876953125 0.53347822265625 0.000182421875 0.5321783203125 0.000182421875 0.4941787109375
0 0.0029669921875 0.48285341796875 0.01304150390625 0.4690302734375 0.0267474609375 0.47125595703125 0.0300275390625 0.47676181640625 0.01737587890625 0.493396484375 0.0029669921875 0.48285341796875
0 0.0201220703125 0.34245947265625 0.04331689453125 0.31211875 0.07518046875 0.33578212890625 0.05573427734375 0.3617884765625 0.04460546875 0.35370546875 0.048002734375 0.34890244140625 0.04109111328125 0.34398232421875 0.03441376953125 0.3531197265625 0.0201220703125 0.34245947265625
0 0.00018212890625 0.12078271484375 0.004542578125 0.12135673828125 0.0030474609375 0.1535015625 0.0066357421875 0.155295703125 0.0066357421875 0.1751806640625 0.003346484375 0.17443310546875 0.0027484375 0.18833759765625 0.0001822265625 0.1880583984375 0.00018212890625 0.12078271484375
0 0.00018203125 0.05241728515625 0.01332265625 0.05187412109375 0.01396513671875 0.0626130859375 0.02690703125 0.06233779296875 0.02754951171875 0.07867578125 0.0136576171875 0.07925302734375 0.0137294921875 0.08090712890625 0.00018203125 0.08147490234375 0.00018203125 0.05241728515625
0 0.01250849609375 0.02620673828125 0.02720224609375 0.02535478515625 0.03029111328125 0.06142978515625 0.0149078125 0.06188056640625 0.01250849609375 0.02620673828125
0 0.02564052734375 0.0228779296875 0.04304453125 0.01065205078125 0.0507396484375 0.01978544921875 0.03355146484375 0.0321552734375 0.02564052734375 0.0228779296875
0 0.0390962890625 0.04596640625 0.05748818359375 0.04315498046875 0.0620568359375 0.066701171875 0.0434306640625 0.0700984375 0.0390962890625 0.04596640625
0 0.18442548828125 0.08674951171875 0.2103146484375 0.05488583984375 0.21546904296875 0.05441728515625 0.2265978515625 0.0634375 0.208557421875 0.08557802734375 0.20340302734375 0.0815951171875 0.20082587890625 0.0847580078125 0.20106015625 0.08674951171875 0.19485146484375 0.0944810546875 0.18442548828125 0.08674951171875
0 0.63031201171875 0.091077734375 0.64648154296875 0.0741568359375 0.6613509765625 0.0804900390625 0.66731708984375 0.09012763671875 0.6506119140625 0.10811787109375 0.63031201171875 0.091077734375
0 0.63770185546875 0.12957529296875 0.6591798828125 0.10589443359375 0.66835859375 0.1095658203125 0.66762421875 0.1201212890625 0.65000126953125 0.139396484375 0.63770185546875 0.12957529296875
0 0.672605078125 0.1464466796875 0.6870830078125 0.13306318359375 0.69158056640625 0.1376525390625 0.6770921875 0.15086630859375 0.672605078125 0.1464466796875
0 0.88740078125 0.17994248046875 0.92270205078125 0.1910099609375 0.914878515625 0.2188693359375 0.87919560546875 0.20818349609375 0.88740078125 0.17994248046875
0 0.03385341796875 0.99900419921875 0.0432634765625 0.9885783203125 0.05748623046875 0.99900478515625 0.03385341796875 0.99900419921875
0 0.0508689453125 0.9875017578125 0.06328642578125 0.97285849609375 0.0673865234375 0.97625576171875 0.0706666015625 0.97262421875 0.0819125 0.98211298828125 0.0835525390625 0.98012158203125 0.0924556640625 0.9875017578125 0.08765263671875 0.9928904296875 0.091869921875 0.99652197265625 0.08982265625 0.99900546875 0.06488544921875 0.9990048828125 0.0508689453125 0.9875017578125
0 0.0663837890625 0.957619921875 0.07565341796875 0.94147275390625 0.10510703125 0.9579189453125 0.1013693359375 0.9680857421875 0.0962859375 0.974215625 0.0663837890625 0.957619921875
0 0.08572451171875 0.925394921875 0.09943056640625 0.9140318359375 0.12239111328125 0.93722666015625 0.1077478515625 0.949409765625 0.08572451171875 0.925394921875
0 0.14091337890625 0.89795439453125 0.15198076171875 0.89852685546875 0.1603767578125 0.902915625 0.1527216796875 0.93447939453125 0.1332806640625 0.9305841796875 0.14091337890625 0.89795439453125
0 0.127055859375 0.89103447265625 0.12954775390625 0.882883984375 0.13758623046875 0.885856640625 0.1359591796875 0.89277841796875 0.13375625 0.8936044921875 0.127055859375 0.89103447265625
0 0.15800654296875 0.94201669921875 0.16385341796875 0.93562705078125 0.16398095703125 0.93170791015625 0.162039453125 0.92973369140625 0.17206669921875 0.92066953125 0.17650029296875 0.924143359375 0.18550107421875 0.91567421875 0.19584453125 0.919758984375 0.20041328125 0.92725634765625 0.17440693359375 0.95396552734375 0.15800654296875 0.94201669921875
0 0.1872216796875 0.94975546875 0.19217822265625 0.950030859375 0.19676748046875 0.95241728515625 0.2010814453125 0.9383740234375 0.210351953125 0.94020966796875 0.22026494140625 0.9446154296875 0.20906689453125 0.97362001953125 0.20438583984375 0.97591474609375 0.1897 0.970774609375 0.18823134765625 0.96545107421875 0.18274072265625 0.96287177734375 0.1872216796875 0.94975546875
0 0.2187017578125 0.97833583984375 0.235446875 0.94125712890625 0.24546416015625 0.94335029296875 0.25249111328125 0.94813466796875 0.23529736328125 0.985811328125 0.2187017578125 0.97833583984375
0 0.25935361328125 0.9556701171875 0.2730865234375 0.95870185546875 0.28133173828125 0.96464072265625 0.26413798828125 0.99738359375 0.25877939453125 0.9955318359375 0.25459140625 0.99674130859375 0.24166533203125 0.991240625 0.25935361328125 0.9556701171875
0 0.27287353515625 0.99900830078125 0.28377109375 0.975778515625 0.2910970703125 0.97861923828125 0.29378828125 0.97278837890625 0.30470263671875 0.97518046875 0.3118791015625 0.9802638671875 0.3082908203125 0.98758994140625 0.30873935546875 0.99401884765625 0.305789453125 0.99900869140625 0.27287353515625 0.99900830078125
0 0.30915048828125 0.99900869140625 0.31898330078125 0.97884423828125 0.33767216796875 0.98796435546875 0.33378486328125 0.99603798828125 0.3358935546875 0.9968580078125 0.334844921875 0.99900888671875 0.30915048828125 0.99900869140625
0 0.554040625 0.40433681640625 0.5785240234375 0.41405986328125 0.5730181640625 0.42893740234375 0.548417578125 0.41956572265625 0.554040625 0.40433681640625
0 0.9431091796875 0.908548828125 0.9471056640625 0.91316005859375 0.9458759765625 0.91469716796875 0.95571337890625 0.9236123046875 0.9507947265625 0.9282236328125 0.93726826171875 0.91623427734375 0.9431091796875 0.908548828125
