2 3.125e-05 0.40381142578125 0.02674404296875 0.4123892578125 0.01518095703125 0.4401244140625 3.125e-05 0.43411494140625 3.125e-05 0.40381142578125
2 0.04206953125 0.43123115234375 0.037030859375 0.428333984375 0.04332919921875 0.41989423828125 0.04811591796875 0.42291748046875 0.04206953125 0.43123115234375
2 0.04827822265625 0.38011416015625 0.0523091796875 0.36575400390625 0.0685587890625 0.3695330078125 0.06490576171875 0.38275947265625 0.04827822265625 0.38011416015625
2 0.2624990234375 0.36586962890625 0.2763783203125 0.36979775390625 0.27218828125 0.38681953125 0.259618359375 0.38289150390625 0.2624990234375 0.36586962890625
3 0.28520703125 0.35169736328125 0.2927650390625 0.34628076171875 0.30007099609375 0.35623212890625 0.298811328125 0.35723984375 0.2927650390625 0.3616486328125 0.28520703125 0.35169736328125
2 0.22602275390625 0.4291607421875 0.2295109375 0.4164392578125 0.2531072265625 0.42156884765625 0.25208125 0.4336748046875 0.22602275390625 0.4291607421875
3 0.2748244140625 0.39289228515625 0.28252275390625 0.38805615234375 0.289431640625 0.395951953125 0.2804501953125 0.401281640625 0.2748244140625 0.39289228515625
1 0.26523525390625 0.45522275390625 0.26888828125 0.4446416015625 0.27858759765625 0.44804267578125 0.2754384765625 0.4584978515625 0.26523525390625 0.45522275390625
1 0.2968259765625 0.465394921875 0.29732978515625 0.452042578125 0.31395732421875 0.45292431640625 0.31395732421875 0.46678056640625 0.2968259765625 0.465394921875
3 0.321515234375 0.4703076171875 0.331088671875 0.47043359375 0.33083671875 0.48051083984375 0.32113740234375 0.48013291015625 0.321515234375 0.4703076171875
2 0.27548759765625 0.46371884765625 0.2832044921875 0.4691849609375 0.27645224609375 0.47818798828125 0.2758091796875 0.4788310546875 0.26809228515625 0.4736865234375 0.27548759765625 0.46371884765625
3 0.22926435546875 0.50586376953125 0.24260810546875 0.50811455078125 0.239553515625 0.52290517578125 0.2260490234375 0.52001142578125 0.22926435546875 0.50586376953125
3 0.23891044921875 0.49155546875 0.2490388671875 0.49380625 0.246948828125 0.503773828125 0.23617744140625 0.501523046875 0.23891044921875 0.49155546875
2 3.115234375e-05 0.93139501953125 0.016407421875 0.921193359375 0.02396357421875 0.93244716796875 0.00996591796875 0.94008740234375 0.0012953125 0.944987109375 3.115234375e-05 0.943084375 3.115234375e-05 0.93139501953125
2 0.0012953125 0.944987109375 0.00996591796875 0.94008740234375 0.01833671875 0.95045322265625 0.00933369140625 0.95704462890625 0.0012953125 0.944987109375
1 0.14772880859375 0.89642939453125 0.141682421875 0.8838328125 0.1535232421875 0.87904609375 0.16007353515625 0.8908869140625 0.14772880859375 0.89642939453125
1 0.2980734375 0.64322802734375 0.3102919921875 0.64237734375 0.31199326171875 0.65614248046875 0.2993880859375 0.6568384765625 0.2980734375 0.64322802734375
3 0.235514453125 0.6244955078125 0.236994921875 0.61156611328125 0.251207421875 0.6135400390625 0.249726953125 0.62587724609375 0.235514453125 0.6244955078125
4 0.00227978515625 0.6509236328125 0.011853125 0.6461369140625 0.01752158203125 0.65747392578125 0.0075703125 0.66175673828125 0.00227978515625 0.6509236328125
3 0.1064248046875 0.25064677734375 0.12397041015625 0.2490755859375 0.125803515625 0.26400244140625 0.1082580078125 0.26635927734375 0.1064248046875 0.25064677734375
3 0.189790234375 0.0203134765625 0.197989453125 0.01629423828125 0.20200859375 0.0251365234375 0.19364873046875 0.0286734375 0.189790234375 0.0203134765625
3 0.05704814453125 0.348136328125 0.058559765625 0.34208994140625 0.06901494140625 0.3456169921875 0.0672513671875 0.35166337890625 0.05704814453125 0.348136328125
3 0.2809232421875 0.9121328125 0.28494453125 0.9029302734375 0.29376044921875 0.9072609375 0.29012578125 0.9161541015625 0.2809232421875 0.9121328125
