2 0.32833271484375 0.77039033203125 0.34119619140625 0.76688212890625 0.366755859375 0.84974248046875 0.3525560546875 0.8534177734375 0.32833271484375 0.77039033203125
2 0.39988466796875 0.7860435546875 0.42205869140625 0.84851474609375 0.40692060546875 0.85384501953125 0.384959765625 0.791373828125 0.39988466796875 0.7860435546875
2 0.3809087890625 0.78071328125 0.4013771484375 0.77325087890625 0.40433779296875 0.7801451171875 0.38346728515625 0.7879625 0.3809087890625 0.78071328125
2 0.2436892578125 0.82811025390625 0.284658984375 0.8182931640625 0.28819306640625 0.8285029296875 0.24709248046875 0.83805810546875 0.2436892578125 0.82811025390625
2 0.2265421875 0.83216796875 0.240155078125 0.8285029296875 0.239893359375 0.83413134765625 0.24290390625 0.83949794921875 0.2288982421875 0.8432939453125 0.2265421875 0.83216796875
2 0.3963359375 0.94815400390625 0.40584990234375 0.9464419921875 0.40837822265625 0.958363671875 0.397906640625 0.959934375 0.3963359375 0.94815400390625
2 0.54963359375 0.80285224609375 0.58722138671875 0.80034638671875 0.5878896484375 0.81070390625 0.5498005859375 0.81304267578125 0.54963359375 0.80285224609375
2 0.5900263671875 0.82961396484375 0.5900263671875 0.8233552734375 0.60989111328125 0.82308310546875 0.61016318359375 0.83614482421875 0.5908427734375 0.8364169921875 0.5900263671875 0.82961396484375
2 0.82597978515625 0.82787861328125 0.8593912109375 0.82286689453125 0.86113525390625 0.83401982421875 0.82765029296875 0.8397396484375 0.82597978515625 0.82787861328125
2 0.84676962890625 0.8794552734375 0.85423203125 0.87668349609375 0.8644662109375 0.8756173828125 0.866171875 0.887344140625 0.84847529296875 0.89096865234375 0.84676962890625 0.8794552734375
