3 0.27490498046875 0.55970234375 0.29257177734375 0.55555703125 0.2956314453125 0.56858515625 0.27806328125 0.57273046875 0.27490498046875 0.55970234375
1 0.57651240234375 0.769964453125 0.591810546875 0.77065537109375 0.59111962890625 0.783880859375 0.57552548828125 0.78289384765625 0.57651240234375 0.769964453125
1 0.84040791015625 0.427111328125 0.84746201171875 0.4387001953125 0.83070859375 0.44852548828125 0.82390634765625 0.43681064453125 0.84040791015625 0.427111328125
3 0.97366435546875 0.312737890625 0.98830439453125 0.31354169921875 0.9876888671875 0.32934091796875 0.9727103515625 0.3283150390625 0.97366435546875 0.312737890625
3 0.71235927734375 0.22485009765625 0.7140087890625 0.241199609375 0.69792109375 0.242325390625 0.6969869140625 0.2260109375 0.71235927734375 0.22485009765625
3 0.78228427734375 2.44140625e-06 0.78031103515625 0.0070068359375 0.76127568359375 0.0026427734375 0.76205126953125 2.63671875e-06 0.78228427734375 2.44140625e-06
3 0.970409765625 5.859375e-07 0.96810751953125 0.00788544921875 0.9469609375 0.00255341796875 0.94762724609375 8.7890625e-07 0.970409765625 5.859375e-07
3 0.94269287109375 0.02587529296875 0.9477345703125 0.020609765625 0.95374697265625 0.02577666015625 0.948812109375 0.03150107421875 0.94269287109375 0.02587529296875
3 0.929041796875 0.07236708984375 0.94249765625 0.07785771484375 0.93685234375 0.09231884765625 0.9227005859375 0.08706025390625 0.929041796875 0.07236708984375
3 0.85019921875 0.10759873046875 0.86527470703125 0.11250625 0.859487109375 0.12954765625 0.84453564453125 0.1237599609375 0.85019921875 0.10759873046875
4 0.999026953125 0.979748828125 0.9943212890625 0.98654140625 0.98318544921875 0.9756375 0.9940119140625 0.96473369140625 0.999026953125 0.96842529296875 0.999026953125 0.979748828125
1 0.5411021484375 0.44568427734375 0.55412080078125 0.44681796875 0.55353515625 0.4592171875 0.5399853515625 0.4579302734375 0.5411021484375 0.44568427734375
2 0.49688994140625 0.4401517578125 0.51034130859375 0.44033349609375 0.51040185546875 0.453118359375 0.49676875 0.45263359375 0.49688994140625 0.4401517578125
3 0.4203734375 0.24079423828125 0.43372587890625 0.2425578125 0.4324662109375 0.2589333984375 0.4191138671875 0.25704384765625 0.4203734375 0.24079423828125
2 0.7208115234375 0.6878880859375 0.73093994140625 0.7001064453125 0.71743544921875 0.70991337890625 0.7082716796875 0.6973734375 0.7208115234375 0.6878880859375
1 0.961801953125 0.5679267578125 0.9662107421875 0.579515625 0.95575556640625 0.5837984375 0.95084296875 0.5722095703125 0.961801953125 0.5679267578125
2 0.7755962890625 0.22308701171875 0.79004755859375 0.216150390625 0.79756220703125 0.22886748046875 0.78257724609375 0.23469248046875 0.7755962890625 0.22308701171875
3 0.932826171875 0.4294513671875 0.9472775390625 0.4167341796875 0.95537021484375 0.4259830078125 0.94149697265625 0.43580986328125 0.932826171875 0.4294513671875
3 0.8455404296875 0.80576279296875 0.8455404296875 0.78842119140625 0.86056982421875 0.78957734375 0.859413671875 0.8098091796875 0.8455404296875 0.80576279296875
3 0.32991865234375 0.4751173828125 0.3368552734375 0.46875888671875 0.34552607421875 0.4768515625 0.338589453125 0.48552236328125 0.329340625 0.47742958984375 0.32991865234375 0.4751173828125
