0 0.68730859375 0.2217626953125 0.7932125 0.220426953125 0.7947390625 0.2681314453125 0.76306328125 0.2677498046875 0.76306328125 0.27633662109375 0.708489453125 0.277672265625 0.706962890625 0.2356923828125 0.68730859375 0.2376005859375 0.68730859375 0.2217626953125
2 0.7012658203125 0.3394099609375 0.73131748046875 0.3391109375 0.73251357421875 0.3311869140625 0.74103564453125 0.330887890625 0.74133466796875 0.3116009765625 0.75553818359375 0.31145146484375 0.7556876953125 0.327299609375 0.8154919921875 0.327299609375 0.8163890625 0.38426318359375 0.7338591796875 0.382917578125 0.7338591796875 0.37304990234375 0.7000697265625 0.3734984375 0.6970794921875 0.3560056640625 0.7012658203125 0.3394099609375
1 0.79280595703125 0.42940380859375 0.82719345703125 0.42910478515625 0.826744921875 0.45197998046875 0.791759375 0.45197998046875 0.79250693359375 0.463641796875 0.77187451171875 0.464837890625 0.7730705078125 0.42970283203125 0.79280595703125 0.42940380859375
1 0.7408029296875 0.45714609375 0.7661896484375 0.45671455078125 0.76633349609375 0.47800205078125 0.77899091796875 0.4774986328125 0.780501171875 0.49447109375 0.76719658203125 0.49425537109375 0.76642421875 0.518371484375 0.74109638671875 0.51666669921875 0.7408029296875 0.45714609375
1 0.674176953125 0.5415015625 0.72436201171875 0.54302802734375 0.72455283203125 0.56020166015625 0.70508935546875 0.55829345703125 0.70547099609375 0.57603955078125 0.6707421875 0.57470380859375 0.674176953125 0.5415015625
1 0.6841453125 0.598985546875 0.70952412109375 0.60089375 0.70914248046875 0.59421513671875 0.72631611328125 0.59555078125 0.72478955078125 0.61997548828125 0.68166474609375 0.61768564453125 0.6841453125 0.598985546875
0 0.45563291015625 0.88932509765625 0.54204140625 0.888703515625 0.539865625 0.92258310546875 0.45283544921875 0.9228939453125 0.45563291015625 0.88932509765625
1 0.7624580078125 0.911941015625 0.820892578125 0.91100859375 0.81964921875 0.945820703125 0.75748486328125 0.94488818359375 0.7624580078125 0.911941015625
3 0.72111865234375 0.91007607421875 0.71863212890625 0.95763193359375 0.6909689453125 0.9551453125 0.69376630859375 0.907900390625 0.72111865234375 0.91007607421875
1 0.15155537109375 0.99900390625 0.1861580078125 0.9602544921875 0.19913359375 0.97647392578125 0.18453564453125 0.99053115234375 0.18723583984375 0.9990044921875 0.15155537109375 0.99900390625
2 0.08257744140625 0.99900283203125 0.1006716796875 0.9692228515625 0.1115482421875 0.9730392578125 0.12185244140625 0.94995029296875 0.14761279296875 0.96445244140625 0.13769033203125 0.98448828125 0.1395984375 0.986396484375 0.133408984375 0.99900361328125 0.08257744140625 0.99900283203125
0 7.060546875e-05 0.915236328125 0.0272236328125 0.93472744140625 0.0239796875 0.941215234375 0.03237568359375 0.94713056640625 0.02168994140625 0.96220517578125 0.012721484375 0.957053125 0.00585205078125 0.97021953125 7.060546875e-05 0.96758037109375 7.060546875e-05 0.915236328125
1 0.293898828125 0.48143671875 0.33034501953125 0.481055078125 0.33015419921875 0.5245615234375 0.2990509765625 0.52322578125 0.2990509765625 0.53200341796875 0.2778701171875 0.53219423828125 0.2778701171875 0.507387890625 0.29199072265625 0.506624609375 0.293898828125 0.48143671875
1 0.14770986328125 0.4460001953125 0.1822478515625 0.44027568359375 0.184346875 0.45439619140625 0.1961775390625 0.45172470703125 0.1992306640625 0.46355546875 0.18854482421875 0.46470029296875 0.19446025390625 0.491033203125 0.16163955078125 0.49465869140625 0.16030380859375 0.48206474609375 0.1559150390625 0.48340048828125 0.1549609375 0.4721421875 0.14980888671875 0.4721421875 0.14770986328125 0.4460001953125
1 0.152502734375 0.54761396484375 0.17463759765625 0.503153515625 0.20726748046875 0.516319921875 0.2005888671875 0.53368427734375 0.20993896484375 0.540362890625 0.19162041015625 0.576618359375 0.14925888671875 0.55295693359375 0.152502734375 0.54761396484375
1 0.09778369140625 0.56556533203125 0.11677158203125 0.5648177734375 0.11692109375 0.560332421875 0.136357421875 0.56093046875 0.13800205078125 0.61251162109375 0.12320048828125 0.61221259765625 0.1224529296875 0.59427138671875 0.0976341796875 0.59621494140625 0.09778369140625 0.56556533203125
4 0.99907158203125 0.70709482421875 0.995532421875 0.7074501953125 0.995532421875 0.689957421875 0.98805693359375 0.6872662109375 0.98848701171875 0.67563203125 0.99747607421875 0.67575390625 0.9976255859375 0.66708232421875 0.99907158203125 0.6669001953125 0.99907158203125 0.70709482421875
2 0.99907158203125 0.7907685546875 0.96066123046875 0.78955458984375 0.9609720703125 0.75070185546875 0.98708115234375 0.74821533203125 0.98645947265625 0.74137724609375 0.99907158203125 0.74166669921875 0.99907158203125 0.7907685546875
2 0.69676337890625 0.01852509765625 0.8082138671875 0.01951572265625 0.8082138671875 0.06459130859375 0.69626806640625 0.0636005859375 0.69577265625 0.01902041015625 0.69676337890625 0.01852509765625
1 0.72888359375 0.1301158203125 0.75745673828125 0.13165341796875 0.75502275390625 0.16350361328125 0.754803125 0.17228994140625 0.7339357421875 0.17141123046875 0.73591259765625 0.14615078125 0.72734599609375 0.145491796875 0.72844423828125 0.1301158203125 0.72888359375 0.1301158203125
0 0.9990716796875 0.40210029296875 0.98561796875 0.40210029296875 0.98425830078125 0.33566708984375 0.99907158203125 0.33665419921875 0.9990716796875 0.40210029296875
0 0.97925419921875 0.53028994140625 0.9856935546875 0.53028994140625 0.9856935546875 0.503541796875 0.9990716796875 0.503541796875 0.9990716796875 0.57288876953125 0.9851982421875 0.57288876953125 0.9856935546875 0.54415927734375 0.979749609375 0.54415927734375 0.9794490234375 0.53047646484375 0.97925419921875 0.53028994140625
1 0.0528794921875 0.2504482421875 0.07660244140625 0.2504482421875 0.0763828125 0.24803203125 0.1020826171875 0.24825166015625 0.10186298828125 0.270656640625 0.1082330078125 0.27043701171875 0.10867236328125 0.28625234375 0.0917587890625 0.2866916015625 0.0917587890625 0.28361640625 0.086706640625 0.2838361328125 0.0842904296875 0.27922333984375 0.07923828125 0.28207880859375 0.0787990234375 0.29064541015625 0.07177001953125 0.29064541015625 0.0719896484375 0.28361640625 0.07111103515625 0.28361640625 0.07111103515625 0.27922333984375 0.067596484375 0.27944296875 0.0678162109375 0.27680703125 0.06430166015625 0.27680703125 0.06408203125 0.2739515625 0.0528794921875 0.27417119140625 0.0522205078125 0.25154658203125 0.0528794921875 0.2504482421875
0 0.136103125 0.2608591796875 0.1637798828125 0.26678994140625 0.161363671875 0.28084794921875 0.15565263671875 0.2799693359375 0.15191845703125 0.2953453125 0.14269287109375 0.29358798828125 0.1404962890625 0.3045708984375 0.12841513671875 0.3019349609375 0.136103125 0.26173779296875 0.136103125 0.2608591796875
1 0.17650986328125 0.2829267578125 0.1929841796875 0.29500791015625 0.18793203125 0.3013779296875 0.21055673828125 0.31653427734375 0.2156087890625 0.309285546875 0.238453125 0.32312392578125 0.22197880859375 0.34838447265625 0.21890361328125 0.3464076171875 0.214510546875 0.35387587890625 0.2120943359375 0.35233828125 0.20550458984375 0.36200322265625 0.18639443359375 0.34816484375 0.1813423828125 0.35453486328125 0.1573998046875 0.33806064453125 0.162671484375 0.331031640625 0.15278701171875 0.32356328125 0.15630146484375 0.3185111328125 0.15256728515625 0.3163146484375 0.1758509765625 0.28270712890625 0.17650986328125 0.2829267578125
0 0.2266951171875 0.3739298828125 0.24800185546875 0.35284287109375 0.2721640625 0.3745888671875 0.281609375 0.36580263671875 0.29127421875 0.37612646484375 0.2765572265625 0.39150244140625 0.27062646484375 0.38667001953125 0.2574470703125 0.40138701171875 0.252175390625 0.39677421875 0.2464642578125 0.401606640625 0.22845244140625 0.383814453125 0.23262587890625 0.379641015625 0.226255859375 0.37436923828125 0.2266951171875 0.3739298828125
0 0.27354853515625 0.4226025390625 0.30979189453125 0.41008212890625 0.31023125 0.41183935546875 0.31154912109375 0.41140009765625 0.3144046875 0.41864873046875 0.312427734375 0.41952734375 0.31572265625 0.42853330078125 0.32253203125 0.42633671875 0.32692509765625 0.43709990234375 0.32341064453125 0.43819814453125 0.32450888671875 0.44149306640625 0.31660126953125 0.44434853515625 0.31835849609375 0.448961328125 0.32253203125 0.44764345703125 0.32450888671875 0.4533544921875 0.31352607421875 0.45774765625 0.3126474609375 0.45423310546875 0.30847392578125 0.45555107421875 0.3071560546875 0.45225625 0.302762890625 0.45379384765625 0.303421875 0.4559904296875 0.27772197265625 0.46477666015625 0.2720109375 0.44742373046875 0.279479296875 0.444787890625 0.27223056640625 0.42348115234375 0.27354853515625 0.4226025390625
0 0.006528125 0.469261328125 0.0146548828125 0.46843486328125 0.02344111328125 0.50533720703125 7.08984375e-05 0.5121259765625 7.08984375e-05 0.47192021484375 0.006528125 0.469261328125
1 7.08984375e-05 0.5277853515625 0.02434033203125 0.52077685546875 0.0320283203125 0.54889287109375 0.0239009765625 0.55086982421875 0.02477958984375 0.56426884765625 0.00984296875 0.563390234375 0.00720712890625 0.564708203125 0.00896435546875 0.57964482421875 7.08984375e-05 0.5841625 7.08984375e-05 0.5277853515625
0 0.10448837890625 0.38853212890625 0.11637646484375 0.394476171875 0.1143951171875 0.3979435546875 0.12132978515625 0.4024015625 0.1223205078125 0.39992490234375 0.144115234375 0.410822265625 0.127273828125 0.4400470703125 0.1138998046875 0.43311240234375 0.109937109375 0.4395517578125 0.0807123046875 0.42518701171875 0.10300244140625 0.3895228515625 0.10448837890625 0.38853212890625
1 0.2659916015625 0.56905966796875 0.2669822265625 0.56856435546875 0.279365625 0.571536328125 0.2843189453125 0.55568564453125 0.28927236328125 0.5571716796875 0.29075830078125 0.553208984375 0.320478515625 0.56361103515625 0.31502978515625 0.58144306640625 0.3080951171875 0.57847109375 0.3011603515625 0.6007611328125 0.29521640625 0.59877978515625 0.29323505859375 0.60571455078125 0.26004755859375 0.5967984375 0.26450556640625 0.58491044921875 0.26153349609375 0.5839197265625 0.2659916015625 0.56905966796875
0 0.1935916015625 0.67530966796875 0.19688642578125 0.67333271484375 0.197984765625 0.66915927734375 0.214458984375 0.6594943359375 0.22829736328125 0.68321728515625 0.21358037109375 0.69815400390625 0.2162162109375 0.70408466796875 0.21533759765625 0.73417763671875 0.1990830078125 0.73483662109375 0.19996162109375 0.70057021484375 0.19688642578125 0.69617705078125 0.1990830078125 0.69441982421875 0.19644716796875 0.68980703125 0.19996162109375 0.68761044921875 0.19249326171875 0.675529296875 0.1935916015625 0.67530966796875
1 0.23231884765625 0.6588345703125 0.23495478515625 0.655759375 0.2277060546875 0.64873037109375 0.242423046875 0.63225615234375 0.25011103515625 0.63884580078125 0.266365625 0.619516015625 0.284816796875 0.63159716796875 0.25142900390625 0.6717943359375 0.23297783203125 0.65905419921875 0.23231884765625 0.6588345703125
1 0.4782072265625 0.72409775390625 0.53542451171875 0.72640185546875 0.536960546875 0.76365068359375 0.4774392578125 0.7624986328125 0.4782072265625 0.72409775390625
1 0.9716150390625 0.2019494140625 0.99682333984375 0.2007197265625 0.99620849609375 0.23515068359375 0.9713076171875 0.23453583984375 0.9716150390625 0.2019494140625
0 0.6043298828125 0.72706904296875 0.6468666015625 0.7262349609375 0.6489517578125 0.75083955078125 0.604746875 0.751256640625 0.6043298828125 0.72706904296875
