0 0.51320234375 0.865498046875 0.53654775390625 0.8800791015625 0.5345689453125 0.882212890625 0.5390130859375 0.88532822265625 0.5262271484375 0.9007189453125 0.522543359375 0.897517578125 0.5197056640625 0.90077119140625 0.510804296875 0.895876171875 0.51295380859375 0.8926845703125 0.50370732421875 0.88647041015625 0.50458876953125 0.8847 0.50036435546875 0.8811337890625 0.51320234375 0.865498046875
4 0.4873533203125 0.8532328125 0.4950578125 0.8586544921875 0.484594921875 0.87330244140625 0.47641494140625 0.8674052734375 0.4873533203125 0.8532328125
0 0.55973720703125 0.81946640625 0.574765625 0.83202177734375 0.55669345703125 0.8518060546875 0.542140625 0.83982138671875 0.55973720703125 0.81946640625
0 0.93913134765625 0.6221525390625 0.94468349609375 0.6272 0.9412431640625 0.63025830078125 0.93824765625 0.6305572265625 0.93433623046875 0.6266953125 0.93913134765625 0.6221525390625
0 0.86931630859375 0.6042259765625 0.89087001953125 0.580892578125 0.912621484375 0.5996779296875 0.89719775390625 0.615694921875 0.90827119140625 0.62558203125 0.90098134765625 0.6339564453125 0.86931630859375 0.6042259765625
0 0.720178515625 0.5273884765625 0.72513642578125 0.5332759765625 0.72823515625 0.5315716796875 0.7335029296875 0.53590986328125 0.73489736328125 0.5356 0.74595615234375 0.54667431640625 0.74481328125 0.549544140625 0.7356720703125 0.55899521484375 0.732654296875 0.5587865234375 0.73117890625 0.55791064453125 0.7115021484375 0.53482529296875 0.720178515625 0.5273884765625
4 0.7407841796875 0.49295380859375 0.75127607421875 0.5045662109375 0.73742265625 0.5156693359375 0.7270326171875 0.5041587890625 0.73406123046875 0.4970283203125 0.7407841796875 0.49295380859375
0 0.75776552734375 0.512167578125 0.77164658203125 0.499189453125 0.7916216796875 0.51792314453125 0.7915087890625 0.522888671875 0.79726435546875 0.522888671875 0.79839287109375 0.5236787109375 0.798528125 0.52590986328125 0.80069169921875 0.5275326171875 0.7988662109375 0.52922294921875 0.80400478515625 0.5332796875 0.7927740234375 0.5435505859375 0.79001572265625 0.5442861328125 0.7861541015625 0.5416197265625 0.78413134765625 0.5438263671875 0.770615625 0.53150595703125 0.774017578125 0.528012109375 0.75776552734375 0.512167578125
0 0.9635388671875 0.64697021484375 0.95609052734375 0.640650390625 0.9672630859375 0.62801083984375 0.9742599609375 0.6342177734375 0.9635388671875 0.64697021484375
0 0.5089751953125 0.819026953125 0.52436298828125 0.8048970703125 0.533471875 0.813266015625 0.5253583984375 0.821717578125 0.52677822265625 0.8229345703125 0.5239384765625 0.825571484375 0.5231947265625 0.82489541015625 0.51947060546875 0.8281681640625 0.5172134765625 0.827378125 0.5089751953125 0.819026953125
