0 0.67970185546875 0.2032701171875 0.7672732421875 0.2051466796875 0.76852431640625 0.31461083984375 0.68032734375 0.312734375 0.67970185546875 0.2032701171875
0 -0.0 0.94905341796875 0.01039443359375 0.93215703125 0.13375419921875 0.99900986328125 0.0470955078125 0.99900830078125 0.02268271484375 0.9847662109375 0.01334892578125 0.9990076171875 -0.0 0.99900732421875 -0.0 0.94905341796875
0 0.063519921875 0.3281798828125 0.05852783203125 0.41803798828125 0.03779130859375 0.41803798828125 0.03663935546875 0.41266181640625 0.03279921875 0.3946134765625 0.03279921875 0.36619677734375 0.038559375 0.331251953125 0.03798828125 0.328447265625 0.062080078125 0.32673828125 0.063519921875 0.3281798828125
0 0.060458984375 0.2462109375 0.0600638671875 0.24638603515625 0.0596798828125 0.32433984375 0.06162109375 0.3262890625 0.037890625 0.327958984375 0.03433525390625 0.31051552734375 0.03663935546875 0.29822724609375 0.038175390625 0.27326669921875 0.04009541015625 0.2471541015625 0.042919921875 0.244052734375 0.060458984375 0.2462109375
0 0.07043212890625 0.201841015625 0.06774404296875 0.21259326171875 0.0669759765625 0.21259326171875 0.0669759765625 0.24331396484375 0.061328125 0.2458203125 0.0433203125 0.243603515625 0.04393544921875 0.24292998046875 0.04393544921875 0.208369140625 0.04662353515625 0.208369140625 0.045471484375 0.201841015625 0.0600638671875 0.1991529296875 0.07043212890625 0.201841015625
0 0.1081197265625 0.16975048828125 0.10743935546875 0.18109033203125 0.116624609375 0.18199755859375 0.115830859375 0.1994609375 0.10505791015625 0.199007421875 0.09451181640625 0.199007421875 0.07557421875 0.19764658203125 0.07557421875 0.17054423828125 0.1081197265625 0.16975048828125
0 0.1860318359375 0.2552849609375 0.19758349609375 0.255520703125 0.198998046875 0.26424345703125 0.1869748046875 0.26471494140625 0.1860318359375 0.2552849609375
0 0.161042578125 0.25198447265625 0.15892080078125 0.22982421875 0.15939228515625 0.2222802734375 0.1603353515625 0.21732958984375 0.162928515625 0.21732958984375 0.1631642578125 0.21120009765625 0.1608068359375 0.20978564453125 0.15892080078125 0.198233984375 0.1636357421875 0.19634794921875 0.1615140625 0.16499345703125 0.17377294921875 0.16452197265625 0.1855603515625 0.1678224609375 0.187210546875 0.18903974609375 0.185324609375 0.1902185546875 0.1867390625 0.21850830078125 0.18249560546875 0.22062998046875 0.18249560546875 0.24137587890625 0.17966669921875 0.252691796875 0.16457880859375 0.2529275390625 0.161042578125 0.25198447265625
0 0.1333052734375 0.3717205078125 0.12984912109375 0.35751220703125 0.13176923828125 0.34867998046875 0.1275451171875 0.31104716796875 0.13215322265625 0.294534765625 0.1279291015625 0.26803818359375 0.1406013671875 0.26496611328125 0.15135361328125 0.269190234375 0.1528896484375 0.3102791015625 0.1521216796875 0.3102791015625 0.1521216796875 0.33562373046875 0.15634580078125 0.355976171875 0.15058564453125 0.37018447265625 0.14175341796875 0.3705685546875 0.1333052734375 0.3717205078125
0 0.0348068359375 0.450065625 0.03871826171875 0.45036650390625 0.06399228515625 0.451269140625 0.0679037109375 0.45457880859375 0.08114248046875 0.45277353515625 0.085956640625 0.4542779296875 0.10882353515625 0.453676171875 0.11634560546875 0.45758759765625 0.11514208984375 0.4789501953125 0.09438125 0.48075546875 0.0796380859375 0.48045458984375 0.06579755859375 0.4789501953125 0.05045263671875 0.47925107421875 0.03450595703125 0.47594130859375 0.0348068359375 0.450065625
0 0.31097763671875 0.41025234375 0.31471982421875 0.40809775390625 0.31449306640625 0.3989125 0.336265625 0.39811865234375 0.33773984375 0.42760234375 0.32447216796875 0.42748896484375 0.32492578125 0.4290765625 0.33093583984375 0.42953017578125 0.33467802734375 0.45028212890625 0.32730712890625 0.45243671875 0.32095673828125 0.44007626953125 0.31052412109375 0.439962890625 0.31097763671875 0.41025234375
0 -0.0 0.04016767578125 0.008199609375 0.03610390625 0.01688125 0.05088115234375 -0.0 0.05863916015625 -0.0 0.04016767578125
0 0.15075576171875 1.005859375e-05 0.10886923828125 0.00968974609375 0.10554755859375 9.375e-06 0.15075576171875 1.005859375e-05
0 0.14488857421875 0.00950498046875 0.1480287109375 0.01874072265625 0.153016015625 0.01892548828125 0.15467841796875 0.03462626953125 0.10720673828125 0.0385052734375 0.1053595703125 0.012091015625 0.14488857421875 0.00950498046875
0 0.27331357421875 1.162109375e-05 0.27257548828125 0.010980859375 0.23415478515625 0.0104267578125 0.23415478515625 1.123046875e-05 0.27331357421875 1.162109375e-05
0 0.34171298828125 1.2109375e-05 0.34073525390625 0.00359228515625 0.33574794921875 0.005439453125 0.336671484375 0.0115349609375 0.30360751953125 0.01245859375 0.30305390625 1.19140625e-05 0.34171298828125 1.2109375e-05
0 0.33630205078125 0.01504462890625 0.33814921875 0.0244650390625 0.34553779296875 0.0246498046875 0.34498369140625 0.0409046875 0.33149951171875 0.04182822265625 0.33076064453125 0.04552255859375 0.3133974609375 0.04607666015625 0.31358212890625 0.0392421875 0.29307880859375 0.03776455078125 0.29233994140625 0.02963701171875 0.29677314453125 0.02908291015625 0.297142578125 0.0146751953125 0.33630205078125 0.01504462890625
0 0.27682392578125 0.0216943359375 0.27682392578125 0.0401658203125 0.26592578125 0.04053525390625 0.26407861328125 0.03850341796875 0.26260087890625 0.035178515625 0.25576640625 0.035178515625 0.2552123046875 0.0401658203125 0.22713564453125 0.0409046875 0.22695087890625 0.0229873046875 0.230460546875 0.02280263671875 0.23156875 0.0154140625 0.26389384765625 0.0137515625 0.2650021484375 0.01855419921875 0.2694353515625 0.0187388671875 0.26962001953125 0.02114013671875 0.27331435546875 0.02132490234375 0.27682392578125 0.0216943359375
0 0.46116474609375 1.26953125e-05 0.46190205078125 0.0061736328125 0.46208681640625 0.01337744140625 0.4225578125 0.01337744140625 0.42200419921875 1.259765625e-05 0.46116474609375 1.26953125e-05
0 0.456730078125 0.01633291015625 0.4600548828125 0.023721484375 0.45913134765625 0.03055595703125 0.46374921875 0.03129482421875 0.46393388671875 0.0427470703125 0.41590810546875 0.04200830078125 0.415538671875 0.01670234375 0.456730078125 0.01633291015625
0 0.53709072265625 1.26953125e-05 0.5398517578125 0.00358759765625 0.52174970703125 0.00783603515625 0.51214453125 0.0087595703125 0.4944119140625 0.0102373046875 0.490906640625 1.26953125e-05 0.53709072265625 1.26953125e-05
0 0.5137580078125 0.0125791015625 0.515394140625 0.01639833984375 0.5358009765625 0.01495107421875 0.5392744140625 0.0431732421875 0.52132802734375 0.0450546875 0.49556630859375 0.044765234375 0.49310595703125 0.03897607421875 0.49417578125 0.0129609375 0.50464873046875 0.01127001953125 0.5137580078125 0.0125791015625
0 0.6135177734375 1.240234375e-05 0.61469619140625 0.04344833984375 0.588056640625 0.04226953125 0.586642578125 1.25e-05 0.6135177734375 1.240234375e-05
0 0.64487197265625 1.220703125e-05 0.64510771484375 0.03519716796875 0.63685654296875 0.03614013671875 0.63874248046875 0.04391982421875 0.62224013671875 0.04462705078125 0.61846923828125 1.240234375e-05 0.64487197265625 1.220703125e-05
0 0.67198349609375 1.201171875e-05 0.6733974609375 0.03519716796875 0.666325 0.03755458984375 0.6491154296875 0.03684736328125 0.6484083984375 1.220703125e-05 0.67198349609375 1.201171875e-05
0 0.70404560546875 1.181640625e-05 0.70734521484375 0.0415623046875 0.6894283203125 0.0410908203125 0.690135546875 0.04509853515625 0.67858388671875 0.04580576171875 0.6776412109375 1.201171875e-05 0.70404560546875 1.181640625e-05
0 0.73280634765625 1.15234375e-05 0.7342205078125 0.04321259765625 0.710645703125 0.04368408203125 0.70781748046875 1.171875e-05 0.73280634765625 1.15234375e-05
0 0.7628453125 1.123046875e-05 0.7616669921875 0.03715947265625 0.7548302734375 0.03833818359375 0.7536515625 0.04493916015625 0.737620703125 0.04470341796875 0.73714912109375 0.02985126953125 0.74375009765625 0.02961552734375 0.74351435546875 0.02136435546875 0.737620703125 0.02112861328125 0.73738505859375 1.142578125e-05 0.7628453125 1.123046875e-05
0 0.78288427734375 1.09375e-05 0.78288427734375 0.00321171875 0.79255 0.0029759765625 0.79184267578125 0.04352470703125 0.77628330078125 0.04352470703125 0.77628330078125 0.0336232421875 0.76708916015625 0.0336232421875 0.7673248046875 1.11328125e-05 0.78288427734375 1.09375e-05
0 0.821782421875 1.044921875e-05 0.82036826171875 0.04541064453125 0.79702919921875 0.04611787109375 0.79750068359375 0.02961552734375 0.80386591796875 0.02937978515625 0.803630078125 0.0239576171875 0.79608623046875 0.02466484375 0.79655751953125 1.07421875e-05 0.821782421875 1.044921875e-05
0 0.85030791015625 1.005859375e-05 0.84889375 0.04352470703125 0.8248474609375 0.04446767578125 0.826969140625 0.0041546875 0.83663486328125 0.0041546875 0.83592939453125 1.025390625e-05 0.85030791015625 1.005859375e-05
0 0.87954091796875 9.5703125e-06 0.87906953125 0.04517490234375 0.85431591796875 0.04658935546875 0.85455166015625 9.9609375e-06 0.87954091796875 9.5703125e-06
0 0.90877412109375 9.08203125e-06 0.91018828125 0.03810244140625 0.88496318359375 0.03668798828125 0.8840205078125 9.47265625e-06 0.90877412109375 9.08203125e-06
0 0.9387138671875 8.49609375e-06 0.93894951171875 0.03645224609375 0.933055859375 0.03833818359375 0.933055859375 0.04541064453125 0.91490322265625 0.0470609375 0.91372451171875 0.03032275390625 0.9186751953125 0.03055849609375 0.91796796875 0.0239576171875 0.91466748046875 0.0239576171875 0.9137248046875 8.984375e-06 0.9387138671875 8.49609375e-06
0 0.965371484375 0.00188984375 0.9702984375 0.0022396484375 0.969826953125 0.04679599609375 0.94248017578125 0.04844619140625 0.94348544921875 0.030919921875 0.95040283203125 0.02989931640625 0.9508564453125 0.02763134765625 0.94416591796875 0.02797158203125 0.9433720703125 0.0017763671875 0.965371484375 0.00188984375
0 0.99687060546875 7.421875e-06 0.9962689453125 0.04678701171875 0.97400380859375 0.047087890625 0.972458984375 0.00494619140625 0.98214375 0.0052126953125 0.98196630859375 7.71484375e-06 0.99687060546875 7.421875e-06
0 0.93510048828125 0.68384814453125 0.93630400390625 0.68324638671875 0.95826826171875 0.6772287109375 0.9691 0.7112283203125 0.979630859375 0.7443251953125 0.95465771484375 0.7536525390625 0.9438259765625 0.7136353515625 0.93841015625 0.71303359375 0.93510048828125 0.68384814453125
0 0.955988671875 0.676385546875 0.95042490234375 0.67731279296875 0.9487884765625 0.67665830078125 0.93406083984375 0.67965830078125 0.93220625 0.674258203125 0.9255599609375 0.64302529296875 0.91936904296875 0.6075658203125 0.9393271484375 0.60277578125 0.94411708984375 0.61954072265625 0.9393271484375 0.628322265625 0.95289873046875 0.66983525390625 0.955988671875 0.676385546875
0 0.9984724609375 0.5990984375 0.9277833984375 0.59721904296875 0.92547939453125 0.57609853515625 0.9984724609375 0.57459404296875 0.9984724609375 0.5990984375
0 0.99847255859375 0.66751201171875 0.9698052734375 0.66751201171875 0.96943583984375 0.639066015625 0.99847255859375 0.6380130859375 0.99847255859375 0.66751201171875
0 0.99847255859375 0.7147646484375 0.97769609375 0.7231095703125 0.96614453125 0.6905763671875 0.99847255859375 0.67954580078125 0.99847255859375 0.7147646484375
