0 0.0957666015625 0.99900791015625 0.09655869140625 0.9369189453125 0.11748330078125 0.938126171875 0.11748330078125 0.99900830078125 0.0957666015625 0.99900791015625
0 0.13089580078125 0.99900859375 0.1318169921875 0.9853646484375 0.14120439453125 0.9853646484375 0.1416984375 0.98684677734375 0.1629435546875 0.98684677734375 0.16362880859375 0.99900908203125 0.13089580078125 0.99900859375
0 0.19725830078125 0.923419140625 0.198246484375 0.94318203125 0.198388671875 0.943193359375 0.19792568359375 0.94505361328125 0.19747041015625 0.99258916015625 0.19725830078125 0.99258916015625 0.197900390625 0.9990095703125 0.1760244140625 0.99900927734375 0.17650732421875 0.95602783203125 0.17477802734375 0.95503974609375 0.17527216796875 0.92243095703125 0.19725830078125 0.923419140625
0 0.2219619140625 0.94219384765625 0.22295009765625 0.9446642578125 0.2587703125 0.9441701171875 0.25901728515625 0.94141962890625 0.27186318359375 0.941452734375 0.27309833984375 0.94540537109375 0.285203125 0.95751005859375 0.285697265625 0.96170966796875 0.28470908203125 0.9656623046875 0.285203125 0.99357734375 0.19898759765625 0.99258916015625 0.19795869140625 0.99258916015625 0.19841337890625 0.945116015625 0.19888671875 0.943232421875 0.20763388671875 0.94392314453125 0.2081279296875 0.94120576171875 0.2207267578125 0.94120576171875 0.2219619140625 0.94219384765625
0 0.3028568359375 0.99158525390625 0.30266328125 0.99061748046875 0.3028568359375 0.95713173828125 0.31621240234375 0.945324609375 0.31698671875 0.94203408203125 0.32918095703125 0.94184052734375 0.32918095703125 0.9443568359375 0.3425365234375 0.9443568359375 0.3433107421875 0.94261484375 0.35569853515625 0.9424212890625 0.35589208984375 0.9451310546875 0.36692490234375 0.9449375 0.368086328125 0.99197236328125 0.3028568359375 0.99158525390625
0 0.37430830078125 0.99901142578125 0.3746712890625 0.98412353515625 0.4073828125 0.985478515625 0.40756318359375 0.9990115234375 0.37430830078125 0.99901142578125
0 0.49918056640625 0.99901181640625 0.5001470703125 0.954963671875 0.54189609375 0.9552107421875 0.54307265625 0.95870322265625 0.54307265625 0.99901181640625 0.49918056640625 0.99901181640625
0 0.54567861328125 0.99901181640625 0.546160546875 0.959767578125 0.5488779296875 0.958532421875 0.6237298828125 0.95952060546875 0.62274169921875 0.98743564453125 0.6148365234375 0.98743564453125 0.61574697265625 0.99901171875 0.54567861328125 0.99901181640625
0 0.663441796875 0.99901142578125 0.6635765625 0.99115703125 0.667974609375 0.9914603515625 0.6682779296875 0.98857890625 0.65250546875 0.98751728515625 0.65114052734375 0.98539404296875 0.65144384765625 0.95915703125 0.6978513671875 0.95885380859375 0.6996712890625 0.95915703125 0.713472265625 0.95961201171875 0.71391611328125 0.9990111328125 0.663441796875 0.99901142578125
0 0.8048103515625 0.99901015625 0.805390234375 0.958696484375 0.806459765625 0.95822119140625 0.85993251953125 0.9589341796875 0.860164453125 0.99900947265625 0.8048103515625 0.99901015625
0 0.86323974609375 0.999009375 0.86347158203125 0.9595904296875 0.8653728515625 0.959233984375 0.9315345703125 0.9591740234375 0.93199833984375 0.99900830078125 0.86323974609375 0.999009375
0 0.95441865234375 0.99900791015625 0.95414638671875 0.96041171875 0.95600849609375 0.95957373046875 0.99851884765625 0.95930380859375 0.9985189453125 0.99900703125 0.95441865234375 0.99900791015625
0 0.65802412109375 0.6349451171875 0.71382998046875 0.63526044921875 0.7133697265625 0.76418369140625 0.71270126953125 0.767201171875 0.71312451171875 0.79743125 0.7123197265625 0.80105283203125 0.71248154296875 0.87823935546875 0.65320751953125 0.876662890625 0.65415341796875 0.7965798828125 0.65417763671875 0.73721005859375 0.654385546875 0.67822333984375 0.65501611328125 0.63502890625 0.65802412109375 0.6349451171875
0 0.77791044921875 0.63434375 0.8226240234375 0.6340966796875 0.8225806640625 0.7271642578125 0.82336162109375 0.817300390625 0.822848046875 0.86043701171875 0.7756642578125 0.8596958984375 0.7756642578125 0.76508115234375 0.77556953125 0.65860029296875 0.77612119140625 0.63470791015625 0.77791044921875 0.63434375
0 0.8333716796875 0.87524423828125 0.83236083984375 0.87458896484375 0.83141298828125 0.7549623046875 0.8324853515625 0.666291015625 0.832625390625 0.60223564453125 0.83257451171875 0.5567138671875 0.83317744140625 0.5090359375 0.8836234375 0.508720703125 0.88677626953125 0.51061240234375 0.88733603515625 0.5964205078125 0.886263671875 0.77927197265625 0.8867314453125 0.8747501953125 0.8333716796875 0.87524423828125
0 0.99851865234375 0.868266796875 0.9933576171875 0.868266796875 0.99255283203125 0.87068125 0.967201953125 0.87027880859375 0.96679951171875 0.868266796875 0.95271572265625 0.868266796875 0.95231328125 0.807102734375 0.95244189453125 0.6857099609375 0.953089453125 0.5498 0.9534408203125 0.5046447265625 0.9904455078125 0.50434140625 0.99135546875 0.50616123046875 0.998518359375 0.50616123046875 0.99851865234375 0.868266796875
0 0.9985185546875 0.26545400390625 0.98789521484375 0.26653798828125 0.9834486328125 0.265055859375 0.98196640625 0.2433166015625 0.9832015625 0.235164453125 0.98246044921875 0.193168359375 0.99851865234375 0.192716015625 0.9985185546875 0.26545400390625
0 0.946640234375 0.25418623046875 0.9439228515625 0.23467041015625 0.97430830078125 0.2322 0.97826083984375 0.23417626953125 0.980237109375 0.2480103515625 0.97974306640625 0.25171591796875 0.9691205078125 0.25270400390625 0.946640234375 0.25418623046875
0 0.95947490234375 0.1878787109375 0.973217578125 0.187298046875 0.97786298828125 0.19000791015625 0.97960498046875 0.21575126953125 0.9761208984375 0.21788037109375 0.96121689453125 0.21768681640625 0.95966845703125 0.21555771484375 0.9583134765625 0.1894271484375 0.95947490234375 0.1878787109375
0 0.87026220703125 0.21873525390625 0.87026220703125 0.2177673828125 0.8718107421875 0.19454033203125 0.8718107421875 0.1736359375 0.9232974609375 0.17634580078125 0.9248458984375 0.17944267578125 0.9232974609375 0.2177673828125 0.92310390625 0.21970302734375 0.88477919921875 0.21970302734375 0.87026220703125 0.21873525390625
0 0.906358984375 0.1112193359375 0.9392123046875 0.1123794921875 0.9400390625 0.124150390625 0.940399609375 0.1547982421875 0.8914291015625 0.155766015625 0.89007421875 0.1559595703125 0.8894935546875 0.1228609375 0.9040357421875 0.1221484375 0.906358984375 0.1112193359375
0 0.9934375 0.1240625 0.9934189453125 0.12469404296875 0.99438681640625 0.16030888671875 0.94638408203125 0.15953466796875 0.94483564453125 0.15024384765625 0.945078125 0.123515625 0.9934375 0.1240625
0 0.99851875 0.11931923828125 0.9936125 0.11946787109375 0.99345703125 0.12357421875 0.945078125 0.12302734375 0.94541630859375 0.08520791015625 0.959658203125 0.08501953125 0.9607396484375 0.08522578125 0.975673828125 0.0842578125 0.99851875 0.084423046875 0.99851875 0.11931923828125
0 0.97174033203125 0.06836826171875 0.97326171875 0.08392578125 0.96077001953125 0.08473447265625 0.9601171875 0.084609375 0.95954609375 0.06643271484375 0.97115966796875 0.06623916015625 0.97174033203125 0.06836826171875
0 0.86809794921875 0.25996708984375 0.8661623046875 0.2588056640625 0.865581640625 0.2504826171875 0.8653880859375 0.240417578125 0.92790771484375 0.23596572265625 0.9323595703125 0.23596572265625 0.934488671875 0.25512802734375 0.906809765625 0.25745078125 0.90642265625 0.2566765625 0.86809794921875 0.25996708984375
0 0.95564775390625 0.1637775390625 0.9705103515625 0.16392919921875 0.97066201171875 0.1754552734375 0.95534443359375 0.17500029296875 0.95564775390625 0.1637775390625
0 0.90553076171875 0.030830078125 0.90533720703125 0.050573046875 0.900691796875 0.05173447265625 0.876496875 0.05328291015625 0.87339990234375 0.03470126953125 0.87398056640625 0.02734599609375 0.884045703125 0.02715244140625 0.8865619140625 0.02812021484375 0.90514365234375 0.02908798828125 0.90553076171875 0.030830078125
0 0.9070703125 8.69140625e-06 0.9046025390625 0.008196875 0.89842666015625 0.01066728515625 0.89867373046875 0.0198076171875 0.8794048828125 0.019560546875 0.8794048828125 0.0042443359375 0.87471123046875 0.003997265625 0.87446474609375 9.1796875e-06 0.9070703125 8.69140625e-06
0 0.94576494140625 8.0078125e-06 0.94428330078125 0.01856328125 0.92550859375 0.01930439453125 0.92526171875 8.3984375e-06 0.94576494140625 8.0078125e-06
0 0.15714951171875 0.55888466796875 0.19782158203125 0.559515234375 0.19687568359375 0.57780185546875 0.1590412109375 0.57748662109375 0.15841064453125 0.57307255859375 0.15746474609375 0.56266806640625 0.15714951171875 0.55888466796875
0 0.21628076171875 0.6750384765625 0.22460380859375 0.6746513671875 0.23099130859375 0.6761998046875 0.23099130859375 0.69652353515625 0.21647431640625 0.69574931640625 0.21550654296875 0.68994248046875 0.21589365234375 0.6777482421875 0.21628076171875 0.6750384765625
0 0.52500634765625 0.50800615234375 0.53178095703125 0.50800615234375 0.53197451171875 0.51826474609375 0.52481279296875 0.51826474609375 0.52461923828125 0.50878037109375 0.52500634765625 0.50800615234375
0 0.131662890625 0.29752021484375 0.1314693359375 0.29577822265625 0.1306951171875 0.2770029296875 0.14076015625 0.276809375 0.14192158203125 0.29752021484375 0.131662890625 0.29752021484375
0 0.0684267578125 0.231109765625 0.076097265625 0.23632568359375 0.08395654296875 0.340096484375 0.06596923828125 0.34269990234375 0.0684267578125 0.231109765625
0 0.1872017578125 9.08203125e-06 0.18769580078125 0.12767451171875 0.156322265625 0.11235830078125 0.09900986328125 0.08172578125 0.098762890625 0.03330673828125 0.1014802734375 0.03231865234375 0.14965224609375 0.05578701171875 0.14891123046875 8.49609375e-06 0.1872017578125 9.08203125e-06
0 0.40075390625 0.0322228515625 0.40099677734375 0.03330419921875 0.4009296875 0.03330419921875 0.40250615234375 0.1584732421875 0.287294921875 0.16029296875 0.2848548828125 0.0291072265625 0.40075390625 0.0322228515625
0 0.51224111328125 0.01126650390625 0.530027734375 0.009290234375 0.54583798828125 0.01101943359375 0.548061328125 0.04387529296875 0.5470732421875 0.0540037109375 0.5189111328125 0.05474482421875 0.5134763671875 0.0515333984375 0.5115 0.0149720703125 0.51224111328125 0.01126650390625
0 0.5609978515625 0.0121708984375 0.57889365234375 0.0083794921875 0.594514453125 0.011867578125 0.59587939453125 0.0182373046875 0.59769931640625 0.05357373046875 0.5954244140625 0.0552419921875 0.56797421875 0.057365234375 0.562514453125 0.0516021484375 0.56084619140625 0.0139908203125 0.5609978515625 0.0121708984375
0 0.61566376953125 0.01104365234375 0.7209599609375 0.01162431640625 0.730761328125 0.01187119140625 0.73116142578125 0.0124427734375 0.73102509765625 0.05207822265625 0.72250849609375 0.05207822265625 0.618180078125 0.05188466796875 0.61488955078125 0.0472392578125 0.61430888671875 0.01201142578125 0.61566376953125 0.01104365234375
0 0.50924912109375 0.05595244140625 0.56305859375 0.05537177734375 0.56789755859375 0.0594365234375 0.56828466796875 0.09911611328125 0.5473802734375 0.10047099609375 0.5473802734375 0.096019140625 0.54350908203125 0.0962126953125 0.54273486328125 0.10008388671875 0.53460537109375 0.10027744140625 0.53460537109375 0.0962126953125 0.5289921875 0.0962126953125 0.5287986328125 0.10047099609375 0.50982978515625 0.10027744140625 0.50847490234375 0.096793359375 0.50866845703125 0.05711376953125 0.50924912109375 0.05595244140625
0 0.603074609375 0.05566015625 0.6512466796875 0.0554130859375 0.6524818359375 0.09987958984375 0.59418134765625 0.09987958984375 0.59393427734375 0.05788349609375 0.6008513671875 0.0554130859375 0.603074609375 0.05566015625
0 0.6806666015625 0.05576826171875 0.737237890625 0.05527421875 0.73773193359375 0.1004818359375 0.6781962890625 0.09949365234375 0.679184375 0.05725048828125 0.6806666015625 0.05576826171875
0 0.7441517578125 0.04972978515625 0.8081326171875 0.04972978515625 0.8078986328125 0.0748455078125 0.81105146484375 0.07516083984375 0.81105146484375 0.0909251953125 0.809159765625 0.09187109375 0.80884443359375 0.1139412109375 0.81105146484375 0.11551767578125 0.81105146484375 0.1233998046875 0.80852919921875 0.124345703125 0.80758330078125 0.149883984375 0.7757392578125 0.15146044921875 0.74263408203125 0.1486228515625 0.7429494140625 0.05246015625 0.7441517578125 0.04972978515625
0 0.7385427734375 0.120813671875 0.738103125 0.18865400390625 0.73461904296875 0.19213798828125 0.69745576171875 0.19175087890625 0.69745576171875 0.12206962890625 0.69886318359375 0.1213943359375 0.707744140625 0.1210546875 0.71023115234375 0.12131591796875 0.72660615234375 0.12059873046875 0.72673828125 0.120498046875 0.7385427734375 0.120813671875
0 0.72419921875 0.12021484375 0.71024560546875 0.12082646484375 0.70912177734375 0.120712890625 0.70912177734375 0.109780859375 0.7230580078125 0.10939365234375 0.72419921875 0.12021484375
0 0.60007265625 0.1345998046875 0.65763203125 0.1345998046875 0.6561498046875 0.179807421875 0.642562890625 0.1800544921875 0.64033955078125 0.17684296875 0.6339166015625 0.1770900390625 0.63465771484375 0.1800544921875 0.6228 0.1800544921875 0.62205888671875 0.17783115234375 0.61489482421875 0.17659599609375 0.61316552734375 0.1800544921875 0.59809638671875 0.178572265625 0.5985904296875 0.1345998046875 0.60007265625 0.1345998046875
0 0.49915966796875 0.1346720703125 0.5572130859375 0.13393095703125 0.55746015625 0.176915234375 0.5490609375 0.17642109375 0.54856689453125 0.17864443359375 0.50879404296875 0.178150390625 0.5083 0.1766681640625 0.498171484375 0.1766681640625 0.49743037109375 0.1359072265625 0.49915966796875 0.1346720703125
0 0.4919564453125 0.19300791015625 0.73701533203125 0.204275 0.73379619140625 0.24773369140625 0.4863228515625 0.23485703125 0.48838134765625 0.192809765625 0.4919564453125 0.19300791015625
0 0.7991203125 0.20153564453125 0.7991203125 0.22673330078125 0.807470703125 0.2274609375 0.80819248046875 0.2458763671875 0.80857421875 0.248427734375 0.80826064453125 0.2484724609375 0.80924873046875 0.25613056640625 0.75613603515625 0.2623064453125 0.7551478515625 0.26008310546875 0.7413138671875 0.2593419921875 0.7415029296875 0.2157232421875 0.7749107421875 0.21388740234375 0.7751578125 0.20104150390625 0.7991203125 0.20153564453125
0 0.82184755859375 0.2287095703125 0.8216005859375 0.24649619140625 0.8090625 0.248349609375 0.808679296875 0.24583046875 0.80796875 0.2275 0.82184755859375 0.2287095703125
0 0.80419921875 1.005859375e-05 0.80528984375 0.01091650390625 0.780727734375 0.011189453125 0.779909765625 1.03515625e-05 0.80419921875 1.005859375e-05
0 0.7777947265625 0.00964140625 0.7782396484375 0.02002275390625 0.7663751953125 0.02002275390625 0.76711669921875 0.009196484375 0.7777947265625 0.00964140625
0 0.78999990234375 0.010921875 0.80437705078125 0.0113376953125 0.80479296875 0.0188828125 0.7898810546875 0.01876396484375 0.78999990234375 0.010921875
