0 0.1960658203125 0.07327880859375 0.246108203125 0.05960263671875 0.24338759765625 0.0507796875 0.25791943359375 0.047028125 0.260716796875 0.0568052734375 0.2644466796875 0.05804853515625 0.27385263671875 0.088779296875 0.256558984375 0.09417578125 0.25729775390625 0.09659052734375 0.23678349609375 0.10280693359375 0.23585107421875 0.099387890625 0.20632294921875 0.10746923828125 0.2035255859375 0.1062259765625 0.1960658203125 0.07327880859375
0 0.41003818359375 0.02677958984375 0.43465361328125 0.019146875 0.43637099609375 0.02487138671875 0.47434375 0.01323154296875 0.4772060546875 0.01494892578125 0.48178564453125 0.03040517578125 0.48044990234375 0.032694921875 0.4195791015625 0.0513951171875 0.4149994140625 0.0487236328125 0.41003818359375 0.02677958984375
0 0.54136708984375 1.142578125e-05 0.54286123046875 0.0046447265625 0.54222626953125 0.007671875 0.5311625 0.01096103515625 0.52795400390625 1.15234375e-05 0.54136708984375 1.142578125e-05
0 0.6761845703125 1.07421875e-05 0.6757328125 0.0133853515625 0.643344921875 0.012539453125 0.64353818359375 1.09375e-05 0.6761845703125 1.07421875e-05
0 0.5344888671875 0.01786376953125 0.5516826171875 0.01322890625 0.554822265625 0.0147240234375 0.5557193359375 0.01786376953125 0.558410546875 0.0171162109375 0.566783203125 0.0491115234375 0.5652880859375 0.05195224609375 0.54465556640625 0.05748408203125 0.5344888671875 0.01786376953125
0 0.14593330078125 0.24542451171875 0.1545201171875 0.240844921875 0.167495703125 0.2402724609375 0.1707396484375 0.241608203125 0.17818154296875 0.287213671875 0.155092578125 0.29236572265625 0.1526119140625 0.29007587890625 0.14593330078125 0.24542451171875
0 0.33123671875 0.23025380859375 0.32636591796875 0.22124296875 0.3285578125 0.20882255859375 0.34195234375 0.2054130859375 0.34365703125 0.19981171875 0.354859765625 0.1971328125 0.3582693359375 0.20078583984375 0.373612109375 0.19810693359375 0.37823935546875 0.202490625 0.38067470703125 0.21953818359375 0.33123671875 0.23025380859375
0 0.228165234375 0.47485078125 0.26075859375 0.46498310546875 0.26359931640625 0.46677724609375 0.2681896484375 0.48381103515625 0.2540306640625 0.488238671875 0.25477822265625 0.4911474609375 0.24431240234375 0.49428720703125 0.2432658203125 0.49129697265625 0.23115546875 0.4947357421875 0.22607216796875 0.48516708984375 0.228165234375 0.47485078125
0 0.350687109375 0.36369130859375 0.3604052734375 0.36294375 0.36324599609375 0.36503681640625 0.364890625 0.4104880859375 0.36369453125 0.41183369140625 0.35367734375 0.41213271484375 0.35173369140625 0.41033857421875 0.350687109375 0.36369130859375
0 0.3221990234375 0.30987578125 0.3324353515625 0.3077671875 0.3345931640625 0.3091126953125 0.34281630859375 0.352171875 0.331453515625 0.35426494140625 0.3287623046875 0.35232138671875 0.3221990234375 0.30987578125
0 0.37644033203125 0.25549970703125 0.37524423828125 0.24204375 0.394381640625 0.2396515625 0.3949796875 0.2463794921875 0.39692333984375 0.247874609375 0.40395029296875 0.246678515625 0.40813662109375 0.24951923828125 0.40933271484375 0.26731103515625 0.37898203125 0.26970322265625 0.37554326171875 0.262676171875 0.37644033203125 0.25549970703125
0 0.45535419921875 0.28777421875 0.4595521484375 0.32479287109375 0.4313111328125 0.3278458984375 0.427685546875 0.29044560546875 0.45535419921875 0.28777421875
0 0.4262251953125 0.368970703125 0.46591533203125 0.35904814453125 0.468205078125 0.368207421875 0.4668693359375 0.370115625 0.42832421875 0.38022890625 0.4262251953125 0.368970703125
0 0.4318181640625 0.4064673828125 0.4322771484375 0.39453505859375 0.47642646484375 0.393722265625 0.47679365234375 0.40665087890625 0.433562109375 0.407660546875 0.4318181640625 0.4064673828125
0 0.340184765625 0.5481271484375 0.355641015625 0.54354755859375 0.35850322265625 0.54450166015625 0.368044140625 0.5771314453125 0.3497255859375 0.58323759765625 0.340184765625 0.5481271484375
0 0.41250517578125 0.53913447265625 0.41468095703125 0.52607998046875 0.44047919921875 0.51924189453125 0.44141162109375 0.5251474609375 0.4432765625 0.52452587890625 0.446384765625 0.54286435546875 0.4165458984375 0.55001328125 0.41250517578125 0.53913447265625
0 0.34039443359375 0.70169443359375 0.342259375 0.689883203125 0.44296572265625 0.6619091796875 0.44731728515625 0.664706640625 0.45135791015625 0.6824234375 0.34723251953125 0.7125732421875 0.34039443359375 0.70169443359375
0 0.4417224609375 0.7094650390625 0.46223671875 0.703559375 0.46783154296875 0.70635673828125 0.4933189453125 0.79649521484375 0.46876396484375 0.80426572265625 0.4417224609375 0.7094650390625
0 0.34536767578125 0.73681728515625 0.36588193359375 0.73060087890625 0.36961171875 0.7315333984375 0.39727490234375 0.8229150390625 0.37147666015625 0.8303748046875 0.34536767578125 0.73681728515625
0 0.18114013671875 0.76196103515625 0.19668125 0.75823115234375 0.19543798828125 0.75356884765625 0.2507642578125 0.7395818359375 0.2513859375 0.74269013671875 0.2641296875 0.7395818359375 0.26848115234375 0.759163671875 0.25325087890625 0.7628935546875 0.25231845703125 0.759163671875 0.204141015625 0.7706640625 0.2050734375 0.775948046875 0.18424833984375 0.78092119140625 0.18114013671875 0.76196103515625
0 0.18477197265625 0.79664541015625 0.20684033203125 0.7954021484375 0.211502734375 0.79757783203125 0.215543359375 0.869377734375 0.19005595703125 0.87031025390625 0.18477197265625 0.79664541015625
0 0.2689375 0.82247216796875 0.28598505859375 0.82198515625 0.2884205078125 0.8239333984375 0.28939462890625 0.8516966796875 0.27259052734375 0.851940234375 0.26991162109375 0.8490177734375 0.2689375 0.82247216796875
0 0.26876181640625 0.9475177734375 0.27899033203125 0.94556943359375 0.280938671875 0.9475177734375 0.28824482421875 0.98429189453125 0.27704208984375 0.98648369140625 0.26876181640625 0.9475177734375
0 0.310406640625 0.93461025390625 0.32014814453125 0.93241845703125 0.32331416015625 0.93436669921875 0.332812109375 0.97552451171875 0.3245318359375 0.97771630859375 0.32112236328125 0.97552451171875 0.310406640625 0.93461025390625
0 0.35570458984375 0.91780615234375 0.364958984375 0.91512724609375 0.370316796875 0.9175626953125 0.38298076171875 0.96334765625 0.37080390625 0.96700068359375 0.3678814453125 0.96505244140625 0.35570458984375 0.91780615234375
0 0.3984796875 0.9102412109375 0.40897470703125 0.90756982421875 0.412791015625 0.910050390625 0.42195029296875 0.94745068359375 0.40821142578125 0.95107626953125 0.3984796875 0.9102412109375
1 0.45133623046875 0.8957390625 0.4608771484375 0.89344931640625 0.46488427734375 0.8963115234375 0.473089453125 0.93294853515625 0.4603046875 0.93600166015625 0.45133623046875 0.8957390625
1 0.4914080078125 0.8816185546875 0.49980400390625 0.87856552734375 0.5041927734375 0.880664453125 0.51678671875 0.9268423828125 0.5045744140625 0.930849609375 0.4914080078125 0.8816185546875
0 0.520929296875 0.93637060546875 0.53047021484375 0.93350830078125 0.53447734375 0.93541650390625 0.54554482421875 0.97777802734375 0.53180595703125 0.98025869140625 0.520929296875 0.93637060546875
0 0.482193359375 0.95106357421875 0.4913525390625 0.94877373046875 0.4944056640625 0.95068193359375 0.50356494140625 0.9865556640625 0.491925 0.98922705078125 0.482193359375 0.95106357421875
0 0.4352521484375 0.96079521484375 0.4461287109375 0.9594595703125 0.448991015625 0.96232177734375 0.4562912109375 0.99901142578125 0.4439236328125 0.99901142578125 0.4352521484375 0.96079521484375
0 0.386478515625 0.99901123046875 0.38182314453125 0.9819677734375 0.390982421875 0.9792962890625 0.39403544921875 0.9812044921875 0.39966171875 0.99901123046875 0.386478515625 0.99901123046875
0 0.562239453125 0.86247451171875 0.5690775390625 0.86092041015625 0.57342900390625 0.86402861328125 0.58244287109375 0.90536796875 0.57249658203125 0.90723291015625 0.562239453125 0.86247451171875
0 0.61911982421875 0.90536796875 0.656729296875 0.89666494140625 0.6604591796875 0.89821904296875 0.66201328125 0.9069220703125 0.6216064453125 0.9165576171875 0.61911982421875 0.90536796875
0 0.6778927734375 0.85472177734375 0.683044921875 0.850523828125 0.6918224609375 0.851287109375 0.6948755859375 0.864453515625 0.681518359375 0.86903310546875 0.6778927734375 0.85472177734375
0 0.69428310546875 0.8453033203125 0.70267529296875 0.84343837890625 0.70422939453125 0.83628955078125 0.7203921875 0.83255966796875 0.72163544921875 0.838465234375 0.72536533203125 0.8375328125 0.728784375 0.8527630859375 0.72660859375 0.853384765625 0.73127099609375 0.8726556640625 0.73002763671875 0.8748314453125 0.71168916015625 0.878561328125 0.706716015625 0.85556044921875 0.6967697265625 0.857425390625 0.69428310546875 0.8453033203125
0 0.72380703125 0.828231640625 0.73337568359375 0.82598896484375 0.7347212890625 0.8315208984375 0.725003125 0.83421201171875 0.72380703125 0.828231640625
0 0.78468427734375 0.8291185546875 0.7845216796875 0.81856708984375 0.82115869140625 0.80826298828125 0.82325771484375 0.8103619140625 0.828028125 0.8292529296875 0.78948291015625 0.8405111328125 0.78468427734375 0.8291185546875
0 0.8394771484375 0.80864453125 0.84577412109375 0.80769052734375 0.84730068359375 0.80158427734375 0.8602763671875 0.7991037109375 0.86180283203125 0.80158427734375 0.874396875 0.798912890625 0.87764072265625 0.80196591796875 0.88012138671875 0.81780380859375 0.843866015625 0.8269630859375 0.8396115234375 0.817369140625 0.8394771484375 0.80864453125
0 0.88878935546875 0.79385341796875 0.89103193359375 0.78338759765625 0.89521826171875 0.7820419921875 0.89506875 0.7797994140625 0.902843359375 0.77815478515625 0.90329189453125 0.7803974609375 0.90912275390625 0.77964990234375 0.91271103515625 0.782341015625 0.9155517578125 0.79654453125 0.89282607421875 0.80117939453125 0.88878935546875 0.79385341796875
0 0.81777119140625 0.899826171875 0.8418814453125 0.89349423828125 0.84553447265625 0.8951990234375 0.846995703125 0.90201806640625 0.8199630859375 0.908837109375 0.81777119140625 0.899826171875
0 0.88234521484375 0.9078095703125 0.88187666015625 0.9046435546875 0.8884521484375 0.90342587890625 0.89234873046875 0.9238830078125 0.882995703125 0.9249650390625 0.87996689453125 0.90829658203125 0.88234521484375 0.9078095703125
0 0.9227005859375 0.89528505859375 0.92554130859375 0.89692958984375 0.92838193359375 0.910385546875 0.9173181640625 0.912777734375 0.91417841796875 0.89722861328125 0.9227005859375 0.89528505859375
0 0.94008037109375 0.90964326171875 0.93324228515625 0.8813583984375 0.954378125 0.875763671875 0.95531064453125 0.88104765625 0.9907443359375 0.8720337890625 0.99323095703125 0.87483115234375 0.99727158203125 0.894723828125 0.94008037109375 0.90964326171875
0 0.85015244140625 0.85460478515625 0.86031923828125 0.85131552734375 0.863309375 0.86133271484375 0.85314267578125 0.86462197265625 0.85015244140625 0.85460478515625
0 0.9753994140625 0.8135173828125 0.98617685546875 0.81082294921875 0.9895740234375 0.8244119140625 0.97832802734375 0.82710625 0.9753994140625 0.8135173828125
0 0.9478900390625 0.7406939453125 0.95475947265625 0.73687763671875 0.96754423828125 0.73935830078125 0.9717421875 0.7611115234375 0.97021572265625 0.76321044921875 0.95151552734375 0.76664521484375 0.9478900390625 0.7406939453125
0 0.892093359375 0.67438505859375 0.8930474609375 0.66446259765625 0.91365576171875 0.65892880859375 0.9212884765625 0.65988291015625 0.9243416015625 0.67324013671875 0.9231966796875 0.68068203125 0.9035423828125 0.68716982421875 0.89839033203125 0.6839259765625 0.89630703125 0.68426630859375 0.892093359375 0.67438505859375
0 0.76171396484375 0.70622451171875 0.76993701171875 0.70443037109375 0.76993701171875 0.70293525390625 0.7742728515625 0.70203818359375 0.774571875 0.70323427734375 0.77965517578125 0.7021876953125 0.7842900390625 0.70383232421875 0.7902705078125 0.73463154296875 0.77232919921875 0.7394158203125 0.76171396484375 0.7246142578125 0.76171396484375 0.70622451171875
0 0.6800810546875 0.701290625 0.711179296875 0.6912734375 0.71372099609375 0.69904794921875 0.70893662109375 0.70024404296875 0.709983203125 0.7039818359375 0.70699296875 0.70487890625 0.7150666015625 0.73253837890625 0.70953466796875 0.733883984375 0.71058125 0.73732265625 0.715365625 0.73582763671875 0.71940244140625 0.74943310546875 0.7156646484375 0.7507787109375 0.71730927734375 0.756310546875 0.69712529296875 0.7628890625 0.6800810546875 0.701290625
0 0.65121318359375 0.72648125 0.65883828125 0.72214541015625 0.6703505859375 0.7213978515625 0.6733408203125 0.72304248046875 0.67887275390625 0.7433759765625 0.6757330078125 0.744273046875 0.67648056640625 0.74741279296875 0.65838974609375 0.75384169921875 0.65121318359375 0.72648125
0 0.6539982421875 0.66796748046875 0.66179140625 0.6657755859375 0.658625390625 0.6518939453125 0.65424169921875 0.652624609375 0.65278056640625 0.646292578125 0.6449873046875 0.64775380859375 0.64206484375 0.63435927734375 0.68492744140625 0.62388720703125 0.6893111328125 0.6411783203125 0.67786484375 0.6443443359375 0.6807873046875 0.657982421875 0.69052880859375 0.6555470703125 0.6946689453125 0.67283818359375 0.68711923828125 0.6747865234375 0.69028525390625 0.68671982421875 0.67080224609375 0.69159052734375 0.6695845703125 0.6876939453125 0.6647138671875 0.68891162109375 0.66300908203125 0.68160556640625 0.65765126953125 0.68306669921875 0.6539982421875 0.66796748046875
0 0.62524658203125 0.64737783203125 0.6260666015625 0.6416376953125 0.6369611328125 0.63812333984375 0.64035830078125 0.64737783203125 0.6390697265625 0.6503064453125 0.62794091796875 0.65382080078125 0.62524658203125 0.64737783203125
0 0.509384375 0.57578076171875 0.52674873046875 0.57005625 0.5339998046875 0.57368173828125 0.535335546875 0.5822685546875 0.51262822265625 0.58951962890625 0.509384375 0.57578076171875
0 0.60405849609375 0.488726953125 0.62519443359375 0.48251044921875 0.6273701171875 0.49152431640625 0.63327578125 0.4902810546875 0.63762724609375 0.5048896484375 0.632343359375 0.50675458984375 0.63887060546875 0.5282013671875 0.63731650390625 0.530687890625 0.61711298828125 0.5365935546875 0.60405849609375 0.488726953125
0 0.50469072265625 0.563773828125 0.49847431640625 0.55444912109375 0.49940673828125 0.54450283203125 0.5233400390625 0.5370431640625 0.529245703125 0.5569357421875 0.50469072265625 0.563773828125
4 0.2429876953125 0.53228095703125 0.244510546875 0.53813818359375 0.24322197265625 0.54024677734375 0.211709765625 0.54809560546875 0.20983544921875 0.5407154296875 0.2429876953125 0.53228095703125
0 0.70362490234375 0.322364453125 0.69875419921875 0.3006896484375 0.708495703125 0.295575390625 0.7267609375 0.29387060546875 0.7377201171875 0.3391685546875 0.7318751953125 0.34038623046875 0.73966845703125 0.374237890625 0.711174609375 0.38105693359375 0.70338134765625 0.34817939453125 0.696805859375 0.3493970703125 0.6912044921875 0.33795087890625 0.6938833984375 0.3252869140625 0.70362490234375 0.322364453125
0 0.6964283203125 0.23539140625 0.7088611328125 0.23197236328125 0.7132126953125 0.24658095703125 0.71228017578125 0.24813505859375 0.700158203125 0.251243359375 0.6964283203125 0.23539140625
0 0.68938671875 0.10167080078125 0.69644697265625 0.09976259765625 0.69663779296875 0.09422890625 0.7193451171875 0.08831357421875 0.7193451171875 0.0921298828125 0.74205244140625 0.08564208984375 0.74510556640625 0.08716865234375 0.7494943359375 0.10434228515625 0.7476111328125 0.10498662109375 0.74815859375 0.1073953125 0.74625048828125 0.107776953125 0.74682294921875 0.110066796875 0.75560048828125 0.1073953125 0.75941689453125 0.12037099609375 0.75789033203125 0.1228515625 0.7351830078125 0.12914853515625 0.73117587890625 0.11407392578125 0.7380453125 0.1121658203125 0.7374728515625 0.1104484375 0.72473154296875 0.1141609375 0.724497265625 0.11769951171875 0.6956837890625 0.125523046875 0.68747861328125 0.11121171875 0.68938671875 0.10167080078125
0 0.77021689453125 0.08325458984375 0.77937607421875 0.08020146484375 0.77842197265625 0.077530078125 0.79445068359375 0.07256875 0.8047548828125 0.10767919921875 0.8032283203125 0.11054150390625 0.77918525390625 0.1172201171875 0.77021689453125 0.08325458984375
0 0.81176279296875 0.05593642578125 0.81804228515625 0.0513015625 0.83045166015625 0.049507421875 0.8332923828125 0.05967412109375 0.83673115234375 0.05877705078125 0.8409173828125 0.07327958984375 0.8374787109375 0.074326171875 0.8386748046875 0.07970859375 0.83792724609375 0.08225029296875 0.81893935546875 0.08748310546875 0.81176279296875 0.05593642578125
0 0.87181748046875 0.04949501953125 0.87410732421875 0.0391908203125 0.8918533203125 0.03384794921875 0.8914716796875 0.0275509765625 0.90139423828125 0.02583359375 0.90177587890625 0.03079482421875 0.91837705078125 0.02583359375 0.9239107421875 0.03041318359375 0.92906279296875 0.06132568359375 0.909026953125 0.0674318359375 0.9086453125 0.06456962890625 0.906737109375 0.06514208984375 0.9054013671875 0.056364453125 0.8916625 0.06037158203125 0.88994521484375 0.0546470703125 0.8779236328125 0.0580818359375 0.87181748046875 0.04949501953125
0 0.94203837890625 0.0275509765625 0.9534875 0.0256427734375 0.9656998046875 0.02106318359375 0.969325390625 0.0399541015625 0.9676080078125 0.0422439453125 0.94509150390625 0.04644189453125 0.94203837890625 0.0275509765625
0 0.92583251953125 0.06490771484375 0.9351021484375 0.0620669921875 0.93824189453125 0.063562109375 0.93973701171875 0.0710376953125 0.9280751953125 0.07477548828125 0.92583251953125 0.06490771484375
0 0.96733017578125 0.16259013671875 0.9650875 0.1533205078125 0.9846734375 0.1468916015625 0.987663671875 0.15616123046875 0.96733017578125 0.16259013671875
0 0.9590857421875 0.2690484375 0.97929931640625 0.26442119140625 0.98270888671875 0.2763544921875 0.9863619140625 0.27538037109375 0.9917197265625 0.3011953125 0.96809658203125 0.307040234375 0.9590857421875 0.2690484375
0 0.9576986328125 0.2533078125 0.9630810546875 0.25166318359375 0.96517412109375 0.25824169921875 0.95964228515625 0.26033486328125 0.9576986328125 0.2533078125
0 0.9168822265625 0.23641318359375 0.9280955078125 0.23432001953125 0.9298896484375 0.24463623046875 0.9286935546875 0.246280859375 0.91837734375 0.2477759765625 0.9156861328125 0.24164599609375 0.9168822265625 0.23641318359375
0 0.9094232421875 0.28067763671875 0.9057701171875 0.268013671875 0.92647080078125 0.2624123046875 0.938160546875 0.31038916015625 0.8977333984375 0.3206177734375 0.8892095703125 0.28676611328125 0.9094232421875 0.28067763671875
0 0.80461259765625 0.32701787109375 0.808752734375 0.31581513671875 0.8443091796875 0.30485595703125 0.84674453125 0.31581513671875 0.8518587890625 0.32458251953125 0.8138669921875 0.3387076171875 0.80461259765625 0.32701787109375
0 0.71218662109375 0.19621416015625 0.71291728515625 0.18476787109375 0.7190056640625 0.18330673828125 0.7194927734375 0.1791666015625 0.72899072265625 0.17721826171875 0.72923427734375 0.1808712890625 0.74433359375 0.17697470703125 0.74969140625 0.19597060546875 0.71778798828125 0.20473798828125 0.71218662109375 0.19621416015625
0 0.76381650390625 0.17941005859375 0.7738015625 0.1786794921875 0.77453212890625 0.192317578125 0.76479072265625 0.19304814453125 0.76381650390625 0.17941005859375
0 0.7833923828125 0.14751630859375 0.79167265625 0.14751630859375 0.79191611328125 0.15555302734375 0.783148828125 0.15555302734375 0.7833923828125 0.14751630859375
0 0.7810861328125 0.4479041015625 0.7780330078125 0.42824990234375 0.79825966796875 0.42481513671875 0.80131279296875 0.42729580078125 0.80264853515625 0.4360734375 0.807228125 0.4355009765625 0.81028125 0.45496435546875 0.78299423828125 0.45916240234375 0.7810861328125 0.4479041015625
0 0.82650078125 0.42863154296875 0.82821806640625 0.4192814453125 0.83741865234375 0.41616142578125 0.8364232421875 0.41164873046875 0.84462841796875 0.40974052734375 0.84596416015625 0.41374775390625 0.85640791015625 0.4115876953125 0.86294697265625 0.4376 0.85130703125 0.44160712890625 0.84978046875 0.437218359375 0.8341333984375 0.44179794921875 0.82650078125 0.42863154296875
0 0.8420240234375 0.45575009765625 0.85042001953125 0.45384189453125 0.85251904296875 0.46414609375 0.84374140625 0.46605419921875 0.8420240234375 0.45575009765625
0 0.91825390625 0.3818765625 0.92064609375 0.39009970703125 0.9369427734375 0.38546484375 0.94082998046875 0.38770751953125 0.94411923828125 0.40071494140625 0.93739130859375 0.40265859375 0.9393349609375 0.4105826171875 0.9363447265625 0.41133017578125 0.942474609375 0.432859765625 0.9409794921875 0.4355509765625 0.9161607421875 0.44242841796875 0.9091337890625 0.4162640625 0.907040625 0.416862109375 0.9043494140625 0.406246875 0.9007611328125 0.40744296875 0.8971728515625 0.393687890625 0.90225625 0.3923423828125 0.90061162109375 0.3863619140625 0.91825390625 0.3818765625
0 0.99841240234375 0.43156796875 0.9901798828125 0.43412744140625 0.98729111328125 0.4243259765625 0.98131669921875 0.4256146484375 0.97768515625 0.4101513671875 0.996194140625 0.40464560546875 0.99525693359375 0.40124833984375 0.9984125 0.4003130859375 0.99841240234375 0.43156796875
0 0.94472333984375 0.4864296875 0.94396005859375 0.48185009765625 0.94090703125 0.48242255859375 0.9386171875 0.4726908203125 0.942051953125 0.4715458984375 0.93928759765625 0.4569583984375 0.95865302734375 0.45284580078125 0.96189697265625 0.45475400390625 0.96323271484375 0.4618142578125 0.96495 0.4616234375 0.9670490234375 0.471355078125 0.9704837890625 0.4709734375 0.97410927734375 0.4896736328125 0.97296435546875 0.4915818359375 0.93327431640625 0.49997783203125 0.93117529296875 0.4894828125 0.94472333984375 0.4864296875
0 0.9794111328125 0.4836365234375 0.98763427734375 0.4818423828125 0.99032548828125 0.48348701171875 0.99197001953125 0.4914111328125 0.98135478515625 0.4936537109375 0.9794111328125 0.4836365234375
0 0.9615615234375 0.50576416015625 0.98015869140625 0.5008302734375 0.985092578125 0.503521484375 0.9877837890625 0.5153328125 0.99197001953125 0.51428623046875 0.99436220703125 0.52430341796875 0.98912939453125 0.52549951171875 0.99107294921875 0.533124609375 0.989876953125 0.53536728515625 0.976719921875 0.53850693359375 0.96974501953125 0.54053779296875 0.9615615234375 0.50576416015625
0 0.847434765625 0.55035888671875 0.84426123046875 0.53766455078125 0.86409609375 0.53250751953125 0.868459765625 0.5356810546875 0.87639365234375 0.56821015625 0.85338525390625 0.57376396484375 0.85021171875 0.55987958984375 0.840691015625 0.562259765625 0.83831083984375 0.5527390625 0.847434765625 0.55035888671875
0 0.8875671875 0.6307357421875 0.89481826171875 0.6295908203125 0.897298828125 0.63168984375 0.8986345703125 0.64123076171875 0.88947529296875 0.64256640625 0.8875671875 0.6307357421875
0 0.58914599609375 0.5207017578125 0.59811435546875 0.517839453125 0.60059501953125 0.52814365234375 0.5914357421875 0.5304333984375 0.58914599609375 0.5207017578125
0 0.4931373046875 0.92415087890625 0.49971279296875 0.92244619140625 0.501417578125 0.9295087890625 0.49484208984375 0.930969921875 0.4931373046875 0.92415087890625
0 0.83126025390625 0.09736806640625 0.83905341796875 0.09517626953125 0.8410017578125 0.10345654296875 0.832721484375 0.10564833984375 0.83126025390625 0.09736806640625
0 0.991492578125 0.4570486328125 0.9970939453125 0.455100390625 0.99841240234375 0.45929912109375 0.99841240234375 0.46488544921875 0.994171484375 0.46630302734375 0.991492578125 0.4570486328125
0 0.96572177734375 0.0891853515625 0.98451259765625 0.08472646484375 0.98897138671875 0.10096943359375 0.97018056640625 0.10638369140625 0.96572177734375 0.0891853515625
0 0.97451044921875 0.10545244140625 0.992741015625 0.10024365234375 0.9981029296875 0.1270533203125 0.9801787109375 0.13149609375 0.97451044921875 0.10545244140625
