3 0.9763720703125 0.32194091796875 0.98698095703125 0.32235693359375 0.98698095703125 0.33837421875 0.9763720703125 0.3381662109375 0.9763720703125 0.32194091796875
2 0.9233279296875 0.30654765625 0.947041796875 0.31258017578125 0.942257421875 0.33171767578125 0.91771142578125 0.3258931640625 0.9233279296875 0.30654765625
3 0.8166486328125 0.31728857421875 0.82997998046875 0.3152005859375 0.83206796875 0.33318974609375 0.81889736328125 0.3355990234375 0.8166486328125 0.31728857421875
3 0.91029375 0.402561328125 0.9381921875 0.40376015625 0.93742939453125 0.41661953125 0.9143259765625 0.41498486328125 0.9146529296875 0.41193349609375 0.90931298828125 0.41149755859375 0.91029375 0.402561328125
3 0.82984970703125 0.297609765625 0.83655302734375 0.29971650390625 0.8332013671875 0.30852646484375 0.82707265625 0.30622822265625 0.82984970703125 0.297609765625
3 0.7077978515625 0.16992412109375 0.7207662109375 0.1650201171875 0.7267599609375 0.18103994140625 0.7132466796875 0.1860529296875 0.7077978515625 0.16992412109375
3 0.6631251953125 0.1120625 0.68055361328125 0.11196669921875 0.6799791015625 0.1286291015625 0.662837890625 0.12786298828125 0.6631251953125 0.1120625
3 0.64579619140625 0.10627109375 0.656221875 0.10701044921875 0.6553345703125 0.11595732421875 0.644687109375 0.11492216796875 0.64579619140625 0.10627109375
3 0.59185908203125 0.15394140625 0.606989453125 0.15022080078125 0.61046201171875 0.16336689453125 0.59452734375 0.167365625 0.59185908203125 0.15394140625
2 0.543297265625 0.14736162109375 0.55044091796875 0.14701923828125 0.55044091796875 0.1455404296875 0.55606044921875 0.1450228515625 0.55620830078125 0.14650166015625 0.56057080078125 0.146205859375 0.5615994140625 0.16033203125 0.54318212890625 0.16153076171875 0.543297265625 0.14736162109375
3 0.52281240234375 0.1528466796875 0.5327294921875 0.1519748046875 0.5328384765625 0.1602572265625 0.5230130859375 0.16105458984375 0.52281240234375 0.1528466796875
3 0.42120908203125 0.11606005859375 0.4384478515625 0.11432373046875 0.43906787109375 0.12808994140625 0.4223251953125 0.12970224609375 0.42120908203125 0.11606005859375
3 0.4535349609375 0.1198666015625 0.46181728515625 0.12095634765625 0.4601826171875 0.1304375 0.45190029296875 0.1291296875 0.4535349609375 0.1198666015625
3 0.38664150390625 0.0966923828125 0.40640078125 0.098809375 0.40498935546875 0.1139111328125 0.3845244140625 0.1120763671875 0.38664150390625 0.0966923828125
2 0.3648494140625 0.0970982421875 0.379104296875 0.0961103515625 0.3793865234375 0.1092361328125 0.36611962890625 0.110365234375 0.3648494140625 0.0970982421875
1 0.40776015625 0.2238830078125 0.414162109375 0.22334599609375 0.41403212890625 0.2213318359375 0.423973046875 0.22100693359375 0.42413583984375 0.23605068359375 0.408261328125 0.23679482421875 0.40776015625 0.2238830078125
3 0.4021279296875 0.24235234375 0.417359765625 0.24213056640625 0.41706396484375 0.252334375 0.40168427734375 0.25240830078125 0.4021279296875 0.24235234375
3 0.18881005859375 0.01189677734375 0.1970455078125 0.003661328125 0.203748828125 0.01074765625 0.1950345703125 0.01879150390625 0.18881005859375 0.01189677734375
3 0.16486572265625 0.02465009765625 0.18252021484375 0.01527802734375 0.18938583984375 0.02868232421875 0.1710775390625 0.03870830078125 0.16486572265625 0.02465009765625
2 0.120683203125 0.0564400390625 0.1389529296875 0.063805078125 0.1339287109375 0.0756232421875 0.11691513671875 0.0679728515625 0.120683203125 0.0564400390625
3 0.10422978515625 0.047717578125 0.111794921875 0.04206767578125 0.1173490234375 0.0505904296875 0.10959248046875 0.05633603515625 0.10422978515625 0.047717578125
2 0.8032658203125 0.6589228515625 0.80661435546875 0.647141015625 0.824101171875 0.652721875 0.82050458984375 0.66450380859375 0.8032658203125 0.6589228515625
3 0.801850390625 0.59291630859375 0.8183060546875 0.59389716796875 0.81797919921875 0.61667353515625 0.8015234375 0.6161287109375 0.801850390625 0.59291630859375
1 0.8983423828125 0.57881591796875 0.89288544921875 0.59270615234375 0.88110361328125 0.58625712890625 0.88718056640625 0.57249091796875 0.8983423828125 0.57881591796875
3 0.4016755859375 0.72077177734375 0.415937890625 0.72126787109375 0.4155658203125 0.73491005859375 0.40128486328125 0.73436884765625 0.4016755859375 0.72077177734375
3 0.42617060546875 0.72917451171875 0.43402294921875 0.72946181640625 0.433544140625 0.73817607421875 0.42559599609375 0.737697265625 0.42617060546875 0.72917451171875
3 0.58789267578125 0.7136041015625 0.597772265625 0.72306025390625 0.58944521484375 0.73364560546875 0.5794244140625 0.72306025390625 0.58789267578125 0.7136041015625
3 0.7402607421875 0.73475556640625 0.74478935546875 0.73439853515625 0.74478935546875 0.7329103515625 0.75322265625 0.732786328125 0.753966796875 0.744940234375 0.7406966796875 0.7458083984375 0.7402607421875 0.73475556640625
1 0.88353232421875 0.75383173828125 0.89556220703125 0.75432783203125 0.89531416015625 0.76772197265625 0.88291220703125 0.76697783203125 0.88353232421875 0.75383173828125
2 0.705115625 0.8021189453125 0.71386689453125 0.79294697265625 0.7234595703125 0.8016140625 0.71437177734375 0.81112265625 0.705115625 0.8021189453125
2 0.9848603515625 0.806651171875 0.98322568359375 0.82572236328125 0.9700392578125 0.8248505859375 0.97221884765625 0.80534345703125 0.9848603515625 0.806651171875
3 0.94857587890625 0.803534375 0.96127822265625 0.804945703125 0.9608548828125 0.8091798828125 0.9672060546875 0.8096033203125 0.966076953125 0.82555185546875 0.94561201171875 0.82357587890625 0.94857587890625 0.803534375
3 0.980086328125 0.826337890625 0.98846787109375 0.83303017578125 0.9829451171875 0.84102177734375 0.97475849609375 0.8336798828125 0.980086328125 0.826337890625
3 0.7653443359375 0.91077578125 0.76557265625 0.89730185546875 0.778190234375 0.8970734375 0.77784765625 0.911175390625 0.7653443359375 0.91077578125
4 0.94785869140625 0.99900087890625 0.9500748046875 0.98942373046875 0.9722333984375 0.9952103515625 0.9707904296875 0.9990005859375 0.94785869140625 0.99900087890625
4 0.76224658203125 0.9990025390625 0.76399541015625 0.9900380859375 0.7837537109375 0.99484853515625 0.78256943359375 0.99900244140625 0.76224658203125 0.9990025390625
2 0.8698525390625 0.88163984375 0.8854779296875 0.889721875 0.8751427734375 0.90885556640625 0.888273046875 0.91737255859375 0.87549765625 0.9358259765625 0.8641951171875 0.93040166015625 0.84910859375 0.92178076171875 0.8698525390625 0.88163984375
2 0.84450830078125 0.93669228515625 0.85456162109375 0.94071357421875 0.848346875 0.9584439453125 0.8381107421875 0.95423984375 0.84450830078125 0.93669228515625
3 0.18363037109375 0.1550978515625 0.181381640625 0.1705171875 0.1691716796875 0.16975107421875 0.171583984375 0.1542947265625 0.18363037109375 0.1550978515625
3 0.8807904296875 0.5352513671875 0.9080140625 0.54448369140625 0.9032794921875 0.56484228515625 0.87321513671875 0.55489970703125 0.8807904296875 0.5352513671875
