2 0.017470703125 0.263701171875 0.01724658203125 0.3355685546875 -0.0 0.3348970703125 -0.0 0.262998046875 0.017470703125 0.263701171875
2 0.017557421875 0.2354837890625 0.017470703125 0.263212890625 -0.0 0.262509765625 -0.0 0.23514716796875 0.017557421875 0.2354837890625
2 -0.0 0.16640654296875 0.019140234375 0.16635908203125 0.01719189453125 0.23162705078125 -0.0 0.23157412109375 -0.0 0.16640654296875
2 0.01980361328125 0.0768736328125 0.0213904296875 0.140741796875 -0.0 0.1413923828125 -0.0 0.077976171875 0.01980361328125 0.0768736328125
2 0.00296640625 7.51953125e-06 0.021621875 4.970703125e-05 0.02064765625 0.05460205078125 -0.0 0.05392978515625 -0.00035107421875 7.421875e-06 0.00296640625 7.51953125e-06
2 0.1084490234375 0.207053515625 0.0985546875 0.2076953125 0.09864697265625 0.204708984375 0.09212890625 0.2042578125 0.09246064453125 0.17750712890625 0.10978466796875 0.17712548828125 0.1084490234375 0.207053515625
2 0.28240576171875 1.181640625e-05 0.28270439453125 0.010227734375 0.2701455078125 0.01037724609375 0.26730478515625 0.00125703125 0.2616234375 0.00110751953125 0.26356708984375 0.00918115234375 0.248616015625 0.0093306640625 0.24697333984375 1.142578125e-05 0.28240576171875 1.181640625e-05
2 0.243534375 0.01698818359375 0.247732421875 0.01679736328125 0.2486865234375 0.01775146484375 0.249258984375 0.01756064453125 0.2494498046875 0.01660654296875 0.25975390625 0.01660654296875 0.2605171875 0.02023212890625 0.263951953125 0.02023212890625 0.2645244140625 0.01813310546875 0.27673671875 0.01851474609375 0.277118359375 0.029009765625 0.28436943359375 0.0292005859375 0.28525732421875 0.04966123046875 0.246007421875 0.0497859375 0.243534375 0.01698818359375
2 0.22242412109375 0.049512890625 0.2341138671875 0.04999990234375 0.23387041015625 0.05584482421875 0.26553017578125 0.05584482421875 0.26650439453125 0.09091416015625 0.22802548828125 0.09359306640625 0.22826904296875 0.089696484375 0.2285125 0.07776318359375 0.2350880859375 0.07776318359375 0.23581865234375 0.07411015625 0.231678515625 0.0728923828125 0.228999609375 0.06656044921875 0.22266767578125 0.06631689453125 0.22242412109375 0.049512890625
2 0.24525791015625 0.132133203125 0.2471228515625 0.09887529296875 0.28317822265625 0.098564453125 0.28162412109375 0.1333765625 0.24525791015625 0.132133203125
2 0.23853359375 0.1349630859375 0.26410498046875 0.135206640625 0.26532275390625 0.1398337890625 0.26897578125 0.1398337890625 0.2692193359375 0.14446103515625 0.2665404296875 0.14738349609375 0.26678388671875 0.15201064453125 0.279204296875 0.15249775390625 0.280178515625 0.1724677734375 0.24608330078125 0.17222421875 0.24559619140625 0.15249775390625 0.23780302734375 0.15225419921875 0.23853359375 0.1349630859375
2 0.2380291015625 0.17665888671875 0.27447529296875 0.177612890625 0.27504775390625 0.18848955078125 0.2679875 0.18848955078125 0.268369140625 0.1940232421875 0.2773375 0.1932599609375 0.2782916015625 0.1932599609375 0.282298828125 0.20127431640625 0.282298828125 0.2113876953125 0.25501181640625 0.21196015625 0.25539345703125 0.20318251953125 0.24566181640625 0.20299169921875 0.24566181640625 0.19077939453125 0.2380291015625 0.19077939453125 0.2380291015625 0.17665888671875
2 0.229694921875 0.2209998046875 0.2453935546875 0.22070078125 0.24883232421875 0.22070078125 0.24972939453125 0.2233919921875 0.26094267578125 0.2233919921875 0.26228828125 0.221298828125 0.2697638671875 0.221298828125 0.2709599609375 0.2328111328125 0.2761927734375 0.2334091796875 0.27708984375 0.250901953125 0.25705537109375 0.25105146484375 0.25541083984375 0.250901953125 0.255261328125 0.24746318359375 0.25182255859375 0.24746318359375 0.25182255859375 0.25164951171875 0.23732001953125 0.25164951171875 0.23761904296875 0.23550234375 0.22924638671875 0.23535283203125 0.229694921875 0.2209998046875
2 0.2190560546875 0.25470625 0.23080478515625 0.25452265625 0.23076025390625 0.2622375 0.23614072265625 0.26275322265625 0.23648037109375 0.26048125 0.2462646484375 0.26059287109375 0.2463564453125 0.26331904296875 0.2516232421875 0.263023828125 0.25203017578125 0.2607291015625 0.26379111328125 0.26113125 0.26385546875 0.26312314453125 0.279538671875 0.262651953125 0.27917626953125 0.27802001953125 0.263297265625 0.27774462890625 0.26283828125 0.29206337890625 0.23612841796875 0.2909619140625 0.23585302734375 0.2771939453125 0.22924443359375 0.2767349609375 0.22878544921875 0.26572060546875 0.21878076171875 0.26590419921875 0.2190560546875 0.25470625
2 0.2315744140625 0.3004455078125 0.25624375 0.30089404296875 0.2623736328125 0.30732294921875 0.26401826171875 0.31748974609375 0.27358701171875 0.31793828125 0.274035546875 0.33662705078125 0.23037841796875 0.33558046875 0.2315744140625 0.3004455078125
3 0.2440693359375 0.33926845703125 0.27746240234375 0.3409857421875 0.277080859375 0.355487890625 0.26639501953125 0.35510625 0.26525009765625 0.36312060546875 0.27211953125 0.36712783203125 0.2700205078125 0.373997265625 0.2425427734375 0.3741880859375 0.2417794921875 0.3690359375 0.23471923828125 0.3692267578125 0.23452841796875 0.35434296875 0.2417794921875 0.35357978515625 0.2440693359375 0.33926845703125
2 0.353889453125 0.3311232421875 0.35468291015625 0.3204125 0.36063330078125 0.3204125 0.37015400390625 0.32398271484375 0.37015400390625 0.36166884765625 0.3352447265625 0.3624623046875 0.33762490234375 0.33271005859375 0.353889453125 0.3311232421875
2 0.3756271484375 0.3253091796875 0.38116083984375 0.3226376953125 0.3891751953125 0.3260724609375 0.3895568359375 0.337903125 0.39642626953125 0.337903125 0.39776201171875 0.33236943359375 0.4031048828125 0.33103369140625 0.40902021484375 0.33217861328125 0.40787529296875 0.3592748046875 0.3748638671875 0.3581298828125 0.3756271484375 0.3253091796875
2 0.4146572265625 0.32922607421875 0.42332890625 0.3287775390625 0.42377744140625 0.3352064453125 0.42990732421875 0.33550546875 0.43080439453125 0.3239931640625 0.4448583984375 0.3239931640625 0.447549609375 0.3263853515625 0.4466525390625 0.3713880859375 0.41390966796875 0.370491015625 0.4146572265625 0.32922607421875
2 0.457060546875 0.342669140625 0.46842333984375 0.3423701171875 0.4685728515625 0.32726953125 0.48083271484375 0.32726953125 0.4815802734375 0.3281666015625 0.48382294921875 0.32861513671875 0.484271484375 0.35612509765625 0.48143076171875 0.35672314453125 0.48202880859375 0.36973056640625 0.4797861328125 0.36973056640625 0.47933759765625 0.377056640625 0.467077734375 0.37720615234375 0.4667787109375 0.37122568359375 0.4633400390625 0.37167421875 0.46363896484375 0.3637501953125 0.45750908203125 0.363451171875 0.457060546875 0.342669140625
2 0.49075078125 0.32501103515625 0.507346484375 0.3248615234375 0.5076455078125 0.33786904296875 0.51781220703125 0.3374205078125 0.51930732421875 0.3408591796875 0.5236431640625 0.34070966796875 0.52349365234375 0.36493046875 0.52439072265625 0.36627607421875 0.524540234375 0.38496484375 0.507346484375 0.3852638671875 0.5070474609375 0.369565234375 0.5100376953125 0.36941572265625 0.51018720703125 0.36149169921875 0.490152734375 0.3613421875 0.49075078125 0.32501103515625
2 0.546450390625 0.3414205078125 0.5466412109375 0.32882646484375 0.56076171875 0.32806318359375 0.5609525390625 0.36679921875 0.527941015625 0.3666083984375 0.52832265625 0.33455107421875 0.53633701171875 0.33283369140625 0.5414890625 0.33416943359375 0.541107421875 0.3418021484375 0.546450390625 0.3414205078125
2 0.5701900390625 0.33339755859375 0.58114921875 0.33364111328125 0.5813927734375 0.32779619140625 0.5867505859375 0.326578515625 0.586994140625 0.31634990234375 0.5979533203125 0.31683701171875 0.59673564453125 0.32730908203125 0.59941455078125 0.3290138671875 0.5979533203125 0.36895400390625 0.58650712890625 0.36846689453125 0.58480234375 0.37723427734375 0.5701900390625 0.377477734375 0.5706771484375 0.35994306640625 0.5684853515625 0.3584818359375 0.56945947265625 0.3487404296875 0.5731125 0.3477662109375 0.5733560546875 0.34654853515625 0.56945947265625 0.3450873046875 0.5701900390625 0.33339755859375
2 0.60734677734375 0.34600791015625 0.62127646484375 0.34562626953125 0.62127646484375 0.32940673828125 0.63616025390625 0.33036083984375 0.63673271484375 0.36127333984375 0.63444287109375 0.36108251953125 0.6343720703125 0.37850205078125 0.60839921875 0.37675712890625 0.60734677734375 0.34600791015625
2 0.64411611328125 0.33060751953125 0.65652548828125 0.33270068359375 0.656675 0.34286748046875 0.66041279296875 0.34271796875 0.66130986328125 0.32791640625 0.678055078125 0.3286638671875 0.67790556640625 0.35677197265625 0.66863583984375 0.3563234375 0.6681873046875 0.364546484375 0.65652548828125 0.364546484375 0.6551798828125 0.37411513671875 0.64351806640625 0.37381611328125 0.64411611328125 0.33060751953125
2 0.682410546875 0.33297021484375 0.69736162109375 0.3331197265625 0.69781015625 0.3468748046875 0.7090234375 0.3479212890625 0.7090234375 0.37543134765625 0.68106494140625 0.3752818359375 0.68136396484375 0.36287236328125 0.686447265625 0.36257333984375 0.686447265625 0.35823759765625 0.6821115234375 0.3586861328125 0.682410546875 0.33297021484375
2 0.72251962890625 0.3252345703125 0.744925 0.31744140625 0.7646515625 0.37223720703125 0.73615771484375 0.3824658203125 0.7264162109375 0.34763994140625 0.72982568359375 0.343743359375 0.72251962890625 0.3252345703125
2 0.78086181640625 0.32172626953125 0.78544140625 0.316192578125 0.7818158203125 0.31123125 0.78906689453125 0.30340771484375 0.81062939453125 0.32115380859375 0.79078427734375 0.34748662109375 0.76344814453125 0.327555078125 0.771893359375 0.314284375 0.78086181640625 0.32172626953125
2 0.77304169921875 0.25510859375 0.80859814453125 0.2548650390625 0.80859814453125 0.27361748046875 0.8124947265625 0.2741044921875 0.8178525390625 0.29090859375 0.7874103515625 0.29090859375 0.7874103515625 0.28652490234375 0.78765390625 0.28433310546875 0.7852185546875 0.28408955078125 0.7825396484375 0.2723998046875 0.77304169921875 0.27264326171875 0.77304169921875 0.25510859375
2 0.77340419921875 0.217683984375 0.78641162109375 0.212899609375 0.79807353515625 0.2184314453125 0.801063671875 0.22575751953125 0.80420341796875 0.22994384765625 0.80539951171875 0.2416056640625 0.79867158203125 0.2419046875 0.7985220703125 0.24504443359375 0.79986767578125 0.2486326171875 0.79717646484375 0.2510248046875 0.78686015625 0.24549296875 0.78357099609375 0.24564248046875 0.777441015625 0.25117431640625 0.77370322265625 0.25072578125 0.77340419921875 0.217683984375
2 0.77410224609375 0.1756248046875 0.77694287109375 0.1741296875 0.78023212890625 0.17293369140625 0.78681064453125 0.1727841796875 0.78815625 0.1750267578125 0.792791015625 0.1756248046875 0.79443564453125 0.1768208984375 0.79892099609375 0.17667138671875 0.79951904296875 0.1892302734375 0.80654599609375 0.189529296875 0.8066955078125 0.19685537109375 0.80041611328125 0.1970048828125 0.80041611328125 0.2005931640625 0.8002666015625 0.21075986328125 0.7748498046875 0.2094142578125 0.77470029296875 0.19446318359375 0.77664384765625 0.19446318359375 0.77664384765625 0.18624013671875 0.7742517578125 0.18564208984375 0.77410224609375 0.1756248046875
2 0.7773619140625 0.137372265625 0.79036943359375 0.13213935546875 0.80098466796875 0.135578125 0.80098466796875 0.138568359375 0.81279599609375 0.13841884765625 0.8147396484375 0.15292138671875 0.8041244140625 0.15232333984375 0.80591845703125 0.1594998046875 0.803825390625 0.17295576171875 0.77556787109375 0.17086259765625 0.7773619140625 0.137372265625
2 0.83081826171875 1.044921875e-05 0.83081826171875 0.02436904296875 0.80963046875 0.02388193359375 0.80889990234375 0.03216220703125 0.79477470703125 0.0316751953125 0.79453115234375 0.0017201171875 0.8018373046875 0.00245068359375 0.8025646484375 1.083984375e-05 0.83081826171875 1.044921875e-05
2 0.787468359375 1.103515625e-05 0.7872365234375 0.0104498046875 0.778042578125 0.01020625 0.7778431640625 0.01876279296875 0.76731708984375 0.0195375 0.7666796875 0.0268828125 0.753621875 0.0279501953125 0.7526431640625 1.142578125e-05 0.787468359375 1.103515625e-05
2 0.73033798828125 1.162109375e-05 0.73033798828125 0.00119140625 0.7399439453125 0.0017771484375 0.740646875 0.0034171875 0.74521552734375 0.00318291015625 0.74498125 0.03158291015625 0.72612080078125 0.03109736328125 0.7257693359375 0.0356322265625 0.71510908203125 0.0357494140625 0.71440625 0.01735751953125 0.7171005859375 0.01724033203125 0.71721767578125 0.01431171875 0.7149919921875 0.01419462890625 0.7149919921875 1.181640625e-05 0.73033798828125 1.162109375e-05
2 0.707862890625 1.181640625e-05 0.7084607421875 0.03781220703125 0.6758673828125 0.03781220703125 0.6758673828125 0.02091748046875 0.670783984375 0.02031943359375 0.67168056640625 1.2109375e-05 0.707862890625 1.181640625e-05
2 0.63084912109375 0.02729892578125 0.63123056640625 1.240234375e-05 0.66500439453125 1.220703125e-05 0.66366982421875 0.01527744140625 0.64935849609375 0.01565908203125 0.64859521484375 0.0185212890625 0.64401552734375 0.0185212890625 0.64325224609375 0.02729892578125 0.63084912109375 0.02729892578125
2 0.6211875 1.25e-05 0.621950390625 0.02434384765625 0.5923736328125 0.02358056640625 0.59294580078125 1.259765625e-05 0.6211875 1.25e-05
2 0.5715208984375 1.26953125e-05 0.5771119140625 0.00685166015625 0.57638134765625 0.013670703125 0.579547265625 0.013670703125 0.5797908203125 0.024386328125 0.5520275390625 0.0246298828125 0.55129736328125 1.26953125e-05 0.5715208984375 1.26953125e-05
2 0.54278271484375 1.279296875e-05 0.54354462890625 0.007023046875 0.53247724609375 0.007023046875 0.53228642578125 0.01503740234375 0.5204556640625 0.01541904296875 0.5204556640625 0.0245783203125 0.508243359375 0.0253416015625 0.5093876953125 1.279296875e-05 0.54278271484375 1.279296875e-05
2 0.50235048828125 1.279296875e-05 0.50249990234375 0.015723828125 0.4848576171875 0.01587333984375 0.48411005859375 0.02050810546875 0.4772326171875 0.02050810546875 0.47708310546875 0.0142287109375 0.47289677734375 0.01407919921875 0.466766796875 0.01378017578125 0.467065625 1.279296875e-05 0.50235048828125 1.279296875e-05
2 0.457766796875 1.279296875e-05 0.4576498046875 0.01616533203125 0.42941767578125 0.01686826171875 0.42941767578125 0.00527080078125 0.4302376953125 0.0051537109375 0.4302376953125 1.26953125e-05 0.457766796875 1.279296875e-05
2 0.41816123046875 1.26953125e-05 0.417458984375 0.0145310546875 0.40105859375 0.014999609375 0.39988720703125 0.0181625 0.38571259765625 0.01909970703125 0.3858296875 0.00972802734375 0.3874697265625 0.0096109375 0.38782119140625 0.006213671875 0.38606396484375 0.004222265625 0.38606396484375 1.25e-05 0.41816123046875 1.26953125e-05
2 0.38157265625 1.25e-05 0.3806216796875 0.00377939453125 0.37375224609375 0.00416103515625 0.37394306640625 0.0072140625 0.3790951171875 0.007595703125 0.378904296875 0.01446513671875 0.34398466796875 0.01522841796875 0.3453193359375 1.23046875e-05 0.38157265625 1.25e-05
2 0.3383607421875 0.03843232421875 0.3741607421875 0.03940654296875 0.3741607421875 0.0805642578125 0.358330859375 0.08007724609375 0.3585744140625 0.067900390625 0.33763017578125 0.06668271484375 0.3383607421875 0.03843232421875
2 0.38051796875 0.04312763671875 0.38643330078125 0.04102861328125 0.38853232421875 0.04160107421875 0.38929560546875 0.04446337890625 0.394829296875 0.04408173828125 0.3938751953125 0.04980625 0.3982640625 0.050951171875 0.3984548828125 0.05362265625 0.40169873046875 0.05362265625 0.40169873046875 0.0503787109375 0.4093314453125 0.0499970703125 0.4108580078125 0.054004296875 0.41562841796875 0.0538134765625 0.41448349609375 0.084153515625 0.40704169921875 0.0839626953125 0.397119140625 0.0839626953125 0.3969283203125 0.0778564453125 0.39444765625 0.07232275390625 0.38815068359375 0.07365849609375 0.38204453125 0.07365849609375 0.38051796875 0.04312763671875
2 0.42086904296875 0.0501240234375 0.45480791015625 0.0501240234375 0.454957421875 0.0756904296875 0.4491265625 0.0770359375 0.44837900390625 0.08062421875 0.44269755859375 0.08017568359375 0.44239853515625 0.071205078125 0.436119140625 0.07045751953125 0.43686669921875 0.07718544921875 0.4346240234375 0.0839134765625 0.4186263671875 0.08301640625 0.42086904296875 0.0501240234375
2 0.458889453125 0.0437849609375 0.46830869140625 0.0431869140625 0.46920576171875 0.05185849609375 0.4787744140625 0.05155947265625 0.47952197265625 0.05305458984375 0.4817646484375 0.05365263671875 0.48266171875 0.06292236328125 0.4893896484375 0.06262333984375 0.49028671875 0.086096484375 0.47742880859375 0.08534892578125 0.47533564453125 0.0745841796875 0.4727939453125 0.0745841796875 0.472494921875 0.07742490234375 0.47070087890625 0.0775744140625 0.46980380859375 0.07996650390625 0.45873994140625 0.08026552734375 0.458889453125 0.0437849609375
2 0.527329296875 0.0436388671875 0.52694765625 0.087526953125 0.4962259765625 0.087526953125 0.4969546875 0.07406328125 0.49937197265625 0.07428046875 0.49892509765625 0.0707056640625 0.4976541015625 0.07078203125 0.4977525390625 0.0579501953125 0.50137802734375 0.0579501953125 0.50175966796875 0.05298896484375 0.497180078125 0.05222568359375 0.4977525390625 0.0436388671875 0.527329296875 0.0436388671875
2 0.53384931640625 0.04802822265625 0.55956513671875 0.0475796875 0.559415625 0.04892529296875 0.56958232421875 0.0484767578125 0.57018037109375 0.0550552734375 0.5691337890625 0.055354296875 0.568834765625 0.06013857421875 0.56928330078125 0.09273193359375 0.54924892578125 0.09332998046875 0.5485013671875 0.085405859375 0.533998828125 0.08525634765625 0.53384931640625 0.04802822265625
2 0.57195009765625 0.05738076171875 0.5777810546875 0.05738076171875 0.57793056640625 0.05857685546875 0.58989140625 0.05842734375 0.59004091796875 0.05065283203125 0.59886201171875 0.05080234375 0.6002076171875 0.06096904296875 0.60663662109375 0.06081953125 0.608879296875 0.08967509765625 0.591685546875 0.08877802734375 0.59123701171875 0.08474130859375 0.57195009765625 0.083395703125 0.57195009765625 0.05738076171875
2 0.60993896484375 0.06050654296875 0.63042197265625 0.06020751953125 0.6308705078125 0.06140361328125 0.63535576171875 0.06170263671875 0.6444759765625 0.061553125 0.64686806640625 0.08831552734375 0.61083603515625 0.08682041015625 0.60993896484375 0.06050654296875
2 0.648461328125 0.05836103515625 0.66131337890625 0.05836103515625 0.661462890625 0.05626787109375 0.6677423828125 0.05626787109375 0.66848994140625 0.06015517578125 0.681048828125 0.0594076171875 0.6815328125 0.08706123046875 0.6488626953125 0.0869373046875 0.648461328125 0.05836103515625
2 0.68701015625 0.05528447265625 0.69989619140625 0.0549330078125 0.7028248046875 0.05680732421875 0.70903359375 0.05645595703125 0.70961923828125 0.0570416015625 0.712079296875 0.0570416015625 0.7126650390625 0.0556359375 0.71852236328125 0.0559873046875 0.71910810546875 0.0572759765625 0.72227099609375 0.0570416015625 0.7215681640625 0.08585947265625 0.71582802734375 0.08421943359375 0.71313369140625 0.085039453125 0.71325078125 0.08691376953125 0.706690625 0.087265234375 0.70657353515625 0.08515654296875 0.70376201171875 0.08480517578125 0.7041134765625 0.08738232421875 0.70259052734375 0.0886708984375 0.69497607421875 0.08902236328125 0.69497607421875 0.08632802734375 0.6875958984375 0.08574228515625 0.68701015625 0.05528447265625
2 0.80595087890625 0.08799970703125 0.80345390625 0.090502734375 0.8001076171875 0.09371484375 0.81035703125 0.1021701171875 0.80175810546875 0.11213212890625 0.793328515625 0.122503515625 0.778578125 0.11016103515625 0.77214912109375 0.11494541015625 0.760478515625 0.103427734375 0.7737013671875 0.084402734375 0.7809853515625 0.0841361328125 0.78180537109375 0.090344921875 0.787076953125 0.08987626953125 0.78721591796875 0.0844068359375 0.7898515625 0.0845376953125 0.79487265625 0.07908095703125 0.79932412109375 0.08294677734375 0.80201845703125 0.08036953125 0.80564296875 0.08480615234375 0.80595087890625 0.08799970703125
2 0.75585244140625 0.0697931640625 0.7557029296875 0.0763716796875 0.75944072265625 0.07562412109375 0.76625 0.08126953125 0.77013671875 0.086044921875 0.7596875 0.103818359375 0.75360986328125 0.1088154296875 0.72654833984375 0.081903515625 0.7438916015625 0.063065234375 0.75585244140625 0.0697931640625
2 0.33879599609375 0.15648876953125 0.35119912109375 0.15629794921875 0.35119912109375 0.1608775390625 0.3588318359375 0.160305078125 0.3588318359375 0.15152744140625 0.373715625 0.15114580078125 0.3754330078125 0.18644716796875 0.36627373046875 0.18701962890625 0.36627373046875 0.190454296875 0.348909375 0.1908359375 0.34910009765625 0.18472978515625 0.33822353515625 0.18530224609375 0.33879599609375 0.15648876953125
2 0.3777228515625 0.150191796875 0.388026953125 0.1492376953125 0.39623212890625 0.1496193359375 0.39756787109375 0.15381728515625 0.404246484375 0.15400810546875 0.41378740234375 0.15534384765625 0.41531396484375 0.17690625 0.41264248046875 0.177287890625 0.41283330078125 0.188927734375 0.39451474609375 0.1895001953125 0.3931791015625 0.18263076171875 0.3784861328125 0.18282158203125 0.3777228515625 0.150191796875
2 0.418045703125 0.152780078125 0.4322203125 0.15242861328125 0.4323375 0.1582859375 0.43702333984375 0.15816875 0.4383119140625 0.1521943359375 0.44686357421875 0.1533658203125 0.4481521484375 0.1793720703125 0.4165228515625 0.17960634765625 0.418045703125 0.152780078125
2 0.45425595703125 0.152201171875 0.46397412109375 0.1465197265625 0.46875849609375 0.15085556640625 0.4689080078125 0.1664046875 0.47144970703125 0.16625517578125 0.472197265625 0.15519140625 0.47922421875 0.154593359375 0.479822265625 0.1572845703125 0.4855037109375 0.15683603515625 0.4872978515625 0.154593359375 0.489839453125 0.15444384765625 0.49163359375 0.15922822265625 0.4936439453125 0.15988701171875 0.49376923828125 0.16645390625 0.493325390625 0.16961044921875 0.491931640625 0.17002734375 0.4919326171875 0.171787109375 0.492231640625 0.18464501953125 0.45455498046875 0.1856916015625 0.45425595703125 0.152201171875
2 0.50738642578125 0.15821376953125 0.510423828125 0.1581966796875 0.51052587890625 0.15663095703125 0.52529228515625 0.15634599609375 0.52554208984375 0.15824443359375 0.52792685546875 0.158208984375 0.5278515625 0.182392578125 0.515244140625 0.182138671875 0.5147693359375 0.180040234375 0.51089365234375 0.17987529296875 0.511075 0.18362568359375 0.49408486328125 0.18351484375 0.494345703125 0.15364873046875 0.50720693359375 0.15362783203125 0.50738642578125 0.15821376953125
2 0.53213095703125 0.15475546875 0.5450169921875 0.1552240234375 0.547573046875 0.160372265625 0.5639638671875 0.16074326171875 0.56526015625 0.16352861328125 0.56657177734375 0.1698671875 0.5656345703125 0.186267578125 0.54583701171875 0.18661904296875 0.54630556640625 0.19388203125 0.53646533203125 0.19399921875 0.536816796875 0.18673623046875 0.53049091796875 0.18661904296875 0.52990517578125 0.16775859375 0.53166240234375 0.16529853515625 0.53213095703125 0.15475546875
2 0.57102333984375 0.1540775390625 0.58492783203125 0.154974609375 0.5859744140625 0.15901142578125 0.60361669921875 0.15931044921875 0.60451376953125 0.1887640625 0.5699767578125 0.1878669921875 0.57102333984375 0.1540775390625
2 0.6159818359375 0.15565693359375 0.62869033203125 0.15565693359375 0.63699970703125 0.15581669921875 0.6376609375 0.1635810546875 0.63810947265625 0.1824193359375 0.62928837890625 0.18256884765625 0.628241796875 0.178681640625 0.61732744140625 0.17883115234375 0.61732744140625 0.17643896484375 0.61269267578125 0.176289453125 0.61239365234375 0.172701171875 0.60850634765625 0.17225263671875 0.6080578125 0.15595595703125 0.61209462890625 0.15565693359375 0.6149353515625 0.15954423828125 0.6159818359375 0.15565693359375
2 0.64484375 0.15514462890625 0.6485923828125 0.15514462890625 0.6490609375 0.14963876953125 0.6539810546875 0.149873046875 0.654449609375 0.15549609375 0.654566796875 0.1574875 0.66147841796875 0.15772177734375 0.6617126953125 0.15971328125 0.68162744140625 0.15971328125 0.6824474609375 0.18607099609375 0.64507802734375 0.18724248046875 0.64484375 0.15514462890625
2 0.699828125 0.15809873046875 0.70416396484375 0.1582482421875 0.70416396484375 0.16288310546875 0.7209091796875 0.16318212890625 0.7221052734375 0.18530966796875 0.706787109375 0.18537109375 0.70647783203125 0.182377734375 0.69631025390625 0.1822212890625 0.696103515625 0.185419921875 0.68547509765625 0.1854591796875 0.68577412109375 0.163331640625 0.69085751953125 0.163331640625 0.6907080078125 0.15630458984375 0.699828125 0.15630458984375 0.699828125 0.15809873046875
2 0.68336923828125 0.2645142578125 0.68338154296875 0.2316666015625 0.6907076171875 0.231367578125 0.69055810546875 0.23615185546875 0.693996875 0.23615185546875 0.693996875 0.2324140625 0.716961328125 0.23130283203125 0.71717099609375 0.24183330078125 0.70476162109375 0.24319892578125 0.70474931640625 0.2403705078125 0.69908017578125 0.24093623046875 0.698462109375 0.26457900390625 0.68336923828125 0.2645142578125
2 0.64422666015625 0.22817314453125 0.66698974609375 0.22817314453125 0.66680615234375 0.23175283203125 0.6715791015625 0.23193642578125 0.6716708984375 0.22844853515625 0.67763701171875 0.22936640625 0.6787384765625 0.26158349609375 0.66570478515625 0.26176708984375 0.64486923828125 0.2610328125 0.64422666015625 0.22817314453125
2 0.61018984375 0.261718359375 0.6095841796875 0.237027734375 0.6167984375 0.23684423828125 0.61762451171875 0.24069921875 0.61991923828125 0.24069921875 0.61982744140625 0.23510029296875 0.63524755859375 0.23510029296875 0.634696875 0.24198427734375 0.64194794921875 0.2425349609375 0.64167265625 0.25556865234375 0.63864365234375 0.25566044921875 0.63891904296875 0.262269140625 0.61018984375 0.261718359375
2 0.588535546875 0.23041171875 0.6016638671875 0.230325390625 0.60183662109375 0.23619853515625 0.606155078125 0.23740771484375 0.60632783203125 0.24975869140625 0.602095703125 0.250276953125 0.60226845703125 0.26176416015625 0.5817123046875 0.26055498046875 0.5808486328125 0.25934580078125 0.56823857421875 0.25805029296875 0.568583984375 0.2298935546875 0.5768755859375 0.23015263671875 0.57661640625 0.23507578125 0.58067587890625 0.2348166015625 0.58067587890625 0.23343466796875 0.5881037109375 0.23334833984375 0.588535546875 0.23041171875
2 0.53065498046875 0.2265337890625 0.5317572265625 0.22642353515625 0.54333173828125 0.2265337890625 0.54311123046875 0.22851796875 0.54553642578125 0.22829755859375 0.54553642578125 0.226864453125 0.5642759765625 0.2270849609375 0.5642759765625 0.25673759765625 0.529221875 0.257068359375 0.53065498046875 0.2265337890625
2 0.50372060546875 0.23147255859375 0.51838154296875 0.2319134765625 0.51805087890625 0.24018095703125 0.5249955078125 0.23951953125 0.52367275390625 0.260243359375 0.49302802734375 0.25936142578125 0.49313828125 0.23852744140625 0.501075 0.237866015625 0.50372060546875 0.23147255859375
2 0.357261328125 0.204653125 0.37611494140625 0.2055509765625 0.37629443359375 0.21704267578125 0.3753966796875 0.21704267578125 0.37467841796875 0.219376953125 0.36641875 0.21883828125 0.36641875 0.2270978515625 0.35007900390625 0.22727744140625 0.34918125 0.21542666015625 0.35690224609375 0.21542666015625 0.357261328125 0.204653125
2 0.35080068359375 0.22988681640625 0.35752490234375 0.22955615234375 0.35752490234375 0.23065849609375 0.36656396484375 0.23043798828125 0.367225390625 0.2350677734375 0.3714142578125 0.2350677734375 0.3715244140625 0.2322017578125 0.37295751953125 0.232532421875 0.37361884765625 0.25733486328125 0.34242294921875 0.25777578125 0.3428638671875 0.23628037109375 0.3509109375 0.2356189453125 0.35080068359375 0.22988681640625
2 0.377667578125 0.22714052734375 0.3907515625 0.22657783203125 0.4111513671875 0.22657783203125 0.41087001953125 0.25668505859375 0.39483154296875 0.257810546875 0.394972265625 0.2547154296875 0.37752685546875 0.254996875 0.377667578125 0.22714052734375
2 0.4530279296875 0.218337890625 0.47037119140625 0.21818837890625 0.46887607421875 0.2258134765625 0.47395947265625 0.2264115234375 0.47336142578125 0.22386982421875 0.48666787109375 0.224318359375 0.4886115234375 0.25736015625 0.4536259765625 0.25526708984375 0.4530279296875 0.218337890625
2 0.41578193359375 0.22600712890625 0.43757099609375 0.2256556640625 0.44073388671875 0.23291865234375 0.45115986328125 0.23303583984375 0.45115986328125 0.2572849609375 0.4346423828125 0.2572849609375 0.43475947265625 0.2496705078125 0.41554765625 0.2501390625 0.41578193359375 0.22600712890625
2 0.07452802734375 0.296921484375 0.07662705078125 0.24311083984375 0.09360986328125 0.24444658203125 0.09112919921875 0.297684765625 0.07452802734375 0.296921484375
2 0.04172900390625 0.25923798828125 0.03463984375 0.2452287109375 0.03451142578125 0.23401650390625 0.04271064453125 0.2238501953125 0.05266748046875 0.220362890625 0.0671353515625 0.22138525390625 0.07362314453125 0.23378837890625 0.07419560546875 0.252679296875 0.06169404296875 0.264531640625 0.04172900390625 0.25923798828125
2 0.04052138671875 0.26832421875 0.04632646484375 0.2630267578125 0.057665234375 0.2629283203125 0.0729306640625 0.27380498046875 0.07197666015625 0.2942224609375 0.04982607421875 0.30256328125 0.03822939453125 0.29627822265625 0.03724775390625 0.28887958984375 0.03393310546875 0.2856021484375 0.03695478515625 0.27428876953125 0.04052138671875 0.26832421875
2 0.14121796875 0.28453798828125 0.15088369140625 0.28312353515625 0.15041220703125 0.3107060546875 0.1409822265625 0.3111775390625 0.14121796875 0.28453798828125
2 0.1501763671875 0.2786443359375 0.1419251953125 0.27840859375 0.1414537109375 0.2543623046875 0.15159091796875 0.25506953125 0.15088369140625 0.27699404296875 0.1501763671875 0.2786443359375
2 0.13798798828125 0.23733603515625 0.14681650390625 0.23675712890625 0.14782958984375 0.25021689453125 0.139001171875 0.25065107421875 0.13798798828125 0.23733603515625
2 0.13509765625 0.224638671875 0.13488310546875 0.22974501953125 0.13513671875 0.23357421875 0.12877724609375 0.23382431640625 0.12877724609375 0.22407197265625 0.13490078125 0.2237318359375 0.13509765625 0.224638671875
2 0.1401171875 0.233370703125 0.135625 0.2335546875 0.1353720703125 0.2297388671875 0.135556640625 0.225302734375 0.1401171875 0.225092578125 0.1401171875 0.233370703125
3 0.84395712890625 0.161186328125 0.84308876953125 0.16842275390625 0.833826171875 0.16827802734375 0.834115625 0.160607421875 0.84395712890625 0.161186328125
