3 -0.0 0.75427158203125 0.004546484375 0.74908505859375 0.0177484375 0.74767060546875 0.02953583984375 0.774781640625 0.03660830078125 0.7691236328125 0.0436806640625 0.7832685546875 0.0344865234375 0.78704052734375 0.03071455078125 0.78043955078125 0.012326171875 0.7905767578125 0.00902578125 0.78821923828125 0.00548955078125 0.7896337890625 -0.0 0.7832685546875 -0.0 0.75615751953125 -0.0 0.75427158203125
2 0.05099609375 0.76114716796875 0.07038974609375 0.75883154296875 0.073573828125 0.777791015625 0.0540353515625 0.7808302734375 0.05099609375 0.76114716796875
2 0.07136220703125 0.7481443359375 0.06305009765625 0.74999150390625 0.0604640625 0.734844921875 0.0866935546875 0.73041171875 0.08761708984375 0.7313353515625 0.10054716796875 0.7296728515625 0.1051650390625 0.7553482421875 0.0879865234375 0.75701064453125 0.08909482421875 0.7623673828125 0.07450234375 0.765876953125 0.07191640625 0.7498068359375 0.07136220703125 0.7481443359375
2 0.05990986328125 0.72745634765625 0.05802880859375 0.72681005859375 0.05562744140625 0.7140646484375 0.03678662109375 0.7157271484375 0.0347546875 0.6972556640625 0.03346171875 0.68746572265625 0.06061474609375 0.68358671875 0.0667103515625 0.6858033203125 0.0724365234375 0.69688623046875 0.0881712890625 0.699194921875 0.0966681640625 0.70030322265625 0.0979611328125 0.72671748046875 0.05990986328125 0.72745634765625
2 0.04739580078125 0.6657568359375 0.06087998046875 0.6655720703125 0.05884814453125 0.65966123046875 0.06198828125 0.657998828125 0.06198828125 0.65097958984375 0.05515380859375 0.65097958984375 0.05441494140625 0.64691591796875 0.04794990234375 0.6445146484375 0.0497970703125 0.63398583984375 0.0470263671875 0.63139990234375 0.04813466796875 0.62197939453125 0.0582939453125 0.6229029296875 0.06309658203125 0.62511953125 0.06383544921875 0.627890234375 0.0797208984375 0.63361640625 0.08323046875 0.66317080078125 0.08747890625 0.66317080078125 0.08914130859375 0.68034931640625 0.0462875 0.6842283203125 0.04739580078125 0.6670498046875 0.04739580078125 0.6657568359375
2 0.0663826171875 0.626198828125 0.0746337890625 0.6054529296875 0.0946724609375 0.59955927734375 0.08453525390625 0.56938349609375 0.10103759765625 0.5644328125 0.11565400390625 0.60616015625 0.10103759765625 0.6118181640625 0.10127333984375 0.61464716796875 0.08500673828125 0.63279970703125 0.0663826171875 0.626198828125
2 0.128855859375 0.57622021484375 0.16138916015625 0.5724482421875 0.165868359375 0.5962587890625 0.15620263671875 0.59838046875 0.15337373046875 0.5880076171875 0.13027041015625 0.59130810546875 0.128855859375 0.57622021484375
2 0.1738837890625 0.58376416015625 0.1731765625 0.57904912109375 0.21066044921875 0.5724482421875 0.2191474609375 0.60733896484375 0.20736005859375 0.60898916015625 0.20712421875 0.61676884765625 0.18732138671875 0.618890625 0.18661416015625 0.60875341796875 0.17907021484375 0.60804619140625 0.1738837890625 0.58376416015625
2 0.220326171875 0.596023046875 0.21702568359375 0.56796904296875 0.23871455078125 0.564904296875 0.2429580078125 0.58517861328125 0.25498115234375 0.5825853515625 0.251444921875 0.55453134765625 0.26488251953125 0.55288115234375 0.268890234375 0.58612158203125 0.266061328125 0.587771875 0.26959755859375 0.60781044921875 0.26959755859375 0.60993212890625 0.234942578125 0.61393984375 0.23164208984375 0.59649453125 0.220326171875 0.596023046875
2 0.27222236328125 0.58935166015625 0.26871279296875 0.558504296875 0.27222236328125 0.558504296875 0.27203759765625 0.55591826171875 0.27942626953125 0.55444052734375 0.27998037109375 0.55813486328125 0.28256640625 0.55813486328125 0.28681484375 0.5960013671875 0.27776376953125 0.596740234375 0.27591669921875 0.589536328125 0.27222236328125 0.58935166015625
2 0.30036201171875 0.58228115234375 0.29616484375 0.58199169921875 0.294717578125 0.55608525390625 0.3162822265625 0.55622998046875 0.3197556640625 0.60456943359375 0.304125 0.60427998046875 0.30137509765625 0.58401787109375 0.30036201171875 0.58228115234375
2 0.31850009765625 0.54972724609375 0.3351439453125 0.54972724609375 0.3351439453125 0.56391064453125 0.33963056640625 0.56362119140625 0.33948583984375 0.56173974609375 0.36611591796875 0.56188447265625 0.36756318359375 0.56173974609375 0.3700236328125 0.603855859375 0.3483142578125 0.6037111328125 0.349037890625 0.61123701171875 0.33268349609375 0.61210537109375 0.32993369140625 0.5779494140625 0.32023681640625 0.57650205078125 0.31850009765625 0.54972724609375
2 0.37085302734375 0.59276416015625 0.3691162109375 0.56758134765625 0.37157666015625 0.56642353515625 0.37316865234375 0.5474640625 0.391838671875 0.5505033203125 0.39039140625 0.5610685546875 0.394733203125 0.5617921875 0.3934306640625 0.55889765625 0.42006083984375 0.55701611328125 0.42194228515625 0.5945009765625 0.381562890625 0.596961328125 0.38185234375 0.59421142578125 0.37085302734375 0.59276416015625
2 0.42208701171875 0.5467404296875 0.43540205078125 0.54572734375 0.43612568359375 0.55441103515625 0.42425791015625 0.55571357421875 0.42208701171875 0.5467404296875
2 0.42663515625 0.55824287109375 0.4364767578125 0.55708505859375 0.437200390625 0.55867705078125 0.45760712890625 0.55679560546875 0.45673876953125 0.554624609375 0.47019853515625 0.5527431640625 0.4725142578125 0.58487294921875 0.4247537109375 0.589504296875 0.42171435546875 0.566637109375 0.42663515625 0.564900390625 0.42663515625 0.55824287109375
2 0.4741541015625 0.56901669921875 0.49513974609375 0.5503466796875 0.50266572265625 0.559319921875 0.50773115234375 0.55280712890625 0.51409931640625 0.55729365234375 0.51757275390625 0.562214453125 0.51583603515625 0.56539853515625 0.52654599609375 0.57784521484375 0.50309990234375 0.59969921875 0.47343046875 0.57060869140625 0.4741541015625 0.56901669921875
2 0.53048037109375 0.60472001953125 0.534174609375 0.6049046875 0.5386078125 0.61580283203125 0.55098369140625 0.61247802734375 0.56299013671875 0.6483126953125 0.54470341796875 0.65200693359375 0.541378515625 0.64018525390625 0.52050576171875 0.6468349609375 0.51699619140625 0.636121484375 0.514594921875 0.63630625 0.5109005859375 0.6241150390625 0.5121935546875 0.62319150390625 0.508683984375 0.61321689453125 0.51422548828125 0.6113697265625 0.512932421875 0.60896845703125 0.53048037109375 0.60472001953125
2 0.54922666015625 0.653022265625 0.5643732421875 0.65283759765625 0.56640517578125 0.6694619140625 0.54571708984375 0.67130908203125 0.5488572265625 0.68313076171875 0.5416533203125 0.68664033203125 0.54719482421875 0.69901630859375 0.52743037109375 0.70326474609375 0.51727099609375 0.66410517578125 0.5388826171875 0.658933203125 0.5405451171875 0.66355107421875 0.54848779296875 0.66262744140625 0.54922666015625 0.653022265625
2 0.56291845703125 0.69366572265625 0.57550986328125 0.69656025390625 0.5724705078125 0.7137830078125 0.5598791015625 0.7119015625 0.56494462890625 0.73115048828125 0.56552353515625 0.73274248046875 0.535709375 0.74374189453125 0.523696875 0.7129146484375 0.55105068359375 0.7037966796875 0.55466884765625 0.70683603515625 0.5595896484375 0.70567822265625 0.56205009765625 0.69395517578125 0.56291845703125 0.69366572265625
2 0.54256015625 0.7454005859375 0.58511044921875 0.72832255859375 0.59683349609375 0.76320224609375 0.5658615234375 0.77347802734375 0.5670193359375 0.77680673828125 0.556309375 0.7808591796875 0.54256015625 0.7454005859375
2 0.584013671875 0.85602587890625 0.57736396484375 0.8429111328125 0.5806888671875 0.8399556640625 0.5757015625 0.8292421875 0.585676171875 0.8242548828125 0.5891857421875 0.8292421875 0.60248515625 0.8229619140625 0.61135146484375 0.83644609375 0.60230048828125 0.84161806640625 0.60451708984375 0.846420703125 0.58549140625 0.85602587890625 0.584013671875 0.85602587890625
2 0.58871513671875 0.85743095703125 0.59971455078125 0.87291689453125 0.58538642578125 0.88203486328125 0.57482119140625 0.8664041015625 0.58871513671875 0.85743095703125
2 0.5773751953125 0.87682900390625 0.58494853515625 0.89031318359375 0.57220322265625 0.89733232421875 0.56499931640625 0.88384814453125 0.5773751953125 0.87682900390625
2 0.5548400390625 0.8749818359375 0.55391650390625 0.87904560546875 0.56241337890625 0.89123671875 0.54726669921875 0.9034279296875 0.51955947265625 0.86888623046875 0.548375 0.84708994140625 0.56444521484375 0.86814736328125 0.5548400390625 0.8749818359375
2 0.51734296875 0.8735041015625 0.51900537109375 0.87479716796875 0.5208525390625 0.87405830078125 0.53322841796875 0.8919755859375 0.5023810546875 0.91451083984375 0.48649560546875 0.8949310546875 0.4911134765625 0.89160615234375 0.49351474609375 0.8856953125 0.4979478515625 0.88015390625 0.503119921875 0.88015390625 0.504412890625 0.88181630859375 0.5081072265625 0.879969140625 0.505705859375 0.87812197265625 0.51531103515625 0.87202646484375 0.51734296875 0.8735041015625
2 0.49838115234375 0.92162978515625 0.515884765625 0.91123427734375 0.539975 0.94952890625 0.53067626953125 0.95565244140625 0.52387236328125 0.94850830078125 0.51729521484375 0.95281748046875 0.49838115234375 0.92162978515625
2 0.44129580078125 0.92201884765625 0.45551884765625 0.91389140625 0.46881826171875 0.93402529296875 0.48100947265625 0.9284837890625 0.47288203125 0.91758564453125 0.48470380859375 0.9101970703125 0.49818798828125 0.92959208984375 0.4991115234375 0.9369806640625 0.5020669921875 0.9427068359375 0.46974189453125 0.96247138671875 0.44129580078125 0.92201884765625
2 0.5691138671875 0.9665150390625 0.58255146484375 0.9582638671875 0.59316015625 0.97735947265625 0.58090126953125 0.98513916015625 0.5691138671875 0.9665150390625
2 0.55431845703125 0.9990125 0.57529638671875 0.98596884765625 0.58251748046875 0.98927861328125 0.5890060546875 0.99901240234375 0.55431845703125 0.9990125
2 0.58999736328125 0.96386953125 0.601634375 0.95777392578125 0.61050068359375 0.97199697265625 0.62601669921875 0.964054296875 0.6208447265625 0.95500322265625 0.631558203125 0.9489076171875 0.648551953125 0.98197158203125 0.61310908203125 0.9990123046875 0.608378125 0.9990123046875 0.58999736328125 0.96516259765625 0.58999736328125 0.96386953125
2 0.43759482421875 0.9990125 0.4305828125 0.99368701171875 0.44148095703125 0.9826041015625 0.454595703125 0.9940564453125 0.449512890625 0.99901259765625 0.43759482421875 0.9990125
2 0.41395849609375 0.94325986328125 0.41100302734375 0.93956552734375 0.435016015625 0.9246037109375 0.44960849609375 0.94196689453125 0.44886962890625 0.94603056640625 0.4427740234375 0.95101787109375 0.43889501953125 0.95046376953125 0.42614970703125 0.96117724609375 0.42319423828125 0.95822177734375 0.4178375 0.9613619140625 0.4086017578125 0.9471388671875 0.41395849609375 0.94325986328125
2 0.3748990234375 0.9990123046875 0.36397177734375 0.98380537109375 0.36914375 0.97974169921875 0.366373046875 0.97530849609375 0.37597822265625 0.967919921875 0.38151962890625 0.96348681640625 0.3988828125 0.95037197265625 0.42215693359375 0.98103466796875 0.39764345703125 0.99901240234375 0.3748990234375 0.9990123046875
2 0.33849921875 0.99901201171875 0.352654296875 0.99038212890625 0.360965625 0.99901220703125 0.33849921875 0.99901201171875
2 0.1533330078125 0.676008984375 0.1660052734375 0.67754501953125 0.18290166015625 0.6725529296875 0.1848216796875 0.6786970703125 0.1901978515625 0.6786970703125 0.18866181640625 0.66832880859375 0.206326171875 0.6667927734375 0.20786220703125 0.68599326171875 0.19365390625 0.688297265625 0.19787802734375 0.70826572265625 0.1660052734375 0.71632998046875 0.16254921875 0.70788173828125 0.15870908203125 0.705577734375 0.1533330078125 0.676008984375
2 0.2202623046875 0.67963994140625 0.22506494140625 0.676869140625 0.225249609375 0.674283203125 0.232453515625 0.67446787109375 0.2317146484375 0.67225126953125 0.2359630859375 0.67169716796875 0.24464462890625 0.67225126953125 0.24464462890625 0.67372900390625 0.25702060546875 0.67465263671875 0.257759375 0.69072275390625 0.2616384765625 0.69090751953125 0.26182314453125 0.70919423828125 0.2542498046875 0.7090095703125 0.24630712890625 0.7075318359375 0.24556826171875 0.7119650390625 0.233746484375 0.713812109375 0.2344853515625 0.7097484375 0.2245107421875 0.7077166015625 0.223956640625 0.70088212890625 0.2211859375 0.7003279296875 0.2202623046875 0.67963994140625
2 0.26791875 0.6705888671875 0.29876611328125 0.66670986328125 0.3041228515625 0.70439169921875 0.28953037109375 0.70716240234375 0.290638671875 0.72378671875 0.2699505859375 0.72637275390625 0.26237724609375 0.6748373046875 0.2684728515625 0.67372900390625 0.26791875 0.6705888671875
2 0.3056005859375 0.66689462890625 0.30855595703125 0.665786328125 0.3401421875 0.66430859375 0.34494482421875 0.6946017578125 0.33275361328125 0.69589482421875 0.333123046875 0.69792666015625 0.3224095703125 0.69792666015625 0.3224095703125 0.69367822265625 0.30855595703125 0.69571005859375 0.3056005859375 0.66689462890625
2 0.3486390625 0.6676333984375 0.35769013671875 0.6650474609375 0.3672953125 0.6663404296875 0.3695119140625 0.6763150390625 0.3765310546875 0.67723857421875 0.3763462890625 0.6735443359375 0.38465849609375 0.6740984375 0.387059765625 0.67945517578125 0.39019990234375 0.6790857421875 0.3905693359375 0.6825953125 0.3933400390625 0.682780078125 0.39518720703125 0.69829609375 0.3848431640625 0.69644892578125 0.3820724609375 0.696818359375 0.3837349609375 0.70309873046875 0.390015234375 0.70309873046875 0.3922318359375 0.719723046875 0.38983046875 0.7217548828125 0.36766474609375 0.72378671875 0.364524609375 0.70586943359375 0.35916787109375 0.70568466796875 0.35621240234375 0.684073046875 0.3510404296875 0.68444248046875 0.3486390625 0.6676333984375
2 0.401825390625 0.67165185546875 0.39609921875 0.65373447265625 0.41050693359375 0.64985546875 0.41641787109375 0.66684921875 0.401825390625 0.67165185546875
2 0.42251337890625 0.6775626953125 0.418634375 0.66167724609375 0.4278701171875 0.6620466796875 0.4265771484375 0.6576134765625 0.44283203125 0.655396875 0.45262197265625 0.68698310546875 0.41715673828125 0.69714248046875 0.4125388671875 0.68125693359375 0.42251337890625 0.6775626953125
2 0.445696875 0.69320380859375 0.456841015625 0.7102818359375 0.4464205078125 0.714768359375 0.45264384765625 0.73039912109375 0.44280234375 0.735319921875 0.444828515625 0.74110908203125 0.42702685546875 0.74704296875 0.4215271484375 0.7383591796875 0.41602744140625 0.74009599609375 0.408212109375 0.724465234375 0.411685546875 0.72026806640625 0.4092251953125 0.714768359375 0.41602744140625 0.711294921875 0.41400126953125 0.70651884765625 0.445696875 0.69320380859375
2 0.42129248046875 0.75344013671875 0.44696787109375 0.74309609375 0.46192978515625 0.736076953125 0.46802529296875 0.75029990234375 0.4698724609375 0.74993046875 0.4800318359375 0.77172685546875 0.47522919921875 0.775605859375 0.4768916015625 0.77874599609375 0.45675771484375 0.78521103515625 0.45029267578125 0.77301982421875 0.44253466796875 0.77523642578125 0.43551552734375 0.76526181640625 0.42554091796875 0.7693255859375 0.42129248046875 0.75344013671875
2 0.4769509765625 0.78244580078125 0.48027978515625 0.7820115234375 0.48404267578125 0.78403779296875 0.48939765625 0.79127421875 0.49185810546875 0.7919978515625 0.49605517578125 0.802997265625 0.49533154296875 0.8048787109375 0.49576572265625 0.80994423828125 0.486503125 0.816167578125 0.4772404296875 0.81920693359375 0.47275390625 0.82036474609375 0.46624111328125 0.82253564453125 0.453649609375 0.792142578125 0.4769509765625 0.78244580078125
2 0.38772587890625 0.8493453125 0.409522265625 0.8371541015625 0.4270701171875 0.8626447265625 0.40545849609375 0.877421875 0.38772587890625 0.8493453125
2 0.42633125 0.83604580078125 0.44203203125 0.83198212890625 0.4455416015625 0.85303955078125 0.43778359375 0.8541478515625 0.43612119140625 0.84528154296875 0.43039501953125 0.84657451171875 0.42633125 0.83604580078125
2 0.40313935546875 0.78353203125 0.41703330078125 0.78005859375 0.41790166015625 0.78584775390625 0.41544130859375 0.78671611328125 0.419783203125 0.80871484375 0.40921796875 0.81016220703125 0.40921796875 0.81725390625 0.4070470703125 0.819280078125 0.4084943359375 0.82188525390625 0.400389453125 0.82608232421875 0.40140263671875 0.828398046875 0.38837705078125 0.833029296875 0.38012744140625 0.81392509765625 0.3824431640625 0.81233310546875 0.374627734375 0.79814970703125 0.38996904296875 0.79091318359375 0.38924541015625 0.78859755859375 0.40125791015625 0.7841109375 0.40313935546875 0.78353203125
2 0.35314296875 0.74256171875 0.36256337890625 0.7264916015625 0.3808501953125 0.73812861328125 0.37124501953125 0.7519822265625 0.374200390625 0.756784765625 0.37900302734375 0.75290576171875 0.3900859375 0.76121796875 0.38897763671875 0.76380390625 0.39728974609375 0.7702689453125 0.39470380859375 0.775441015625 0.39525791015625 0.7789505859375 0.38805400390625 0.78689326171875 0.38620693359375 0.7859697265625 0.37955712890625 0.79225 0.3636716796875 0.78264482421875 0.36625771484375 0.780982421875 0.352958203125 0.7702689453125 0.35554423828125 0.768237109375 0.3538818359375 0.7662052734375 0.3629328125 0.75438349609375 0.35129580078125 0.74570185546875 0.35314296875 0.74256171875
2 0.28475400390625 0.73751689453125 0.300639453125 0.732344921875 0.30691982421875 0.749338671875 0.29325087890625 0.7543259765625 0.28475400390625 0.73751689453125
2 0.30691982421875 0.74490546875 0.31597080078125 0.74065703125 0.31541669921875 0.73751689453125 0.33924482421875 0.7308671875 0.34220029296875 0.74102646484375 0.344786328125 0.7415806640625 0.3497736328125 0.76152978515625 0.3412767578125 0.7641158203125 0.3425697265625 0.7668865234375 0.316340234375 0.77519873046875 0.30691982421875 0.74490546875
2 0.2484916015625 0.78380341796875 0.24867626953125 0.78084794921875 0.246090234375 0.7797396484375 0.257542578125 0.75960576171875 0.26936435546875 0.76403896484375 0.2739822265625 0.75609619140625 0.2845109375 0.7601599609375 0.29725625 0.7686568359375 0.285988671875 0.7878671875 0.29836455078125 0.79580986328125 0.29134541015625 0.80670810546875 0.2697337890625 0.7941474609375 0.26456171875 0.80523037109375 0.2568037109375 0.80227490234375 0.25366357421875 0.80670810546875 0.243504296875 0.80578447265625 0.24812216796875 0.79784169921875 0.24424306640625 0.7954404296875 0.2484916015625 0.78380341796875
2 0.2514880859375 0.80941201171875 0.2657111328125 0.8088578125 0.26460283203125 0.823080859375 0.26053916015625 0.8252974609375 0.2520421875 0.82437392578125 0.2514880859375 0.80941201171875
2 0.2629404296875 0.82622099609375 0.2814119140625 0.816246484375 0.28307431640625 0.8180935546875 0.2882462890625 0.81643115234375 0.29932919921875 0.83564150390625 0.2954501953125 0.8367498046875 0.2998833984375 0.84912568359375 0.2984056640625 0.85189638671875 0.27827177734375 0.86260986328125 0.27513154296875 0.85762255859375 0.27309970703125 0.8578072265625 0.26330986328125 0.840074609375 0.26589580078125 0.83841220703125 0.2614626953125 0.82843759765625 0.2629404296875 0.82622099609375
2 0.28898515625 0.8615015625 0.31502998046875 0.84894091796875 0.327405859375 0.87184560546875 0.32925302734375 0.881266015625 0.30099169921875 0.89659736328125 0.29286416015625 0.8834826171875 0.29877509765625 0.88034248046875 0.2897240234375 0.86260986328125 0.28898515625 0.8615015625
2 0.28159658203125 0.8637181640625 0.292125390625 0.8736927734375 0.2814119140625 0.8847755859375 0.2712525390625 0.87720234375 0.28159658203125 0.8637181640625
2 0.31227080078125 0.89284169921875 0.333249609375 0.8813884765625 0.3457234375 0.9023671875 0.33222900390625 0.9112123046875 0.33279599609375 0.91767607421875 0.31884794921875 0.9201708984375 0.3161263671875 0.9070166015625 0.31862109375 0.90576923828125 0.31227080078125 0.89284169921875
2 0.16622705078125 0.72205322265625 0.1914521484375 0.718752734375 0.192159375 0.7130947265625 0.2152626953125 0.710973046875 0.216912890625 0.7291255859375 0.2001748046875 0.73006865234375 0.200410546875 0.73737685546875 0.20371103515625 0.73737685546875 0.2070115234375 0.7515216796875 0.17141357421875 0.7602443359375 0.1709419921875 0.74727822265625 0.16787734375 0.74680673828125 0.16410537109375 0.733840625 0.16717001953125 0.73289755859375 0.16622705078125 0.72205322265625
2 0.17212080078125 0.77132451171875 0.19805302734375 0.76354482421875 0.2015892578125 0.77627529296875 0.2088974609375 0.774625 0.210076171875 0.774625 0.2147912109375 0.79112734375 0.209133203125 0.79301337890625 0.21054775390625 0.7958423828125 0.184851171875 0.8050365234375 0.18131494140625 0.797492578125 0.1766 0.79890703125 0.17235654296875 0.7835833984375 0.1754212890625 0.781933203125 0.17212080078125 0.77132451171875
2 0.18225791015625 0.81045869140625 0.20536123046875 0.80267900390625 0.20771875 0.80998720703125 0.2171486328125 0.8069224609375 0.2180916015625 0.80668671875 0.22893603515625 0.8370982421875 0.1940453125 0.85030009765625 0.18225791015625 0.81045869140625
2 0.19762060546875 0.85586904296875 0.21313671875 0.85106650390625 0.211658984375 0.84589443359375 0.234194140625 0.838505859375 0.23955087890625 0.85679267578125 0.23456357421875 0.8591939453125 0.23899677734375 0.8747099609375 0.22034052734375 0.88228330078125 0.21683095703125 0.87785009765625 0.20537861328125 0.88135966796875 0.19762060546875 0.85586904296875
2 0.21454814453125 0.89840390625 0.24914951171875 0.8824572265625 0.25035302734375 0.887873046875 0.25757412109375 0.88456337890625 0.26118466796875 0.8932888671875 0.26629970703125 0.892687109375 0.26690146484375 0.89569599609375 0.270812890625 0.89509423828125 0.27863583984375 0.91104091796875 0.2536626953125 0.925483203125 0.247043359375 0.91284619140625 0.2395212890625 0.91465146484375 0.23560986328125 0.9131470703125 0.22086669921875 0.91826201171875 0.21454814453125 0.89840390625
2 0.26543369140625 0.92164423828125 0.267830078125 0.9234119140625 0.27866181640625 0.9432701171875 0.294909375 0.93243837890625 0.30513935546875 0.95109296875 0.28558203125 0.96493349609375 0.2813697265625 0.96011943359375 0.272644140625 0.96613701171875 0.26933447265625 0.9586150390625 0.25760009765625 0.96433173828125 0.24977724609375 0.94958857421875 0.2471720703125 0.95045693359375 0.24355390625 0.94423359375 0.25767568359375 0.93420478515625 0.25453544921875 0.92866337890625 0.26543369140625 0.92164423828125
2 0.3015287109375 0.92702255859375 0.3132630859375 0.9185978515625 0.32590009765625 0.93364189453125 0.3156701171875 0.94176572265625 0.3015287109375 0.92702255859375
2 0.0144767578125 0.85902216796875 0.01919169921875 0.8580791015625 0.01824873046875 0.85289267578125 0.03262939453125 0.8493564453125 0.03192216796875 0.84629169921875 0.04017333984375 0.84417001953125 0.051253515625 0.88401142578125 0.04040908203125 0.88754765625 0.03710859375 0.8790607421875 0.02060625 0.88236123046875 0.0144767578125 0.85902216796875
2 0.028857421875 0.88448291015625 0.03923037109375 0.8950916015625 0.0283859375 0.90758623046875 0.01801298828125 0.895798828125 0.01824873046875 0.894855859375 0.028857421875 0.88448291015625
2 -0.0 0.88165390625 0.00221787109375 0.87976796875 0.0043396484375 0.88401142578125 0.00881884765625 0.88212548828125 0.01730576171875 0.89815634765625 -0.0 0.9097080078125 -0.0 0.88165390625
2 0.0528015625 0.8751455078125 0.04497861328125 0.83873896484375 0.0675447265625 0.8339248046875 0.0675447265625 0.83603095703125 0.08198701171875 0.83362392578125 0.08920810546875 0.856791796875 0.08619931640625 0.85889794921875 0.08680107421875 0.86942880859375 0.09522578125 0.87123408203125 0.09552666015625 0.887481640625 0.077473828125 0.8856763671875 0.08018173828125 0.86822529296875 0.07627021484375 0.861605859375 0.06904912109375 0.86371201171875 0.06904912109375 0.870933203125 0.0546068359375 0.87664990234375 0.0528015625 0.8751455078125
2 0.09733193359375 0.86521650390625 0.0889072265625 0.835730078125 0.10906630859375 0.830916015625 0.11026982421875 0.83211953125 0.13103056640625 0.8255001953125 0.1382517578125 0.8697296875 0.11147333984375 0.87785341796875 0.10545576171875 0.87695078125 0.10274775390625 0.8691279296875 0.09913720703125 0.868526171875 0.09733193359375 0.86521650390625
2 0.09995888671875 0.8907056640625 0.133356640625 0.87927216796875 0.140276953125 0.90183818359375 0.1291443359375 0.90574970703125 0.12884345703125 0.9262095703125 0.12402939453125 0.92891748046875 0.11530380859375 0.9331298828125 0.11229501953125 0.929218359375 0.0972509765625 0.92530693359375 0.09905625 0.90815673828125 0.102666796875 0.9060505859375 0.09905625 0.8943162109375 0.09995888671875 0.8907056640625
2 0.1225142578125 0.96072060546875 0.12431953125 0.95861435546875 0.12221337890625 0.9547029296875 0.12221337890625 0.95289765625 0.1237177734375 0.9498888671875 0.11679755859375 0.93785361328125 0.13936357421875 0.925818359375 0.1402662109375 0.92912802734375 0.156212890625 0.91980078125 0.16433671875 0.9357474609375 0.1471865234375 0.9435703125 0.15741640625 0.9628267578125 0.1249212890625 0.979976953125 0.1177001953125 0.963428515625 0.1225142578125 0.96072060546875
2 0.0260697265625 0.913659765625 0.0450251953125 0.91035 0.045626953125 0.920880859375 0.06608681640625 0.9271994140625 0.06488330078125 0.935022265625 0.07601591796875 0.9386328125 0.0709009765625 0.96300419921875 0.05164453125 0.95819013671875 0.048033984375 0.97052626953125 0.0320873046875 0.96541123046875 0.03780400390625 0.9386328125 0.029078515625 0.927801171875 0.02697236328125 0.92419052734375 0.02576884765625 0.91636767578125 0.0260697265625 0.913659765625
2 -0.0 0.94404873046875 0.0203529296875 0.9386328125 0.0284767578125 0.966915625 0.01283095703125 0.97293330078125 0.0098220703125 0.9663138671875 -0.0 0.9639068359375 -0.0 0.94404873046875
2 0.08458310546875 0.999008984375 0.07666689453125 0.98928095703125 0.0717162109375 0.98928095703125 0.06841572265625 0.98409443359375 0.07148046875 0.98150126953125 0.0698302734375 0.9774935546875 0.08939736328125 0.96570615234375 0.0853896484375 0.95957666015625 0.10024169921875 0.949439453125 0.1094359375 0.963584375 0.101184765625 0.96924228515625 0.10589970703125 0.97678623046875 0.109907421875 0.97395732421875 0.1183943359375 0.99045966796875 0.111793359375 0.9954103515625 0.11459267578125 0.99900947265625 0.08458310546875 0.999008984375
2 0.17073046875 0.96759208984375 0.18393232421875 0.95934091796875 0.1893544921875 0.96924228515625 0.17756708984375 0.97702197265625 0.17073046875 0.96759208984375
2 0.15941455078125 0.97490029296875 0.1664869140625 0.98456591796875 0.1742666015625 0.980558203125 0.1796888671875 0.988337890625 0.19147626953125 0.98173701171875 0.201733203125 0.9990107421875 0.157565625 0.99901015625 0.1476271484375 0.98433017578125 0.15941455078125 0.97490029296875
2 0.66355146484375 0.55503037109375 0.66059599609375 0.54320869140625 0.668908203125 0.54080732421875 0.67167890625 0.55355263671875 0.68756435546875 0.55152080078125 0.68978095703125 0.576087890625 0.68701025390625 0.577380859375 0.65782529296875 0.57996689453125 0.65505458984375 0.564635546875 0.65837939453125 0.56445087890625 0.65837939453125 0.562049609375 0.66502919921875 0.56075654296875 0.66355146484375 0.55503037109375
2 0.6979083984375 0.56999228515625 0.719889453125 0.56518974609375 0.72081298828125 0.5668521484375 0.721182421875 0.57294775390625 0.7178576171875 0.57461015625 0.718596484375 0.581629296875 0.71730341796875 0.5818140625 0.7178576171875 0.58643193359375 0.702895703125 0.58938740234375 0.6979083984375 0.56999228515625
3 0.70628154296875 0.6969255859375 0.70628154296875 0.69877265625 0.6822685546875 0.6995115234375 0.68042138671875 0.68011650390625 0.73177216796875 0.6784541015625 0.73103330078125 0.6852884765625 0.7334345703125 0.68510380859375 0.7347275390625 0.71576650390625 0.710160546875 0.71779833984375 0.71052998046875 0.7152123046875 0.7077591796875 0.7152123046875 0.70683564453125 0.6969255859375 0.70628154296875 0.6969255859375
3 0.70151591796875 0.72213271484375 0.713891796875 0.718992578125 0.73125498046875 0.720285546875 0.73236328125 0.75759794921875 0.68673876953125 0.7607380859375 0.685815234375 0.7435595703125 0.69948408203125 0.741527734375 0.70096181640625 0.72416455078125 0.70151591796875 0.72213271484375
3 0.6907162109375 0.76362646484375 0.70910458984375 0.76056171875 0.710519140625 0.76433369140625 0.7442310546875 0.758204296875 0.74823876953125 0.77800712890625 0.7432880859375 0.78036455078125 0.7442310546875 0.79262353515625 0.7199490234375 0.80181767578125 0.719241796875 0.79592392578125 0.71664853515625 0.7963955078125 0.7112263671875 0.783429296875 0.694959765625 0.78696552734375 0.6907162109375 0.76362646484375
2 0.71484560546875 0.908582421875 0.724774609375 0.899255078125 0.7229693359375 0.89173310546875 0.74011953125 0.88812255859375 0.7440310546875 0.89233486328125 0.75185390625 0.889626953125 0.75967685546875 0.91369736328125 0.74703984375 0.91821064453125 0.750650390625 0.92994501953125 0.74312841796875 0.93235205078125 0.74854423828125 0.9449890625 0.7310931640625 0.951006640625 0.71484560546875 0.908582421875
2 0.767198828125 0.913396484375 0.757570703125 0.892033984375 0.76840234375 0.88752080078125 0.76328740234375 0.87698994140625 0.7807384765625 0.86976875 0.78555263671875 0.87879521484375 0.7936763671875 0.87518466796875 0.8054107421875 0.8974498046875 0.79879130859375 0.901361328125 0.78856142578125 0.90587451171875 0.79157021484375 0.91309560546875 0.80360546875 0.90888330078125 0.80872041015625 0.922723828125 0.7984904296875 0.927537890625 0.795481640625 0.920316796875 0.7912693359375 0.920316796875 0.78735791015625 0.9269361328125 0.7888623046875 0.93084765625 0.776526171875 0.93596259765625 0.76870322265625 0.91700712890625 0.767198828125 0.913396484375
2 0.80932216796875 0.8890251953125 0.81323359375 0.88691904296875 0.818950390625 0.882706640625 0.8114283203125 0.86224677734375 0.82045478515625 0.858937109375 0.8183486328125 0.85532646484375 0.82707412109375 0.85231767578125 0.8397111328125 0.87638818359375 0.84362265625 0.87518466796875 0.84813583984375 0.8845119140625 0.82286181640625 0.89474189453125 0.82526884765625 0.90256484375 0.81684423828125 0.90527275390625 0.80932216796875 0.8890251953125
2 0.8373041015625 0.84991064453125 0.84753408203125 0.84178681640625 0.84633056640625 0.83998154296875 0.87401162109375 0.82945078125 0.895675 0.8878216796875 0.8791265625 0.89564453125 0.87070185546875 0.8748837890625 0.86287900390625 0.87819345703125 0.86287900390625 0.88180400390625 0.85114462890625 0.885113671875 0.8373041015625 0.84991064453125
2 0.89958642578125 0.8583353515625 0.883940625 0.82644189453125 0.91372783203125 0.815309375 0.9387009765625 0.87277763671875 0.92064814453125 0.88120224609375 0.908612890625 0.8550255859375 0.89958642578125 0.8583353515625
2 0.92151875 0.81886875 0.9263328125 0.81796611328125 0.9585271484375 0.80562998046875 0.9738720703125 0.8336119140625 0.96003154296875 0.83902783203125 0.96304033203125 0.84504541015625 0.95250947265625 0.85016044921875 0.955819140625 0.85978857421875 0.94077509765625 0.8664080078125 0.9314478515625 0.8471515625 0.93475751953125 0.84263837890625 0.92151875 0.81886875
2 0.99848798828125 0.8152595703125 0.9762791015625 0.8263908203125 0.96304033203125 0.7932939453125 0.97657998046875 0.789382421875 0.976880859375 0.785771875 0.99673896484375 0.777347265625 0.998487890625 0.77963310546875 0.99848798828125 0.8152595703125
2 0.99848818359375 0.94140927734375 0.99077470703125 0.93880849609375 0.9838625 0.91999208984375 0.98731865234375 0.91692001953125 0.9869345703125 0.91154384765625 0.9984880859375 0.905837890625 0.99848818359375 0.94140927734375
2 0.95851796875 0.92575224609375 0.97195830078125 0.921528125 0.9923107421875 0.96991318359375 0.95467783203125 0.98143349609375 0.9435416015625 0.95032880859375 0.96312607421875 0.94111259765625 0.95851796875 0.92575224609375
2 0.930074609375 0.93631015625 0.93926875 0.95186953125 0.92700986328125 0.95634873046875 0.931017578125 0.96530712890625 0.91121474609375 0.97167236328125 0.9003703125 0.94951201171875 0.930074609375 0.93631015625
2 0.8665845703125 0.98540146484375 0.880425 0.98088828125 0.87892060546875 0.9766759765625 0.88283212890625 0.97487060546875 0.87831884765625 0.963136328125 0.8984779296875 0.95711865234375 0.91171669921875 0.9887111328125 0.90630078125 0.99111826171875 0.90897392578125 0.999008984375 0.894244140625 0.99900927734375 0.892159375 0.9980384765625 0.883734765625 0.9944279296875 0.87290302734375 0.9980384765625 0.8665845703125 0.98540146484375
2 0.80039072265625 0.986905859375 0.81573564453125 0.98299443359375 0.8231033203125 0.9990103515625 0.804562890625 0.99901064453125 0.80039072265625 0.986905859375
2 0.83532373046875 0.99901015625 0.82837265625 0.99111826171875 0.8467263671875 0.984498828125 0.85799287109375 0.99900986328125 0.83532373046875 0.99901015625
3 0.673079296875 0.65051083984375 0.68361015625 0.64780283203125 0.689627734375 0.66194423828125 0.67699072265625 0.6643513671875 0.673079296875 0.65051083984375
2 0.037312109375 0.05227646484375 0.05305654296875 0.05304453125 0.0526724609375 0.06110869140625 0.05651259765625 0.06110869140625 0.05689658203125 0.07608505859375 0.0522884765625 0.07915712890625 0.0522884765625 0.10334970703125 0.037312109375 0.1048857421875 0.037312109375 0.05227646484375
3 0.182326171875 0.0046220703125 0.20278603515625 0.00432119140625 0.203688671875 0.02147138671875 0.18443232421875 0.02327666015625 0.182326171875 0.0046220703125
3 0.26506787109375 1.142578125e-05 0.2644666015625 0.01394931640625 0.25478173828125 0.00856015625 0.24099794921875 0.014551171875 0.2394935546875 0.0259845703125 0.223546875 0.02628544921875 0.223546875 0.00732998046875 0.229564453125 0.00371943359375 0.228664453125 1.103515625e-05 0.26506787109375 1.142578125e-05
3 0.248519921875 0.03561279296875 0.2584490234375 0.05637353515625 0.24400673828125 0.06329384765625 0.2349802734375 0.04163037109375 0.248519921875 0.03561279296875
3 0.2620595703125 0.05035595703125 0.26416572265625 0.04674541015625 0.26296220703125 0.04193125 0.2762009765625 0.03471015625 0.28733359375 0.05697529296875 0.274395703125 0.064196484375 0.26807724609375 0.0542673828125 0.265068359375 0.0542673828125 0.2620595703125 0.05035595703125
3 0.309598828125 0.04855068359375 0.3255455078125 0.04283388671875 0.335775390625 0.0723203125 0.32133310546875 0.07803701171875 0.309598828125 0.04855068359375
3 0.2689798828125 0.02989609375 0.27228955078125 0.02809072265625 0.269581640625 0.02387841796875 0.29004150390625 0.0118431640625 0.30177587890625 0.031099609375 0.2915458984375 0.04193125 0.2798115234375 0.03079873046875 0.2731921875 0.03471015625 0.2689798828125 0.02989609375
3 0.4049755859375 1.240234375e-05 0.401668359375 0.01665732421875 0.39775693359375 0.01605556640625 0.39504892578125 0.02508193359375 0.3763943359375 0.01966611328125 0.379403125 0.01094052734375 0.37789873046875 0.00913525390625 0.38060302734375 1.23046875e-05 0.4049755859375 1.240234375e-05
3 0.349916796875 0.04734716796875 0.35292568359375 0.0341083984375 0.373385546875 0.0470462890625 0.36315556640625 0.06028505859375 0.356837109375 0.0566744140625 0.349916796875 0.04734716796875
3 0.1132173828125 0.10013154296875 0.12284560546875 0.0986271484375 0.12284560546875 0.09200771484375 0.1285623046875 0.091105078125 0.1291640625 0.08538837890625 0.13879228515625 0.0850875 0.1402966796875 0.09230859375 0.1463142578125 0.09230859375 0.153836328125 0.1199896484375 0.12164208984375 0.1281134765625 0.1132173828125 0.10013154296875
3 0.0352892578125 0.118184375 0.0623685546875 0.1187861328125 0.0623685546875 0.1365380859375 0.0518376953125 0.13623720703125 0.0512359375 0.13894521484375 0.03017421875 0.138042578125 0.03258125 0.12029052734375 0.0352892578125 0.118184375
3 0.16677421875 0.14436103515625 0.1857296875 0.1329275390625 0.19595966796875 0.14857333984375 0.1745970703125 0.16271474609375 0.16677421875 0.14436103515625
3 0.73536953125 0.64339599609375 0.75221884765625 0.6418916015625 0.75522763671875 0.651820703125 0.7383783203125 0.65573212890625 0.73536953125 0.64339599609375
3 -0.0 0.70634296875 0.01149150390625 0.700805078125 0.02738486328125 0.73500615234375 0.0279884765625 0.73943212890625 -0.0 0.75131611328125 -0.0 0.70634296875
