0 0.53064794921875 0.231998828125 0.50485 0.23144169921875 0.50485 0.22265263671875 0.4765296875 0.22362919921875 0.475553125 0.17480107421875 0.52704033203125 0.17431455078125 0.53064794921875 0.231998828125
1 0.2949708984375 0.419587109375 0.27782880859375 0.43164794921875 0.2702591796875 0.42789052734375 0.24848232421875 0.44629638671875 0.15082607421875 0.34180419921875 0.17033544921875 0.32326767578125 0.1590849609375 0.31594169921875 0.1704041015625 0.304498046875 0.18406943359375 0.30219541015625 0.2949708984375 0.419587109375
1 0.1503578125 0.20751044921875 0.1737953125 0.20653388671875 0.174771875 0.24559638671875 0.151334375 0.24559638671875 0.1503578125 0.20751044921875
0 0.6913625 0.1651853515625 0.7470265625 0.1642087890625 0.748003125 0.2354978515625 0.6923390625 0.2364744140625 0.6913625 0.1651853515625
0 0.8573787109375 0.18436181640625 0.8407771484375 0.18436181640625 0.8398005859375 0.16287744140625 0.8661677734375 0.16287744140625 0.8661677734375 0.17264306640625 0.8564021484375 0.17264306640625 0.8573787109375 0.18436181640625
0 0.51418935546875 0.40579609375 0.49465810546875 0.40677265625 0.49368154296875 0.37942890625 0.46047841796875 0.38040546875 0.45960693359375 0.3603333984375 0.47459951171875 0.36153544921875 0.49420712890625 0.36138623046875 0.5136484375 0.361716796875 0.51418935546875 0.40579609375
0 0.359972265625 0.21987041015625 0.34149833984375 0.21987041015625 0.327094921875 0.2146232421875 0.32951298828125 0.2007193359375 0.34052177734375 0.18959697265625 0.359562109375 0.18959697265625 0.359972265625 0.21987041015625
0 0.9495703125 0.5665390625 0.9612890625 0.567515625 0.9601658203125 0.58949267578125 0.94728876953125 0.5890087890625 0.9495703125 0.5665390625
0 0.78103134765625 0.1292572265625 0.78200791015625 0.1399994140625 0.78689072265625 0.1390228515625 0.78786728515625 0.1468353515625 0.79122421875 0.1560515625 0.78200791015625 0.1585541015625 0.76638291015625 0.1585541015625 0.76540634765625 0.1526947265625 0.75759384765625 0.1526947265625 0.75759384765625 0.1360931640625 0.76540634765625 0.1351166015625 0.76540634765625 0.1292572265625 0.78103134765625 0.1292572265625
0 0.8612849609375 0.123639453125 0.8612849609375 0.128522265625 0.8808162109375 0.127545703125 0.8817927734375 0.145123828125 0.8622615234375 0.146100390625 0.8622615234375 0.153912890625 0.8456599609375 0.153912890625 0.8446833984375 0.123639453125 0.8612849609375 0.123639453125
1 0.72789306640625 0.2733583984375 0.78355712890625 0.2723818359375 0.78453369140625 0.3495302734375 0.72886962890625 0.3514833984375 0.72789306640625 0.2733583984375
0 0.40907744140625 0.1398435546875 0.43153837890625 0.139495703125 0.4316765625 0.1545587890625 0.41005400390625 0.154768359375 0.40907744140625 0.1398435546875
1 0.43621982421875 0.36634521484375 0.44598544921875 0.39564208984375 0.43621982421875 0.39857177734375 0.44989169921875 0.44056396484375 0.4255447265625 0.44905009765625 0.41278232421875 0.40150146484375 0.42254794921875 0.39759521484375 0.42157138671875 0.39368896484375 0.41668857421875 0.39466552734375 0.41375888671875 0.38392333984375 0.41766513671875 0.38294677734375 0.41473544921875 0.37318115234375 0.43621982421875 0.36634521484375
0 0.24459794921875 0.18017392578125 0.2748859375 0.1811578125 0.27291826171875 0.23681455078125 0.24557451171875 0.23779111328125 0.24459794921875 0.18017392578125
0 0.9188029296875 0.2184421875 0.9314982421875 0.2184421875 0.9324748046875 0.2399265625 0.9197794921875 0.2399265625 0.9188029296875 0.2184421875
1 0.35802763671875 0.44527744140625 0.3625396484375 0.45251845703125 0.3649642578125 0.46760556640625 0.3503158203125 0.47154541015625 0.3469146484375 0.45740126953125 0.3400787109375 0.45935439453125 0.3303130859375 0.42615126953125 0.3195708984375 0.43005751953125 0.3127349609375 0.40564345703125 0.3371490234375 0.39783095703125 0.34363701171875 0.42174443359375 0.35165244140625 0.42056572265625 0.35802763671875 0.44527744140625
0 0.37743173828125 0.124183203125 0.3779296875 0.1572265625 0.33861552734375 0.157819140625 0.33374892578125 0.1247412109375 0.37743173828125 0.124183203125
0 0.3420990234375 0.39661865234375 0.40739443359375 0.375470703125 0.41180576171875 0.39224091796875 0.3460052734375 0.41126708984375 0.3420990234375 0.39661865234375
0 0.9750529296875 0.5853357421875 0.96032529296875 0.58526181640625 0.96137578125 0.5616712890625 0.9776078125 0.56204609375 0.9750529296875 0.5853357421875
0 0.89250185546875 0.2096099609375 0.90910341796875 0.2086333984375 0.91007998046875 0.2183990234375 0.89250185546875 0.2183990234375 0.89250185546875 0.2096099609375
0 0.57933994140625 0.14906953125 0.6088412109375 0.1484072265625 0.60910869140625 0.1612638671875 0.5766056640625 0.1612638671875 0.57933994140625 0.14906953125
0 0.8847224609375 0.19806669921875 0.8856990234375 0.20197294921875 0.8866755859375 0.22638701171875 0.8476130859375 0.22736357421875 0.8466365234375 0.20294951171875 0.8710505859375 0.20197294921875 0.8710505859375 0.19904326171875 0.8847224609375 0.19806669921875
0 0.36149599609375 0.4265556640625 0.40837099609375 0.412614453125 0.42170634765625 0.447770703125 0.37341689453125 0.4645408203125 0.3641470703125 0.4495626953125 0.36149599609375 0.4265556640625
0 0.4296896484375 0.18490810546875 0.43758125 0.18550986328125 0.4355490234375 0.19955654296875 0.4296896484375 0.20053310546875 0.4296896484375 0.20639248046875 0.4345724609375 0.20639248046875 0.4345724609375 0.21615810546875 0.4296896484375 0.21615810546875 0.4306662109375 0.22201748046875 0.4052755859375 0.22201748046875 0.39963701171875 0.2019283203125 0.4042990234375 0.18197841796875 0.4199240234375 0.18197841796875 0.4199240234375 0.17904873046875 0.4296896484375 0.17904873046875 0.4296896484375 0.18490810546875
0 0.99907099609375 0.4311458984375 0.97605986328125 0.42868857421875 0.97640732421875 0.38403154296875 0.99907099609375 0.38378291015625 0.99907099609375 0.4311458984375
0 0.49826376953125 0.3426845703125 0.51012314453125 0.342551953125 0.51032470703125 0.35807763671875 0.49671455078125 0.358279296875 0.496613671875 0.34275361328125 0.49826376953125 0.3426845703125
0 0.51518681640625 0.38596376953125 0.515501171875 0.3755892578125 0.51770185546875 0.3755892578125 0.51833056640625 0.36490029296875 0.52430380859375 0.3652146484375 0.52430380859375 0.3586126953125 0.5390796875 0.35798388671875 0.53939404296875 0.3652146484375 0.544109765625 0.3652146484375 0.54379541015625 0.3567263671875 0.5532267578125 0.3567263671875 0.55291240234375 0.35043876953125 0.5667451171875 0.3501244140625 0.56611640625 0.3586126953125 0.57083203125 0.3586126953125 0.57146083984375 0.35138193359375 0.58497919921875 0.35138193359375 0.584350390625 0.3567263671875 0.59158115234375 0.3567263671875 0.59063798828125 0.3661578125 0.596296875 0.36584345703125 0.59723994140625 0.35609765625 0.60509951171875 0.35609765625 0.60478515625 0.34729501953125 0.6189322265625 0.34792373046875 0.6189322265625 0.35829833984375 0.62364794921875 0.35829833984375 0.6223904296875 0.34823818359375 0.63622314453125 0.34729501953125 0.63527998046875 0.3551544921875 0.658544140625 0.3551544921875 0.65885849609375 0.3485525390625 0.67300556640625 0.347609375 0.67300556640625 0.354211328125 0.67583505859375 0.3535826171875 0.67552060546875 0.3460375 0.6846376953125 0.3466662109375 0.6846376953125 0.33912109375 0.69658408203125 0.33912109375 0.69752724609375 0.354211328125 0.70004228515625 0.36584345703125 0.70004228515625 0.38502060546875 0.68243701171875 0.38659248046875 0.6827513671875 0.4023115234375 0.66640361328125 0.40356904296875 0.66671796875 0.42463251953125 0.65445712890625 0.42714755859375 0.64471142578125 0.42557568359375 0.64345390625 0.40765595703125 0.51833056640625 0.40765595703125 0.51518681640625 0.38596376953125
1 0.57414716796875 0.2126095703125 0.5735482421875 0.199132421875 0.57070302734375 0.19928212890625 0.570852734375 0.18415771484375 0.57474619140625 0.1819115234375 0.60813974609375 0.18086328125 0.6088884765625 0.16424130859375 0.63060185546875 0.1636423828125 0.63120078125 0.1823607421875 0.67372890625 0.18206123046875 0.67717314453125 0.18415771484375 0.67762236328125 0.211561328125 0.57414716796875 0.2126095703125
