0 0.9984375 0.80517685546875 0.99534658203125 0.80669970703125 0.98355732421875 0.77939208984375 0.99071376953125 0.77479150390625 0.99843740234375 0.7725240234375 0.9984375 0.80517685546875
0 0.90401962890625 0.79239638671875 0.9050419921875 0.78046904296875 0.9471283203125 0.76496357421875 0.94729873046875 0.7673490234375 0.977628125 0.75627373046875 0.9789912109375 0.763430078125 0.9832509765625 0.77109765625 0.95258076171875 0.78166181640625 0.9556478515625 0.7871142578125 0.91253916015625 0.8041533203125 0.90401962890625 0.79239638671875
0 0.89262412109375 0.8595349609375 0.96867216796875 0.83289033203125 0.9728353515625 0.85093095703125 0.98143427734375 0.8652240234375 0.90087001953125 0.89489560546875 0.89303203125 0.87734541015625 0.89262412109375 0.8595349609375
0 0.88474521484375 0.83123955078125 0.88559716796875 0.8039771484375 0.89565009765625 0.80159169921875 0.90587353515625 0.80516982421875 0.904680859375 0.8307283203125 0.8949685546875 0.8298763671875 0.88474521484375 0.83123955078125
0 0.82930576171875 0.79615146484375 0.82916455078125 0.76200263671875 0.8336072265625 0.75953681640625 0.848101953125 0.759816796875 0.84931259765625 0.7963689453125 0.83411845703125 0.7949779296875 0.82930576171875 0.79615146484375
0 0.84672724609375 0.74028271484375 0.87092265625 0.73994189453125 0.8712634765625 0.7542546875 0.84689765625 0.75408427734375 0.84536416015625 0.74624638671875 0.84672724609375 0.74028271484375
0 0.71852841796875 0.702045703125 0.72159541015625 0.69591162109375 0.7415310546875 0.69676357421875 0.73658974609375 0.70187529296875 0.73763798828125 0.70853984375 0.720573046875 0.70835009765625 0.71852841796875 0.702045703125
0 0.738630078125 0.70716591796875 0.74654052734375 0.7073298828125 0.74594677734375 0.71655615234375 0.76837568359375 0.7177974609375 0.76864267578125 0.73061396484375 0.71777724609375 0.7295458984375 0.71836279296875 0.715619140625 0.73816123046875 0.71577373046875 0.738630078125 0.70716591796875
4 0.64148369140625 0.90529619140625 0.64765537109375 0.9007982421875 0.65999873046875 0.89797392578125 0.665751953125 0.9126185546875 0.66682841796875 0.91215380859375 0.67924599609375 0.94033876953125 0.67652626953125 0.9427447265625 0.682898828125 0.960150390625 0.666693359375 0.9674314453125 0.66167236328125 0.96628076171875 0.65696513671875 0.951322265625 0.65455927734375 0.9520544921875 0.6437849609375 0.9209869140625 0.64734150390625 0.91910400390625 0.64148369140625 0.90529619140625
2 0.05040400390625 0.428758984375 0.05858271484375 0.4309740234375 0.07221396484375 0.43199638671875 0.06539833984375 0.46811904296875 0.0531302734375 0.46675595703125 0.044269921875 0.4636888671875 0.05040400390625 0.428758984375
2 0.0771552734375 0.4877138671875 0.0986244140625 0.492314453125 0.09249033203125 0.518213671875 0.0711916015625 0.51276123046875 0.0771552734375 0.4877138671875
2 0.08682294921875 0.535529296875 0.0909568359375 0.53559345703125 0.091275390625 0.529222265625 0.1146166015625 0.5313443359375 0.11038125 0.56541171875 0.08141494140625 0.562685546875 0.08682294921875 0.535529296875
2 -0.0 0.2027341796875 0.01362333984375 0.2040013671875 0.00803935546875 0.24289560546875 -0.0 0.24286787109375 -0.0 0.2027341796875
2 0.0921447265625 0.19816708984375 0.11203701171875 0.19816708984375 0.11177001953125 0.2095150390625 0.09201123046875 0.2095150390625 0.0921447265625 0.19816708984375
1 0.2639845703125 0.11394052734375 0.267425390625 0.11186494140625 0.281825 0.1143287109375 0.28486953125 0.1165033203125 0.28269482421875 0.153907421875 0.26564716796875 0.15234697265625 0.2618181640625 0.15412490234375 0.2639845703125 0.11394052734375
2 0.34249560546875 0.1619841796875 0.3496126953125 0.16368837890625 0.34678837890625 0.17132451171875 0.34009365234375 0.16933701171875 0.34249560546875 0.1619841796875
1 0.23643388671875 0.01450234375 0.24497822265625 0.011431640625 0.254590625 0.01196572265625 0.25645966796875 0.0424048828125 0.2436431640625 0.04227138671875 0.23790244140625 0.04427392578125 0.23643388671875 0.01450234375
2 0.28943544921875 0.03332646484375 0.29290654296875 0.03185791015625 0.30412099609375 0.03546259765625 0.30492197265625 0.057357421875 0.29450859375 0.05455380859375 0.29117099609375 0.0558888671875 0.28943544921875 0.03332646484375
