3 0.73850478515625 0.24038095703125 0.755446875 0.2792173828125 0.73537705078125 0.28755810546875 0.71921689453125 0.250285546875 0.73850478515625 0.24038095703125
0 0.687415625 0.2578662109375 0.70518310546875 0.2809435546875 0.6923169921875 0.29054208984375 0.674141015625 0.2676689453125 0.687415625 0.2578662109375
1 0.04148330078125 0.91292958984375 0.05439697265625 0.9277240234375 0.04449228515625 0.93650029296875 0.03145322265625 0.92145517578125 0.04148330078125 0.91292958984375
4 0.03346015625 0.86978291015625 0.0451201171875 0.86088125 0.05138896484375 0.86852919921875 0.040355859375 0.87818310546875 0.03346015625 0.86978291015625
4 0.02349365234375 0.8531029296875 0.0314583984375 0.845955078125 0.0402400390625 0.856983203125 0.0326837890625 0.8639267578125 0.02349365234375 0.8531029296875
4 0.1721216796875 0.9326251953125 0.1803837890625 0.9439630859375 0.1728453125 0.94951142578125 0.1647037109375 0.9382337890625 0.1721216796875 0.9326251953125
1 0.14697783203125 0.91409638671875 0.15503310546875 0.9124263671875 0.15699775390625 0.92264287109375 0.14913896484375 0.92411640625 0.14697783203125 0.91409638671875
4 0.11748310546875 0.964362109375 0.123563671875 0.975883203125 0.11604296875 0.98004365234375 0.10996240234375 0.9683625 0.11748310546875 0.964362109375
0 0.78339130859375 0.32859462890625 0.79094755859375 0.33839736328125 0.7825744140625 0.345341015625 0.77440546875 0.3349255859375 0.78339130859375 0.32859462890625
1 0.90853603515625 0.8738728515625 0.9154166015625 0.8836337890625 0.9008552734375 0.8935546875 0.893974609375 0.884273828125 0.90853603515625 0.8738728515625
1 0.8995630859375 0.90201884765625 0.90916396484375 0.897218359375 0.9181248046875 0.91273984375 0.9088439453125 0.91786025390625 0.8995630859375 0.90201884765625
1 0.90905693359375 0.924619921875 0.9184978515625 0.9385412109375 0.90889697265625 0.94526181640625 0.8994560546875 0.9310205078125 0.9029736328125 0.928226953125 0.902336328125 0.92734013671875 0.90473662109375 0.92542001953125 0.905758984375 0.92671103515625 0.90905693359375 0.924619921875
3 0.95159287109375 0.87936689453125 0.958926171875 0.88853349609375 0.9483845703125 0.89747099609375 0.94085283203125 0.88872578125 0.95159287109375 0.87936689453125
4 0.4495326171875 0.9816265625 0.45517451171875 0.98639091796875 0.45141328125 0.99077900390625 0.4461474609375 0.98601474609375 0.4495326171875 0.9816265625
4 0.4115126953125 0.9514189453125 0.41498447265625 0.96163017578125 0.40783662109375 0.96387666015625 0.40395634765625 0.954278125 0.4115126953125 0.9514189453125
2 0.39692255859375 0.9582818359375 0.40783662109375 0.96387666015625 0.40380322265625 0.97396337890625 0.39228212890625 0.9685228515625 0.39692255859375 0.9582818359375
4 0.357684375 0.93229853515625 0.3691208984375 0.94659423828125 0.35788857421875 0.95537587890625 0.34665625 0.9408759765625 0.357684375 0.93229853515625
4 0.3718212890625 0.894124609375 0.3798220703125 0.9014853515625 0.3727814453125 0.9085259765625 0.36465107421875 0.90047255859375 0.3718212890625 0.894124609375
4 0.272971484375 0.96767783203125 0.28129228515625 0.980158984375 0.2700912109375 0.98735966796875 0.2617705078125 0.97535859375 0.272971484375 0.96767783203125
4 0.0563470703125 0.88125224609375 0.0624904296875 0.887144921875 0.05546943359375 0.89303759765625 0.0497021484375 0.887144921875 0.0563470703125 0.88125224609375
1 0.97910322265625 0.874152734375 0.98462861328125 0.881397265625 0.9682978515625 0.8929392578125 0.96326357421875 0.8863087890625 0.97910322265625 0.874152734375
