0 0.99913671875 0.94432431640625 0.98507880859375 0.95904091796875 0.9663603515625 0.94192314453125 0.97711015625 0.9310982421875 0.94651376953125 0.901653515625 0.939379296875 0.90862236328125 0.928005078125 0.89772021484375 0.946845703125 0.87881982421875 0.99913671875 0.923234765625 0.99913671875 0.94432431640625
0 0.94561884765625 0.8746365234375 0.93082197265625 0.89013330078125 0.88828408203125 0.851533203125 0.903920703125 0.83527939453125 0.94561884765625 0.8746365234375
0 0.913801953125 0.8755724609375 0.90474365234375 0.882990625 0.89692421875 0.87621376953125 0.894263671875 0.87760654296875 0.8786091796875 0.86263916015625 0.88828408203125 0.851533203125 0.913801953125 0.8755724609375
0 0.96784169921875 0.97206259765625 0.95775361328125 0.96300625 0.96841484375 0.95062548828125 0.978617578125 0.95910859375 0.96784169921875 0.97206259765625
0 0.9329919921875 0.93514951171875 0.94388251953125 0.92517607421875 0.966924609375 0.94844736328125 0.956951171875 0.95819150390625 0.9329919921875 0.93514951171875
0 0.8725533203125 0.91743564453125 0.883484375 0.904092578125 0.8946107421875 0.9127794921875 0.8836955078125 0.92562802734375 0.8725533203125 0.91743564453125
0 0.93622841796875 0.92764482421875 0.9176134765625 0.909741796875 0.92689912109375 0.9003416015625 0.94604345703125 0.918225 0.93622841796875 0.92764482421875
0 0.90323271484375 0.911577734375 0.91778427734375 0.89586123046875 0.9247248046875 0.90247109375 0.9176134765625 0.909741796875 0.92561953125 0.91739931640625 0.91805322265625 0.92532041015625 0.90323271484375 0.911577734375
0 0.88902041015625 0.89803369140625 0.89584365234375 0.89181494140625 0.90499892578125 0.90131572265625 0.8980029296875 0.90770712890625 0.88902041015625 0.89803369140625
4 0.8810748046875 0.88708212890625 0.88516796875 0.88333427734375 0.89227373046875 0.891116796875 0.888483984375 0.89477109375 0.8810748046875 0.88708212890625
0 0.88552333984375 0.97218447265625 0.88735224609375 0.96135146484375 0.9097216796875 0.96515 0.9080333984375 0.9751388671875 0.88552333984375 0.97218447265625
0 0.9101193359375 0.96201611328125 0.920829296875 0.945778515625 0.932057421875 0.9533791015625 0.92143388671875 0.967457421875 0.9101193359375 0.96201611328125
0 0.90866630859375 0.9363892578125 0.91143017578125 0.9323298828125 0.921708203125 0.9396712890625 0.91859892578125 0.9436443359375 0.90866630859375 0.9363892578125
4 0.85335673828125 0.93469521484375 0.85588916015625 0.92428427734375 0.8648931640625 0.92569111328125 0.8626421875 0.93680546875 0.85335673828125 0.93469521484375
0 0.81131494140625 0.95355517578125 0.79696474609375 0.95665029296875 0.79515625 0.949951171875 0.8019708984375 0.94833291015625 0.8010763671875 0.94409248046875 0.80796064453125 0.94221103515625 0.81131494140625 0.95355517578125
0 0.8019708984375 0.94833291015625 0.79515625 0.949951171875 0.79401025390625 0.94567666015625 0.8010763671875 0.94409248046875 0.8019708984375 0.94833291015625
0 0.7333310546875 0.92456337890625 0.749950390625 0.9220427734375 0.75443935546875 0.9441283203125 0.737990234375 0.94692041015625 0.7333310546875 0.92456337890625
0 0.7546984375 0.9112326171875 0.7724251953125 0.9023693359375 0.78517001953125 0.92783828125 0.76762099609375 0.93692080078125 0.7546984375 0.9112326171875
0 0.72096630859375 0.937685546875 0.7314384765625 0.93272509765625 0.7408859375 0.95329345703125 0.73132822265625 0.957968359375 0.72096630859375 0.937685546875
0 0.70567783203125 0.91246220703125 0.72232939453125 0.90369775390625 0.7333310546875 0.92456337890625 0.73437509765625 0.93012958984375 0.7200037109375 0.9380154296875 0.70567783203125 0.91246220703125
0 0.71950107421875 0.89267109375 0.73328017578125 0.88550595703125 0.74033505859375 0.89730087890625 0.72710712890625 0.9052376953125 0.71950107421875 0.89267109375
0 0.7464607421875 0.8603369140625 0.72957822265625 0.8811587890625 0.718182421875 0.8720140625 0.74505390625 0.83909296875 0.7707998046875 0.85963349609375 0.7608109375 0.87145126953125 0.7464607421875 0.8603369140625
0 0.775193359375 0.8016365234375 0.77742548828125 0.804322265625 0.75923701171875 0.819975390625 0.74854443359375 0.807629296875 0.766162109375 0.791865234375 0.775193359375 0.8016365234375
0 0.78888974609375 0.78899990234375 0.775478515625 0.801220703125 0.76587177734375 0.790835546875 0.765859375 0.790849609375 0.76419755859375 0.78844873046875 0.77830732421875 0.7759923828125 0.78888974609375 0.78899990234375
0 0.740675390625 0.7903380859375 0.7516673828125 0.779734765625 0.75787177734375 0.78603896484375 0.7465177734375 0.79640087890625 0.740675390625 0.7903380859375
0 0.75471669921875 0.75972666015625 0.76265341796875 0.75278203125 0.7720232421875 0.76358486328125 0.7647478515625 0.7704193359375 0.75471669921875 0.75972666015625
0 0.815219140625 0.72578876953125 0.82295078125 0.73435576171875 0.79998046875 0.75125 0.791545703125 0.74252783203125 0.786340234375 0.73155419921875 0.78986669921875 0.72731103515625 0.80973193359375 0.71435546875 0.809853515625 0.714287109375 0.815219140625 0.72578876953125
0 0.8292501953125 0.733664453125 0.80730283203125 0.74843671875 0.79998046875 0.75125 0.82295078125 0.73435576171875 0.815219140625 0.72578876953125 0.809853515625 0.714287109375 0.81475927734375 0.7114357421875 0.8292501953125 0.733664453125
0 0.7122650390625 0.851828515625 0.71881904296875 0.846009765625 0.723614453125 0.8519673828125 0.7174994140625 0.85812744140625 0.7122650390625 0.851828515625
4 0.67870244140625 0.83369716796875 0.6850333984375 0.82778828125 0.69389677734375 0.83637021484375 0.68770654296875 0.84241982421875 0.67870244140625 0.83369716796875
4 0.67023623046875 0.8513662109375 0.680082421875 0.84298828125 0.6848328125 0.84756591796875 0.675159375 0.856259765625 0.67023623046875 0.8513662109375
0 0.70326533203125 0.85000458984375 0.7143416015625 0.8381595703125 0.71982314453125 0.84323505859375 0.7088328125 0.855519140625 0.70326533203125 0.85000458984375
0 0.67038154296875 0.869943359375 0.68005498046875 0.8588015625 0.6925787109375 0.87054794921875 0.69673349609375 0.8738390625 0.686369140625 0.88593095703125 0.67038154296875 0.869943359375
0 0.6796939453125 0.85721669921875 0.68683447265625 0.84864521484375 0.692857421875 0.85399140625 0.68541337890625 0.86251826171875 0.6796939453125 0.85721669921875
0 0.47902744140625 0.8965486328125 0.49211630859375 0.88863623046875 0.5124251953125 0.87589951171875 0.51709365234375 0.8836205078125 0.51278427734375 0.886493359375 0.51906884765625 0.89583037109375 0.489441796875 0.91450439453125 0.47902744140625 0.8965486328125
0 0.50989619140625 0.94854404296875 0.52138349609375 0.94085703125 0.52639296875 0.948112109375 0.51501787109375 0.9550244140625 0.50989619140625 0.94854404296875
0 0.5190341796875 0.8338673828125 0.50887216796875 0.8026515625 0.53034638671875 0.7954419921875 0.53286015625 0.80100830078125 0.5402220703125 0.799033203125 0.54363359375 0.80747236328125 0.53788779296875 0.80944755859375 0.54596787109375 0.8322513671875 0.5276234375 0.83768623046875 0.52549833984375 0.83189228515625 0.5190341796875 0.8338673828125
0 0.56963583984375 0.8646248046875 0.57724189453125 0.859774609375 0.58341494140625 0.87256162109375 0.575919140625 0.8764197265625 0.56963583984375 0.8646248046875
0 0.53058857421875 0.96782607421875 0.53518125 0.9636595703125 0.53870029296875 0.96731396484375 0.53396318359375 0.97157744140625 0.53058857421875 0.96782607421875
0 0.30217021484375 0.99900400390625 0.2949328125 0.98522802734375 0.30595615234375 0.97960615234375 0.30264912109375 0.97310244140625 0.31609755859375 0.965716796875 0.3316404296875 0.99437734375 0.324467578125 0.99900419921875 0.30217021484375 0.99900400390625
0 0.28185966796875 0.9627712890625 0.299651953125 0.95767548828125 0.30302041015625 0.96890361328125 0.28496904296875 0.97348125 0.28185966796875 0.9627712890625
0 0.27025009765625 0.9703923828125 0.27025009765625 0.9505552734375 0.2805203125 0.950133203125 0.2800982421875 0.9703923828125 0.27025009765625 0.9703923828125
0 0.33282255859375 0.7724701171875 0.35181552734375 0.76571708984375 0.36236708984375 0.7917443359375 0.34267080078125 0.79891943359375 0.33282255859375 0.7724701171875
0 0.1667921875 0.819365625 0.18270771484375 0.81451318359375 0.18706904296875 0.83266201171875 0.17060849609375 0.8368826171875 0.1667921875 0.819365625
0 0.163951171875 0.8085447265625 0.1771791015625 0.80468662109375 0.17960419921875 0.813284765625 0.1664865234375 0.8170326171875 0.163951171875 0.8085447265625
0 0.153292578125 0.849397265625 0.16883544921875 0.845980078125 0.17155927734375 0.85895908203125 0.1562759765625 0.86219501953125 0.153292578125 0.849397265625
0 0.076544921875 0.8353935546875 0.08106455078125 0.81753583984375 0.09627666015625 0.82117353515625 0.091646875 0.8398029296875 0.076544921875 0.8353935546875
0 0.03220185546875 0.80471982421875 0.04399677734375 0.8003279296875 0.04840615234375 0.81300478515625 0.03606005859375 0.8172544921875 0.03220185546875 0.80471982421875
0 0.04140234375 0.83673642578125 0.05462705078125 0.82984267578125 0.063068359375 0.84799150390625 0.04942158203125 0.85418173828125 0.04140234375 0.83673642578125
0 0.00746455078125 0.780493359375 0.02362470703125 0.77672265625 0.02577939453125 0.7873166015625 0.00961923828125 0.79090771484375 0.00746455078125 0.780493359375
0 0.0308220703125 0.742252734375 0.041655078125 0.7326859375 0.0499556640625 0.7409865234375 0.0395447265625 0.75069404296875 0.0308220703125 0.742252734375
0 0.0829203125 0.8555814453125 0.09164296875 0.85136083984375 0.0971298828125 0.86219384765625 0.0885478515625 0.86725859375 0.0829203125 0.8555814453125
0 0.32040029296875 0.72575029296875 0.33780087890625 0.719737109375 0.3411845703125 0.730835546875 0.33003623046875 0.73504912109375 0.3290033203125 0.73273046875 0.32331025390625 0.7348185546875 0.32040029296875 0.72575029296875
0 0.198465234375 0.678543359375 0.2016609375 0.6701654296875 0.214357421875 0.67439755859375 0.21142080078125 0.6829482421875 0.198465234375 0.678543359375
0 0.1795248046875 0.6690427734375 0.18852880859375 0.66946484375 0.18810673828125 0.6777654296875 0.179102734375 0.677343359375 0.1795248046875 0.6690427734375
0 0.10210390625 0.70734638671875 0.1072861328125 0.70259599609375 0.11436845703125 0.7099375 0.1097044921875 0.7143423828125 0.10210390625 0.70734638671875
0 0.15522880859375 0.59468427734375 0.1673181640625 0.58835732421875 0.171944140625 0.596646875 0.15996591796875 0.60307578125 0.15522880859375 0.59468427734375
0 0.18290126953125 0.62292509765625 0.19482041015625 0.61532451171875 0.19948447265625 0.62335703125 0.18730625 0.6302666015625 0.18290126953125 0.62292509765625
0 0.18667197265625 0.5952681640625 0.2078310546875 0.58290205078125 0.216177734375 0.5998916015625 0.1941677734375 0.611251953125 0.190530078125 0.60364580078125 0.18667197265625 0.5952681640625
0 0.10655322265625 0.62313603515625 0.11429111328125 0.6163830078125 0.121184765625 0.62468369140625 0.11358759765625 0.63129599609375 0.10655322265625 0.62313603515625
4 0.03347646484375 0.50935888671875 0.04354970703125 0.50562255859375 0.0487306640625 0.518630078125 0.038919921875 0.5222677734375 0.03347646484375 0.50935888671875
4 0.000135546875 0.41157724609375 0.003876171875 0.40987412109375 0.0103701171875 0.430069140625 0.000135546875 0.4353453125 0.000135546875 0.41157724609375
0 0.092619140625 0.43435546875 0.1188345703125 0.41173125 0.13750859375 0.43453505859375 0.107701953125 0.45913447265625 0.0999810546875 0.45320908203125 0.10249482421875 0.44997705078125 0.09621025390625 0.443512890625 0.0989037109375 0.44153779296875 0.092619140625 0.43435546875
4 0.10090341796875 0.3873185546875 0.1007484375 0.384908984375 0.10174755859375 0.3819724609375 0.10315439453125 0.38056552734375 0.1051240234375 0.37929931640625 0.108078515625 0.37887724609375 0.11131435546875 0.38000283203125 0.11314326171875 0.3812689453125 0.1146908203125 0.3842234375 0.1146908203125 0.38703720703125 0.11414951171875 0.38975654296875 0.113118359375 0.3911634765625 0.11101875 0.39193994140625 0.10880693359375 0.39237802734375 0.10467529296875 0.39222666015625 0.10283037109375 0.39059541015625 0.1016068359375 0.38914755859375 0.10090341796875 0.3873185546875
0 0.14834150390625 0.4697390625 0.16275595703125 0.457828515625 0.17114599609375 0.4682439453125 0.1563748046875 0.48047978515625 0.14834150390625 0.4697390625
0 0.31488173828125 0.4578759765625 0.32332099609375 0.4438705078125 0.3353513671875 0.45123232421875 0.32659736328125 0.4655310546875 0.31488173828125 0.4578759765625
0 0.296507421875 0.46681767578125 0.3019943359375 0.45640673828125 0.3098728515625 0.46020537109375 0.3042453125 0.47117900390625 0.296507421875 0.46681767578125
0 0.25001923828125 0.49828271484375 0.26127431640625 0.48730908203125 0.26999697265625 0.49575029296875 0.2580384765625 0.5067240234375 0.25001923828125 0.49828271484375
0 0.21028876953125 0.5293365234375 0.22027763671875 0.51962900390625 0.23082919921875 0.53032138671875 0.22084033203125 0.54002880859375 0.21028876953125 0.5293365234375
0 0.37060986328125 0.43794130859375 0.3781056640625 0.4287919921875 0.3871447265625 0.436287890625 0.379538671875 0.44521669921875 0.37060986328125 0.43794130859375
0 0.35757275390625 0.39074599609375 0.37532021484375 0.39074599609375 0.3752099609375 0.4141154296875 0.35702158203125 0.4142255859375 0.35757275390625 0.39074599609375
0 0.39347255859375 0.42366513671875 0.3967546875 0.421505859375 0.39424990234375 0.4178783203125 0.40781005859375 0.40889580078125 0.41929736328125 0.42530615234375 0.40305966796875 0.43757080078125 0.39347255859375 0.42366513671875
0 0.50690595703125 0.44107333984375 0.51903154296875 0.43710498046875 0.52443291015625 0.455293359375 0.5121970703125 0.45904130859375 0.50690595703125 0.44107333984375
3 0.53176650390625 0.50867060546875 0.53798515625 0.49942900390625 0.5518044921875 0.50875703125 0.5454291015625 0.5174421875 0.53176650390625 0.50867060546875
0 0.46349423828125 0.565469921875 0.4703287109375 0.557533203125 0.48256455078125 0.5673439453125 0.47506865234375 0.57572158203125 0.46349423828125 0.565469921875
0 0.4764703125 0.59119775390625 0.4835369140625 0.58631640625 0.4893994140625 0.59441357421875 0.48229365234375 0.5990830078125 0.4764703125 0.59119775390625
0 0.5430771484375 0.54741845703125 0.55282216796875 0.53618466796875 0.5604015625 0.5424783203125 0.5502623046875 0.55373125 0.5430771484375 0.54741845703125
0 0.48725302734375 0.5434490234375 0.498419140625 0.53647861328125 0.502885546875 0.54311064453125 0.49151640625 0.55021630859375 0.48725302734375 0.5434490234375
0 0.61983583984375 0.58597060546875 0.63341474609375 0.57765546875 0.6398767578125 0.5876595703125 0.6255265625 0.59565654296875 0.61983583984375 0.58597060546875
4 0.61425234375 0.696459375 0.6317513671875 0.69481337890625 0.6327361328125 0.705927734375 0.61557216796875 0.7071939453125 0.61425234375 0.696459375
0 0.9545306640625 0.6791908203125 0.97084521484375 0.6488767578125 0.98583681640625 0.657033984375 0.97029404296875 0.687348046875 0.9545306640625 0.6791908203125
0 0.6305162109375 0.65901005859375 0.64208984375 0.659269140625 0.64191708984375 0.66635146484375 0.63034345703125 0.66626513671875 0.6305162109375 0.65901005859375
0 0.62002509765625 0.65435458984375 0.6284166015625 0.65448994140625 0.6284166015625 0.65990380859375 0.619957421875 0.6598361328125 0.62002509765625 0.65435458984375
0 0.61291240234375 0.62605009765625 0.6242138671875 0.62571171875 0.6244845703125 0.63335888671875 0.61318310546875 0.63369716796875 0.61291240234375 0.62605009765625
0 0.94403955078125 0.706416796875 0.947829296875 0.7001908203125 0.953378515625 0.7036421875 0.94958876953125 0.71007109375 0.94403955078125 0.706416796875
4 0.85827255859375 0.4185384765625 0.8682916015625 0.41275166015625 0.87580576171875 0.425275390625 0.8651822265625 0.431666796875 0.85827255859375 0.4185384765625
4 0.70756708984375 0.466595703125 0.71067646484375 0.45769951171875 0.72112724609375 0.461154296875 0.7184498046875 0.47013681640625 0.70756708984375 0.466595703125
0 0.5640705078125 0.45598251953125 0.57011650390625 0.45071396484375 0.57745791015625 0.4585736328125 0.5712392578125 0.4641013671875 0.5640705078125 0.45598251953125
0 0.54971513671875 0.44760380859375 0.560272265625 0.440498046875 0.566701171875 0.44929560546875 0.5565501953125 0.4566720703125 0.54971513671875 0.44760380859375
3 0.32196220703125 0.65560380859375 0.33201748046875 0.64680546875 0.3386611328125 0.65398779296875 0.32770810546875 0.66296572265625 0.32196220703125 0.65560380859375
0 0.19612353515625 0.43681533203125 0.20086357421875 0.42832734375 0.21166640625 0.43394921875 0.207146875 0.4421064453125 0.19612353515625 0.43681533203125
0 0.18261787109375 0.31542177734375 0.194105078125 0.316458203125 0.19272314453125 0.33183212890625 0.18114951171875 0.330709375 0.18261787109375 0.31542177734375
0 0.19436533203125 0.26148515625 0.20519833984375 0.260781640625 0.20562041015625 0.27864912109375 0.19478740234375 0.27907109375 0.19436533203125 0.26148515625
0 0.08414892578125 0.26932138671875 0.10602421875 0.25928505859375 0.11212919921875 0.27436787109375 0.090402734375 0.28388447265625 0.08414892578125 0.26932138671875
0 0.0759888671875 0.24199296875 0.09047978515625 0.2398826171875 0.09230869140625 0.25015283203125 0.07809921875 0.25268525390625 0.0759888671875 0.24199296875
0 0.29691142578125 0.19450029296875 0.31238720703125 0.1942189453125 0.31252783203125 0.20589599609375 0.29677080078125 0.20603671875 0.29691142578125 0.19450029296875
0 0.2494697265625 0.21049013671875 0.25740654296875 0.2086162109375 0.25939072265625 0.220190625 0.25134365234375 0.221844140625 0.2494697265625 0.21049013671875
0 0.2837662109375 0.204651953125 0.2900712890625 0.19972880859375 0.2945625 0.20525654296875 0.28799833984375 0.21009326171875 0.2837662109375 0.204651953125
0 0.0506439453125 0.2010220703125 0.061452734375 0.19579794921875 0.06542578125 0.20331220703125 0.0546294921875 0.2086671875 0.0506439453125 0.2010220703125
3 0.0745513671875 0.19497734375 0.081927734375 0.19328544921875 0.08321357421875 0.19998515625 0.07576943359375 0.201338671875 0.0745513671875 0.19497734375
1 0.0394751953125 0.1373337890625 0.05298125 0.12931455078125 0.05832744140625 0.13719306640625 0.04538408203125 0.14619716796875 0.0394751953125 0.1373337890625
0 0.08672158203125 0.1662849609375 0.09849677734375 0.1557955078125 0.10499345703125 0.1622921875 0.093015234375 0.17318759765625 0.08672158203125 0.1662849609375
2 0.140539453125 0.1784541015625 0.15123203125 0.1755880859375 0.15310595703125 0.18253271484375 0.14263388671875 0.18561923828125 0.140539453125 0.1784541015625
0 0.1847412109375 0.161119140625 0.18496162109375 0.15516650390625 0.19741796875 0.1558279296875 0.19741796875 0.16178046875 0.1847412109375 0.161119140625
0 0.12640673828125 0.10263388671875 0.14055048828125 0.1017541015625 0.14122724609375 0.1108900390625 0.12688046875 0.11122841796875 0.12640673828125 0.10263388671875
0 0.48661396484375 0.14687900390625 0.49984189453125 0.137178515625 0.50910146484375 0.15106787109375 0.495653125 0.1605478515625 0.48661396484375 0.14687900390625
0 0.17653603515625 0.0972169921875 0.18379111328125 0.09410771484375 0.1879369140625 0.1031765625 0.18059541015625 0.10619951171875 0.17653603515625 0.0972169921875
2 0.54954130859375 0.14307275390625 0.57423349609375 0.13767138671875 0.5777609375 0.15288349609375 0.55373017578125 0.15784404296875 0.54954130859375 0.14307275390625
3 0.7097658203125 0.248060546875 0.72181171875 0.24839892578125 0.7219470703125 0.2570611328125 0.7097658203125 0.25692578125 0.7097658203125 0.248060546875
0 0.77064140625 0.23540322265625 0.77301005859375 0.2343205078125 0.7849205078125 0.2290419921875 0.7894546875 0.23885458984375 0.7751755859375 0.24521591796875 0.77064140625 0.23540322265625
0 0.7356599609375 0.255951953125 0.747477734375 0.2494802734375 0.75141708984375 0.2563740234375 0.73945859375 0.26284560546875 0.7356599609375 0.255951953125
4 0.0718689453125 0.573492578125 0.07410390625 0.561211328125 0.0828123046875 0.56231357421875 0.08120419921875 0.57464453125 0.0718689453125 0.573492578125
0 0.5751880859375 0.5578033203125 0.583896484375 0.54942568359375 0.58995927734375 0.555819140625 0.58125087890625 0.56408662109375 0.5751880859375 0.5578033203125
3 0.49652021484375 0.40706279296875 0.4970712890625 0.3975828125 0.50478759765625 0.39857490234375 0.5043466796875 0.40783447265625 0.49652021484375 0.40706279296875
4 0.09580107421875 0.4064849609375 0.10087177734375 0.3997607421875 0.11002109375 0.4071462890625 0.103848046875 0.41398076171875 0.09580107421875 0.4064849609375
0 0.52314365234375 0.562833984375 0.52887578125 0.56040888671875 0.53108046875 0.56382607421875 0.52556884765625 0.56680244140625 0.52314365234375 0.562833984375
0 0.1823564453125 0.09106162109375 0.18608935546875 0.0897845703125 0.190215234375 0.09882216796875 0.18677705078125 0.1004921875 0.18379111328125 0.09410771484375 0.1823564453125 0.09106162109375
2 0.145726953125 0.17697001953125 0.1454322265625 0.171665234375 0.15456806640625 0.1717634765625 0.15476455078125 0.17657705078125 0.151834375 0.1773318359375 0.15123203125 0.1755880859375 0.14658681640625 0.17682333984375 0.145726953125 0.17697001953125
0 0.77547490234375 0.9329240234375 0.78517001953125 0.92783828125 0.79089609375 0.93699658203125 0.78224521484375 0.9428892578125 0.77547490234375 0.9329240234375
0 0.74697119140625 0.7841916015625 0.742108984375 0.78904072265625 0.736951953125 0.78449951171875 0.7421859375 0.77918857421875 0.74697119140625 0.7841916015625
0 0.747986328125 0.7483919921875 0.75529853515625 0.74408173828125 0.75814638671875 0.74885380859375 0.7507572265625 0.75308720703125 0.747986328125 0.7483919921875
0 0.76747841796875 0.7583837890625 0.77437314453125 0.75152158203125 0.77945322265625 0.7566015625 0.77683623046875 0.7592185546875 0.779068359375 0.7609888671875 0.777375 0.7624513671875 0.7766052734375 0.76137373046875 0.77591259765625 0.76206650390625 0.7762974609375 0.763759765625 0.77506591796875 0.7642986328125 0.77337255859375 0.76314404296875 0.7720232421875 0.76358486328125 0.76747841796875 0.7583837890625
0 0.7167931640625 0.807810546875 0.72948955078125 0.811697265625 0.72776220703125 0.81791591796875 0.71489296875 0.81402919921875 0.7167931640625 0.807810546875
4 0.7692931640625 0.95722685546875 0.78487646484375 0.95287265625 0.78808486328125 0.96410185546875 0.7727306640625 0.9643310546875 0.7692931640625 0.95722685546875
0 0.7480107421875 0.95361171875 0.7502376953125 0.9535056640625 0.75193447265625 0.9539298828125 0.75304794921875 0.955891796875 0.7539494140625 0.9556796875 0.753843359375 0.95430107421875 0.75601728515625 0.95456611328125 0.7560703125 0.95573271484375 0.75850947265625 0.955891796875 0.7585625 0.95811875 0.76020615234375 0.95785361328125 0.76041826171875 0.96124716796875 0.75214658203125 0.96156533203125 0.75096962890625 0.96309326171875 0.74964677734375 0.963313671875 0.74799326171875 0.96364443359375 0.74622958984375 0.96364443359375 0.74490673828125 0.96232158203125 0.74314306640625 0.96088857421875 0.741379296875 0.9607783203125 0.73917470703125 0.9607783203125 0.739064453125 0.9573611328125 0.7439146484375 0.9573611328125 0.7450169921875 0.95603828125 0.745788671875 0.95482578125 0.7466705078125 0.9540541015625 0.7480107421875 0.95361171875
0 0.53067177734375 0.95775244140625 0.5172076171875 0.96657392578125 0.513268359375 0.9615091796875 0.511720703125 0.96249404296875 0.50932900390625 0.9584140625 0.52515556640625 0.948984375 0.53067177734375 0.95775244140625
0 0.52671552734375 0.95130009765625 0.534318359375 0.9477271484375 0.53760048828125 0.95466533203125 0.53067177734375 0.95775244140625 0.52671552734375 0.95130009765625
4 0.22062490234375 0.65193095703125 0.22887666015625 0.6536009765625 0.2271083984375 0.66303154296875 0.218463671875 0.6611650390625 0.22062490234375 0.65193095703125
4 0.16345498046875 0.5405890625 0.17385595703125 0.53002802734375 0.18313681640625 0.53962900390625 0.17209580078125 0.54970986328125 0.16345498046875 0.5405890625
4 0.2081515625 0.10656748046875 0.21570791015625 0.1018703125 0.2195880859375 0.1100392578125 0.2120318359375 0.11391953125 0.2081515625 0.10656748046875
0 0.09044482421875 0.2412529296875 0.09608671875 0.23235126953125 0.10310771484375 0.24050068359375 0.0978419921875 0.24902626953125 0.09044482421875 0.2412529296875
4 0.36039912109375 0.28318740234375 0.3658396484375 0.27982705078125 0.37 0.2859076171875 0.36503955078125 0.289748046875 0.36039912109375 0.28318740234375
4 0.5334041015625 0.1207271484375 0.5229859375 0.11348701171875 0.53078212890625 0.10370078125 0.54118310546875 0.11202158203125 0.5334041015625 0.1207271484375
0 0.8624029296875 0.9559216796875 0.86032275390625 0.9559216796875 0.86384306640625 0.93832001953125 0.88518115234375 0.94208623046875 0.88112470703125 0.95960205078125 0.8624029296875 0.9559216796875
