3 0.39261630859375 0.00963037109375 0.4071345703125 0.00959775390625 0.407004296875 0.019721484375 0.39261630859375 0.01978662109375 0.39261630859375 0.00963037109375
3 0.41684306640625 0.0537005859375 0.41961005859375 0.04165634765625 0.42957099609375 0.0441302734375 0.426869140625 0.05630478515625 0.41684306640625 0.0537005859375
3 0.31869453125 3.02734375e-06 0.32463125 0.00924794921875 0.31036787109375 0.01778486328125 0.30347470703125 0.00596044921875 0.3133322265625 3.02734375e-06 0.31869453125 3.02734375e-06
3 0.39966064453125 0.9266744140625 0.41217431640625 0.92487158203125 0.415090625 0.9435890625 0.40273603515625 0.94565693359375 0.39966064453125 0.9266744140625
3 0.54834541015625 0.9498671875 0.56111181640625 0.9498671875 0.56106708984375 0.9658626953125 0.54817646484375 0.965830078125 0.54834541015625 0.9498671875
3 0.53450693359375 0.9400783203125 0.534574609375 0.954357421875 0.522393359375 0.9544927734375 0.5222580078125 0.94028134765625 0.53450693359375 0.9400783203125
2 0.54343466796875 0.9296091796875 0.55785849609375 0.9303001953125 0.55699482421875 0.94567412109375 0.54263681640625 0.9455251953125 0.54343466796875 0.9296091796875
1 0.59379931640625 0.95336435546875 0.60623662109375 0.95345068359375 0.60537294921875 0.97452509765625 0.59302197265625 0.97443876953125 0.59379931640625 0.95336435546875
2 0.71847138671875 0.96084931640625 0.71704404296875 0.985540625 0.7017498046875 0.9846609375 0.70328759765625 0.9595701171875 0.71847138671875 0.96084931640625
2 0.7207306640625 0.9675830078125 0.73057685546875 0.9675830078125 0.73046484375 0.9847390625 0.72049638671875 0.98468603515625 0.7207306640625 0.9675830078125
2 0.74674775390625 0.970050390625 0.76509404296875 0.97079267578125 0.76488193359375 0.9863287109375 0.75067158203125 0.986010546875 0.75077763671875 0.9824580078125 0.746217578125 0.98229892578125 0.74674775390625 0.970050390625
3 0.775508203125 0.9690419921875 0.78818525390625 0.969476953125 0.7874615234375 0.9816181640625 0.7749783203125 0.9812107421875 0.775508203125 0.9690419921875
3 0.78756240234375 0.99900244140625 0.79017109375 0.98697548828125 0.80010048828125 0.98813876953125 0.7980837890625 0.99900234375 0.78756240234375 0.99900244140625
3 0.7140087890625 0.95715537109375 0.70324873046875 0.95478671875 0.7059556640625 0.943079296875 0.7164451171875 0.94510947265625 0.7140087890625 0.95715537109375
3 0.71995859375 0.949218359375 0.7268921875 0.94908818359375 0.7270548828125 0.95696572265625 0.71862392578125 0.957030859375 0.71862392578125 0.95345009765625 0.71989345703125 0.95338505859375 0.71995859375 0.949218359375
3 0.76549619140625 0.9677056640625 0.75346943359375 0.9662248046875 0.755110546875 0.95681044921875 0.767342578125 0.95937763671875 0.76549619140625 0.9677056640625
2 0.44161328125 0.90146171875 0.45059580078125 0.88600146484375 0.4619103515625 0.892651953125 0.45223681640625 0.90768037109375 0.44161328125 0.90146171875
3 0.46972919921875 0.86481298828125 0.48948984375 0.8690763671875 0.48610615234375 0.88240810546875 0.4666162109375 0.8782123046875 0.46972919921875 0.86481298828125
3 0.46185 0.19350673828125 0.4759107421875 0.19388759765625 0.475775390625 0.20830205078125 0.461090234375 0.20776064453125 0.46185 0.19350673828125
3 0.43780322265625 0.2094064453125 0.43717998046875 0.22162080078125 0.42500712890625 0.2207068359375 0.4256302734375 0.21007119140625 0.42691826171875 0.21015419921875 0.4271259765625 0.2060412109375 0.430698828125 0.2061658203125 0.43065732421875 0.209115625 0.43780322265625 0.2094064453125
3 0.444639453125 0.2325263671875 0.45552216796875 0.2200890625 0.462086328125 0.225789453125 0.45033994140625 0.23874501953125 0.444639453125 0.2325263671875
3 0.4212123046875 0.2301955078125 0.4252837890625 0.22604091796875 0.430476953125 0.231192578125 0.42590693359375 0.23580419921875 0.4212123046875 0.2301955078125
3 0.3868140625 0.19480400390625 0.39944423828125 0.19395771484375 0.4008447265625 0.21107763671875 0.3875501953125 0.21199169921875 0.3868140625 0.19480400390625
3 0.4053630859375 0.20507392578125 0.412963671875 0.19738701171875 0.4189232421875 0.20351923828125 0.411236328125 0.21137900390625 0.4053630859375 0.20507392578125
3 0.4515796875 0.9708134765625 0.45977158203125 0.96943173828125 0.46115341796875 0.9758470703125 0.45286279296875 0.97742626953125 0.4515796875 0.9708134765625
2 0.35851337890625 0.92226494140625 0.3728216796875 0.92708798828125 0.36735556640625 0.94139638671875 0.35256494140625 0.93528720703125 0.35851337890625 0.92226494140625
3 0.37780546875 0.92982109375 0.38327158203125 0.9336794921875 0.3787701171875 0.939788671875 0.37330400390625 0.93673408203125 0.37780546875 0.92982109375
3 0.41944443359375 0.9557046875 0.42700048828125 0.95104248046875 0.43262744140625 0.95859853515625 0.43503896484375 0.96358232421875 0.4298943359375 0.96695849609375 0.42780439453125 0.96535078125 0.42378515625 0.96535078125 0.41944443359375 0.9557046875
