1 0.54657373046875 0.094877734375 0.543840625 0.09021552734375 0.5530044921875 0.0858748046875 0.55412978515625 0.08780400390625 0.55863134765625 0.0850708984375 0.55847060546875 0.08410634765625 0.56715205078125 0.080087109375 0.5740650390625 0.09503857421875 0.56457978515625 0.10018310546875 0.56265048828125 0.0958423828125 0.55171826171875 0.100826171875 0.55252216796875 0.1032376953125 0.54528759765625 0.10629228515625 0.54030380859375 0.0980931640625 0.54657373046875 0.094877734375
1 0.58667421875 0.08736201171875 0.59338564453125 0.09673828125 0.5839107421875 0.1030548828125 0.57789013671875 0.0938759765625 0.58667421875 0.08736201171875
1 0.6504517578125 0.12318984375 0.6413822265625 0.1326373046875 0.62563642578125 0.118655078125 0.63445400390625 0.10832587890625 0.6504517578125 0.12318984375
1 0.58359501953125 0.01250029296875 0.5998326171875 0.0081595703125 0.60336953125 0.02600478515625 0.58713193359375 0.029380859375 0.58359501953125 0.01250029296875
1 0.60787099609375 0.00912412109375 0.61960703125 0.0096064453125 0.6179994140625 0.02343251953125 0.60626328125 0.0216640625 0.60787099609375 0.00912412109375
1 0.64639560546875 0.026096484375 0.660382421875 0.0285080078125 0.656684765625 0.04699638671875 0.64237646484375 0.04442412109375 0.64639560546875 0.026096484375
1 0.6732439453125 0.0474787109375 0.67018935546875 0.0611439453125 0.65957861328125 0.05808935546875 0.66311552734375 0.04490634765625 0.6732439453125 0.0474787109375
1 0.7105767578125 0.06251904296875 0.7040107421875 0.07790791015625 0.68882705078125 0.0727783203125 0.69580341796875 0.055953125 0.7105767578125 0.06251904296875
1 0.7186576171875 0.098469140625 0.7212298828125 0.0767654296875 0.73393056640625 0.0790162109375 0.73151904296875 0.0997552734375 0.7186576171875 0.098469140625
1 0.740600390625 0.08136904296875 0.74295732421875 0.0556591796875 0.757622265625 0.05723037109375 0.75578916015625 0.08289404296875 0.740600390625 0.08136904296875
1 0.75750634765625 0.08714873046875 0.7577115234375 0.1115658203125 0.738629296875 0.11053994140625 0.739244921875 0.0861228515625 0.75750634765625 0.08714873046875
1 0.816547265625 0.08942041015625 0.83008955078125 0.091472265625 0.82742216796875 0.1087078125 0.81367470703125 0.10645078125 0.816547265625 0.08942041015625
1 0.80303232421875 2.83203125e-06 0.799791015625 0.021260546875 0.79046650390625 0.0199744140625 0.7935306640625 2.83203125e-06 0.80303232421875 2.83203125e-06
1 0.792264453125 2.83203125e-06 0.78821572265625 0.02608359375 0.77712275390625 0.02511904296875 0.7807201171875 2.9296875e-06 0.792264453125 2.83203125e-06
1 0.9781291015625 0.076876953125 0.97792392578125 0.097805859375 0.9572001953125 0.09760068359375 0.95740537109375 0.07667177734375 0.9781291015625 0.076876953125
1 0.88506025390625 0.06251689453125 0.9057482421875 0.065659375 0.90312958984375 0.0837287109375 0.881655859375 0.08058623046875 0.88506025390625 0.06251689453125
1 0.92777265625 0.1494646484375 0.94086640625 0.14972646484375 0.9406044921875 0.1607251953125 0.92724892578125 0.1607251953125 0.92777265625 0.1494646484375
1 0.8379138671875 0.13794765625 0.85519755859375 0.141351953125 0.85886376953125 0.14999384765625 0.85257880859375 0.1777525390625 0.83869951171875 0.17539560546875 0.83320009765625 0.1712056640625 0.8379138671875 0.13794765625
1 0.72474052734375 0.10634716796875 0.7385666015625 0.1142248046875 0.730206640625 0.12869384765625 0.717184375 0.12017314453125 0.72474052734375 0.10634716796875
1 0.74210849609375 0.126986328125 0.75216259765625 0.1302693359375 0.74990556640625 0.1378611328125 0.7396462890625 0.1347833984375 0.74210849609375 0.126986328125
1 0.80252119140625 0.12331708984375 0.7941412109375 0.1238408203125 0.78995126953125 0.1290783203125 0.76690634765625 0.1620744140625 0.760883203125 0.15762255859375 0.7519794921875 0.15657509765625 0.75486015625 0.13091142578125 0.76035947265625 0.1172939453125 0.77554814453125 0.11677021484375 0.77685751953125 0.111008984375 0.80304501953125 0.1133658203125 0.80252119140625 0.12331708984375
1 0.78868623046875 0.17374443359375 0.794761328125 0.17798740234375 0.78153486328125 0.1954966796875 0.77498466796875 0.1909619140625 0.77939345703125 0.1835298828125 0.779306640625 0.183447265625 0.78868623046875 0.17374443359375
1 0.7894296875 0.172188671875 0.78942314453125 0.17252509765625 0.7789453125 0.183115234375 0.77271728515625 0.17735751953125 0.78166083984375 0.16589462890625 0.7894296875 0.172188671875
1 0.80519111328125 0.16305185546875 0.8140544921875 0.16347392578125 0.8139138671875 0.17669853515625 0.80336220703125 0.17529169921875 0.80519111328125 0.16305185546875
0 0.8008806640625 0.186894921875 0.81237236328125 0.18976787109375 0.80698564453125 0.2136490234375 0.79459619140625 0.21059658203125 0.8008806640625 0.186894921875
1 0.8337380859375 0.18129521484375 0.843867578125 0.18382763671875 0.840209765625 0.1993033203125 0.8302208984375 0.19648955078125 0.8337380859375 0.18129521484375
1 0.82965810546875 0.178762890625 0.82614091796875 0.19466064453125 0.8155892578125 0.19297236328125 0.8191064453125 0.17721533203125 0.82965810546875 0.178762890625
1 0.84932822265625 0.20459189453125 0.84384140625 0.2188013671875 0.8338525390625 0.21500283203125 0.840209765625 0.1993033203125 0.84932822265625 0.20459189453125
1 0.86487548828125 0.199871484375 0.86360927734375 0.2185830078125 0.85136943359375 0.21647265625 0.85362041015625 0.19804248046875 0.86487548828125 0.199871484375
1 0.8757580078125 0.17043447265625 0.89012255859375 0.17097314453125 0.8886861328125 0.19018583984375 0.8746806640625 0.187312890625 0.8757580078125 0.17043447265625
1 0.845639453125 0.22665546875 0.85515595703125 0.23958369140625 0.8275041015625 0.26364443359375 0.81870576171875 0.246766015625 0.845639453125 0.22665546875
1 0.87872470703125 0.23839052734375 0.86170166015625 0.2481181640625 0.85546669921875 0.236669140625 0.87306064453125 0.22856630859375 0.87872470703125 0.23839052734375
0 0.8927275390625 0.23487880859375 0.88038251953125 0.2410927734375 0.87920673828125 0.23831630859375 0.873359375 0.228642578125 0.8727431640625 0.22671572265625 0.8835166015625 0.22096982421875 0.8927275390625 0.23487880859375
1 0.85555283203125 0.2444357421875 0.862305859375 0.25329912109375 0.853723828125 0.2600521484375 0.84697080078125 0.25006328125 0.85555283203125 0.2444357421875
1 0.86251796875 0.25075078125 0.8738990234375 0.24299814453125 0.8880517578125 0.264634765625 0.875152734375 0.273546484375 0.86251796875 0.25075078125
1 0.86750166015625 0.2710419921875 0.86658505859375 0.29304189453125 0.85237666015625 0.29304189453125 0.85237666015625 0.2703544921875 0.86750166015625 0.2710419921875
0 0.84149111328125 0.29318701171875 0.875866015625 0.2941037109375 0.875178515625 0.30991611328125 0.8410328125 0.30899951171875 0.84149111328125 0.29318701171875
1 0.89603271484375 0.2748537109375 0.897866015625 0.2943328125 0.875866015625 0.2941037109375 0.875152734375 0.27515419921875 0.8752193359375 0.2743599609375 0.89603271484375 0.2748537109375
1 0.885491015625 0.3094578125 0.88640771484375 0.3204578125 0.85936611328125 0.3218328125 0.85890771484375 0.31106201171875 0.885491015625 0.3094578125
1 0.84744384765625 0.31869951171875 0.8527146484375 0.3356578125 0.833235546875 0.3404703125 0.82956884765625 0.32351201171875 0.84744384765625 0.31869951171875
1 0.9814923828125 0.19711103515625 0.991621875 0.19767373046875 0.99148125 0.21160185546875 0.980366796875 0.21146123046875 0.9814923828125 0.19711103515625
1 0.99908349609375 0.23806376953125 0.98893310546875 0.23832177734375 0.98893310546875 0.22692607421875 0.99908349609375 0.22718408203125 0.99908349609375 0.23806376953125
1 0.98114306640625 0.2253421875 0.98189873046875 0.2384625 0.96628232421875 0.23832177734375 0.9660009765625 0.225519140625 0.98114306640625 0.2253421875
1 0.9584158203125 0.250704296875 0.97098486328125 0.2499861328125 0.97156669921875 0.270923828125 0.9596615234375 0.27103408203125 0.9584158203125 0.250704296875
0 0.92558984375 0.25354072265625 0.94605947265625 0.2533611328125 0.9421091796875 0.27706279296875 0.92217822265625 0.2756263671875 0.92558984375 0.25354072265625
1 0.98356376953125 0.270278125 0.986209375 0.2778841796875 0.9651548828125 0.28438798828125 0.9629501953125 0.2766716796875 0.98356376953125 0.270278125
1 0.9845046875 0.28029716796875 0.9856302734375 0.289301171875 0.96523046875 0.294366015625 0.96424560546875 0.28508056640625 0.9845046875 0.28029716796875
1 0.960737890625 0.28535009765625 0.960597265625 0.3098298828125 0.9497642578125 0.3095484375 0.95088974609375 0.28492802734375 0.960737890625 0.28535009765625
1 0.8767748046875 0.29925283203125 0.88592412109375 0.29991416015625 0.8851603515625 0.30879638671875 0.8762236328125 0.308181640625 0.8767748046875 0.29925283203125
1 0.91064853515625 0.29876181640625 0.92230849609375 0.29910732421875 0.92170390625 0.3073125 0.91021669921875 0.30679423828125 0.91064853515625 0.29876181640625
1 0.9450455078125 0.29236142578125 0.94532685546875 0.31149501953125 0.92366083984375 0.31107294921875 0.92408291015625 0.2995365234375 0.9312580078125 0.2996771484375 0.93182080078125 0.292220703125 0.9450455078125 0.29236142578125
1 0.92893583984375 0.31574921875 0.92904599609375 0.324237109375 0.91548740234375 0.324237109375 0.9157078125 0.315198046875 0.92893583984375 0.31574921875
1 0.8249353515625 0.2833890625 0.852228125 0.28231171875 0.85237666015625 0.29304189453125 0.84398525390625 0.2924392578125 0.82511484375 0.29254658203125 0.8249353515625 0.2833890625
1 0.83754736328125 0.36190478515625 0.8477990234375 0.36124345703125 0.8483501953125 0.36995185546875 0.83842919921875 0.37083369140625 0.83754736328125 0.36190478515625
1 0.86889892578125 0.385615234375 0.87537060546875 0.38575595703125 0.87537060546875 0.396026171875 0.86805478515625 0.395885546875 0.86889892578125 0.385615234375
1 0.9491791015625 0.52154755859375 0.9418171875 0.4919205078125 0.9507951171875 0.49012490234375 0.948819921875 0.48312216796875 0.96120947265625 0.479171875 0.96354365234375 0.4865337890625 0.98419287109375 0.4822244140625 0.99011826171875 0.5113126953125 0.9491791015625 0.52154755859375
1 0.863228125 0.47726845703125 0.864844140625 0.49073525390625 0.8553275390625 0.49127392578125 0.85407060546875 0.47780712890625 0.863228125 0.47726845703125
1 0.8782845703125 0.4929794921875 0.8825537109375 0.506218359375 0.88752587890625 0.52581455078125 0.8907431640625 0.54950556640625 0.864419921875 0.5533078125 0.85827783203125 0.51996494140625 0.86063876953125 0.5149794921875 0.85674296875 0.495500390625 0.8782845703125 0.4929794921875
1 0.886901171875 0.6552912109375 0.89194287109375 0.68599951171875 0.87269287109375 0.68943701171875 0.86833876953125 0.65827041015625 0.886901171875 0.6552912109375
0 0.88470625 0.7900884765625 0.88883125 0.82492177734375 0.87118544921875 0.82606767578125 0.8686646484375 0.790546875 0.88470625 0.7900884765625
1 0.94553505859375 0.8001185546875 0.95263916015625 0.8214310546875 0.937055859375 0.8296810546875 0.932930859375 0.8379310546875 0.91872255859375 0.84411845703125 0.91459755859375 0.84182685546875 0.90061845703125 0.84618095703125 0.88883125 0.82492177734375 0.94553505859375 0.8001185546875
0 0.9990833984375 0.90732490234375 0.99046669921875 0.91397890625 0.98220703125 0.90069169921875 0.9990833984375 0.8901326171875 0.9990833984375 0.90732490234375
0 0.9990833984375 0.9320677734375 0.97592255859375 0.94450380859375 0.9673037109375 0.92798447265625 0.99046669921875 0.91631318359375 0.9990833984375 0.93010810546875 0.9990833984375 0.9320677734375
0 0.97347919921875 0.86806982421875 0.97689072265625 0.8784841796875 0.95695986328125 0.88584609375 0.9540869140625 0.87453388671875 0.97312001953125 0.86789033203125 0.97347919921875 0.86806982421875
1 0.89415341796875 0.999001953125 0.88916044921875 0.9869845703125 0.934494921875 0.971190625 0.94063701171875 0.98435224609375 0.95847841796875 0.98201240234375 0.96345068359375 0.999001171875 0.89415341796875 0.999001953125
1 0.94434599609375 0.8710529296875 0.96451259765625 0.9003861328125 0.95282509765625 0.90817783203125 0.9473251953125 0.9010736328125 0.9377001953125 0.9051986328125 0.92417939453125 0.87907373046875 0.935179296875 0.87265703125 0.93747099609375 0.87540703125 0.94434599609375 0.8710529296875
1 0.945926171875 0.94025048828125 0.950051171875 0.9599587890625 0.93515537109375 0.962250390625 0.93240537109375 0.9420837890625 0.945926171875 0.94025048828125
0 0.8967734375 0.9476291015625 0.90018505859375 0.95804345703125 0.88258837890625 0.9641484375 0.8795359375 0.95211806640625 0.8967734375 0.9476291015625
1 0.9129525390625 0.9531587890625 0.91923701171875 0.969139453125 0.907206640625 0.97291015625 0.90271767578125 0.9574681640625 0.9129525390625 0.9531587890625
1 0.8836685546875 0.96570107421875 0.884090625 0.96513828125 0.90215498046875 0.9581716796875 0.90646005859375 0.9707658203125 0.88817060546875 0.97794091796875 0.8836685546875 0.96570107421875
1 0.92245771484375 0.680083984375 0.89282509765625 0.68509677734375 0.88797705078125 0.658522265625 0.91872587890625 0.65330029296875 0.92245771484375 0.680083984375
1 0.92370478515625 0.60486708984375 0.93303701171875 0.62390478515625 0.91437255859375 0.64667529296875 0.88674931640625 0.6500349609375 0.8863759765625 0.64779521484375 0.88301640625 0.647421875 0.88226982421875 0.6373431640625 0.88562939453125 0.6362232421875 0.8845095703125 0.62987734375 0.8815232421875 0.62577119140625 0.88040341796875 0.62091845703125 0.884136328125 0.6168123046875 0.89197529296875 0.615319140625 0.89160205078125 0.61233291015625 0.91213291015625 0.60934658203125 0.91213291015625 0.60673359375 0.92370478515625 0.60486708984375
1 0.8069568359375 0.9679240234375 0.8120216796875 0.9801638671875 0.79626455078125 0.98593203125 0.791621875 0.97383291015625 0.8069568359375 0.9679240234375
0 0.83254599609375 0.9148115234375 0.83956552734375 0.93177548828125 0.80680771484375 0.94288974609375 0.80095810546875 0.926218359375 0.83254599609375 0.9148115234375
1 0.80143759765625 0.88362109375 0.80510419921875 0.89576689453125 0.7792083984375 0.90378779296875 0.7764583984375 0.89187109375 0.80143759765625 0.88362109375
1 0.8174841796875 0.8430126953125 0.82197314453125 0.85396572265625 0.8045560546875 0.86078896484375 0.80114443359375 0.849297265625 0.8174841796875 0.8430126953125
1 0.80350537109375 0.74873916015625 0.8139197265625 0.77100439453125 0.76920986328125 0.79021708984375 0.75969326171875 0.76507900390625 0.80350537109375 0.74873916015625
0 0.81571533203125 0.80260654296875 0.820204296875 0.81984404296875 0.79865732421875 0.825230859375 0.7945275390625 0.80835234375 0.81571533203125 0.80260654296875
0 0.6661072265625 0.842740625 0.67348388671875 0.85734775390625 0.6508595703125 0.86794169921875 0.64421591796875 0.85321796875 0.6661072265625 0.842740625
0 0.6760015625 0.83517587890625 0.6675623046875 0.8183900390625 0.7172998046875 0.79522705078125 0.725200390625 0.8113873046875 0.6760015625 0.83517587890625
1 0.72220546875 0.7554833984375 0.729208203125 0.76948896484375 0.70209501953125 0.78295576171875 0.69527177734375 0.76751376953125 0.72220546875 0.7554833984375
1 0.69915517578125 0.720320703125 0.73925927734375 0.7029041015625 0.74980087890625 0.72536240234375 0.70946767578125 0.74277900390625 0.69915517578125 0.720320703125
1 0.65692685546875 0.69655537109375 0.6652787109375 0.71322353515625 0.64624560546875 0.722021875 0.63888369140625 0.70514345703125 0.65692685546875 0.69655537109375
1 0.599558984375 0.72079677734375 0.60995654296875 0.73950341796875 0.531272265625 0.77417919921875 0.5242927734375 0.77840673828125 0.51966494140625 0.77296171875 0.5121025390625 0.7731908203125 0.506831640625 0.7628783203125 0.599558984375 0.72079677734375
1 0.55821376953125 0.782092578125 0.56413916015625 0.79502080078125 0.5510314453125 0.80040751953125 0.54546513671875 0.7878384765625 0.55821376953125 0.782092578125
1 0.55713486328125 0.9766318359375 0.5727181640625 0.972277734375 0.5802298828125 0.99900390625 0.5628392578125 0.99900390625 0.55713486328125 0.9766318359375
1 0.6012744140625 0.94367275390625 0.61204521484375 0.939776953125 0.6239619140625 0.96292275390625 0.6115869140625 0.96773525390625 0.6012744140625 0.94367275390625
1 0.58803935546875 0.96912177734375 0.59605859375 0.964901171875 0.5922599609375 0.9588515625 0.59943505859375 0.95519365234375 0.609142578125 0.97095078125 0.59254140625 0.97897001953125 0.58803935546875 0.96912177734375
1 0.6167154296875 0.90699482421875 0.6373404296875 0.944578125 0.61900712890625 0.95259892578125 0.6002154296875 0.91409892578125 0.6167154296875 0.90699482421875
0 0.6277154296875 0.91272392578125 0.64238203125 0.90722392578125 0.64971533203125 0.9283072265625 0.6345904296875 0.933578125 0.6277154296875 0.91272392578125
1 0.5831255859375 0.88046806640625 0.5906669921875 0.8966283203125 0.5728908203125 0.90506748046875 0.56481064453125 0.88926640625 0.5831255859375 0.88046806640625
1 0.5829958984375 0.861430859375 0.58943046875 0.87342255859375 0.578901171875 0.87868720703125 0.57275908203125 0.86640302734375 0.5829958984375 0.861430859375
1 0.66740595703125 0.94216171875 0.675887890625 0.95941806640625 0.653659375 0.9696548828125 0.64517744140625 0.95298349609375 0.66740595703125 0.94216171875
1 0.7118630859375 0.962050390625 0.68407744140625 0.973749609375 0.6741330078125 0.95239853515625 0.70162626953125 0.939821875 0.7118630859375 0.962050390625
0 0.82540078125 0.63977900390625 0.83067158203125 0.6526123046875 0.8066091796875 0.66246640625 0.80065078125 0.64894560546875 0.82540078125 0.63977900390625
2 0.05792392578125 0.99900146484375 0.05294580078125 0.977296875 0.06731044921875 0.973526171875 0.0738763671875 0.99900166015625 0.05792392578125 0.99900146484375
4 8.2421875e-05 0.8795818359375 0.00852587890625 0.886493359375 8.2421875e-05 0.89459130859375 8.2421875e-05 0.8795818359375
1 8.251953125e-05 0.828797265625 0.0077875 0.82208095703125 0.0196052734375 0.83558701171875 8.2421875e-05 0.85392333984375 8.251953125e-05 0.828797265625
1 0.01618623046875 0.81566982421875 0.027857421875 0.829675390625 0.0196052734375 0.83558701171875 0.0077875 0.82208095703125 0.01618623046875 0.81566982421875
4 8.251953125e-05 0.70128466796875 0.01553037109375 0.71844775390625 0.00385322265625 0.72702978515625 8.251953125e-05 0.7219373046875 8.251953125e-05 0.70128466796875
1 0.0068974609375 0.6144482421875 0.01878935546875 0.60763740234375 0.02988662109375 0.62477666015625 0.018355859375 0.63257275390625 0.0068974609375 0.6144482421875
1 0.03334599609375 0.6285732421875 0.0516447265625 0.618211328125 0.05858935546875 0.63011650390625 0.04018046875 0.64025791015625 0.03334599609375 0.6285732421875
0 0.0331466796875 0.79661416015625 0.0395380859375 0.80361015625 0.02658251953125 0.81527021484375 0.02019111328125 0.80697861328125 0.0331466796875 0.79661416015625
0 0.0474021484375 0.78050634765625 0.0546775390625 0.78701005859375 0.04167001953125 0.800017578125 0.03439462890625 0.7924115234375 0.0474021484375 0.78050634765625
0 0.0467669921875 0.74365576171875 0.05492685546875 0.75280048828125 0.0402953125 0.764618359375 0.032416796875 0.7551921875 0.0467669921875 0.74365576171875
1 0.06147626953125 0.7334095703125 0.0689328125 0.7428357421875 0.05528603515625 0.75226181640625 0.0486736328125 0.742554296875 0.06147626953125 0.7334095703125
1 0.07059794921875 0.75706044921875 0.0782041015625 0.76576884765625 0.06596826171875 0.7771228515625 0.058251953125 0.767422265625 0.07059794921875 0.75706044921875
1 0.06271962890625 0.81237890625 0.07270849609375 0.82588505859375 0.0630009765625 0.8334822265625 0.053012109375 0.81983544921875 0.06271962890625 0.81237890625
1 0.09789931640625 0.794879296875 0.10605927734375 0.80669716796875 0.08622216796875 0.81935908203125 0.0789064453125 0.80669716796875 0.09789931640625 0.794879296875
1 0.1048681640625 0.7648689453125 0.11126171875 0.77357734375 0.09593935546875 0.78493134765625 0.0898765625 0.77589228515625 0.1048681640625 0.7648689453125
1 0.12571708984375 0.80306015625 0.1259083984375 0.8074587890625 0.121611328125 0.8105859375 0.1140625 0.801337890625 0.121103515625 0.79642578125 0.12571708984375 0.80306015625
1 0.0578703125 0.7966908203125 0.0654328125 0.8097533203125 0.0489328125 0.82052412109375 0.04297451171875 0.81227412109375 0.05328701171875 0.8049408203125 0.05191201171875 0.80104501953125 0.0578703125 0.7966908203125
1 0.063867578125 0.835894140625 0.0753318359375 0.8495630859375 0.06651318359375 0.856066796875 0.063867578125 0.85320078125 0.06067080078125 0.85562587890625 0.05526943359375 0.84868115234375 0.057584375 0.84581513671875 0.05560009765625 0.842618359375 0.063867578125 0.835894140625
1 0.12848916015625 0.8328998046875 0.13538291015625 0.82797578125 0.1422765625 0.83740185546875 0.13538291015625 0.84260732421875 0.12848916015625 0.8328998046875
1 0.1547978515625 0.83388466796875 0.16239501953125 0.82994541015625 0.1670376953125 0.83852734375 0.15958125 0.84260732421875 0.1547978515625 0.83388466796875
1 0.207458203125 0.907075 0.21336708984375 0.9205810546875 0.19634375 0.92733408203125 0.1907162109375 0.9136873046875 0.207458203125 0.907075
1 0.16823564453125 0.937855078125 0.1777232421875 0.9495794921875 0.1605146484375 0.9613771484375 0.15171630859375 0.94862861328125 0.16823564453125 0.937855078125
0 0.20967763671875 0.96707412109375 0.2142609375 0.974407421875 0.2005109375 0.98288662109375 0.19661513671875 0.9755533203125 0.20967763671875 0.96707412109375
0 0.2163234375 0.99067822265625 0.2057818359375 0.99549072265625 0.19982353515625 0.98563662109375 0.2099068359375 0.98013662109375 0.2163234375 0.99067822265625
1 0.017173046875 0.325432421875 0.02696728515625 0.33337705078125 0.01209453125 0.34877607421875 0.0025298828125 0.3395494140625 0.017173046875 0.325432421875
1 0.04336357421875 0.34494638671875 0.057625 0.359755859375 0.04994111328125 0.366683984375 0.03608486328125 0.35119013671875 0.04336357421875 0.34494638671875
1 0.04845771484375 0.3751765625 0.05746982421875 0.38785927734375 0.047140625 0.39403154296875 0.03882685546875 0.38080517578125 0.04845771484375 0.3751765625
1 0.22301689453125 0.77205302734375 0.23007099609375 0.78137451171875 0.21432529296875 0.79233359375 0.207775 0.7823822265625 0.22301689453125 0.77205302734375
1 0.2252818359375 0.78657431640625 0.23203408203125 0.797828125 0.20197041015625 0.81454794921875 0.19537890625 0.8042587890625 0.2252818359375 0.78657431640625
1 0.24712119140625 0.76525107421875 0.26175107421875 0.7557658203125 0.27268330078125 0.77152109375 0.258696484375 0.78213173828125 0.24712119140625 0.76525107421875
0 0.29059072265625 0.7144908203125 0.30268115234375 0.726014453125 0.28906376953125 0.74722626953125 0.27466064453125 0.7358306640625 0.29059072265625 0.7144908203125
1 0.22054306640625 0.823176171875 0.24015673828125 0.81754931640625 0.24385439453125 0.831375390625 0.2248837890625 0.8374845703125 0.22054306640625 0.823176171875
1 0.27218271484375 0.80021650390625 0.27759931640625 0.810545703125 0.26323916015625 0.8178517578125 0.25857841796875 0.80727060546875 0.27218271484375 0.80021650390625
1 0.38338798828125 0.68544833984375 0.387831640625 0.70006865234375 0.375830078125 0.70383935546875 0.37217705078125 0.68922734375 0.38338798828125 0.68544833984375
1 0.34636162109375 0.7083732421875 0.3420208984375 0.69679794921875 0.36083076171875 0.6898849609375 0.36501064453125 0.70146025390625 0.34636162109375 0.7083732421875
1 0.41559287109375 0.72140146484375 0.421058984375 0.7389251953125 0.408840625 0.74246201171875 0.4041783203125 0.724616796875 0.41559287109375 0.72140146484375
1 0.708673046875 0.1670724609375 0.71441826171875 0.17938359375 0.686102734375 0.19046357421875 0.68149609375 0.17914013671875 0.6925337890625 0.17381728515625 0.708673046875 0.1670724609375
1 0.71196943359375 0.21744755859375 0.72017685546875 0.23509345703125 0.7035568359375 0.24186455078125 0.6959650390625 0.2248341796875 0.70396728515625 0.2211408203125 0.71196943359375 0.21744755859375
1 0.7296771484375 0.2129248046875 0.73530400390625 0.22562548828125 0.720191796875 0.2325384765625 0.71456494140625 0.21967705078125 0.7296771484375 0.2129248046875
1 0.72327998046875 0.25030166015625 0.729200390625 0.26377998046875 0.71181708984375 0.2700783203125 0.706274609375 0.25659990234375 0.72327998046875 0.25030166015625
1 0.77455654296875 0.248109765625 0.77921884765625 0.25486201171875 0.76073056640625 0.26688232421875 0.7566216796875 0.25991337890625 0.77455654296875 0.248109765625
1 0.76523203125 0.24328671875 0.77053740234375 0.2493958984375 0.75237060546875 0.26257890625 0.748190625 0.25614814453125 0.76523203125 0.24328671875
1 0.75936181640625 0.2348021484375 0.76523203125 0.24328671875 0.748190625 0.25614814453125 0.74212626953125 0.246292578125 0.75936181640625 0.2348021484375
1 0.78965673828125 0.2825310546875 0.793826953125 0.29342373046875 0.76054794921875 0.30532060546875 0.757533984375 0.29483115234375 0.78965673828125 0.2825310546875
1 0.78575849609375 0.326312109375 0.7878103515625 0.3417009765625 0.7623673828125 0.34559951171875 0.7597 0.33000546875 0.78575849609375 0.326312109375
1 0.8033185546875 0.368875390625 0.8070162109375 0.38270146484375 0.78708095703125 0.388167578125 0.7840263671875 0.37450224609375 0.8033185546875 0.368875390625
1 0.784161328125 0.31249853515625 0.76615537109375 0.31780390625 0.761975390625 0.30622861328125 0.7803029296875 0.30011943359375 0.784161328125 0.31249853515625
0 0.77735673828125 0.4249396484375 0.7794447265625 0.43421953125 0.75516240234375 0.43971015625 0.7534611328125 0.43081689453125 0.77735673828125 0.4249396484375
1 0.6569919921875 0.3913060546875 0.66923681640625 0.41536494140625 0.6413974609375 0.42796123046875 0.6306259765625 0.401916796875 0.6569919921875 0.3913060546875
0 0.62040947265625 0.41300888671875 0.63182392578125 0.43985712890625 0.6065833984375 0.450628515625 0.59629423828125 0.42394111328125 0.62040947265625 0.41300888671875
0 0.5980087890625 0.43276796875 0.60998349609375 0.4607416015625 0.57332841796875 0.47681845703125 0.56127080078125 0.448041015625 0.5980087890625 0.43276796875
1 0.2688568359375 0.95732978515625 0.29224794921875 0.948096484375 0.297787890625 0.9620490234375 0.27480712890625 0.97189794921875 0.2688568359375 0.95732978515625
1 0.25845146484375 0.8784732421875 0.2638060546875 0.89399619140625 0.24547490234375 0.899757421875 0.24049931640625 0.88483056640625 0.25845146484375 0.8784732421875
4 0.2859265625 0.8685634765625 0.289619921875 0.8804642578125 0.26951171875 0.88744052734375 0.2654080078125 0.87656572265625 0.2859265625 0.8685634765625
0 0.2650806640625 0.896080859375 0.26909990234375 0.90540537109375 0.2551130859375 0.91167529296875 0.25077236328125 0.90267236328125 0.2650806640625 0.896080859375
0 0.287275 0.90753662109375 0.29105400390625 0.917214453125 0.26724638671875 0.9281734375 0.26308955078125 0.91822216796875 0.287275 0.90753662109375
1 0.41391806640625 0.8067310546875 0.421098046875 0.8205873046875 0.4033369140625 0.83154638671875 0.39703857421875 0.81983154296875 0.39968388671875 0.8184458984375 0.39741650390625 0.81454091796875 0.41391806640625 0.8067310546875
1 0.42301416015625 0.81115009765625 0.418294921875 0.80191669921875 0.43347861328125 0.79617158203125 0.4396341796875 0.80786708984375 0.42978525390625 0.81299677734375 0.42834892578125 0.80950859375 0.42301416015625 0.81115009765625
1 0.437664453125 0.79454697265625 0.4513296875 0.7877947265625 0.46161884765625 0.80563994140625 0.44714970703125 0.81319609375 0.437664453125 0.79454697265625
1 0.4656380859375 0.7818462890625 0.48107177734375 0.77605869140625 0.48846708984375 0.8003345703125 0.47239033203125 0.8059615234375 0.4656380859375 0.7818462890625
1 0.481758203125 0.7736169921875 0.49317275390625 0.7702408203125 0.5000138671875 0.791694921875 0.48883203125 0.79515986328125 0.481758203125 0.7736169921875
2 0.53425 0.821962109375 0.544725 0.83060390625 0.53110751953125 0.84631640625 0.51958505859375 0.8374126953125 0.53425 0.821962109375
1 0.5627337890625 0.81806474609375 0.57189755859375 0.81983310546875 0.5698076171875 0.8334984375 0.55951845703125 0.8320515625 0.5627337890625 0.81806474609375
1 0.61536142578125 0.80855517578125 0.61987548828125 0.818198828125 0.606333203125 0.82435439453125 0.60243466796875 0.81532626953125 0.61536142578125 0.80855517578125
1 0.2548298828125 0.78648115234375 0.2603724609375 0.7954248046875 0.2414775390625 0.8063837890625 0.23656484375 0.7973142578125 0.2548298828125 0.78648115234375
4 0.75708330078125 0.92027841796875 0.7650599609375 0.94107275390625 0.75149111328125 0.94697158203125 0.74380400390625 0.926249609375 0.75708330078125 0.92027841796875
0 0.82649033203125 0.899670703125 0.83251337890625 0.9117169921875 0.80095810546875 0.926218359375 0.79663662109375 0.915383203125 0.82649033203125 0.899670703125
1 0.54735556640625 0.52422626953125 0.560078125 0.548915625 0.54483623046875 0.55634765625 0.53362529296875 0.53128037109375 0.54735556640625 0.52422626953125
1 0.55860595703125 0.55165869140625 0.5756220703125 0.57865361328125 0.557637109375 0.58851669921875 0.541165234375 0.55884013671875 0.55860595703125 0.55165869140625
0 0.6040341796875 0.56801748046875 0.612080859375 0.583334375 0.5816689453125 0.59612783203125 0.57400517578125 0.58096767578125 0.6040341796875 0.56801748046875
1 0.58830341796875 0.54093701171875 0.594885546875 0.55391826171875 0.5714228515625 0.566016796875 0.5643490234375 0.55170849609375 0.58830341796875 0.54093701171875
1 0.5592130859375 0.51816083984375 0.57692705078125 0.508468359375 0.595309375 0.53554052734375 0.5749216796875 0.54657001953125 0.5592130859375 0.51816083984375
1 0.60285009765625 0.50461552734375 0.61331201171875 0.49770673828125 0.62278701171875 0.510142578125 0.61094326171875 0.51793974609375 0.60285009765625 0.50461552734375
1 0.6379 0.48738037109375 0.6421828125 0.49934716796875 0.62026474609375 0.50652724609375 0.61396650390625 0.495694140625 0.6379 0.48738037109375
1 0.65970576171875 0.53056875 0.668118359375 0.557448046875 0.6529345703125 0.5615517578125 0.645753125 0.53487763671875 0.65970576171875 0.53056875
1 0.66729912109375 0.54825712890625 0.68192900390625 0.5452025390625 0.6840189453125 0.56272626953125 0.66874599609375 0.5659416015625 0.66729912109375 0.54825712890625
1 0.6714791015625 0.54391640625 0.6706751953125 0.5328234375 0.69270048828125 0.533948828125 0.69270048828125 0.54584560546875 0.6714791015625 0.54391640625
1 0.6934900390625 0.532764453125 0.7179267578125 0.5277806640625 0.721463671875 0.54176748046875 0.7090845703125 0.5435359375 0.6957408203125 0.5459474609375 0.6934900390625 0.532764453125
1 0.7077443359375 0.51246083984375 0.71190126953125 0.5232939453125 0.6965333984375 0.5278287109375 0.69351025390625 0.51674375 0.7077443359375 0.51246083984375
1 0.710898828125 0.48834111328125 0.7255109375 0.48783720703125 0.7271484375 0.507991796875 0.71215849609375 0.50887353515625 0.710898828125 0.48834111328125
1 0.0408876953125 0.77725244140625 0.0279921875 0.78878173828125 0.0163330078125 0.7732552734375 0.03124404296875 0.7624791015625 0.0408876953125 0.77725244140625
1 0.76969365234375 0.0043134765625 0.76985439453125 0.021194140625 0.7594044921875 0.021515625 0.7597259765625 0.004152734375 0.76969365234375 0.0043134765625
0 0.88443330078125 0.91573828125 0.88700556640625 0.92586669921875 0.871571875 0.928760546875 0.8694818359375 0.91879287109375 0.88443330078125 0.91573828125
1 0.93068271484375 0.91527705078125 0.94135234375 0.9140458984375 0.94340419921875 0.9357955078125 0.930887890625 0.9376421875 0.93068271484375 0.91527705078125
0 0.891902734375 0.93066591796875 0.89764794921875 0.94502890625 0.8746671875 0.95200517578125 0.8695375 0.9386681640625 0.891902734375 0.93066591796875
1 0.9463736328125 0.9084146484375 0.96073662109375 0.9084146484375 0.9617625 0.93221611328125 0.94616845703125 0.9324212890625 0.9463736328125 0.9084146484375
1 0.7957126953125 0.8290080078125 0.8064841796875 0.825149609375 0.81291484375 0.83929716796875 0.8016611328125 0.84412021484375 0.7957126953125 0.8290080078125
1 0.789893359375 0.5012951171875 0.80613095703125 0.50049130859375 0.8067740234375 0.51158427734375 0.79037568359375 0.51270966796875 0.789893359375 0.5012951171875
1 0.100762109375 0.6908537109375 0.1079966796875 0.68586982421875 0.11298046875 0.69262216796875 0.10526357421875 0.697284375 0.100762109375 0.6908537109375
1 0.17115966796875 0.73139873046875 0.17694736328125 0.7381509765625 0.162960546875 0.74892236328125 0.15749443359375 0.74252646484375 0.17115966796875 0.73139873046875
1 0.8271615234375 0.9990025390625 0.8242625 0.99123828125 0.8353474609375 0.98808916015625 0.83859140625 0.99900244140625 0.8271615234375 0.9990025390625
1 0.8166322265625 0.86056962890625 0.820490625 0.8708587890625 0.79894775390625 0.87873642578125 0.79508935546875 0.86812578125 0.8166322265625 0.86056962890625
0 0.75498779296875 0.88663056640625 0.76226025390625 0.88271640625 0.76647822265625 0.89196533203125 0.758886328125 0.89536259765625 0.75498779296875 0.88663056640625
1 0.7242974609375 0.797698046875 0.7522619140625 0.7839677734375 0.75818232421875 0.7954306640625 0.72983994140625 0.8090349609375 0.7242974609375 0.797698046875
1 0.92511220703125 0.2906560546875 0.92550693359375 0.2838458984375 0.93498193359375 0.28433935546875 0.934587109375 0.2909521484375 0.92511220703125 0.2906560546875
1 0.9099427734375 0.291430859375 0.90956484375 0.2998705078125 0.9003693359375 0.2998705078125 0.9001173828125 0.29180869140625 0.9099427734375 0.291430859375
1 0.60486767578125 0.0231048828125 0.61692529296875 0.02615947265625 0.61242373046875 0.04287939453125 0.599723046875 0.0390208984375 0.60486767578125 0.0231048828125
1 0.205646484375 0.78873671875 0.186245703125 0.8017373046875 0.1824455078125 0.79434453125 0.20158203125 0.782158203125 0.205646484375 0.78873671875
1 0.20384638671875 0.779936328125 0.19584609375 0.7847365234375 0.19384599609375 0.78153642578125 0.1914458984375 0.78233642578125 0.18837890625 0.77697265625 0.19794921875 0.7709375 0.20384638671875 0.779936328125
1 0.197685546875 0.77052734375 0.17544521484375 0.7849365234375 0.17144501953125 0.77813623046875 0.17684521484375 0.7743361328125 0.1740451171875 0.76933583984375 0.18864580078125 0.7567353515625 0.197685546875 0.77052734375
1 0.91263486328125 0.9516576171875 0.93332626953125 0.9507697265625 0.93515537109375 0.962250390625 0.91624833984375 0.96146494140625 0.91263486328125 0.9516576171875
1 0.88569951171875 0.91892314453125 0.9010798828125 0.9128974609375 0.906490625 0.9232552734375 0.8911859375 0.93052109375 0.88569951171875 0.91892314453125
1 0.9202494140625 0.9251103515625 0.92906123046875 0.92371904296875 0.930887890625 0.9376421875 0.92210458984375 0.93933291015625 0.9202494140625 0.9251103515625
1 0.9061814453125 0.9026943359375 0.91174677734375 0.915834765625 0.90448095703125 0.91892666015625 0.89876103515625 0.905631640625 0.9061814453125 0.9026943359375
1 0.915006640625 0.89253818359375 0.9217580078125 0.9073912109375 0.9106181640625 0.9122859375 0.903866796875 0.89743291015625 0.915006640625 0.89253818359375
1 0.91871982421875 0.8940572265625 0.92530244140625 0.89186298828125 0.9256400390625 0.8901751953125 0.9296908203125 0.8900064453125 0.93357294921875 0.8979392578125 0.93374169921875 0.906209765625 0.9217580078125 0.9073912109375 0.91871982421875 0.8940572265625
1 0.7239443359375 0.47227919921875 0.7433572265625 0.46438603515625 0.74570380859375 0.4842255859375 0.7255109375 0.48783720703125 0.7239443359375 0.47227919921875
1 0.73674404296875 0.4863587890625 0.74570380859375 0.4842255859375 0.77108984375 0.47825234375 0.7770630859375 0.50065185546875 0.740583984375 0.50726494140625 0.73674404296875 0.4863587890625
1 0.7263759765625 0.4293759765625 0.73741083984375 0.4271041015625 0.73903359375 0.43976171875 0.727349609375 0.44170908203125 0.7263759765625 0.4293759765625
1 0.5827517578125 0.5612599609375 0.59307841796875 0.555358984375 0.59865146484375 0.56568564453125 0.5881609375 0.57142265625 0.5827517578125 0.5612599609375
1 0.60733896484375 0.56586240234375 0.61809794921875 0.5590759765625 0.62720166015625 0.5748005859375 0.61627724609375 0.58125595703125 0.60733896484375 0.56586240234375
1 0.624222265625 0.5350751953125 0.640608984375 0.528454296875 0.64805751953125 0.54500654296875 0.63200185546875 0.5531171875 0.624222265625 0.5350751953125
1 0.99908349609375 0.22544521484375 0.99845625 0.226747265625 0.98682265625 0.22527802734375 0.98530361328125 0.2208896484375 0.9800712890625 0.2207208984375 0.980366796875 0.21146123046875 0.98918564453125 0.21177529296875 0.99019833984375 0.2153197265625 0.9989751953125 0.2151509765625 0.99908349609375 0.21515107421875 0.99908349609375 0.22544521484375
1 0.5923041015625 0.0930115234375 0.60153662109375 0.0869599609375 0.60906220703125 0.09720107421875 0.5999849609375 0.10371806640625 0.5923041015625 0.0930115234375
1 0.76073056640625 0.26688232421875 0.77111083984375 0.2885388671875 0.75571826171875 0.2957060546875 0.7458091796875 0.27558681640625 0.76073056640625 0.26688232421875
