1 -0.0 0.04843662109375 -0.0 0.030026953125 0.02804560546875 0.0538525390625 0.01330244140625 0.0667904296875 -0.0 0.05174638671875 -0.0 0.04843662109375
1 0.17814111328125 1.0546875e-05 0.17062470703125 0.0139796875 0.153775390625 0.00555498046875 0.14987109375 1.015625e-05 0.17814111328125 1.0546875e-05
1 0.142562109375 0.013092578125 0.14491962890625 0.00932060546875 0.156235546875 0.0137998046875 0.172737890625 0.02582294921875 0.1651939453125 0.03478134765625 0.16330791015625 0.04020361328125 0.15482099609375 0.05647021484375 0.1272384765625 0.03478134765625 0.13077470703125 0.031009375 0.12747421875 0.02676591796875 0.13949736328125 0.01073505859375 0.142562109375 0.013092578125
1 0.10649267578125 0.0614208984375 0.11191484375 0.0595349609375 0.11568681640625 0.0531697265625 0.1187515625 0.04798330078125 0.1189873046875 0.0439755859375 0.12323076171875 0.04232529296875 0.1277099609375 0.04091083984375 0.143505078125 0.051991015625 0.143505078125 0.05529150390625 0.1557640625 0.06401416015625 0.14397666015625 0.0819310546875 0.1340751953125 0.075330078125 0.12865302734375 0.0819310546875 0.126059765625 0.08122373046875 0.12346650390625 0.084052734375 0.1034279296875 0.0687291015625 0.10649267578125 0.0614208984375
2 0.0965912109375 0.07933779296875 0.09800576171875 0.07839482421875 0.11780859375 0.09701884765625 0.11191484375 0.106448828125 0.10672841796875 0.10244111328125 0.10413515625 0.107391796875 0.11545107421875 0.11800048828125 0.10578544921875 0.12695888671875 0.08315361328125 0.10786328125 0.07513818359375 0.10149814453125 0.0965912109375 0.07933779296875
1 0.11568681640625 0.10361982421875 0.12558828125 0.09041796875 0.13996884765625 0.10361982421875 0.12747421875 0.11564296875 0.11568681640625 0.10361982421875
2 0.0718341796875 0.1098638671875 0.07238837890625 0.1085708984375 0.0819935546875 0.11669833984375 0.09104453125 0.1255646484375 0.07645205078125 0.1405265625 0.065369140625 0.1495775390625 0.04542001953125 0.1285201171875 0.0605666015625 0.11743720703125 0.06389150390625 0.11891494140625 0.0718341796875 0.1098638671875
2 0.08661142578125 0.134800390625 0.10268154296875 0.129258984375 0.1100701171875 0.144775 0.09418466796875 0.15068583984375 0.08661142578125 0.134800390625
2 0.01423994140625 0.154495703125 0.02070498046875 0.14932373046875 0.02606171875 0.14562939453125 0.03123369140625 0.15080146484375 0.03455859375 0.15061669921875 0.03345029296875 0.14581416015625 0.03862236328125 0.14082685546875 0.04711923828125 0.13861025390625 0.0622658203125 0.160406640625 0.03197255859375 0.180355859375 0.0273546875 0.168903515625 0.020335546875 0.1637314453125 0.0140552734375 0.15634287109375 0.01423994140625 0.154495703125
2 -0.0 0.1657439453125 0.0038958984375 0.1624384765625 0.0068513671875 0.16502451171875 0.0098068359375 0.1609607421875 0.0280935546875 0.1838654296875 -0.0 0.2065513671875 -0.0 0.1657439453125
1 0.00494775390625 0.0052443359375 0.0115390625 7.6171875e-06 0.0367669921875 8.203125e-06 0.0252220703125 0.0139669921875 0.01296318359375 0.00807333984375 0.009426953125 0.013259765625 0.0014115234375 0.00972353515625 0.00494775390625 0.0052443359375
1 0.2638 1.15234375e-05 0.25838896484375 0.0129498046875 0.255079296875 0.01054267578125 0.25297314453125 0.01505595703125 0.22649560546875 0.003020703125 0.22589609375 1.11328125e-05 0.2638 1.15234375e-05
1 0.26651279296875 0.02468408203125 0.25899072265625 0.04424140625 0.24364580078125 0.0367193359375 0.23642470703125 0.052666015625 0.215062109375 0.04424140625 0.2156638671875 0.039728125 0.21867275390625 0.02558671875 0.22589384765625 0.02919736328125 0.2273982421875 0.02679033203125 0.2249912109375 0.02648935546875 0.231610546875 0.00903828125 0.26651279296875 0.02468408203125
1 0.18888544921875 0.0755330078125 0.20904453125 0.0448431640625 0.22077890625 0.04995810546875 0.23401767578125 0.05988720703125 0.22950439453125 0.06409951171875 0.23822998046875 0.0701171875 0.23130966796875 0.07884267578125 0.224389453125 0.07493125 0.2156638671875 0.08937353515625 0.18888544921875 0.0755330078125
2 0.17266591796875 0.0840931640625 0.17928525390625 0.08830556640625 0.18560380859375 0.0804826171875 0.22441748046875 0.104553125 0.217798046875 0.11267685546875 0.21027607421875 0.10786279296875 0.2018513671875 0.12260595703125 0.1970373046875 0.12140244140625 0.19222314453125 0.12561474609375 0.16213505859375 0.105756640625 0.16845361328125 0.0946240234375 0.17176328125 0.0852966796875 0.17266591796875 0.0840931640625
2 0.15040068359375 0.115384765625 0.15912626953125 0.108163671875 0.1741703125 0.11959716796875 0.19613466796875 0.141260546875 0.18440029296875 0.15329580078125 0.16845361328125 0.1442693359375 0.15732099609375 0.15750810546875 0.13776376953125 0.13975615234375 0.15371044921875 0.1211015625 0.15040068359375 0.115384765625
2 0.1184603515625 0.15493671875 0.12317529296875 0.15823720703125 0.13755595703125 0.14338505859375 0.16089501953125 0.16672412109375 0.134726953125 0.1917134765625 0.10997333984375 0.16578115234375 0.1184603515625 0.15493671875
2 0.117366796875 0.20821796875 0.1152451171875 0.20892529296875 0.1020431640625 0.22000546875 0.08200458984375 0.192187109375 0.10345771484375 0.17144130859375 0.1220818359375 0.190301171875 0.124675 0.1895939453125 0.1383484375 0.20421025390625 0.1249107421875 0.21788369140625 0.117366796875 0.20821796875
2 0.04823447265625 0.2197322265625 0.06057060546875 0.20829873046875 0.07772080078125 0.196865234375 0.10449921875 0.2317673828125 0.096375390625 0.2374841796875 0.08885341796875 0.2447052734375 0.07651728515625 0.2305638671875 0.06598642578125 0.24019208984375 0.0551546875 0.22665244140625 0.05003974609375 0.220333984375 0.04823447265625 0.2197322265625
2 0.01962841796875 0.24124169921875 0.0274513671875 0.237029296875 0.02023017578125 0.23101171875 0.034070703125 0.22348974609375 0.03677861328125 0.22710029296875 0.04823447265625 0.2197322265625 0.0698755859375 0.2517724609375 0.055132421875 0.262905078125 0.05152177734375 0.25839189453125 0.04490244140625 0.265312109375 0.03948662109375 0.2574892578125 0.0322654296875 0.26380771484375 0.0262478515625 0.2538787109375 0.0169205078125 0.2433478515625 0.01962841796875 0.24124169921875
2 -0.0 0.2434259765625 0.0051669921875 0.24012548828125 0.0143611328125 0.25285595703125 0.014596875 0.25733515625 0.03132529296875 0.285732421875 0.01968828125 0.2934904296875 0.01211494140625 0.2835158203125 -0.0 0.28887255859375 -0.0 0.2434259765625
2 0.4001626953125 1.25e-05 0.393096484375 0.01417626953125 0.3617419921875 0.0033318359375 0.362922265625 1.23046875e-05 0.4001626953125 1.25e-05
2 0.3598560546875 0.0280853515625 0.36504248046875 0.0134689453125 0.38060185546875 0.01629794921875 0.39733994140625 0.02949990234375 0.391210546875 0.0422302734375 0.382487890625 0.03916552734375 0.3754154296875 0.0563751953125 0.36315654296875 0.052131640625 0.33439521484375 0.03940126953125 0.34193916015625 0.021012890625 0.353255078125 0.025963671875 0.35797001953125 0.028792578125 0.3598560546875 0.0280853515625
2 0.44475439453125 1.26953125e-05 0.4609919921875 0.00710380859375 0.47725859375 0.00616083984375 0.48220927734375 0.02832109375 0.4541552734375 0.0349220703125 0.44354658203125 0.0254921875 0.421386328125 0.0106400390625 0.43056953125 1.259765625e-05 0.44475439453125 1.26953125e-05
2 0.4298732421875 0.03115009765625 0.4527408203125 0.0436447265625 0.45038330078125 0.050245703125 0.460284765625 0.05496064453125 0.452505078125 0.06863408203125 0.44118916015625 0.06132587890625 0.4327021484375 0.07735673828125 0.3992259765625 0.0601470703125 0.40724140625 0.0436447265625 0.4138423828125 0.04835966796875 0.4161998046875 0.0408158203125 0.424215234375 0.0445876953125 0.4298732421875 0.03115009765625
2 0.3848453125 0.0957451171875 0.38791005859375 0.089615625 0.38696708984375 0.08702236328125 0.39686845703125 0.066748046875 0.42586552734375 0.0816001953125 0.41502109375 0.10258173828125 0.40394091796875 0.09833828125 0.40158349609375 0.10140302734375 0.3848453125 0.0957451171875
2 0.3827236328125 0.106589453125 0.3907390625 0.10611796875 0.4006404296875 0.10847548828125 0.41077763671875 0.1141333984375 0.4079486328125 0.1195556640625 0.41950029296875 0.12615654296875 0.41124912109375 0.13841552734375 0.3987544921875 0.13228603515625 0.3928607421875 0.14808115234375 0.37070048828125 0.13912275390625 0.37871591796875 0.119319921875 0.3827236328125 0.10871123046875 0.3827236328125 0.106589453125
2 0.336752734375 0.06934130859375 0.3442966796875 0.05425341796875 0.36315654296875 0.06368330078125 0.3544337890625 0.07782822265625 0.36551396484375 0.08655087890625 0.35655556640625 0.10046005859375 0.31600693359375 0.08089296875 0.3277943359375 0.06391904296875 0.336752734375 0.06934130859375
2 0.3058697265625 0.09928134765625 0.31977890625 0.10894697265625 0.329916015625 0.09433056640625 0.34052470703125 0.09833828125 0.34948310546875 0.104703515625 0.34264638671875 0.11201171875 0.35089765625 0.11790537109375 0.3384029296875 0.13723671875 0.330858984375 0.13841552734375 0.29337509765625 0.11531220703125 0.3058697265625 0.09928134765625
2 0.27404375 0.14690244140625 0.291017578125 0.1190841796875 0.31954306640625 0.1360580078125 0.3070484375 0.15538935546875 0.3073306640625 0.15828388671875 0.32284677734375 0.16899736328125 0.31416513671875 0.18432861328125 0.2962478515625 0.17453876953125 0.30363642578125 0.16456416015625 0.27404375 0.14690244140625
2 0.251546875 0.18155791015625 0.2550564453125 0.17509287109375 0.2605978515625 0.1686279296875 0.2642921875 0.163640625 0.26650869140625 0.163640625 0.272604296875 0.156251953125 0.293846484375 0.171952734375 0.2973560546875 0.1784177734375 0.27999287109375 0.199105859375 0.26798642578125 0.19227138671875 0.2633685546875 0.1933796875 0.251546875 0.18155791015625
2 0.3202607421875 0.2009529296875 0.32801875 0.18432861328125 0.33134365234375 0.18432861328125 0.3322671875 0.17823310546875 0.3357767578125 0.17379990234375 0.342241796875 0.1726916015625 0.3684712890625 0.1933796875 0.3657005859375 0.20206123046875 0.3627451171875 0.20206123046875 0.347783203125 0.2210869140625 0.3202607421875 0.2009529296875
2 0.3230314453125 0.20649443359375 0.3258021484375 0.207602734375 0.3374392578125 0.21591484375 0.34981513671875 0.2273671875 0.3300505859375 0.2521189453125 0.32783408203125 0.250271875 0.3232162109375 0.25396611328125 0.30197392578125 0.236048828125 0.31213330078125 0.22201044921875 0.31047080078125 0.2196091796875 0.3160123046875 0.2109275390625 0.3230314453125 0.20649443359375
2 0.34464306640625 0.16751962890625 0.3629298828125 0.14110537109375 0.40356708984375 0.16253232421875 0.3911912109375 0.182112109375 0.380477734375 0.174908203125 0.370687890625 0.1869146484375 0.354987109375 0.1771248046875 0.3450125 0.1686279296875 0.34464306640625 0.16751962890625
1 -0.0 0.4130359375 -0.0 0.38174423828125 0.02233623046875 0.4277791015625 0.0072921875 0.43710634765625 0.00638955078125 0.43349580078125 -0.0 0.4130359375
1 0.0148142578125 0.4055138671875 0.0232388671875 0.40039892578125 0.0078939453125 0.3772310546875 0.0289556640625 0.36339052734375 0.039185546875 0.357673828125 0.0608490234375 0.40039892578125 0.05934462890625 0.40039892578125 0.02474326171875 0.421460546875 0.0148142578125 0.4055138671875
1 0.0424953125 0.35616943359375 0.05693759765625 0.34714296875 0.06626484375 0.36218701171875 0.0822115234375 0.35195703125 0.08822919921875 0.36038173828125 0.09545029296875 0.37873544921875 0.06536220703125 0.39648740234375 0.05994638671875 0.38625751953125 0.0539287109375 0.3760275390625 0.04279619140625 0.35797470703125 0.0424953125 0.35616943359375
1 0.08010537109375 0.33390419921875 0.0951494140625 0.3254794921875 0.105078515625 0.3417271484375 0.1222287109375 0.3311962890625 0.12824638671875 0.33871826171875 0.14148505859375 0.35887734375 0.12884814453125 0.3667001953125 0.12373310546875 0.3606826171875 0.1032732421875 0.37331962890625 0.09304326171875 0.3570720703125 0.08010537109375 0.3360103515625 0.08010537109375 0.33390419921875
1 0.116812890625 0.30983369140625 0.12493662109375 0.30080732421875 0.1303525390625 0.29749765625 0.1375736328125 0.30863017578125 0.1529185546875 0.29719677734375 0.1634494140625 0.3101345703125 0.1727767578125 0.32608134765625 0.16976787109375 0.33059453125 0.17307763671875 0.337815625 0.1610423828125 0.345939453125 0.15562646484375 0.3405236328125 0.13967978515625 0.34924912109375 0.1270427734375 0.32909013671875 0.1315560546875 0.3275857421875 0.11651201171875 0.3116390625 0.116812890625 0.30983369140625
1 0.15201591796875 0.28305537109375 0.16766171875 0.27493154296875 0.173378515625 0.2851615234375 0.17789169921875 0.28726767578125 0.18842255859375 0.30441787109375 0.17187412109375 0.3134443359375 0.1529185546875 0.2887720703125 0.15201591796875 0.28305537109375
1 0.17668818359375 0.28335625 0.18782080078125 0.275232421875 0.18842255859375 0.26680771484375 0.18330751953125 0.26199365234375 0.1929357421875 0.25056015625 0.19263486328125 0.24544521484375 0.1983515625 0.2370205078125 0.20436923828125 0.23792314453125 0.21038681640625 0.2297994140625 0.2317494140625 0.25146279296875 0.23505908203125 0.24574609375 0.253713671875 0.26319716796875 0.2413775390625 0.2758341796875 0.22753701171875 0.2640998046875 0.22332470703125 0.26921484375 0.22091767578125 0.26740947265625 0.20376748046875 0.28034736328125 0.20557275390625 0.2851615234375 0.20978505859375 0.296594921875 0.19383837890625 0.3095328125 0.18270576171875 0.28967470703125 0.17668818359375 0.28335625
1 -0.0 0.4584357421875 0.012094921875 0.4515154296875 0.03255478515625 0.48701943359375 -0.0 0.50356787109375 -0.0 0.4584357421875
1 0.01781162109375 0.45572783203125 0.01540458984375 0.4385775390625 0.03074951171875 0.43526787109375 0.03315654296875 0.45181630859375 0.02954599609375 0.45572783203125 0.0187142578125 0.457833984375 0.01781162109375 0.45572783203125
1 0.03917421875 0.450913671875 0.0328556640625 0.43917939453125 0.050005859375 0.43316171875 0.0704658203125 0.4755859375 0.03947509765625 0.49062998046875 0.02443095703125 0.4608427734375 0.03375830078125 0.45813486328125 0.03315654296875 0.45181630859375 0.03947509765625 0.4521171875 0.03917421875 0.450913671875
1 0.05722705078125 0.441285546875 0.0671560546875 0.43586962890625 0.07016494140625 0.43827666015625 0.0764833984375 0.4349669921875 0.0728728515625 0.43105556640625 0.08791689453125 0.4244361328125 0.106571484375 0.457833984375 0.09273095703125 0.4644533203125 0.08912041015625 0.46054189453125 0.08400546875 0.462648046875 0.08611162109375 0.46836484375 0.0740763671875 0.47408154296875 0.05722705078125 0.441285546875
1 0.09212919921875 0.4232326171875 0.0954388671875 0.41691416015625 0.1083767578125 0.41179921875 0.11258916015625 0.4184185546875 0.12402255859375 0.41210009765625 0.134854296875 0.431958203125 0.1059697265625 0.447303125 0.09212919921875 0.4232326171875
1 0.11982958984375 0.39836845703125 0.149383984375 0.3797123046875 0.1713650390625 0.4153623046875 0.16120576171875 0.4214578125 0.15511015625 0.4138845703125 0.150676953125 0.4164705078125 0.145135546875 0.40686533203125 0.13257490234375 0.4146234375 0.11982958984375 0.39836845703125
1 0.169333203125 0.4039099609375 0.15178525390625 0.37878876953125 0.18115498046875 0.357546484375 0.204613671875 0.3909798828125 0.1913142578125 0.401878125 0.1841103515625 0.3939353515625 0.17099560546875 0.4044640625 0.169333203125 0.4039099609375
1 0.18811552734375 0.3588119140625 0.19864423828125 0.3504998046875 0.200306640625 0.352531640625 0.20566337890625 0.34994560546875 0.2038162109375 0.3462513671875 0.21563798828125 0.33941689453125 0.23614130859375 0.36712412109375 0.22358076171875 0.3759904296875 0.22044052734375 0.372480859375 0.21489912109375 0.37562099609375 0.220255859375 0.38116240234375 0.20732578125 0.38910517578125 0.18811552734375 0.3588119140625
1 0.2514349609375 0.3122328125 0.27101474609375 0.33809287109375 0.25605283203125 0.34714384765625 0.24755595703125 0.3397552734375 0.23610361328125 0.34991455078125 0.2257595703125 0.34086357421875 0.2285302734375 0.3360609375 0.2222265625 0.32796875 0.2459765625 0.307373046875 0.2514349609375 0.3122328125
1 0.242014453125 0.30669130859375 0.243662109375 0.306474609375 0.221259765625 0.32673828125 0.2200333984375 0.32516279296875 0.21209072265625 0.31611181640625 0.21282958984375 0.31518818359375 0.2344412109375 0.29745556640625 0.242014453125 0.30669130859375
1 0.2745994140625 0.286964453125 0.2974666015625 0.3070818359375 0.27532314453125 0.332409375 0.26620517578125 0.32488349609375 0.26287646484375 0.32502822265625 0.2576662109375 0.31721279296875 0.25289013671875 0.309831640625 0.25303486328125 0.3082396484375 0.2601265625 0.2994111328125 0.26498046875 0.294140625 0.266319921875 0.29384658203125 0.27423828125 0.28681640625 0.2745994140625 0.286964453125
1 0.27763876953125 0.28146484375 0.2731521484375 0.286385546875 0.27373046875 0.28662109375 0.26609052734375 0.2933974609375 0.26486328125 0.293671875 0.2494166015625 0.2821884765625 0.24869296875 0.27900439453125 0.25838984375 0.26699189453125 0.27763876953125 0.28146484375
1 0.65883935546875 1.220703125e-05 0.6684650390625 0.0463146484375 0.65131484375 0.050526953125 0.64920869140625 0.03488115234375 0.62694345703125 0.04089873046875 0.617315234375 0.0204388671875 0.62152763671875 0.02013798828125 0.62092587890625 0.01833271484375 0.6224302734375 0.0162265625 0.643191015625 0.01171328125 0.6401853515625 1.23046875e-05 0.65883935546875 1.220703125e-05
1 0.66124384765625 0.0036634765625 0.66515537109375 0.0036634765625 0.66365595703125 1.2109375e-05 0.68381103515625 1.201171875e-05 0.68471259765625 0.0102828125 0.7033671875 0.00877841796875 0.706676953125 0.02051279296875 0.70757958984375 0.03525595703125 0.673880859375 0.04187529296875 0.67057119140625 0.02231806640625 0.66575712890625 0.02231806640625 0.66124384765625 0.0036634765625
1 0.7334556640625 1.15234375e-05 0.73375615234375 0.00892626953125 0.7521099609375 0.00892626953125 0.75301259765625 0.03179326171875 0.71720771484375 0.0338994140625 0.71480068359375 0.013439453125 0.7151015625 0.00832451171875 0.7157033203125 0.00712099609375 0.7160037109375 1.171875e-05 0.7334556640625 1.15234375e-05
1 0.79212734375 1.09375e-05 0.79272880859375 0.0257755859375 0.78129541015625 0.02637734375 0.779791015625 0.03179326171875 0.76895927734375 0.0314923828125 0.7686583984375 0.02788173828125 0.7605345703125 0.02788173828125 0.756322265625 0.0257755859375 0.756322265625 1.1328125e-05 0.79212734375 1.09375e-05
1 0.829738671875 1.03515625e-05 0.83154248046875 0.0128376953125 0.83605576171875 0.01253681640625 0.83756015625 0.0239703125 0.83725927734375 0.03600556640625 0.79844560546875 0.036908203125 0.7981447265625 0.04081962890625 0.7834015625 0.0411205078125 0.7834015625 0.03058974609375 0.796339453125 0.03119150390625 0.79664033203125 0.01674921875 0.8005517578125 0.0161474609375 0.79964970703125 1.083984375e-05 0.829738671875 1.03515625e-05
1 0.8709599609375 9.765625e-06 0.8712587890625 0.001404296875 0.8712587890625 0.007421875 0.871860546875 0.02848349609375 0.88209052734375 0.03058974609375 0.8817896484375 0.0468373046875 0.8643384765625 0.0468373046875 0.86463935546875 0.030890625 0.85440947265625 0.02998798828125 0.8535068359375 0.02005888671875 0.84147158203125 0.02005888671875 0.8405689453125 0.00230693359375 0.8559138671875 0.0032095703125 0.8559138671875 9.9609375e-06 0.8709599609375 9.765625e-06
1 0.9239134765625 8.88671875e-06 0.92571826171875 0.02908525390625 0.92000146484375 0.02908525390625 0.92000146484375 0.04954521484375 0.90465654296875 0.0492443359375 0.90465654296875 0.04021787109375 0.8983380859375 0.04021787109375 0.88449755859375 0.03901435546875 0.8829931640625 0.0080236328125 0.882692578125 9.5703125e-06 0.9239134765625 8.88671875e-06
2 0.92030234375 0.0528548828125 0.92180673828125 0.05857158203125 0.926019140625 0.05857158203125 0.92722265625 0.0763236328125 0.909470703125 0.07542099609375 0.91067421875 0.08023505859375 0.92331123046875 0.079332421875 0.9221076171875 0.09136767578125 0.90766533203125 0.0916685546875 0.90796630859375 0.0835447265625 0.8866037109375 0.08444736328125 0.8866037109375 0.05315576171875 0.92030234375 0.0528548828125
2 0.84718828125 0.06850068359375 0.85410859375 0.06910244140625 0.85260419921875 0.062783984375 0.86042705078125 0.0633857421875 0.860126171875 0.06789892578125 0.883594921875 0.06729716796875 0.88389580078125 0.09618173828125 0.86915263671875 0.09618173828125 0.8700552734375 0.11152666015625 0.8477900390625 0.1094205078125 0.8477900390625 0.09949140625 0.848391796875 0.08745625 0.848391796875 0.0706068359375 0.84718828125 0.06850068359375
2 0.8098791015625 0.07963330078125 0.812887890625 0.079332421875 0.81198525390625 0.06248310546875 0.8453830078125 0.06248310546875 0.84448037109375 0.070005078125 0.84478125 0.08324384765625 0.8465865234375 0.09196943359375 0.8465865234375 0.10430556640625 0.83515302734375 0.10430556640625 0.8348521484375 0.110022265625 0.810480859375 0.11032314453125 0.80837470703125 0.0799341796875 0.8098791015625 0.07963330078125
2 0.7698619140625 0.06669541015625 0.80687021484375 0.06789892578125 0.80506494140625 0.08444736328125 0.80837470703125 0.08565087890625 0.8074720703125 0.10731435546875 0.787012109375 0.10159755859375 0.788215625 0.10972138671875 0.76956103515625 0.10972138671875 0.76895927734375 0.0847482421875 0.7686583984375 0.07211123046875 0.7698619140625 0.06669541015625
2 0.73887119140625 0.06609365234375 0.7451896484375 0.06549189453125 0.74488876953125 0.0609787109375 0.75602138671875 0.06188134765625 0.7662513671875 0.0633857421875 0.76595048828125 0.10972138671875 0.7427826171875 0.10911962890625 0.7427826171875 0.10099580078125 0.73074736328125 0.09949140625 0.72924296875 0.07662451171875 0.7385703125 0.075721875 0.73887119140625 0.06609365234375
2 0.69403994140625 0.0657927734375 0.70637607421875 0.05947431640625 0.70878310546875 0.06729716796875 0.710771484375 0.066552734375 0.7135349609375 0.072412109375 0.71269453125 0.072412109375 0.719915625 0.09076591796875 0.69223466796875 0.10370380859375 0.68441171875 0.08444736328125 0.67719052734375 0.06489013671875 0.68681875 0.05857158203125 0.69403994140625 0.0657927734375
2 0.72894208984375 0.072412109375 0.71407421875 0.072412109375 0.71119140625 0.066298828125 0.7108892578125 0.05315576171875 0.728039453125 0.0528548828125 0.72894208984375 0.072412109375
2 0.63988134765625 0.07361572265625 0.645598046875 0.0688015625 0.64920869140625 0.07211123046875 0.6519166015625 0.0694033203125 0.66184560546875 0.07421748046875 0.673880859375 0.0835447265625 0.66304912109375 0.09979228515625 0.678394140625 0.11092490234375 0.6660580078125 0.12747333984375 0.635969921875 0.10430556640625 0.63055400390625 0.10250029296875 0.6248373046875 0.0964826171875 0.63446552734375 0.081739453125 0.6401822265625 0.0859517578125 0.64529716796875 0.08023505859375 0.63988134765625 0.07361572265625
2 0.5872271484375 0.14342001953125 0.59474921875 0.1458271484375 0.59444833984375 0.1401103515625 0.6155099609375 0.143119140625 0.6167134765625 0.13860595703125 0.6224302734375 0.14041123046875 0.6236337890625 0.13559716796875 0.61581083984375 0.13469453125 0.61881962890625 0.11573896484375 0.629049609375 0.11814609375 0.63747431640625 0.11784521484375 0.64830595703125 0.11965048828125 0.6474033203125 0.12687158203125 0.65041220703125 0.1271724609375 0.64650068359375 0.15635791015625 0.63266015625 0.15455263671875 0.6179169921875 0.1518447265625 0.61611171875 0.16688876953125 0.58632451171875 0.1590658203125 0.5872271484375 0.14342001953125
2 0.63613837890625 0.16821748046875 0.64203212890625 0.17340390625 0.63378095703125 0.1828337890625 0.62741572265625 0.17741162109375 0.63613837890625 0.16821748046875
2 0.65051904296875 0.17057490234375 0.65240498046875 0.17010341796875 0.6710291015625 0.18118359375 0.68352373046875 0.19155654296875 0.67362236328125 0.20192939453125 0.67126484375 0.20640869140625 0.66348515625 0.21607431640625 0.6458041015625 0.20216513671875 0.65051904296875 0.1974501953125 0.63826015625 0.19132080078125 0.64462529296875 0.17811884765625 0.65051904296875 0.17057490234375
2 0.67998759765625 0.2052298828125 0.689755859375 0.2094140625 0.69177734375 0.21560546875 0.6856455078125 0.23045498046875 0.66725712890625 0.22503271484375 0.677630078125 0.2042869140625 0.67998759765625 0.2052298828125
2 0.7177072265625 0.18471982421875 0.71912177734375 0.187548828125 0.726194140625 0.187548828125 0.726665625 0.211359375 0.7030908203125 0.2106521484375 0.7033265625 0.21772451171875 0.69232421875 0.215703125 0.690244140625 0.2093359375 0.69106767578125 0.20900185546875 0.69036044921875 0.18589853515625 0.69790439453125 0.18566279296875 0.69790439453125 0.18377685546875 0.7177072265625 0.18471982421875
2 0.72713720703125 0.17670439453125 0.7344453125 0.17576142578125 0.73538837890625 0.17694013671875 0.74552548828125 0.17599716796875 0.746704296875 0.1969787109375 0.7405748046875 0.196271484375 0.7396318359375 0.205465625 0.72902314453125 0.204051171875 0.72925888671875 0.1906134765625 0.726665625 0.17788310546875 0.72713720703125 0.17670439453125
2 0.76883271484375 0.1751642578125 0.78434873046875 0.175903125 0.78287109375 0.1954828125 0.79025966796875 0.1954828125 0.7906291015625 0.1919732421875 0.79580107421875 0.19252744140625 0.79598583984375 0.18236806640625 0.80171201171875 0.1827375 0.80208134765625 0.192712109375 0.80540625 0.192896875 0.80540625 0.21857216796875 0.77178818359375 0.218202734375 0.77160341796875 0.19954658203125 0.76661611328125 0.19936181640625 0.76883271484375 0.1751642578125
2 0.8074380859375 0.17811962890625 0.823877734375 0.177011328125 0.82535546875 0.1904955078125 0.84253388671875 0.1892025390625 0.84271865234375 0.20231728515625 0.84345751953125 0.21709443359375 0.82055283203125 0.2183875 0.8076228515625 0.2176486328125 0.8076228515625 0.20083955078125 0.8074380859375 0.17811962890625
2 0.86224140625 0.1751994140625 0.8628431640625 0.18783642578125 0.88601103515625 0.1893408203125 0.8863119140625 0.17911083984375 0.9218158203125 0.17730556640625 0.9230193359375 0.20197783203125 0.9266298828125 0.20318134765625 0.92632900390625 0.22424296875 0.8935330078125 0.22213681640625 0.894134765625 0.220632421875 0.87487841796875 0.21912802734375 0.87728544921875 0.2341720703125 0.86013525390625 0.2293580078125 0.84479033203125 0.22965888671875 0.8462947265625 0.20257958984375 0.8462947265625 0.196862890625 0.84719736328125 0.17369501953125 0.86224140625 0.1751994140625
2 0.9984642578125 0.02876328125 0.98283125 0.02653193359375 0.98185126953125 7.71484375e-06 0.98210263671875 7.71484375e-06 0.99846435546875 0.000509375 0.9984642578125 0.02876328125
2 0.99846416015625 0.0544486328125 0.996063671875 0.05426513671875 0.99395751953125 0.05847744140625 0.98733818359375 0.0575748046875 0.9876390625 0.05306162109375 0.98372763671875 0.05306162109375 0.98222314453125 0.03199990234375 0.99335576171875 0.03199990234375 0.9984642578125 0.0326939453125 0.99846416015625 0.0544486328125
2 0.9984640625 0.1083431640625 0.9942583984375 0.10812275390625 0.9942583984375 0.0882646484375 0.97680732421875 0.087662890625 0.97620556640625 0.07141533203125 0.99846416015625 0.07113388671875 0.9984640625 0.1083431640625
2 0.99846396484375 0.1509681640625 0.9846302734375 0.15205146484375 0.98101962890625 0.13520205078125 0.98222314453125 0.13520205078125 0.98312578125 0.13279501953125 0.981922265625 0.1213615234375 0.98312578125 0.1153439453125 0.9984640625 0.11589091796875 0.99846396484375 0.1509681640625
2 0.99846396484375 0.173327734375 0.9824029296875 0.173053125 0.9824029296875 0.16131875 0.98270380859375 0.15439853515625 0.99846396484375 0.15467265625 0.99846396484375 0.173327734375
2 0.9984638671875 0.213827734375 0.98089853515625 0.21216767578125 0.98270380859375 0.19230947265625 0.99846396484375 0.19258369140625 0.9984638671875 0.213827734375
2 0.9984638671875 0.2697833984375 0.9811994140625 0.2714412109375 0.978190625 0.25128212890625 0.9917302734375 0.25068037109375 0.9896240234375 0.2338310546875 0.9984638671875 0.2325494140625 0.9984638671875 0.2697833984375
2 0.99846376953125 0.3079810546875 0.98265634765625 0.3090779296875 0.98085107421875 0.2913259765625 0.99846376953125 0.290495703125 0.99846376953125 0.3079810546875
2 0.99846376953125 0.34904833984375 0.98024931640625 0.348493359375 0.9805501953125 0.3126884765625 0.99439072265625 0.31178583984375 0.99846376953125 0.3122228515625 0.99846376953125 0.34904833984375
2 0.99846376953125 0.3887580078125 0.9921107421875 0.38900029296875 0.98007548828125 0.38960205078125 0.97766845703125 0.37154921875 0.98488955078125 0.37154921875 0.984588671875 0.3652306640625 0.97887197265625 0.36372626953125 0.97887197265625 0.35500078125 0.99846376953125 0.35276875 0.99846376953125 0.3887580078125
2 0.998463671875 0.42654921875 0.98488955078125 0.42600869140625 0.9857921875 0.4076548828125 0.99180986328125 0.40675224609375 0.989101953125 0.391708203125 0.998463671875 0.39119130859375 0.998463671875 0.42654921875
2 0.998463671875 0.47355458984375 0.9794771484375 0.4696576171875 0.977671875 0.44919765625 0.9900080078125 0.4497994140625 0.98940625 0.44468447265625 0.998463671875 0.4457134765625 0.998463671875 0.47355458984375
2 0.998463671875 0.50780380859375 0.978875390625 0.506966796875 0.977671875 0.4910201171875 0.9851939453125 0.49071923828125 0.98489306640625 0.4825955078125 0.9782736328125 0.48229462890625 0.9782736328125 0.47356904296875 0.998463671875 0.4738486328125 0.998463671875 0.50780380859375
2 0.998463671875 0.54829013671875 0.98948662109375 0.547634375 0.97719833984375 0.54878642578125 0.97719833984375 0.51307353515625 0.998463671875 0.51199912109375 0.998463671875 0.54829013671875
2 0.998463671875 0.5884333984375 0.9914541015625 0.5888201171875 0.99239716796875 0.5650095703125 0.98838935546875 0.56147333984375 0.990746875 0.55180771484375 0.998463671875 0.55121787109375 0.998463671875 0.5884333984375
2 0.99846376953125 0.62883642578125 0.99154619140625 0.629029296875 0.99083896484375 0.6200708984375 0.9875384765625 0.6200708984375 0.98777431640625 0.604747265625 0.9865955078125 0.6035685546875 0.9856525390625 0.59248837890625 0.998463671875 0.59101484375 0.99846376953125 0.62883642578125
2 0.99846376953125 0.66905673828125 0.9853892578125 0.66884580078125 0.9856525390625 0.651896875 0.9783443359375 0.651896875 0.9778728515625 0.649539453125 0.9764583984375 0.63869501953125 0.97622265625 0.63232978515625 0.99846376953125 0.63166826171875 0.99846376953125 0.66905673828125
2 0.99846376953125 0.707821875 0.985743359375 0.70996962890625 0.98664609375 0.70034140625 0.98062841796875 0.7009431640625 0.98062841796875 0.6904123046875 0.9755134765625 0.69011142578125 0.976115234375 0.6714568359375 0.99846376953125 0.67230146484375 0.99846376953125 0.707821875
2 0.9984638671875 0.74611640625 0.98875224609375 0.746376171875 0.9908583984375 0.72711982421875 0.9863451171875 0.72772158203125 0.97882314453125 0.72531455078125 0.97822138671875 0.710872265625 0.99846376953125 0.710872265625 0.9984638671875 0.74611640625
2 0.982646875 0.769308203125 0.9772310546875 0.76960908203125 0.9760275390625 0.7521580078125 0.9984638671875 0.750468359375 0.9984638671875 0.78706015625 0.98595654296875 0.78706015625 0.9856556640625 0.7711134765625 0.982646875 0.769308203125
2 0.97362041015625 0.792776953125 0.9874609375 0.79247607421875 0.9984638671875 0.7903638671875 0.99846396484375 0.8266333984375 0.98535478515625 0.82797998046875 0.98595654296875 0.81143154296875 0.98114248046875 0.81052890625 0.974523046875 0.81052890625 0.97482392578125 0.795183984375 0.97362041015625 0.792776953125
2 0.99846396484375 0.86716572265625 0.98054072265625 0.86799716796875 0.9784345703125 0.84843984375 0.9739212890625 0.84843984375 0.97301865234375 0.8288826171875 0.99846396484375 0.8288826171875 0.99846396484375 0.86716572265625
2 0.9984640625 0.9066603515625 0.97542568359375 0.9089169921875 0.97362041015625 0.88635087890625 0.97933720703125 0.88605 0.9784345703125 0.88033330078125 0.97482392578125 0.87973154296875 0.97542568359375 0.86920068359375 0.99846396484375 0.8708931640625 0.9984640625 0.9066603515625
2 0.99846416015625 0.9452578125 0.974511328125 0.94469228515625 0.9739095703125 0.935966796875 0.97240517578125 0.91039189453125 0.9984640625 0.909539453125 0.99846416015625 0.9452578125
2 0.9984642578125 0.987173046875 0.96729013671875 0.98832001953125 0.96668837890625 0.971470703125 0.97059990234375 0.9720724609375 0.97421044921875 0.9720724609375 0.97059990234375 0.94800205078125 0.99846416015625 0.95056845703125 0.9984642578125 0.987173046875
2 0.97247607421875 0.99900791015625 0.97280849609375 0.99010634765625 0.9984642578125 0.98923486328125 0.9984642578125 0.99900732421875 0.97247607421875 0.99900791015625
2 0.88073212890625 0.9213734375 0.897941796875 0.9206662109375 0.8974703125 0.904399609375 0.9151513671875 0.9046353515625 0.91727314453125 0.9343396484375 0.8972345703125 0.9362255859375 0.8995919921875 0.9522564453125 0.8821466796875 0.9513134765625 0.88073212890625 0.9213734375
2 0.89935625 0.97088056640625 0.91656591796875 0.96993759765625 0.91774462890625 0.991862109375 0.8995919921875 0.99304091796875 0.89935625 0.97088056640625
2 0.87696015625 0.9838466796875 0.88733310546875 0.983139453125 0.8894548828125 0.997284375 0.90383544921875 0.996812890625 0.903673046875 0.9990091796875 0.87740283203125 0.99900966796875 0.87696015625 0.9838466796875
2 0.8545919921875 0.99901005859375 0.85527138671875 0.97488828125 0.87130224609375 0.9746525390625 0.86948994140625 0.999009765625 0.8545919921875 0.99901005859375
2 0.84159794921875 0.90298515625 0.851263671875 0.9027494140625 0.86965205078125 0.904399609375 0.86729453125 0.94188359375 0.84395546875 0.93905458984375 0.8456056640625 0.92349521484375 0.84136220703125 0.92373095703125 0.84112646484375 0.91571552734375 0.84112646484375 0.903456640625 0.84159794921875 0.90298515625
2 0.79987060546875 0.903928125 0.80835751953125 0.9032208984375 0.81802314453125 0.903928125 0.81778740234375 0.913122265625 0.81708017578125 0.91760146484375 0.83311103515625 0.91807294921875 0.83287529296875 0.944241015625 0.80859326171875 0.9440052734375 0.80859326171875 0.93905458984375 0.80175654296875 0.93929033203125 0.79987060546875 0.903928125
2 0.79919580078125 0.98752314453125 0.80883466796875 0.98593564453125 0.8158654296875 0.986616015625 0.81591181640625 0.999010546875 0.80007470703125 0.9990107421875 0.79919580078125 0.98752314453125
2 0.76099912109375 0.903862890625 0.78057880859375 0.90367822265625 0.77873173828125 0.922334375 0.796094921875 0.922519140625 0.796094921875 0.94690146484375 0.7826107421875 0.9472708984375 0.76210732421875 0.94653203125 0.7624767578125 0.93840458984375 0.759151953125 0.93840458984375 0.76099912109375 0.903862890625
2 0.72110068359375 0.902569921875 0.7356931640625 0.9018310546875 0.73606259765625 0.905525390625 0.7554576171875 0.90497119140625 0.75638125 0.91420693359375 0.75656591796875 0.92695224609375 0.75231748046875 0.92713701171875 0.75305634765625 0.9415447265625 0.72257841796875 0.94265302734375 0.7214701171875 0.9345255859375 0.72128544921875 0.91864013671875 0.722208984375 0.90423232421875 0.72110068359375 0.902569921875
2 0.6832970703125 0.912673046875 0.71064384765625 0.91102275390625 0.70993662109375 0.9216314453125 0.71087958984375 0.93224013671875 0.7148873046875 0.93224013671875 0.7146515625 0.9440275390625 0.6823541015625 0.943791796875 0.6828255859375 0.92634638671875 0.683061328125 0.9129087890625 0.6832970703125 0.912673046875
2 0.64369140625 0.90064990234375 0.66325849609375 0.90253583984375 0.661608203125 0.91715224609375 0.67928935546875 0.91927392578125 0.6764603515625 0.953457421875 0.66019375 0.95204296875 0.6609009765625 0.9459134765625 0.64227685546875 0.94520625 0.64039091796875 0.93153291015625 0.6439271484375 0.90347880859375 0.64369140625 0.90064990234375
2 0.60384990234375 0.8982923828125 0.61068662109375 0.8966421875 0.6210595703125 0.899942578125 0.6210595703125 0.90842958984375 0.639212109375 0.91078701171875 0.6385048828125 0.92540341796875 0.637326171875 0.9430845703125 0.60196396484375 0.94001982421875 0.604321484375 0.92422470703125 0.60361416015625 0.898999609375 0.60384990234375 0.8982923828125
2 0.77577255859375 0.9990111328125 0.77581962890625 0.997143359375 0.75956474609375 0.9978822265625 0.75882587890625 0.97571650390625 0.76215078125 0.9753470703125 0.7615966796875 0.96888203125 0.77064765625 0.9681431640625 0.77101708984375 0.97423876953125 0.78450126953125 0.9744234375 0.78394716796875 0.9681431640625 0.7913357421875 0.96869736328125 0.79152041015625 0.97276103515625 0.794660546875 0.9753470703125 0.79429111328125 0.98070380859375 0.7968771484375 0.980149609375 0.79770673828125 0.99901083984375 0.77577255859375 0.9990111328125
2 0.71985107421875 0.97146806640625 0.749220703125 0.9710986328125 0.7516220703125 0.9808884765625 0.755131640625 0.98273564453125 0.75617646484375 0.999011328125 0.72216923828125 0.99901162109375 0.71985107421875 0.97146806640625
2 0.69232861328125 0.981812109375 0.70101015625 0.981812109375 0.69860888671875 0.96925146484375 0.71541796875 0.967404296875 0.71837333984375 0.975901171875 0.71911220703125 0.9853216796875 0.70913759765625 0.98624521484375 0.7089529296875 0.99141728515625 0.71504853515625 0.9923408203125 0.71439873046875 0.99901171875 0.6801892578125 0.99901201171875 0.68013740234375 0.98920068359375 0.69417568359375 0.98993955078125 0.69232861328125 0.981812109375
2 0.60180478515625 0.9990125 0.60289775390625 0.98705751953125 0.60420029296875 0.9672296875 0.62735693359375 0.9679533203125 0.62619912109375 0.980110546875 0.6367642578125 0.98097890625 0.63635263671875 0.9990123046875 0.60180478515625 0.9990125
2 0.574182421875 0.99901259765625 0.5746755859375 0.99689912109375 0.5604921875 0.99574130859375 0.5626630859375 0.9815578125 0.5752544921875 0.98329453125 0.57757021484375 0.97012421875 0.5989900390625 0.97417666015625 0.59286552734375 0.9990125 0.574182421875 0.99901259765625
2 0.57085654296875 0.92080869140625 0.57446708984375 0.90305673828125 0.57476796875 0.89433125 0.60034287109375 0.897941796875 0.59793583984375 0.92411845703125 0.57085654296875 0.92080869140625
2 0.52963583984375 0.926224609375 0.52060947265625 0.923817578125 0.52662705078125 0.89523388671875 0.52722880859375 0.8856056640625 0.56363544921875 0.891021484375 0.55671513671875 0.92953427734375 0.54618427734375 0.9292333984375 0.5398658203125 0.9433748046875 0.52843232421875 0.94006513671875 0.52963583984375 0.926224609375
2 0.4905078125 0.8775564453125 0.504652734375 0.88085693359375 0.5039455078125 0.8848646484375 0.52445556640625 0.89052255859375 0.5218623046875 0.9023099609375 0.5058314453125 0.89830224609375 0.5053599609375 0.901602734375 0.522098046875 0.90584619140625 0.51644013671875 0.9324857421875 0.49498701171875 0.9301283203125 0.4956943359375 0.9244703125 0.48178515625 0.9218771484375 0.4824923828125 0.91339013671875 0.48956484375 0.87967822265625 0.4905078125 0.8775564453125
2 0.48626435546875 0.8829787109375 0.47659873046875 0.922112890625 0.4582103515625 0.91834091796875 0.46009638671875 0.908439453125 0.44736591796875 0.90584619140625 0.447314453125 0.905908203125 0.444130859375 0.90408203125 0.44642294921875 0.89665205078125 0.45349541015625 0.8761419921875 0.48626435546875 0.8829787109375
2 0.52256455078125 0.9484123046875 0.52918388671875 0.9484123046875 0.54633408203125 0.95262470703125 0.5418208984375 0.96977490234375 0.5264759765625 0.96766875 0.51955576171875 0.9959515625 0.50932578125 0.99354453125 0.51263544921875 0.98331455078125 0.50029931640625 0.98030576171875 0.496387890625 0.99354453125 0.47833505859375 0.9884294921875 0.48736142578125 0.955934375 0.49006943359375 0.94510263671875 0.52256455078125 0.9484123046875
2 0.525767578125 0.9990126953125 0.52798037109375 0.98181015625 0.53098916015625 0.9730845703125 0.54452880859375 0.97519072265625 0.54723681640625 0.96225283203125 0.560174609375 0.96496083984375 0.55867021484375 0.97338544921875 0.5607763671875 0.97699599609375 0.55867021484375 0.99143828125 0.55547607421875 0.9990126953125 0.525767578125 0.9990126953125
2 0.64050986328125 0.99354453125 0.6414125 0.9682705078125 0.6609697265625 0.96917314453125 0.661571484375 0.99384541015625 0.6579609375 0.99354453125 0.65847060546875 0.99901220703125 0.642803515625 0.9990123046875 0.64050986328125 0.99354453125
2 0.48530263671875 0.9499294921875 0.47681572265625 0.9824626953125 0.44027470703125 0.97043955078125 0.44687568359375 0.95676611328125 0.4454611328125 0.95440869140625 0.4504119140625 0.94191396484375 0.4838880859375 0.94827919921875 0.48530263671875 0.9499294921875
2 0.4146046875 0.93076484375 0.42544912109375 0.933122265625 0.4266279296875 0.92817158203125 0.4377080078125 0.9319435546875 0.42144140625 0.97154921875 0.419083984375 0.9783859375 0.3990453125 0.9727279296875 0.4032888671875 0.96070478515625 0.40894677734375 0.95410390625 0.4143689453125 0.93359375 0.4146046875 0.93076484375
2 0.37169853515625 0.93783720703125 0.38254296875 0.9406662109375 0.3886724609375 0.925342578125 0.41012548828125 0.93359375 0.397630859375 0.96801298828125 0.36344736328125 0.95929033203125 0.366040625 0.949624609375 0.36816240234375 0.94443818359375 0.37099130859375 0.93854453125 0.37169853515625 0.93783720703125
2 0.354640625 0.90914794921875 0.37397197265625 0.91622041015625 0.35864833984375 0.9607767578125 0.340495703125 0.95629755859375 0.3407314453125 0.9534685546875 0.3251720703125 0.94781064453125 0.33035849609375 0.93885224609375 0.333658984375 0.9364947265625 0.332716015625 0.93107255859375 0.33483779296875 0.92470732421875 0.3470966796875 0.9282435546875 0.354640625 0.90914794921875
2 0.3073984375 0.90606650390625 0.31942158203125 0.91219599609375 0.3231935546875 0.90418056640625 0.33757412109375 0.9093669921875 0.3260224609375 0.9331775390625 0.29843994140625 0.91903271484375 0.3073984375 0.90606650390625
2 0.3026833984375 0.89451484375 0.31258486328125 0.88131298828125 0.3250794921875 0.89050712890625 0.31470654296875 0.9032375 0.3026833984375 0.89451484375
2 0.20188291015625 0.99901083984375 0.218143359375 0.97213818359375 0.23318740234375 0.9787576171875 0.227470703125 0.98989013671875 0.23741865234375 0.99901123046875 0.20188291015625 0.99901083984375
2 0.18474560546875 0.949873046875 0.218143359375 0.97213818359375 0.196378515625 0.9990107421875 0.1502376953125 0.99901015625 0.18474560546875 0.949873046875
2 0.3060005859375 0.8150783203125 0.32435439453125 0.82169775390625 0.31833671875 0.83704267578125 0.33277900390625 0.84516640625 0.32044287109375 0.87375009765625 0.30449619140625 0.867431640625 0.3084076171875 0.85900693359375 0.2924609375 0.8496796875 0.2951689453125 0.841555859375 0.2918591796875 0.84005146484375 0.302991796875 0.818087109375 0.3060005859375 0.8150783203125
2 0.24494189453125 0.83782197265625 0.2550791015625 0.81943369140625 0.2564935546875 0.818490625 0.26875244140625 0.79161533203125 0.2953919921875 0.8036384765625 0.28289736328125 0.83074951171875 0.27276015625 0.8260345703125 0.26780947265625 0.8250916015625 0.26757373046875 0.82815634765625 0.26969541015625 0.83098525390625 0.25955830078125 0.8479591796875 0.24494189453125 0.83782197265625
2 0.23480478515625 0.8503166015625 0.24942109375 0.85951083984375 0.2487138671875 0.863754296875 0.24942109375 0.86846923828125 0.2395197265625 0.880728125 0.23834091796875 0.879313671875 0.22183857421875 0.86964794921875 0.23480478515625 0.8503166015625
2 0.22796806640625 0.87742763671875 0.24447041015625 0.88497158203125 0.25248583984375 0.87436298828125 0.2628587890625 0.8788421875 0.270402734375 0.87766337890625 0.27370322265625 0.87412724609375 0.294684765625 0.88497158203125 0.304350390625 0.89039384765625 0.28289736328125 0.92999951171875 0.26851669921875 0.92387001953125 0.27606064453125 0.90595322265625 0.26615927734375 0.90029521484375 0.255786328125 0.91632607421875 0.218773828125 0.8946373046875 0.22796806640625 0.87742763671875
2 0.37766806640625 0.84560166015625 0.39393466796875 0.85149541015625 0.39134150390625 0.85974658203125 0.402657421875 0.865640234375 0.39299169921875 0.8882720703125 0.3654091796875 0.878370703125 0.36894541015625 0.865640234375 0.3727173828125 0.857860546875 0.37035986328125 0.8562103515625 0.37766806640625 0.84560166015625
2 0.41934951171875 0.87861064453125 0.428642578125 0.88080078125 0.4285896484375 0.8809638671875 0.44391328125 0.88520732421875 0.4358978515625 0.91538310546875 0.41963125 0.9106681640625 0.42057421875 0.8960517578125 0.418216796875 0.895816015625 0.413266015625 0.90854638671875 0.40077138671875 0.904538671875 0.409951171875 0.87720703125 0.41934951171875 0.87861064453125
2 0.4257607421875 0.856917578125 0.4344833984375 0.8625755859375 0.4287890625 0.88033203125 0.41944150390625 0.8781306640625 0.4101171875 0.87673828125 0.410437109375 0.87577744140625 0.40972978515625 0.8729484375 0.41538779296875 0.85432431640625 0.41680224609375 0.85408857421875 0.4257607421875 0.856917578125
1 0.05325625 1.0 0.06979697265625 0.97957265625 0.08182021484375 0.98499482421875 0.08417763671875 0.98546630859375 0.087478125 0.9793369140625 0.08983564453125 0.9807513671875 0.09172158203125 0.97556494140625 0.10515927734375 0.98334462890625 0.093244140625 1.0 0.05325625 1.0
2 0.1028017578125 0.9503349609375 0.0862994140625 0.93996201171875 0.09973701171875 0.91803740234375 0.10398046875 0.91308671875 0.112703125 0.91662294921875 0.11647509765625 0.91450126953125 0.1204828125 0.91756591796875 0.12944130859375 0.92322392578125 0.1322703125 0.9279388671875 0.1188326171875 0.951513671875 0.124962109375 0.95622861328125 0.1115244140625 0.975795703125 0.09313603515625 0.96424404296875 0.1028017578125 0.9503349609375
2 0.08205595703125 0.93359677734375 0.07686943359375 0.92864609375 0.07191875 0.93171083984375 0.06319609375 0.92487412109375 0.06626083984375 0.92298818359375 0.0544734375 0.91214375 0.0735689453125 0.88456123046875 0.0891283203125 0.8949341796875 0.08464912109375 0.90177080078125 0.08842109375 0.9045998046875 0.09172158203125 0.90035634765625 0.1023302734375 0.90955048828125 0.08205595703125 0.93359677734375
2 0.0410119140625 0.86339697265625 0.0522794921875 0.872448046875 0.0452603515625 0.88002138671875 0.05634326171875 0.88962646484375 0.058929296875 0.88667109375 0.061515234375 0.89350556640625 0.0437826171875 0.9156712890625 0.0140435546875 0.8914736328125 0.02660419921875 0.87521875 0.0404578125 0.86376640625 0.0410119140625 0.86339697265625
2 -0.0 0.84584912109375 0.00092880859375 0.84437138671875 0.00369951171875 0.83809111328125 0.0068396484375 0.83661337890625 0.01164228515625 0.842708984375 0.01459775390625 0.84381728515625 0.0195849609375 0.84991279296875 0.0197697265625 0.85490009765625 0.0319609375 0.866721875 0.01626015625 0.88408505859375 0.003330078125 0.87263271484375 -0.0 0.873741015625 -0.0 0.84584912109375
1 -0.0 0.9427365234375 0.0022904296875 0.93796044921875 0.01213203125 0.946065234375 0.02023681640625 0.93781572265625 0.036446484375 0.95142021484375 0.03326240234375 0.9561962890625 0.03470966796875 0.9585119140625 0.01965791015625 0.97732666015625 -0.0 0.96169599609375 -0.0 0.9427365234375
1 -0.0 0.9313029296875 -0.0 0.91451435546875 0.01126357421875 0.920303515625 0.0025798828125 0.93607900390625 0.00011953125 0.93651318359375 -0.0 0.9313029296875
2 0.16231044921875 0.8154787109375 0.17450166015625 0.823421484375 0.18022783203125 0.81473984375 0.19703681640625 0.82508388671875 0.18576923828125 0.840415234375 0.16877548828125 0.83210302734375 0.1656353515625 0.8381986328125 0.17727236328125 0.8468802734375 0.169144921875 0.86054912109375 0.14088359375 0.84484833984375 0.14974990234375 0.8311794921875 0.1626798828125 0.816217578125 0.16231044921875 0.8154787109375
2 0.12481337890625 0.82212841796875 0.11797890625 0.828962890625 0.10634189453125 0.81954248046875 0.113915234375 0.81381630859375 0.11982607421875 0.80199453125 0.12906181640625 0.79238935546875 0.14032939453125 0.7999626953125 0.15806201171875 0.811969140625 0.14125302734375 0.834873828125 0.12629111328125 0.8241603515625 0.12481337890625 0.82212841796875
2 0.11888125 0.7967125 0.1169998046875 0.80206748046875 0.1149736328125 0.8080013671875 0.106579296875 0.81407998046875 0.102526953125 0.81697451171875 0.0918169921875 0.8100275390625 0.08805400390625 0.81335634765625 0.07372587890625 0.7991728515625 0.0786466796875 0.7942521484375 0.077923046875 0.79077861328125 0.082554296875 0.78643671875 0.083133203125 0.783831640625 0.10093486328125 0.76776669921875 0.11135537109375 0.77746357421875 0.1046978515625 0.783252734375 0.118591796875 0.79613359375 0.11888125 0.7967125
2 0.04093828125 0.773365625 0.06181103515625 0.7513845703125 0.06846083984375 0.75784951171875 0.0658748046875 0.761728515625 0.08268388671875 0.77632099609375 0.0651359375 0.79774794921875 0.0560849609375 0.78925107421875 0.05996396484375 0.78223193359375 0.05774736328125 0.78056943359375 0.052390625 0.78740390625 0.04093828125 0.773365625
2 0.01715556640625 0.7377212890625 0.03451875 0.7222052734375 0.04707939453125 0.73513525390625 0.04504755859375 0.73735185546875 0.05631513671875 0.7504666015625 0.03839775390625 0.76819921875 0.01715556640625 0.7377212890625
2 -0.0 0.70426845703125 0.00355908203125 0.7018671875 0.002635546875 0.69854228515625 0.0046673828125 0.69761875 0.00669921875 0.697433984375 0.02147646484375 0.68487333984375 0.04179501953125 0.7081474609375 0.0331134765625 0.71627490234375 0.01833623046875 0.72920498046875 0.0131642578125 0.72551064453125 -0.0 0.7365935546875 -0.0 0.70426845703125
1 -0.0 0.58030947265625 0.00994638671875 0.59420341796875 -0.0 0.60274248046875 -0.0 0.58030947265625
1 0.01794296875 0.59304560546875 0.0189560546875 0.59319033203125 0.02879765625 0.60418974609375 0.027350390625 0.60679482421875 0.02879765625 0.6083869140625 0.03227109375 0.6083869140625 0.0412443359375 0.619386328125 0.03342900390625 0.62589912109375 0.03313955078125 0.62821474609375 0.0192455078125 0.63877998046875 0.0169298828125 0.63906943359375 0.0081013671875 0.62951728515625 0.00361484375 0.6315435546875 -0.0 0.6221361328125 -0.0 0.6098341796875 0.0076671875 0.59912421875 0.01360107421875 0.5960849609375 0.01794296875 0.59304560546875
1 0.02953369140625 0.63952197265625 0.05022177734375 0.62178935546875 0.070909765625 0.64820361328125 0.0404318359375 0.67591083984375 0.02805595703125 0.6620572265625 0.03433623046875 0.65743935546875 0.02750185546875 0.64949658203125 0.03248916015625 0.6448787109375 0.02953369140625 0.63952197265625
2 0.0742380859375 0.6503291015625 0.07516171875 0.65069853515625 0.08255029296875 0.6562400390625 0.08661396484375 0.66196611328125 0.10028291015625 0.67415732421875 0.07608525390625 0.70057158203125 0.0509640625 0.6760044921875 0.0557666015625 0.67138662109375 0.0557666015625 0.66806171875 0.06611064453125 0.6560552734375 0.0742380859375 0.6503291015625
2 0.104716015625 0.67637392578125 0.11450595703125 0.68560966796875 0.11155048828125 0.6900427734375 0.11302822265625 0.6915205078125 0.11856962890625 0.6889345703125 0.13057607421875 0.69983271484375 0.1082255859375 0.726431640625 0.1056396484375 0.72661630859375 0.087722265625 0.71110029296875 0.09234013671875 0.70315751953125 0.0849515625 0.69632314453125 0.104716015625 0.67637392578125
2 0.13036650390625 0.7048302734375 0.1478119140625 0.7208611328125 0.14356845703125 0.72463310546875 0.15252685546875 0.7345345703125 0.1341384765625 0.75716640625 0.10655595703125 0.7359490234375 0.12022939453125 0.71591044921875 0.13036650390625 0.7048302734375
2 0.13722412109375 0.75763046875 0.15111806640625 0.75878828125 0.1537232421875 0.76240654296875 0.14909189453125 0.77933984375 0.14576318359375 0.77818203125 0.14590791015625 0.77702412109375 0.13534267578125 0.77340595703125 0.13722412109375 0.75763046875
2 0.20397080078125 0.75393271484375 0.20637783203125 0.75844599609375 0.21630693359375 0.76265830078125 0.22593515625 0.77078212890625 0.22051923828125 0.77920673828125 0.21450166015625 0.78161376953125 0.20336904296875 0.8005693359375 0.17568798828125 0.783719921875 0.174404296875 0.7818359375 0.193759765625 0.7508203125 0.1970505859375 0.74972041015625 0.20397080078125 0.75393271484375
2 0.17027216796875 0.73317197265625 0.1735818359375 0.73497724609375 0.17869677734375 0.73918955078125 0.188974609375 0.74998046875 0.17236328125 0.778857421875 0.1717765625 0.77800322265625 0.15763515625 0.77138388671875 0.16214833984375 0.76085302734375 0.1489095703125 0.75032216796875 0.15673251953125 0.73768515625 0.16455537109375 0.7310658203125 0.17027216796875 0.73317197265625
2 0.8909208984375 0.81117822265625 0.8908203125 0.810673828125 0.89120908203125 0.81103837890625 0.9150580078125 0.81103837890625 0.9154974609375 0.83844287109375 0.8897689453125 0.83805888671875 0.88746484375 0.810026171875 0.8909208984375 0.81117822265625
2 0.89140078125 0.81055009765625 0.890654296875 0.80986328125 0.88938486328125 0.803498046875 0.8962970703125 0.803498046875 0.89552900390625 0.79236181640625 0.8966810546875 0.79005771484375 0.9147294921875 0.79005771484375 0.9150580078125 0.81055009765625 0.89140078125 0.81055009765625
2 0.88554482421875 0.72439228515625 0.89821708984375 0.724008203125 0.900137109375 0.7259283203125 0.9178015625 0.7270802734375 0.9204896484375 0.75626494140625 0.91703349609375 0.7570330078125 0.91664951171875 0.77124130859375 0.899369140625 0.773161328125 0.900137109375 0.7570330078125 0.887848828125 0.75933701171875 0.88900087890625 0.75012080078125 0.8840087890625 0.7474328125 0.88554482421875 0.72439228515625
2 0.8590482421875 0.72132021484375 0.8817046875 0.7209361328125 0.88093671875 0.7604890625 0.874792578125 0.76471318359375 0.8602001953125 0.76125712890625 0.855976171875 0.72247216796875 0.8590482421875 0.72132021484375
2 0.8037509765625 0.72247216796875 0.8110470703125 0.71940009765625 0.82525546875 0.7205521484375 0.825639453125 0.72362421875 0.8352396484375 0.72516025390625 0.83600771484375 0.7570330078125 0.8102791015625 0.7570330078125 0.807591015625 0.7455126953125 0.80912705078125 0.73476044921875 0.80567099609375 0.73399248046875 0.8037509765625 0.72247216796875
2 0.76842216796875 0.72746435546875 0.78109443359375 0.72784833984375 0.78186240234375 0.72208818359375 0.7922306640625 0.71824814453125 0.79914287109375 0.71824814453125 0.79914287109375 0.73476044921875 0.80221494140625 0.73744853515625 0.80221494140625 0.7512728515625 0.76535009765625 0.75588095703125 0.76842216796875 0.742056640625 0.7680380859375 0.729384375 0.76842216796875 0.72746435546875
2 0.68827236328125 0.728414453125 0.69441650390625 0.728414453125 0.6955685546875 0.71958232421875 0.7140009765625 0.71958232421875 0.7143849609375 0.72918251953125 0.72091318359375 0.72956650390625 0.72129716796875 0.76527939453125 0.7082408203125 0.7671994140625 0.7078568359375 0.75606318359375 0.6886564453125 0.75299111328125 0.68827236328125 0.728414453125
2 0.6763681640625 0.75606318359375 0.69364853515625 0.75644716796875 0.69364853515625 0.77142353515625 0.6771361328125 0.77180751953125 0.6763681640625 0.75606318359375
2 0.722833203125 0.72150234375 0.741265625 0.71996630859375 0.741265625 0.7253423828125 0.753937890625 0.7249583984375 0.75508994140625 0.76028720703125 0.7347375 0.764511328125 0.729361328125 0.75414306640625 0.72820927734375 0.7311025390625 0.72436923828125 0.7272625 0.722833203125 0.72150234375
2 0.6735134765625 0.7205703125 0.6758708984375 0.722927734375 0.6758708984375 0.74108037109375 0.6739849609375 0.74320205078125 0.672334765625 0.75734697265625 0.644044921875 0.75663974609375 0.6447521484375 0.72339921875 0.65323916015625 0.7236349609375 0.65394638671875 0.71986298828125 0.6662052734375 0.71915576171875 0.6735134765625 0.7205703125
2 0.604708984375 0.71792744140625 0.61674423828125 0.71552041015625 0.62697421875 0.71732568359375 0.63028388671875 0.72063544921875 0.64201826171875 0.72123720703125 0.63720419921875 0.75192705078125 0.61975302734375 0.7510244140625 0.6215583984375 0.745909375 0.6053107421875 0.74199794921875 0.6041072265625 0.730564453125 0.60561162109375 0.7227416015625 0.604708984375 0.71792744140625
2 0.5650541015625 0.70846376953125 0.58069990234375 0.70936640625 0.58009814453125 0.71718935546875 0.5834078125 0.71718935546875 0.58370869140625 0.70966728515625 0.59785009765625 0.71357880859375 0.59213330078125 0.74426865234375 0.5791955078125 0.74246337890625 0.57889462890625 0.74787919921875 0.56776201171875 0.74487041015625 0.5674611328125 0.73915361328125 0.55843466796875 0.73734833984375 0.56264697265625 0.72952548828125 0.5650541015625 0.71418056640625 0.5650541015625 0.70846376953125
2 0.5262404296875 0.70003916015625 0.5427888671875 0.703348828125 0.542187109375 0.71117177734375 0.5451958984375 0.71297705078125 0.5439923828125 0.71718935546875 0.55783291015625 0.71959638671875 0.551514453125 0.745773046875 0.5415853515625 0.7451712890625 0.51751484375 0.738852734375 0.5262404296875 0.70003916015625
2 0.4886302734375 0.69071181640625 0.5033734375 0.69281796875 0.5015681640625 0.70124267578125 0.5072849609375 0.69973828125 0.50788671875 0.694021484375 0.5250369140625 0.69973828125 0.51360341796875 0.7334369140625 0.5015681640625 0.72952548828125 0.49585146484375 0.7346404296875 0.486825 0.73133076171875 0.48923203125 0.726817578125 0.47960390625 0.722304296875 0.4886302734375 0.69071181640625
2 0.43634130859375 0.71553203125 0.44446875 0.69041083984375 0.4494560546875 0.67674189453125 0.45481279296875 0.67729609375 0.46478740234375 0.68099033203125 0.464233203125 0.68542353515625 0.4677427734375 0.6863470703125 0.468481640625 0.68523876953125 0.48011875 0.688563671875 0.47106767578125 0.71294599609375 0.46866640625 0.7120224609375 0.4664498046875 0.71737919921875 0.47623974609375 0.7262455078125 0.46386376953125 0.7397296875 0.4509337890625 0.72495244140625 0.45887646484375 0.7184875 0.45555166015625 0.71645556640625 0.4507490234375 0.72218173828125 0.4365259765625 0.7175638671875 0.43634130859375 0.71553203125
2 0.4145625 0.66281875 0.4289431640625 0.6689482421875 0.42564267578125 0.67531337890625 0.429650390625 0.6757849609375 0.43106484375 0.6717771484375 0.445209765625 0.6764921875 0.431536328125 0.7087896484375 0.41833447265625 0.70478193359375 0.41951318359375 0.701245703125 0.40159638671875 0.6918158203125 0.408197265625 0.6786138671875 0.41244072265625 0.66517626953125 0.4145625 0.66281875
2 0.37810771484375 0.6464298828125 0.39248837890625 0.653030859375 0.39343134765625 0.65090908203125 0.40828349609375 0.65916025390625 0.41040517578125 0.6634037109375 0.40616171875 0.67354091796875 0.3976748046875 0.67189072265625 0.39555302734375 0.6770771484375 0.390130859375 0.67424814453125 0.389659375 0.68108486328125 0.3974390625 0.6857998046875 0.38588740234375 0.702537890625 0.37692900390625 0.69640849609375 0.38541591796875 0.67872734375 0.3674990234375 0.67236220703125 0.37810771484375 0.6464298828125
2 0.35736181640625 0.67684140625 0.37504296875 0.67943466796875 0.37244970703125 0.69805869140625 0.35571162109375 0.69593701171875 0.35736181640625 0.67684140625
2 0.3426623046875 0.62539248046875 0.34627294921875 0.628100390625 0.36101611328125 0.637427734375 0.37305126953125 0.64494970703125 0.35710458984375 0.672931640625 0.346573828125 0.66932109375 0.3414587890625 0.67383427734375 0.32822001953125 0.66661318359375 0.332432421875 0.66179912109375 0.32400771484375 0.65848935546875 0.33453857421875 0.64103828125 0.3426623046875 0.62539248046875
1 0.3014416015625 0.61275546875 0.320698046875 0.62448984375 0.31588388671875 0.6332154296875 0.32822001953125 0.64103828125 0.31347685546875 0.66601142578125 0.28338876953125 0.6473568359375 0.3014416015625 0.61275546875
1 0.28798359375 0.6365279296875 0.27454326171875 0.64996826171875 0.2614869140625 0.6365279296875 0.27185517578125 0.62884775390625 0.271640625 0.62849609375 0.279033203125 0.62591796875 0.28798359375 0.6365279296875
1 0.29297568359375 0.61655947265625 0.27761533203125 0.6242396484375 0.278701171875 0.625517578125 0.27138671875 0.62806640625 0.26263896484375 0.61348740234375 0.24958271484375 0.62193564453125 0.2426705078125 0.60311923828125 0.2799193359375 0.58468681640625 0.29297568359375 0.61655947265625
1 0.23968486328125 0.57212919921875 0.241791015625 0.56791689453125 0.2387822265625 0.554678125 0.24901220703125 0.55377548828125 0.252321875 0.5528728515625 0.272180078125 0.5477578125 0.2799193359375 0.58468681640625 0.22825146484375 0.59018203125 0.22734873046875 0.58145654296875 0.2303576171875 0.5811556640625 0.229755859375 0.57453623046875 0.23968486328125 0.57212919921875
2 0.8743244140625 0.7983916015625 0.8757388671875 0.83233935546875 0.85617177734375 0.83281083984375 0.85570029296875 0.83752578125 0.83919794921875 0.8382330078125 0.8387263671875 0.797684375 0.8743244140625 0.7983916015625
2 0.80006376953125 0.80122060546875 0.8203380859375 0.80169208984375 0.822459765625 0.82762431640625 0.81798056640625 0.82809580078125 0.81821630859375 0.83752578125 0.80006376953125 0.83846875 0.80006376953125 0.80122060546875
2 0.79464150390625 0.7993345703125 0.7965275390625 0.822437890625 0.77766767578125 0.8226736328125 0.77955361328125 0.837054296875 0.759279296875 0.83988330078125 0.76069375 0.7979201171875 0.77083095703125 0.7974486328125 0.77106669921875 0.7924978515625 0.7823826171875 0.7910833984375 0.782146875 0.799098828125 0.79464150390625 0.7993345703125
2 0.742776953125 0.81041474609375 0.75480009765625 0.81135771484375 0.75409287109375 0.83846875 0.74867060546875 0.8382330078125 0.74843486328125 0.8396474609375 0.73122529296875 0.8396474609375 0.73051806640625 0.8365828125 0.7201451171875 0.8363470703125 0.7196736328125 0.7979201171875 0.72250263671875 0.79556259765625 0.743719921875 0.79626982421875 0.742776953125 0.81041474609375
2 0.6880833984375 0.80310654296875 0.69468427734375 0.80334228515625 0.7137798828125 0.80169208984375 0.713544140625 0.83493251953125 0.68784765625 0.83233935546875 0.6880833984375 0.80310654296875
2 0.67653173828125 0.7974486328125 0.67676748046875 0.78306796875 0.6958630859375 0.782125 0.6968060546875 0.8002775390625 0.67653173828125 0.7974486328125
2 0.63884873046875 0.79550087890625 0.6632201171875 0.79550087890625 0.6632201171875 0.810544921875 0.6409548828125 0.81024404296875 0.63884873046875 0.79550087890625
2 0.60515009765625 0.79008505859375 0.6373443359375 0.7921912109375 0.63644169921875 0.80482822265625 0.62861875 0.8051291015625 0.6280169921875 0.822279296875 0.618990625 0.82258017578125 0.61537998046875 0.8334119140625 0.59883154296875 0.8322083984375 0.60184033203125 0.81565986328125 0.60184033203125 0.80663349609375 0.60424736328125 0.79790791015625 0.60515009765625 0.79008505859375
2 0.5819822265625 0.78135947265625 0.58348662109375 0.77895244140625 0.59883154296875 0.777448046875 0.6003359375 0.80302294921875 0.59461923828125 0.81445634765625 0.5807787109375 0.81445634765625 0.58047783203125 0.8288986328125 0.56001787109375 0.8276951171875 0.5642302734375 0.7852708984375 0.58107958984375 0.78767802734375 0.5819822265625 0.78135947265625
2 0.52631923828125 0.777448046875 0.551894140625 0.78436826171875 0.5488853515625 0.79760703125 0.556708203125 0.80031494140625 0.55099150390625 0.8240845703125 0.53865537109375 0.82077490234375 0.53564658203125 0.82197841796875 0.52150517578125 0.8192705078125 0.518797265625 0.81565986328125 0.51849638671875 0.81204931640625 0.52631923828125 0.777448046875
2 0.4828568359375 0.78058955078125 0.4925224609375 0.7532427734375 0.52104794921875 0.7614939453125 0.51020361328125 0.78506875 0.52151953125 0.78789765625 0.514211328125 0.81194404296875 0.51091083984375 0.81477294921875 0.508317578125 0.8173662109375 0.48733603515625 0.81029375 0.48686455078125 0.807936328125 0.4842712890625 0.80652177734375 0.48686455078125 0.78954794921875 0.484035546875 0.784597265625 0.4828568359375 0.78058955078125
2 0.44311884765625 0.78261240234375 0.4478337890625 0.76917470703125 0.44924833984375 0.76068779296875 0.455377734375 0.749843359375 0.486025 0.75950908203125 0.48319609375 0.7715322265625 0.47518056640625 0.79982197265625 0.45938544921875 0.7962857421875 0.46527919921875 0.78237666015625 0.463157421875 0.77671865234375 0.4624501953125 0.78143359375 0.45797099609375 0.79039208984375 0.44311884765625 0.78261240234375
2 0.41695087890625 0.7394705078125 0.41930830078125 0.73876318359375 0.45066279296875 0.75031484375 0.439818359375 0.78473408203125 0.43274599609375 0.78331962890625 0.4313314453125 0.785912890625 0.40327744140625 0.77577568359375 0.41058564453125 0.7550298828125 0.41294306640625 0.75361533203125 0.41695087890625 0.7394705078125
2 0.36272880859375 0.7651669921875 0.37946689453125 0.73051201171875 0.41105712890625 0.7427708984375 0.41247158203125 0.7427708984375 0.4004484375 0.76964619140625 0.3837103515625 0.76233798828125 0.37923115234375 0.771296484375 0.36272880859375 0.7651669921875
1 0.346393359375 0.71317998046875 0.3694966796875 0.7263818359375 0.35959521484375 0.7419412109375 0.3617169921875 0.74547744140625 0.356058984375 0.75302138671875 0.3329556640625 0.73463310546875 0.33908515625 0.7230814453125 0.346393359375 0.71317998046875
1 0.3053826171875 0.70806162109375 0.3126908203125 0.7115978515625 0.31976328125 0.70075341796875 0.34145205078125 0.713248046875 0.3218849609375 0.74672431640625 0.29383095703125 0.72550693359375 0.3053826171875 0.70806162109375
1 0.2533203125 0.7099783203125 0.263294921875 0.69760244140625 0.270129296875 0.68818203125 0.2765943359375 0.67562138671875 0.284537109375 0.68190166015625 0.28638427734375 0.683748828125 0.2895244140625 0.683748828125 0.30614873046875 0.6974177734375 0.2921103515625 0.71976826171875 0.27899560546875 0.7114560546875 0.2710529296875 0.72050712890625 0.2533203125 0.7099783203125
1 0.24538046875 0.65064482421875 0.26518330078125 0.66643994140625 0.25952529296875 0.67634140625 0.26754072265625 0.682706640625 0.2607041015625 0.69520126953125 0.2529244140625 0.70510263671875 0.2404296875 0.69685146484375 0.24302294921875 0.6930794921875 0.2404296875 0.6916650390625 0.23712919921875 0.694258203125 0.22392734375 0.6848283203125 0.24538046875 0.65064482421875
1 0.21308291015625 0.62966328125 0.22557763671875 0.637914453125 0.22392734375 0.63932890625 0.24113701171875 0.6539453125 0.2227486328125 0.678698828125 0.1921013671875 0.65748154296875 0.21308291015625 0.62966328125
1 0.18237939453125 0.606574609375 0.19411376953125 0.590026171875 0.2073525390625 0.6059728515625 0.19110498046875 0.6243265625 0.20133486328125 0.634857421875 0.19050322265625 0.646892578125 0.16944150390625 0.6309458984375 0.180875 0.6168044921875 0.18538818359375 0.620716015625 0.191405859375 0.6131939453125 0.18237939453125 0.606574609375
1 0.1530904296875 0.581196484375 0.17289326171875 0.5969916015625 0.1627560546875 0.60901474609375 0.1703 0.61726591796875 0.161105859375 0.62646005859375 0.13234462890625 0.60241376953125 0.1530904296875 0.581196484375
1 0.115108984375 0.51871494140625 0.12503798828125 0.53044931640625 0.115108984375 0.54278544921875 0.12202919921875 0.55271455078125 0.11540986328125 0.55692685546875 0.10608251953125 0.56926298828125 0.10006494140625 0.570165625 0.07779970703125 0.54699775390625 0.0880296875 0.53586513671875 0.10066669921875 0.52744052734375 0.115108984375 0.51871494140625
1 0.0991623046875 0.57768759765625 0.10848955078125 0.57167001953125 0.1193212890625 0.5578294921875 0.13045390625 0.5497056640625 0.14910849609375 0.57227177734375 0.12142744140625 0.5990501953125 0.0991623046875 0.57768759765625
1 0.1451306640625 0.52479921875 0.14052255859375 0.5144310546875 0.15473095703125 0.50751884765625 0.16087509765625 0.51596708984375 0.172779296875 0.51097490234375 0.19044375 0.54668779296875 0.16509912109375 0.5582080078125 0.15588291015625 0.54745576171875 0.1627951171875 0.5397755859375 0.16125908203125 0.5390076171875 0.153962890625 0.5420796875 0.1451306640625 0.52479921875
1 0.18929169921875 0.487550390625 0.1931318359375 0.481022265625 0.2058041015625 0.47679814453125 0.21079619140625 0.48601435546875 0.2246205078125 0.505598828125 0.190827734375 0.5213431640625 0.183915625 0.5086708984375 0.19581982421875 0.50175869140625 0.18967568359375 0.4963826171875 0.1935158203125 0.49484658203125 0.18929169921875 0.487550390625
1 0.20143935546875 0.52198896484375 0.21369833984375 0.5323619140625 0.205211328125 0.54249912109375 0.20285390625 0.54297060546875 0.19083076171875 0.53495517578125 0.1962529296875 0.5257609375 0.20143935546875 0.52198896484375
1 0.211105078125 0.4710673828125 0.23963056640625 0.45032158203125 0.25566142578125 0.4783755859375 0.2287861328125 0.49605673828125 0.2118123046875 0.47507509765625 0.211105078125 0.4710673828125
1 0.250946484375 0.439712890625 0.266505859375 0.4227390625 0.2877232421875 0.43429072265625 0.2834796875 0.43735546875 0.29196669921875 0.44324912109375 0.275228515625 0.45927998046875 0.28583720703125 0.47507509765625 0.27687880859375 0.491341796875 0.26249814453125 0.48073310546875 0.272399609375 0.468945703125 0.26933486328125 0.46564521484375 0.266505859375 0.46493798828125 0.26084794921875 0.4632876953125 0.24576005859375 0.4463138671875 0.250946484375 0.439712890625
1 0.2760306640625 0.42129443359375 0.2815720703125 0.41427529296875 0.28563583984375 0.41131982421875 0.2915466796875 0.416861328125 0.2959798828125 0.41427529296875 0.29062314453125 0.40633251953125 0.3002283203125 0.3976509765625 0.32516474609375 0.42480400390625 0.31833037109375 0.43293154296875 0.31500546875 0.4318232421875 0.3057697265625 0.44401435546875 0.29985888671875 0.44567685546875 0.27695419921875 0.42147919921875 0.2760306640625 0.42129443359375
1 0.33558662109375 0.390363671875 0.32339541015625 0.376325390625 0.33503251953125 0.366166015625 0.3479625 0.38075849609375 0.349440234375 0.37891142578125 0.35701357421875 0.38500693359375 0.33817265625 0.40366318359375 0.3272744140625 0.39572041015625 0.33558662109375 0.390363671875
1 0.337987890625 0.36376474609375 0.34186689453125 0.35526787109375 0.35054853515625 0.3513888671875 0.35959951171875 0.36173291015625 0.36624931640625 0.35729970703125 0.36181611328125 0.3541595703125 0.36975888671875 0.34750986328125 0.37807099609375 0.35323603515625 0.38730673828125 0.36672021484375 0.37474619140625 0.3838986328125 0.36883525390625 0.37909609375 0.3644021484375 0.38297509765625 0.34131279296875 0.36524248046875 0.337987890625 0.36376474609375
1 0.36754228515625 0.3316244140625 0.3784404296875 0.318140234375 0.38933857421875 0.326637109375 0.40060625 0.3124140625 0.40799482421875 0.3159236328125 0.42074013671875 0.3258982421875 0.396173046875 0.3565609375 0.3801029296875 0.3430767578125 0.36754228515625 0.3316244140625
1 0.43926396484375 0.285373828125 0.450615234375 0.295283203125 0.448046875 0.30322265625 0.43556962890625 0.32120849609375 0.39456298828125 0.2990427734375 0.4052763671875 0.2848197265625 0.41654404296875 0.29239296875 0.427257421875 0.2790935546875 0.43926396484375 0.285373828125
1 0.46013671875 0.30052041015625 0.45551884765625 0.3073548828125 0.448525390625 0.303330078125 0.451064453125 0.29548828125 0.45422578125 0.2946095703125 0.46013671875 0.30052041015625
1 0.42923447265625 0.2450685546875 0.44277412109375 0.256201171875 0.45270322265625 0.24055537109375 0.477074609375 0.25951083984375 0.46895078125 0.272749609375 0.4647384765625 0.26703291015625 0.45992431640625 0.272749609375 0.451198828125 0.28779365234375 0.42863271484375 0.2745548828125 0.427730078125 0.27124521484375 0.4175001953125 0.26402412109375 0.42923447265625 0.2450685546875
1 0.453383984375 0.210821484375 0.4687443359375 0.21466162109375 0.4748884765625 0.20314130859375 0.4906328125 0.21235751953125 0.4752724609375 0.24538232421875 0.4437837890625 0.228869921875 0.453383984375 0.210821484375
1 0.473859375 0.17497529296875 0.485763671875 0.1799673828125 0.4953638671875 0.16307099609375 0.51878837890625 0.1734392578125 0.49651591796875 0.2099201171875 0.4654111328125 0.1922556640625 0.473859375 0.17497529296875
1 0.49728388671875 0.1308142578125 0.50688408203125 0.1361904296875 0.51533232421875 0.11967802734375 0.5410609375 0.13811044921875 0.522628515625 0.170751171875 0.48499560546875 0.15001474609375 0.49728388671875 0.1308142578125
1 0.5229486328125 0.09172734375 0.52507041015625 0.0933775390625 0.52648486328125 0.0938490234375 0.53426455078125 0.08253310546875 0.54322294921875 0.08889833984375 0.54204423828125 0.09361328125 0.54935244140625 0.099978515625 0.5599611328125 0.09479208984375 0.5696267578125 0.10634375 0.55878232421875 0.11860263671875 0.5531244140625 0.1138876953125 0.551945703125 0.115537890625 0.54110126953125 0.1322759765625 0.50880380859375 0.11011572265625 0.513990234375 0.09738525390625 0.5229486328125 0.09172734375
2 0.5672380859375 0.0426255859375 0.57006708984375 0.0433328125 0.57949697265625 0.0558275390625 0.5658236328125 0.06690771484375 0.5736033203125 0.07563037109375 0.556865234375 0.08906796875 0.535412109375 0.0647859375 0.5497927734375 0.05205556640625 0.55474345703125 0.05276279296875 0.5672380859375 0.0426255859375
1 0.5896341796875 0.03107392578125 0.59246318359375 0.03696767578125 0.60896552734375 0.025416015625 0.62617509765625 0.0480478515625 0.61368046875 0.058420703125 0.60778681640625 0.05134833984375 0.5992998046875 0.0577134765625 0.60095009765625 0.06148544921875 0.5905771484375 0.06737919921875 0.5736033203125 0.0412111328125 0.5896341796875 0.03107392578125
2 0.9086951171875 0.23727841796875 0.9221353515625 0.2368943359375 0.9248234375 0.26300693359375 0.92328740234375 0.29679970703125 0.8841185546875 0.2948796875 0.8852705078125 0.2484146484375 0.89832685546875 0.2487986328125 0.89947890625 0.26223896484375 0.90600703125 0.26223896484375 0.9086951171875 0.23727841796875
2 0.8470482421875 0.24440458984375 0.86237177734375 0.24393310546875 0.8630791015625 0.25100556640625 0.881703125 0.25289150390625 0.8809958984375 0.285660546875 0.8649650390625 0.285660546875 0.86331484375 0.27599482421875 0.8470482421875 0.27458037109375 0.84634091796875 0.26279296875 0.84775546875 0.24511181640625 0.8470482421875 0.24440458984375
2 0.80791396484375 0.24369736328125 0.82205888671875 0.24369736328125 0.82323759765625 0.23709638671875 0.835025 0.238982421875 0.835025 0.24558330078125 0.83832548828125 0.24534755859375 0.83808974609375 0.25807802734375 0.84327626953125 0.25878525390625 0.84327626953125 0.29155419921875 0.8241806640625 0.28966826171875 0.824887890625 0.27599482421875 0.80579228515625 0.27481611328125 0.80649951171875 0.25831376953125 0.80555654296875 0.24416884765625 0.80791396484375 0.24369736328125
2 0.76665810546875 0.24369736328125 0.78881845703125 0.24440458984375 0.79046865234375 0.25807802734375 0.8013130859375 0.25854951171875 0.800605859375 0.28212431640625 0.78245322265625 0.28165283203125 0.78198173828125 0.29131845703125 0.76595087890625 0.29013974609375 0.76547939453125 0.2734015625 0.76618662109375 0.25595625 0.76595087890625 0.24511181640625 0.76665810546875 0.24369736328125
2 0.70607080078125 0.23945390625 0.7225732421875 0.23686064453125 0.7258736328125 0.254541796875 0.7171509765625 0.256427734375 0.715972265625 0.2790595703125 0.71950849609375 0.2790595703125 0.71738671875 0.29296865234375 0.68037431640625 0.287075 0.68438203125 0.265150390625 0.6850892578125 0.2498267578125 0.6992341796875 0.2493552734375 0.699469921875 0.2625572265625 0.70442060546875 0.263264453125 0.70465634765625 0.25878525390625 0.7088998046875 0.257370703125 0.70583505859375 0.2415755859375 0.70607080078125 0.23945390625
2 0.65043427734375 0.233088671875 0.66670087890625 0.23638916015625 0.6841462890625 0.2401611328125 0.67660234375 0.2698654296875 0.6603357421875 0.26727216796875 0.65679951171875 0.2785880859375 0.66292890625 0.28259580078125 0.6612787109375 0.2854248046875 0.66740810546875 0.2873107421875 0.66434345703125 0.294383203125 0.64949130859375 0.29037548828125 0.65090576171875 0.28471748046875 0.6365251953125 0.28118125 0.64218310546875 0.2639716796875 0.6402970703125 0.2630287109375 0.6447763671875 0.2498267578125 0.647841015625 0.2493552734375 0.65137724609375 0.2342673828125 0.65043427734375 0.233088671875
2 0.630395703125 0.22177275390625 0.6452478515625 0.22177275390625 0.64406904296875 0.23851083984375 0.63605361328125 0.2387466796875 0.62780244140625 0.25949248046875 0.59668369140625 0.24534755859375 0.60187021484375 0.23544619140625 0.606113671875 0.22743076171875 0.62827392578125 0.23756787109375 0.630395703125 0.223423046875 0.630395703125 0.22177275390625
1 0.55815712890625 0.2151021484375 0.5678228515625 0.21180166015625 0.5668798828125 0.2063794921875 0.58196767578125 0.20119306640625 0.59446240234375 0.2379697265625 0.5756025390625 0.24339189453125 0.567115625 0.22264609375 0.56216484375 0.223117578125 0.55815712890625 0.2151021484375
2 0.49794287109375 0.26548076171875 0.513588671875 0.26909130859375 0.506367578125 0.2898521484375 0.49012001953125 0.28503798828125 0.49794287109375 0.26548076171875
2 0.53675654296875 0.2567552734375 0.5481900390625 0.2627728515625 0.5328451171875 0.28654248046875 0.5199072265625 0.27871953125 0.53675654296875 0.2567552734375
2 0.76105009765625 0.2429369140625 0.7622021484375 0.27135361328125 0.74876181640625 0.27173759765625 0.74876181640625 0.2847939453125 0.72994541015625 0.28825 0.728409375 0.245625 0.76105009765625 0.2429369140625
2 0.538708984375 0.32741884765625 0.54946123046875 0.34277919921875 0.5302607421875 0.3554515625 0.5168205078125 0.3404751953125 0.538708984375 0.32741884765625
2 0.569813671875 0.3404751953125 0.5759578125 0.34239521484375 0.58171796875 0.34239521484375 0.593622265625 0.3473873046875 0.593622265625 0.350075390625 0.59938232421875 0.34777138671875 0.59323818359375 0.3650517578125 0.5905501953125 0.37887607421875 0.588630078125 0.37887607421875 0.5732697265625 0.37349990234375 0.57096572265625 0.37542001953125 0.5598294921875 0.3715798828125 0.56750966796875 0.35084345703125 0.569813671875 0.3404751953125
2 0.60603564453125 0.343025 0.60872373046875 0.341873046875 0.61486787109375 0.342641015625 0.62408408203125 0.34648115234375 0.61870791015625 0.36222548828125 0.634836328125 0.3695216796875 0.63061220703125 0.38372998046875 0.5956673828125 0.37528173828125 0.5952833984375 0.36875361328125 0.60603564453125 0.343025
2 0.6440525390625 0.3518572265625 0.66363701171875 0.35339326171875 0.6624849609375 0.37182568359375 0.67976533203125 0.37451376953125 0.67323720703125 0.40561845703125 0.63867646484375 0.39947431640625 0.6402125 0.37796982421875 0.6440525390625 0.3518572265625
2 0.70318994140625 0.35953740234375 0.70626201171875 0.36836962890625 0.720086328125 0.3695216796875 0.7181662109375 0.39141015625 0.70933408203125 0.39371416015625 0.707798046875 0.40600244140625 0.68360546875 0.403314453125 0.6866775390625 0.37336171875 0.68898154296875 0.37336171875 0.68821357421875 0.3580013671875 0.70318994140625 0.35953740234375
2 0.72623046875 0.35684931640625 0.74619892578125 0.35646533203125 0.74581484375 0.37528173828125 0.75963916015625 0.37528173828125 0.75925517578125 0.4036984375 0.72546240234375 0.40561845703125 0.72853447265625 0.379505859375 0.72507841796875 0.361457421875 0.72623046875 0.35684931640625
2 0.7845998046875 0.3756658203125 0.79996015625 0.3756658203125 0.80226416015625 0.386033984375 0.80188017578125 0.4013943359375 0.76578330078125 0.4013943359375 0.76539931640625 0.35992138671875 0.78344775390625 0.3583853515625 0.7845998046875 0.3756658203125
2 0.8218486328125 0.3576173828125 0.824920703125 0.372977734375 0.84143310546875 0.37182568359375 0.84258505859375 0.4071544921875 0.80572021484375 0.4071544921875 0.806104296875 0.37796982421875 0.80495224609375 0.3583853515625 0.8218486328125 0.3576173828125
2 0.8468091796875 0.35876943359375 0.856409375 0.35915341796875 0.85717744140625 0.35032119140625 0.86600966796875 0.35032119140625 0.86600966796875 0.36184150390625 0.88213798828125 0.36299345703125 0.8809859375 0.3829619140625 0.84872919921875 0.3818099609375 0.8468091796875 0.35876943359375
2 0.88482607421875 0.3583853515625 0.89481025390625 0.35915341796875 0.898650390625 0.35300927734375 0.90940263671875 0.354161328125 0.90940263671875 0.35684931640625 0.9205388671875 0.35915341796875 0.9209228515625 0.38449794921875 0.89826640625 0.38565 0.89826640625 0.392178125 0.88559404296875 0.391026171875 0.88482607421875 0.3583853515625
2 0.8973767578125 0.43021103515625 0.90067724609375 0.4320970703125 0.90067724609375 0.44459169921875 0.9207158203125 0.44388447265625 0.9209515625 0.4728814453125 0.88488212890625 0.47217421875 0.88441064453125 0.42997529296875 0.8973767578125 0.43021103515625
2 0.8575353515625 0.434690234375 0.8575353515625 0.43091826171875 0.87545224609375 0.4320970703125 0.87592373046875 0.4563791015625 0.86342900390625 0.4568505859375 0.86295751953125 0.463923046875 0.84504072265625 0.4641587890625 0.8438619140625 0.43775498046875 0.85494208984375 0.43563330078125 0.8575353515625 0.434690234375
2 0.8195798828125 0.42125263671875 0.83891123046875 0.4167734375 0.8424474609375 0.4344544921875 0.8405615234375 0.43775498046875 0.84126875 0.4431771484375 0.825237890625 0.44341298828125 0.8254736328125 0.43728349609375 0.819344140625 0.42290283203125 0.8195798828125 0.42125263671875
2 0.8176939453125 0.43115400390625 0.8191083984375 0.432804296875 0.819344140625 0.44506318359375 0.83678955078125 0.44600615234375 0.83796826171875 0.4714669921875 0.82453056640625 0.4709955078125 0.825709375 0.463923046875 0.8044919921875 0.4636873046875 0.80590654296875 0.4323328125 0.8176939453125 0.43115400390625
2 0.77997421875 0.4257318359375 0.796005078125 0.4170091796875 0.8035490234375 0.43327578125 0.7889326171875 0.441526953125 0.77997421875 0.4257318359375
2 0.7655935546875 0.43044677734375 0.780445703125 0.43138974609375 0.781388671875 0.44341298828125 0.7964765625 0.44529892578125 0.796948046875 0.46981669921875 0.765829296875 0.46769501953125 0.7655935546875 0.43044677734375
2 0.73070283203125 0.42172412109375 0.76205732421875 0.42078115234375 0.76252890625 0.43657626953125 0.76064287109375 0.470759765625 0.74461201171875 0.46840224609375 0.74437626953125 0.4575578125 0.73093857421875 0.4568505859375 0.7325888671875 0.44577041015625 0.7325888671875 0.43704775390625 0.7316458984375 0.42549609375 0.73070283203125 0.42172412109375
2 0.6853826171875 0.43807998046875 0.6870451171875 0.43604814453125 0.68722978515625 0.43050673828125 0.70570126953125 0.43198447265625 0.70644013671875 0.43604814453125 0.7167841796875 0.436417578125 0.71844658203125 0.44805458984375 0.71937021484375 0.47169814453125 0.7027458984375 0.47151337890625 0.70293056640625 0.467634375 0.6970197265625 0.46744970703125 0.696280859375 0.47058984375 0.68649091796875 0.47095927734375 0.68501328125 0.4399271484375 0.6853826171875 0.43807998046875
2 0.66409814453125 0.43197705078125 0.682752734375 0.4310744140625 0.680345703125 0.4584544921875 0.66590341796875 0.45905634765625 0.6631955078125 0.45634833984375 0.65717783203125 0.45695009765625 0.65808046875 0.46356953125 0.65116025390625 0.4641712890625 0.6514611328125 0.4512333984375 0.65236376953125 0.43197705078125 0.66409814453125 0.43197705078125
2 0.6073048828125 0.42867587890625 0.62687197265625 0.4333908203125 0.6287580078125 0.4256111328125 0.643138671875 0.42773291015625 0.63418017578125 0.46898876953125 0.6214498046875 0.4645095703125 0.62333583984375 0.45342939453125 0.61697060546875 0.45319365234375 0.61437734375 0.463330859375 0.60282568359375 0.46073759765625 0.6073048828125 0.42867587890625
2 0.56274853515625 0.4491859375 0.56911376953125 0.43032607421875 0.56887802734375 0.42066044921875 0.60141123046875 0.42820439453125 0.59504599609375 0.45861591796875 0.5842015625 0.4576728515625 0.588209375 0.44470673828125 0.57925087890625 0.44234921875 0.57547890625 0.4553154296875 0.56274853515625 0.4491859375
2 0.53109228515625 0.4023447265625 0.5586748046875 0.4120103515625 0.55348837890625 0.42827705078125 0.544765625 0.4252123046875 0.5372216796875 0.442893359375 0.5221337890625 0.43629248046875 0.52543427734375 0.4320490234375 0.52048359375 0.43063447265625 0.53109228515625 0.4023447265625
2 0.51270390625 0.3858423828125 0.53038505859375 0.38254189453125 0.53368544921875 0.39880849609375 0.51600439453125 0.4009302734375 0.51270390625 0.3858423828125
2 0.4954943359375 0.38985009765625 0.51011064453125 0.394329296875 0.50704599609375 0.4042306640625 0.5221337890625 0.41036015625 0.5138826171875 0.42591953125 0.4872431640625 0.41366064453125 0.4954943359375 0.38985009765625
2 0.46225380859375 0.3881998046875 0.46413984375 0.3804201171875 0.482999609375 0.38348486328125 0.4806421875 0.42332626953125 0.4657900390625 0.42167607421875 0.46413984375 0.42332626953125 0.44551572265625 0.42144033203125 0.4488162109375 0.39810126953125 0.449994921875 0.3853708984375 0.46225380859375 0.3881998046875
2 0.3865072265625 0.41971484375 0.412984765625 0.39323740234375 0.44217021484375 0.4236263671875 0.43103759765625 0.43596240234375 0.4196041015625 0.4260333984375 0.4066662109375 0.43686513671875 0.3865072265625 0.41971484375
2 0.3783833984375 0.4191130859375 0.38620634765625 0.42633427734375 0.38048955078125 0.43385625 0.38440107421875 0.43836953125 0.39342744140625 0.43235185546875 0.40456005859375 0.44468798828125 0.38319755859375 0.46364345703125 0.3546138671875 0.43626337890625 0.37417109375 0.4179095703125 0.3783833984375 0.4191130859375
1 0.33692900390625 0.4456830078125 0.34475185546875 0.43936455078125 0.373335546875 0.47125791015625 0.354380078125 0.48419580078125 0.33813251953125 0.46885087890625 0.3456544921875 0.46193056640625 0.33692900390625 0.4456830078125
1 0.33122294921875 0.480830859375 0.33483349609375 0.48203447265625 0.3546916015625 0.50760927734375 0.33844404296875 0.5178392578125 0.33362998046875 0.51212255859375 0.322196484375 0.52054716796875 0.3074533203125 0.5024943359375 0.322196484375 0.48805205078125 0.33122294921875 0.480830859375
1 0.26653349609375 0.504299609375 0.28699345703125 0.48865380859375 0.31587802734375 0.52355595703125 0.30775419921875 0.52806923828125 0.3002322265625 0.5220515625 0.28458642578125 0.53167978515625 0.26653349609375 0.504299609375
1 0.23464013671875 0.527768359375 0.2508876953125 0.53228154296875 0.244268359375 0.55003349609375 0.22982607421875 0.54642294921875 0.23464013671875 0.527768359375
2 0.43835458984375 0.5046556640625 0.4429626953125 0.507727734375 0.45409892578125 0.51118388671875 0.46062705078125 0.49889560546875 0.46331513671875 0.48852734375 0.477907421875 0.4942875 0.47637138671875 0.49966357421875 0.483667578125 0.50235166015625 0.4863556640625 0.495439453125 0.50094794921875 0.49966357421875 0.48443564453125 0.53614443359375 0.4736833984375 0.53576044921875 0.47214736328125 0.54497666015625 0.42721826171875 0.53076826171875 0.43835458984375 0.5046556640625
2 0.4928837890625 0.53384033203125 0.501716015625 0.506959765625 0.53051669921875 0.513871875 0.52091640625 0.55227275390625 0.508628125 0.5465126953125 0.51016416015625 0.53614443359375 0.4928837890625 0.53384033203125
2 0.4990279296875 0.53883251953125 0.4982599609375 0.550352734375 0.48520361328125 0.55150478515625 0.48558759765625 0.53998447265625 0.4990279296875 0.53883251953125
2 0.5351248046875 0.54996875 0.53973291015625 0.550352734375 0.54664501953125 0.5538087890625 0.54702900390625 0.544592578125 0.53474072265625 0.54228857421875 0.54011689453125 0.51963203125 0.569685546875 0.52462412109375 0.56354140625 0.561873046875 0.5412689453125 0.556112890625 0.54050087890625 0.5657130859375 0.526292578125 0.56686513671875 0.526292578125 0.54843271484375 0.5351248046875 0.54996875
2 0.5723736328125 0.5346083984375 0.57698173828125 0.5342244140625 0.5850458984375 0.53307236328125 0.5854298828125 0.53000029296875 0.606550390625 0.532304296875 0.60194228515625 0.5653291015625 0.5969501953125 0.5649451171875 0.5973341796875 0.5772333984375 0.57160556640625 0.574161328125 0.57390966796875 0.5588009765625 0.569685546875 0.556496875 0.569685546875 0.55073671875 0.5723736328125 0.5346083984375
2 0.62613486328125 0.53115234375 0.6330470703125 0.5346083984375 0.6518634765625 0.53576044921875 0.65032744140625 0.556112890625 0.6518634765625 0.5595689453125 0.65071142578125 0.57339326171875 0.6149986328125 0.5714732421875 0.6157666015625 0.5649451171875 0.6088544921875 0.56340908203125 0.612310546875 0.53307236328125 0.62613486328125 0.53115234375
2 0.6702958984375 0.5349923828125 0.67259990234375 0.53960048828125 0.67259990234375 0.54612861328125 0.71138486328125 0.5465126953125 0.709848828125 0.53652841796875 0.72828125 0.537296484375 0.72828125 0.58184150390625 0.67528798828125 0.58184150390625 0.6760560546875 0.5722412109375 0.6545515625 0.57339326171875 0.655703515625 0.5342244140625 0.6702958984375 0.5349923828125
2 0.75132177734375 0.5710892578125 0.76437802734375 0.5783853515625 0.76015390625 0.59412978515625 0.74556162109375 0.58875361328125 0.743310546875 0.58537109375 0.74853515625 0.570166015625 0.75132177734375 0.5710892578125
2 0.7624580078125 0.5660970703125 0.746713671875 0.56686513671875 0.746713671875 0.56955322265625 0.748076171875 0.570009765625 0.74296875 0.58486328125 0.741721484375 0.58299345703125 0.73288935546875 0.5837615234375 0.7317373046875 0.5841455078125 0.7313533203125 0.5403685546875 0.76130595703125 0.53960048828125 0.7624580078125 0.5660970703125
2 0.76849130859375 0.53980849609375 0.78287197265625 0.54051572265625 0.78287197265625 0.54735244140625 0.788294140625 0.54617373046875 0.788294140625 0.53980849609375 0.8022033203125 0.53957275390625 0.803853515625 0.574227734375 0.76919853515625 0.572341796875 0.76849130859375 0.53980849609375
2 0.81705537109375 0.5407515625 0.828135546875 0.5409873046875 0.8283712890625 0.544051953125 0.84039443359375 0.544051953125 0.8413375 0.5678625 0.8099830078125 0.56880556640625 0.80974716796875 0.5506529296875 0.80927568359375 0.5409873046875 0.81705537109375 0.5407515625
2 0.84440927734375 0.539405859375 0.86214189453125 0.5405140625 0.86269599609375 0.55584541015625 0.87710380859375 0.5556607421875 0.87821201171875 0.5724697265625 0.87414833984375 0.57302392578125 0.87488720703125 0.59204951171875 0.8505048828125 0.59278837890625 0.84921181640625 0.57708759765625 0.85992529296875 0.5761640625 0.859555859375 0.57320859375 0.84570224609375 0.57228505859375 0.84440927734375 0.539405859375
2 0.88338408203125 0.5443931640625 0.906288671875 0.54346953125 0.9057345703125 0.55510654296875 0.91016767578125 0.55584541015625 0.90942890625 0.56231044921875 0.913492578125 0.56249521484375 0.91386201171875 0.57062265625 0.89908486328125 0.57080732421875 0.89926953125 0.5769029296875 0.91533974609375 0.577641796875 0.91404677734375 0.5966673828125 0.89742236328125 0.595928515625 0.89686826171875 0.5839220703125 0.8830146484375 0.58225966796875 0.8843076171875 0.55676904296875 0.882460546875 0.54734853515625 0.88338408203125 0.5443931640625
2 0.898325390625 0.60277685546875 0.91577646484375 0.60277685546875 0.9166791015625 0.6247412109375 0.897121875 0.6235376953125 0.898325390625 0.60277685546875
2 0.89321044921875 0.63166142578125 0.91637822265625 0.63105966796875 0.917280859375 0.65362578125 0.89501572265625 0.65392666015625 0.89321044921875 0.63166142578125
2 0.83724658203125 0.60157333984375 0.85379501953125 0.60187421875 0.85379501953125 0.61872353515625 0.83604306640625 0.61842265625 0.83724658203125 0.60157333984375
2 0.8620607421875 0.623061328125 0.86228759765625 0.61773154296875 0.87566865234375 0.6187521484375 0.8755552734375 0.62873125 0.87702939453125 0.62861787109375 0.87714287109375 0.6398443359375 0.86602978515625 0.639617578125 0.86659677734375 0.6353083984375 0.8529888671875 0.634401171875 0.85310224609375 0.6415453125 0.84142216796875 0.640411328125 0.84187578125 0.62782412109375 0.8427830078125 0.623061328125 0.86081337890625 0.62272109375 0.8620607421875 0.623061328125
2 0.80490771484375 0.578608984375 0.81919599609375 0.57452666015625 0.82452578125 0.5919900390625 0.8093302734375 0.59663935546875 0.80490771484375 0.578608984375
2 0.774630078125 0.620528125 0.780693359375 0.619423828125 0.782275390625 0.62119140625 0.78188779296875 0.62124697265625 0.78154755859375 0.6241953125 0.79039267578125 0.62714365234375 0.7917802734375 0.63617392578125 0.76078955078125 0.6376783203125 0.75838251953125 0.61360791015625 0.77432919921875 0.61180263671875 0.774630078125 0.620528125
2 0.797763671875 0.61206162109375 0.7968564453125 0.6156904296875 0.7966296875 0.619319140625 0.782861328125 0.621123046875 0.78125 0.619306640625 0.7788423828125 0.60728935546875 0.77791884765625 0.602762890625 0.7942482421875 0.599701171875 0.797763671875 0.61206162109375
2 0.83301455078125 0.62322080078125 0.83533017578125 0.62495751953125 0.83605380859375 0.6456537109375 0.82360712890625 0.6462326171875 0.82346240234375 0.63899619140625 0.8133314453125 0.63943037109375 0.81173935546875 0.64753525390625 0.8010294921875 0.64710107421875 0.800884765625 0.633496484375 0.801753125 0.6204708984375 0.81231826171875 0.620326171875 0.815212890625 0.62278662109375 0.82230458984375 0.62220771484375 0.82259404296875 0.62452333984375 0.83301455078125 0.62322080078125
2 0.72010146484375 0.617573046875 0.7215791015625 0.61591064453125 0.73912705078125 0.61627998046875 0.73912705078125 0.61424814453125 0.75187236328125 0.6138787109375 0.75390419921875 0.6522994140625 0.73284677734375 0.65340771484375 0.73432451171875 0.64971337890625 0.7337703125 0.6380763671875 0.72010146484375 0.63863056640625 0.719547265625 0.6240380859375 0.72010146484375 0.617573046875
2 0.67946416015625 0.62034375 0.697622265625 0.61681474609375 0.70582734375 0.61592275390625 0.7167765625 0.6181271484375 0.71492939453125 0.63567509765625 0.70513955078125 0.635859765625 0.7047701171875 0.64047763671875 0.69738154296875 0.64121650390625 0.69590380859375 0.6365986328125 0.68149599609375 0.63622919921875 0.67946416015625 0.62034375
2 0.63328544921875 0.646019140625 0.63439375 0.627362890625 0.6338396484375 0.61572587890625 0.64399892578125 0.61738828125 0.643075390625 0.61203154296875 0.6593302734375 0.6124009765625 0.65951494140625 0.6166494140625 0.6707826171875 0.61738828125 0.67299912109375 0.6410318359375 0.6678271484375 0.6410318359375 0.66708828125 0.65470068359375 0.6513875 0.65322294921875 0.65194169921875 0.6432484375 0.6471390625 0.643063671875 0.64769326171875 0.6500828125 0.63439375 0.64842041015625 0.63328544921875 0.646019140625
2 0.59992265625 0.6440384765625 0.59283095703125 0.6440384765625 0.59369931640625 0.62855244140625 0.59369931640625 0.6124875 0.59775166015625 0.6124875 0.59789638671875 0.6106060546875 0.62857890625 0.61306640625 0.6278552734375 0.63159169921875 0.625973828125 0.6475119140625 0.6112115234375 0.6472224609375 0.611645703125 0.63853876953125 0.604264453125 0.6372361328125 0.59992265625 0.6440384765625
2 0.59275498046875 0.594401953125 0.5875830078125 0.6333767578125 0.5519330078125 0.6298671875 0.55322607421875 0.61619833984375 0.5550732421875 0.61472060546875 0.55562734375 0.61121103515625 0.56449365234375 0.6093638671875 0.565078125 0.60572265625 0.568779296875 0.603828125 0.5763154296875 0.60474599609375 0.5776083984375 0.5908923828125 0.59275498046875 0.594401953125
2 0.574098828125 0.590153515625 0.56900390625 0.6031640625 0.56517578125 0.605126953125 0.56523251953125 0.60474599609375 0.5521177734375 0.59975869140625 0.55747451171875 0.58424267578125 0.574098828125 0.590153515625
2 0.53361708984375 0.582843359375 0.55315546875 0.582843359375 0.5521177734375 0.59975869140625 0.5421560546875 0.60035556640625 0.53274873046875 0.62713037109375 0.504237109375 0.618301953125 0.51364453125 0.59094814453125 0.53376181640625 0.59688203125 0.53361708984375 0.582843359375
2 0.4775525390625 0.58006435546875 0.49399208984375 0.5872681640625 0.49565458984375 0.5850515625 0.50747626953125 0.5900388671875 0.49694755859375 0.62365703125 0.48290927734375 0.6186697265625 0.485310546875 0.6116505859375 0.478106640625 0.60795625 0.47552060546875 0.61054228515625 0.46776259765625 0.6059244140625 0.4775525390625 0.58006435546875
2 0.44101513671875 0.5517205078125 0.44951201171875 0.553937109375 0.4484037109375 0.55966328125 0.459301953125 0.56151044921875 0.47167783203125 0.569453125 0.46207265625 0.59623681640625 0.45468408203125 0.595128515625 0.45597705078125 0.5914341796875 0.45117451171875 0.58995654296875 0.44969677734375 0.5923578125 0.44452470703125 0.58940234375 0.44618720703125 0.5838609375 0.43177939453125 0.57905830078125 0.44101513671875 0.5517205078125
2 0.4038875 0.548395703125 0.40776650390625 0.54266953125 0.4061041015625 0.5404529296875 0.41349267578125 0.529739453125 0.4273462890625 0.54082236328125 0.4330724609375 0.54303896484375 0.44027626953125 0.5474720703125 0.42254365234375 0.57130029296875 0.40481103515625 0.56631298828125 0.3979765625 0.56261875 0.4059193359375 0.55504541015625 0.4031486328125 0.550981640625 0.4038875 0.548395703125
2 0.2458109375 0.999011328125 0.2525142578125 0.989428515625 0.281409765625 0.99901171875 0.2458109375 0.999011328125
