3 0.05183046875 0.2275150390625 0.060935546875 0.222401953125 0.0701201171875 0.2394931640625 0.061507421875 0.24456767578125 0.05183046875 0.2275150390625
3 0.0075177734375 0.25950546875 0.01893984375 0.247767578125 0.03143291015625 0.25869033203125 0.0186775390625 0.2707787109375 0.0075177734375 0.25950546875
3 0.028887109375 0.27681865234375 0.02666962890625 0.27860693359375 0.01974228515625 0.27099287109375 0.02936767578125 0.26086376953125 0.0298482421875 0.2615365234375 0.03205888671875 0.2594220703125 0.040036328125 0.26576552734375 0.028887109375 0.27681865234375
3 0.03681318359375 0.2877115234375 0.02774423828125 0.278642578125 0.040036328125 0.26639541015625 0.0487681640625 0.2760658203125 0.03681318359375 0.2877115234375
3 0.05382392578125 0.27812666015625 0.0636701171875 0.28849111328125 0.0579697265625 0.29324150390625 0.05857431640625 0.29375966796875 0.0487748046875 0.30211953125 0.03954404296875 0.29212587890625 0.05382392578125 0.27812666015625
3 0.05255283203125 0.30269306640625 0.06386220703125 0.2917953125 0.07351259765625 0.30102138671875 0.07043720703125 0.30383173828125 0.07277021484375 0.30595263671875 0.06153427734375 0.315765625 0.05051103515625 0.30518330078125 0.05255283203125 0.30269306640625
3 0.0676513671875 0.319267578125 0.07888515625 0.30965791015625 0.0870736328125 0.3185908203125 0.07617822265625 0.3282681640625 0.0676513671875 0.319267578125
3 0.079332421875 0.32717216796875 0.090576171875 0.3181330078125 0.09774130859375 0.32805400390625 0.08649755859375 0.33676240234375 0.079332421875 0.32717216796875
3 0.09052353515625 0.3374814453125 0.10013046875 0.3276130859375 0.10833388671875 0.33589716796875 0.0989935546875 0.34506953125 0.09052353515625 0.3374814453125
2 0.1071828125 0.35514072265625 0.118866015625 0.34513896484375 0.12658916015625 0.35428525390625 0.114937890625 0.36365185546875 0.1071828125 0.35514072265625
2 0.11700927734375 0.3659884765625 0.128052734375 0.35650751953125 0.13536103515625 0.365360546875 0.1238693359375 0.373521484375 0.11700927734375 0.3659884765625
3 0.1301794921875 0.38492646484375 0.14436455078125 0.372653515625 0.15316279296875 0.38252919921875 0.13961513671875 0.39411123046875 0.1301794921875 0.38492646484375
3 0.14611494140625 0.3994349609375 0.1566017578125 0.38888505859375 0.164340625 0.39581650390625 0.1537015625 0.4064103515625 0.14611494140625 0.3994349609375
3 0.1602875 0.41794365234375 0.1726880859375 0.40560322265625 0.18440556640625 0.41726044921875 0.1731302734375 0.42994248046875 0.1602875 0.41794365234375
3 0.1774513671875 0.43311787109375 0.1881037109375 0.42182265625 0.1984744140625 0.43151025390625 0.18717900390625 0.4419412109375 0.1774513671875 0.43311787109375
3 0.2307765625 0.49171083984375 0.23899267578125 0.48397705078125 0.24762451171875 0.49378974609375 0.238643359375 0.502582421875 0.2307765625 0.49171083984375
3 0.23788359375 0.50867900390625 0.24892373046875 0.49911083984375 0.257510546875 0.5095376953125 0.24708369140625 0.51824716796875 0.23788359375 0.50867900390625
1 0.2526896484375 0.51927978515625 0.2648783203125 0.50988857421875 0.2735875 0.52091279296875 0.261281640625 0.53042119140625 0.2526896484375 0.51927978515625
3 0.2643400390625 0.533070703125 0.2771779296875 0.5214853515625 0.2854755859375 0.53087890625 0.2726376953125 0.54309052734375 0.2643400390625 0.533070703125
3 0.283369921875 0.5520673828125 0.2968859375 0.54033642578125 0.30877763671875 0.55311513671875 0.29561083984375 0.56430830078125 0.283369921875 0.5520673828125
3 0.29561083984375 0.56446904296875 0.30877763671875 0.5532759765625 0.317032421875 0.56102080078125 0.30479150390625 0.57186455078125 0.29561083984375 0.56446904296875
3 0.33496005859375 0.59925390625 0.3456658203125 0.58735654296875 0.351966015625 0.59276845703125 0.34166220703125 0.604853515625 0.33496005859375 0.59925390625
3 0.3405765625 0.6191994140625 0.35038310546875 0.60896259765625 0.36144931640625 0.6197033203125 0.35117021484375 0.62911083984375 0.3405765625 0.6191994140625
3 0.4041302734375 0.65418603515625 0.4140759765625 0.63888486328125 0.42580693359375 0.64730048828125 0.41601083984375 0.66107158203125 0.4041302734375 0.65418603515625
3 0.43017607421875 0.676365234375 0.44504921875 0.66431005859375 0.4536599609375 0.67573896484375 0.43878681640625 0.6871677734375 0.43017607421875 0.676365234375
3 0.45075498046875 0.68778603515625 0.46197587890625 0.678350390625 0.4713060546875 0.68936015625 0.460091015625 0.69920625 0.45075498046875 0.68778603515625
3 0.4844349609375 0.72978916015625 0.4952552734375 0.71623662109375 0.50524599609375 0.7252283203125 0.49449951171875 0.73769921875 0.4844349609375 0.72978916015625
3 0.53138837890625 0.7694669921875 0.54457607421875 0.7564791015625 0.5531376953125 0.764167578125 0.54010634765625 0.77733359375 0.53138837890625 0.7694669921875
3 0.57523232421875 0.81817412109375 0.5874427734375 0.8038396484375 0.5977591796875 0.8122970703125 0.585044921875 0.8268400390625 0.57523232421875 0.81817412109375
3 0.65286298828125 0.88585947265625 0.6617310546875 0.87365166015625 0.67146572265625 0.880319140625 0.66258681640625 0.89279462890625 0.65286298828125 0.88585947265625
3 0.6441181640625 0.907197265625 0.658008984375 0.89457236328125 0.6675798828125 0.904665625 0.65305 0.91639033203125 0.6441181640625 0.907197265625
3 0.68396572265625 0.9062544921875 0.67410673828125 0.8953142578125 0.682611328125 0.88753408203125 0.6931525390625 0.89830693359375 0.68396572265625 0.9062544921875
3 0.6869650390625 0.9170931640625 0.69889306640625 0.90676357421875 0.70714619140625 0.91629384765625 0.69495751953125 0.926084765625 0.6869650390625 0.9170931640625
2 0.7033009765625 0.93307138671875 0.71331689453125 0.9228294921875 0.7221279296875 0.9310380859375 0.71188603515625 0.941129296875 0.7033009765625 0.93307138671875
3 0.6825935546875 0.93807734375 0.69574453125 0.9285271484375 0.70275556640625 0.93835625 0.6892337890625 0.9476779296875 0.6825935546875 0.93807734375
3 0.716865625 0.944955078125 0.73096318359375 0.9308376953125 0.74081923828125 0.94104111328125 0.72738212890625 0.95468515625 0.716865625 0.944955078125
3 0.72305419921875 0.957428125 0.71141123046875 0.96650498046875 0.7044001953125 0.95840166015625 0.71504267578125 0.94954248046875 0.72305419921875 0.957428125
3 0.71597783203125 0.98091591796875 0.7286591796875 0.96698212890625 0.7385224609375 0.976219140625 0.72521484375 0.99030947265625 0.71597783203125 0.98091591796875
2 0.738556640625 0.97118583984375 0.748633984375 0.95790888671875 0.75840546875 0.9660427734375 0.7483892578125 0.97891123046875 0.738556640625 0.97118583984375
3 0.7909912109375 0.9258908203125 0.81164775390625 0.8884029296875 0.8351095703125 0.9003888671875 0.8144529296875 0.9391517578125 0.7909912109375 0.9258908203125
2 0.20563056640625 0.39842021484375 0.2165880859375 0.3890666015625 0.22377607421875 0.39719990234375 0.2136177734375 0.40758486328125 0.20563056640625 0.39842021484375
3 0.156598828125 0.32610732421875 0.163985546875 0.33390439453125 0.154341796875 0.343548046875 0.14695517578125 0.33595625 0.156598828125 0.32610732421875
3 0.1723990234375 0.34085458984375 0.16433720703125 0.35156171875 0.154341796875 0.343548046875 0.163985546875 0.33390439453125 0.1723990234375 0.34085458984375
3 0.183987890625 0.3452634765625 0.188270703125 0.3494203125 0.1814685546875 0.356600390625 0.17756357421875 0.35269541015625 0.183987890625 0.3452634765625
3 0.195871484375 0.36569794921875 0.2043921875 0.37486171875 0.1945853515625 0.3835431640625 0.18638623046875 0.373736328125 0.195871484375 0.36569794921875
3 0.21083583984375 0.37716962890625 0.21713408203125 0.3854833984375 0.2091982421875 0.39165576171875 0.20315185546875 0.383216015625 0.21083583984375 0.37716962890625
3 0.22141689453125 0.36847802734375 0.22872294921875 0.36092001953125 0.23791845703125 0.3691078125 0.23010859375 0.37716962890625 0.22141689453125 0.36847802734375
3 0.2445427734375 0.38026708984375 0.23939814453125 0.3870193359375 0.22926982421875 0.3810708984375 0.2352181640625 0.37399716796875 0.2445427734375 0.38026708984375
2 0.56376123046875 0.84023623046875 0.5743423828125 0.83104072265625 0.58164833984375 0.83948046875 0.5711931640625 0.8486759765625 0.56376123046875 0.84023623046875
