2 0.04211865234375 0.00613076171875 0.0836794921875 0.0065001953125 0.08349482421875 0.028666015625 0.04285751953125 0.02755771484375 0.04211865234375 0.00613076171875
2 0.2608380859375 1.142578125e-05 0.2608380859375 0.01441220703125 0.2420017578125 0.01458994140625 0.2423568359375 1.123046875e-05 0.2608380859375 1.142578125e-05
2 0.27330078125 0.028115234375 0.2736326171875 0.0352033203125 0.2674130859375 0.03502568359375 0.26716796875 0.027939453125 0.27330078125 0.028115234375
2 0.273271484375 0.027626953125 0.2671484375 0.027451171875 0.26670224609375 0.0148564453125 0.2726552734375 0.01458994140625 0.273271484375 0.027626953125
2 0.62099296875 0.2481083984375 0.634942578125 0.24855263671875 0.63458720703125 0.2584150390625 0.6207263671875 0.25850390625 0.62099296875 0.2481083984375
2 0.6890669921875 0.40286689453125 0.65981005859375 0.37814599609375 0.658789453125 0.3629505859375 0.66298525390625 0.354558984375 0.67954150390625 0.33902333984375 0.71855068359375 0.3750841796875 0.712994140625 0.38188818359375 0.7320451171875 0.39662998046875 0.71832392578125 0.4108048828125 0.70006669921875 0.39334140625 0.6890669921875 0.40286689453125
2 0.82027705078125 0.35652568359375 0.849508984375 0.35545947265625 0.8527076171875 0.38398056640625 0.8216986328125 0.386823828125 0.82027705078125 0.35652568359375
2 0.22874423828125 0.53234404296875 0.2324384765625 0.4902291015625 0.25478896484375 0.495401171875 0.24795458984375 0.53456064453125 0.22874423828125 0.53234404296875
2 0.4568708984375 0.50010791015625 0.4548296875 0.47731474609375 0.47660224609375 0.47652099609375 0.48839580078125 0.4783353515625 0.4851072265625 0.50078828125 0.4568708984375 0.50010791015625
2 0.51489111328125 0.55388818359375 0.51391376953125 0.52607783203125 0.514269140625 0.502176953125 0.532661328125 0.50244345703125 0.53221708984375 0.5170150390625 0.55371904296875 0.5181701171875 0.553008203125 0.55504326171875 0.51489111328125 0.55388818359375
2 0.80340048828125 0.4305607421875 0.8106001953125 0.43035986328125 0.810533203125 0.438229296875 0.80346748046875 0.4380283203125 0.80323310546875 0.4363875 0.80340048828125 0.4305607421875
2 0.80676005859375 0.47200400390625 0.83092978515625 0.47258291015625 0.83035087890625 0.48285869140625 0.80791787109375 0.48329287109375 0.80676005859375 0.47200400390625
2 0.85611259765625 0.476201171875 0.85452060546875 0.4563732421875 0.88042705078125 0.45796533203125 0.88013759765625 0.476780078125 0.876374609375 0.4766353515625 0.876374609375 0.48474013671875 0.85915185546875 0.48430595703125 0.85886240234375 0.476780078125 0.85611259765625 0.476201171875
2 0.76874931640625 0.47165595703125 0.78611259765625 0.47054765625 0.79497890625 0.47257958984375 0.79664130859375 0.49585361328125 0.78463486328125 0.49733134765625 0.7835265625 0.5012103515625 0.76911875 0.5012103515625 0.76874931640625 0.47165595703125
2 0.75895947265625 0.5169111328125 0.75674287109375 0.5183888671875 0.7343923828125 0.5182041015625 0.73199111328125 0.51284736328125 0.72977451171875 0.480522265625 0.74843076171875 0.48033759765625 0.7585900390625 0.48310830078125 0.75895947265625 0.5169111328125
2 0.83544169921875 0.61685751953125 0.83486279296875 0.59543759765625 0.86004560546875 0.596740234375 0.85975615234375 0.62394921875 0.8392046875 0.6233703125 0.83573115234375 0.6206205078125 0.83544169921875 0.61685751953125
2 0.8808068359375 0.7074037109375 0.8808068359375 0.68135888671875 0.91257783203125 0.6817283203125 0.9120236328125 0.70500244140625 0.88339287109375 0.70721904296875 0.8808068359375 0.7074037109375
2 0.7415318359375 0.65254345703125 0.79103544921875 0.65161982421875 0.79085068359375 0.671384375 0.74134716796875 0.67212314453125 0.7415318359375 0.65254345703125
2 0.82279091796875 0.73324658203125 0.84828154296875 0.73269248046875 0.84902041015625 0.74617666015625 0.82389921875 0.74673076171875 0.82279091796875 0.73324658203125
2 0.70364990234375 0.77240615234375 0.700509765625 0.74691552734375 0.701802734375 0.72068603515625 0.73689853515625 0.72142490234375 0.73911513671875 0.7428517578125 0.72415322265625 0.74322119140625 0.72452265625 0.7725908203125 0.70364990234375 0.77240615234375
2 0.7302822265625 0.79790703125 0.7294826171875 0.77889296875 0.73641298828125 0.77800439453125 0.74378759765625 0.7789818359375 0.74414296875 0.7978181640625 0.7302822265625 0.79790703125
2 0.54455234375 0.75925869140625 0.54375859375 0.74360966796875 0.5541912109375 0.7433828125 0.5550984375 0.7348779296875 0.57766484375 0.7345376953125 0.57630400390625 0.7898763671875 0.556232421875 0.789649609375 0.5556654296875 0.75925869140625 0.54455234375 0.75925869140625
2 0.52266572265625 0.75653662109375 0.52222138671875 0.73805556640625 0.53652646484375 0.7377890625 0.536970703125 0.756803125 0.52266572265625 0.75653662109375
2 0.727471484375 0.92652763671875 0.7264509765625 0.89239462890625 0.738698046875 0.891147265625 0.7517388671875 0.89182763671875 0.75582119140625 0.9264142578125 0.73053330078125 0.92766162109375 0.727471484375 0.92652763671875
2 0.7640119140625 0.94033017578125 0.76345498046875 0.9217423828125 0.77911884765625 0.921881640625 0.78058076171875 0.94081748046875 0.7640119140625 0.94033017578125
2 0.80181396484375 0.9454818359375 0.8005609375 0.9328115234375 0.8105857421875 0.932672265625 0.811699609375 0.94450712890625 0.80334560546875 0.94527294921875 0.80181396484375 0.9454818359375
2 0.53861064453125 0.99901259765625 0.53859404296875 0.9988349609375 0.5287755859375 0.99872578125 0.5275755859375 0.98121630859375 0.54606689453125 0.98105263671875 0.54663564453125 0.99901259765625 0.53861064453125 0.99901259765625
2 -0.0 0.8602697265625 0.015846875 0.83812021484375 0.0341041015625 0.8538826171875 0.01357890625 0.877016015625 0.014712890625 0.879283984375 0.008702734375 0.88790234375 0.00609462890625 0.88654150390625 -0.0 0.8935888671875 -0.0 0.8602697265625
2 0.1659583984375 0.89505126953125 0.1659583984375 0.8836783203125 0.172622265625 0.88305634765625 0.173599609375 0.87026181640625 0.1823958984375 0.8699064453125 0.18372861328125 0.87577060546875 0.19314677734375 0.87657021484375 0.19225830078125 0.912466015625 0.17244453125 0.9125548828125 0.16969013671875 0.89602861328125 0.1659583984375 0.89505126953125
2 0.19435205078125 0.869154296875 0.20270615234375 0.869154296875 0.2026365234375 0.878065234375 0.1947001953125 0.87799560546875 0.19435205078125 0.869154296875
2 0.2688390625 0.59344365234375 0.269128515625 0.56797138671875 0.28287783203125 0.56941865234375 0.28143046875 0.5956146484375 0.269128515625 0.59474619140625 0.2688390625 0.59344365234375
2 0.35850166015625 0.633083984375 0.38560390625 0.63274375 0.3857173828125 0.64635166015625 0.358048046875 0.64623818359375 0.35850166015625 0.633083984375
2 0.321193359375 0.65156796875 0.31971923828125 0.6419291015625 0.3206263671875 0.63263037109375 0.34183193359375 0.6325169921875 0.34137841796875 0.651227734375 0.321193359375 0.65156796875
2 0.357459375 0.69952216796875 0.37071591796875 0.69919306640625 0.36667880859375 0.75435859375 0.3571533203125 0.7537916015625 0.357459375 0.69952216796875
2 0.3229068359375 0.7041228515625 0.33016435546875 0.70344248046875 0.330277734375 0.7152359375 0.3229068359375 0.7150091796875 0.3229068359375 0.7041228515625
2 0.30764384765625 0.66191552734375 0.3497599609375 0.66148134765625 0.34947041015625 0.693176953125 0.30793330078125 0.691440234375 0.30764384765625 0.66191552734375
2 0.2615412109375 0.69775224609375 0.26198544921875 0.6887783203125 0.26838271484375 0.68726787109375 0.278689453125 0.68717900390625 0.27788984375 0.69810771484375 0.2615412109375 0.69775224609375
2 -0.0 0.9580576171875 0.00938974609375 0.9646380859375 -0.0 0.977452734375 -0.0 0.9580576171875
