0 -0.0 0.34178955078125 0.01022646484375 0.34866484375 0.004078125 0.3595677734375 -0.0 0.3564017578125 -0.0 0.34178955078125
0 0.04585263671875 0.37049541015625 0.04718828125 0.34339931640625 0.08993154296875 0.3451166015625 0.0937478515625 0.3493146484375 0.0929845703125 0.37259443359375 0.04585263671875 0.37049541015625
0 -0.0 0.3822599609375 0.012064453125 0.39233447265625 0.0034943359375 0.4008861328125 -0.0 0.3977232421875 -0.0 0.3822599609375
0 0.0034943359375 0.4008861328125 0.012064453125 0.39233447265625 0.014332421875 0.3921701171875 0.0227466796875 0.39936181640625 0.02269111328125 0.401348828125 0.01354130859375 0.41029326171875 0.011671484375 0.41007744140625 0.00253798828125 0.40180703125 0.0034943359375 0.4008861328125
0 -0.0 0.4114904296875 0.0048115234375 0.40573330078125 0.01364794921875 0.4131060546875 0.01314453125 0.416032421875 0.00898544921875 0.42031513671875 -0.0 0.41288955078125 -0.0 0.4114904296875
0 -0.0 0.4143076171875 0.00238662109375 0.41618193359375 0.00074658203125 0.41887626953125 0.00871240234375 0.42473359375 0.01070390625 0.42239072265625 0.01913837890625 0.42895087890625 0.0166783203125 0.43211376953125 0.02464423828125 0.43773671875 0.0253470703125 0.44031396484375 0.01866982421875 0.44734267578125 -0.0 0.43316806640625 -0.0 0.4143076171875
0 0.02114169921875 0.4453564453125 0.02570595703125 0.4493572265625 0.02159248046875 0.4535833984375 0.0173099609375 0.44941357421875 0.02114169921875 0.4453564453125
0 0.02570595703125 0.4493572265625 0.0311224609375 0.44312265625 0.05035625 0.45768623046875 0.05053984375 0.46080693359375 0.04411484375 0.46860888671875 0.02364638671875 0.45156318359375 0.02570595703125 0.4493572265625
4 0.03522568359375 0.4339302734375 0.037816796875 0.4290072265625 0.048094921875 0.43254833984375 0.0456765625 0.43773056640625 0.03522568359375 0.4339302734375
0 0.05440244140625 0.4584720703125 0.0753466796875 0.47324326171875 0.07578759765625 0.47577861328125 0.0709373046875 0.482392578125 0.04856005859375 0.46618837890625 0.05440244140625 0.4584720703125
0 -0.0 0.06646865234375 0.017516015625 0.0422283203125 0.0329580078125 0.0524630859375 0.03511044921875 0.05549287109375 0.03148291015625 0.06050234375 0.03554228515625 0.06352529296875 0.0254369140625 0.07743095703125 0.0220685546875 0.074926171875 0.01559072265625 0.0840814453125 -0.0 0.0727669921875 -0.0 0.06646865234375
4 0.23443818359375 0.045824609375 0.2416205078125 0.05103173828125 0.24233876953125 0.05516162109375 0.23443818359375 0.06593505859375 0.22528076171875 0.05911181640625 0.23443818359375 0.045824609375
0 0.20359345703125 0.1016490234375 0.19677021484375 0.09608271484375 0.2071845703125 0.082436328125 0.210237109375 0.08477060546875 0.22298564453125 0.06878994140625 0.24794423828125 0.08800263671875 0.24812373046875 0.091055078125 0.2348365234375 0.1075744140625 0.22514033203125 0.09985341796875 0.215623828125 0.11152470703125 0.20359345703125 0.1016490234375
4 0.16633544921875 0.13593408203125 0.1704154296875 0.1308693359375 0.1764650390625 0.12889970703125 0.1951765625 0.1395919921875 0.19573935546875 0.14324990234375 0.18926767578125 0.15506767578125 0.16577275390625 0.1421244140625 0.16633544921875 0.13593408203125
0 0.210862109375 0.382229296875 0.21109130859375 0.377416796875 0.24019541015625 0.37718759765625 0.24019541015625 0.382229296875 0.2509662109375 0.38245849609375 0.256237109375 0.387729296875 0.25600791015625 0.41041669921875 0.25600791015625 0.4127083984375 0.1996330078125 0.4127083984375 0.19665380859375 0.40881259765625 0.19642470703125 0.382229296875 0.210862109375 0.382229296875
0 0.19797724609375 0.414571484375 0.2342478515625 0.41421240234375 0.23460703125 0.4273201171875 0.198336328125 0.42767919921875 0.19797724609375 0.414571484375
0 0.1711373046875 0.46101142578125 0.17493583984375 0.45130390625 0.21868994140625 0.45116318359375 0.221222265625 0.45665009765625 0.221081640625 0.47634638671875 0.17971923828125 0.47676845703125 0.174091796875 0.4735326171875 0.1711373046875 0.46101142578125
0 0.2812439453125 0.41568515625 0.28954462890625 0.41568515625 0.2908107421875 0.41681064453125 0.2908107421875 0.42679951171875 0.2811033203125 0.4266587890625 0.2812439453125 0.41568515625
4 0.18528203125 0.50590205078125 0.19112431640625 0.50171318359375 0.19751787109375 0.510201171875 0.197187109375 0.51196484375 0.19222666015625 0.51538212890625 0.18528203125 0.50590205078125
0 0.37995380859375 0.3658560546875 0.40814130859375 0.36333525390625 0.41112041015625 0.36562685546875 0.41157880859375 0.37387685546875 0.38064130859375 0.37662685546875 0.37995380859375 0.3658560546875
4 0.37516181640625 0.51447216796875 0.3756201171875 0.4975138671875 0.4024326171875 0.4975138671875 0.40220341796875 0.5147013671875 0.37516181640625 0.51447216796875
0 0.60444619140625 0.38624853515625 0.566175390625 0.38556103515625 0.56594619140625 0.37479013671875 0.56869619140625 0.36424853515625 0.57671708984375 0.3640193359375 0.57671708984375 0.3612693359375 0.592300390625 0.3612693359375 0.592300390625 0.3640193359375 0.60719619140625 0.364477734375 0.60673779296875 0.38624853515625 0.60444619140625 0.38624853515625
0 0.69 0.36353212890625 0.73713056640625 0.3636728515625 0.73980361328125 0.3663458984375 0.7399443359375 0.3767568359375 0.6902814453125 0.3767568359375 0.69 0.36353212890625
0 0.7579357421875 0.3731478515625 0.75815625 0.36302529296875 0.768848828125 0.36324580078125 0.76895908203125 0.36003017578125 0.7828484375 0.36036083984375 0.78270771484375 0.36328779296875 0.7926287109375 0.36367939453125 0.7926591796875 0.37391953125 0.7579357421875 0.3731478515625
0 0.7988498046875 0.22071337890625 0.80351826171875 0.20868291015625 0.83350439453125 0.209401171875 0.83673642578125 0.21335146484375 0.83673642578125 0.23418017578125 0.83440224609375 0.23687353515625 0.80387734375 0.23579619140625 0.7988498046875 0.22071337890625
0 0.7403111328125 0.236882421875 0.74284345703125 0.2294259765625 0.7690115234375 0.22900390625 0.77266943359375 0.23181767578125 0.77309150390625 0.2485595703125 0.7673232421875 0.24884091796875 0.76704189453125 0.252358203125 0.75269169921875 0.25263955078125 0.75241025390625 0.2481375 0.74059248046875 0.24785615234375 0.7403111328125 0.236882421875
0 0.6716552734375 0.2371638671875 0.67404697265625 0.22534599609375 0.702466015625 0.22534599609375 0.7028880859375 0.246939453125 0.7006892578125 0.2512486328125 0.67489111328125 0.250790234375 0.6716552734375 0.2371638671875
0 0.606252734375 0.23581904296875 0.60966435546875 0.22414775390625 0.64234384765625 0.22612294921875 0.644139453125 0.22935498046875 0.64294931640625 0.24888916015625 0.60912568359375 0.2473107421875 0.606252734375 0.23581904296875
0 0.55573740234375 0.21750107421875 0.56586689453125 0.21679765625 0.56572626953125 0.21145146484375 0.57712197265625 0.2111701171875 0.57712197265625 0.21679765625 0.58837705078125 0.21679765625 0.591612890625 0.2198927734375 0.59189423828125 0.23621259765625 0.55545595703125 0.23677529296875 0.55573740234375 0.21750107421875
0 0.48795224609375 0.2183349609375 0.49169150390625 0.20662412109375 0.52025048828125 0.20698095703125 0.5231166015625 0.20896513671875 0.5225654296875 0.23101171875 0.48982626953125 0.229909375 0.48795224609375 0.2183349609375
0 0.39574765625 0.22058798828125 0.39626591796875 0.20391845703125 0.42848203125 0.20426396484375 0.430727734375 0.2056458984375 0.43098681640625 0.22101982421875 0.41898134765625 0.22067431640625 0.41898134765625 0.22153798828125 0.4040392578125 0.2216244140625 0.4040392578125 0.2208470703125 0.39574765625 0.22058798828125
0 0.38211689453125 0.20430673828125 0.394726953125 0.204825 0.39412236328125 0.21838515625 0.3815986328125 0.2179533203125 0.38211689453125 0.20430673828125
0 0.3672185546875 0.1964908203125 0.37775576171875 0.19631806640625 0.3784466796875 0.19735458984375 0.378878515625 0.21860166015625 0.36747763671875 0.21860166015625 0.3672185546875 0.1964908203125
0 0.36718037109375 0.19073759765625 0.3654166015625 0.18511572265625 0.367841796875 0.18114736328125 0.379085546875 0.1813677734375 0.38206181640625 0.18346220703125 0.3821720703125 0.1905171875 0.36718037109375 0.19073759765625
