1 0.1953828125 0.0560607421875 0.2130673828125 0.04850458984375 0.21772958984375 0.05959755859375 0.200205859375 0.067314453125 0.1953828125 0.0560607421875
4 0.20399150390625 0.07999365234375 0.2130716796875 0.0824611328125 0.21139375 0.089369921875 0.20191884765625 0.08680380859375 0.20399150390625 0.07999365234375
3 0.124426953125 0.78271640625 0.13321103515625 0.7824203125 0.13350712890625 0.7919939453125 0.12452568359375 0.79238876953125 0.124426953125 0.78271640625
2 0.09481767578125 0.77136611328125 0.10754970703125 0.77097138671875 0.1083392578125 0.795941796875 0.09511376953125 0.79604052734375 0.09481767578125 0.77136611328125
2 0.27557333984375 0.370731640625 0.29144501953125 0.37501455078125 0.286532421875 0.3902564453125 0.269526953125 0.38433603515625 0.27557333984375 0.370731640625
3 0.25214365234375 0.384587890625 0.26196904296875 0.38143876953125 0.2648662109375 0.38899677734375 0.25516689453125 0.39290166015625 0.25214365234375 0.384587890625
2 0.30893876953125 0.28815224609375 0.3172525390625 0.27971259765625 0.32695185546875 0.2892859375 0.3196458984375 0.29734775390625 0.30893876953125 0.28815224609375
3 0.3371634765625 0.016105078125 0.34824853515625 0.019254296875 0.3466109375 0.02656025390625 0.34346181640625 0.0310951171875 0.33225087890625 0.02756806640625 0.33451826171875 0.024041015625 0.3371634765625 0.016105078125
1 0.9413015625 0.87560888671875 0.9545279296875 0.87573486328125 0.95402412109375 0.8912287109375 0.9413015625 0.8912287109375 0.9413015625 0.87560888671875
2 0.03865615234375 0.52839580078125 0.05148798828125 0.5213251953125 0.06248671875 0.54096572265625 0.04939296875 0.54856005859375 0.03865615234375 0.52839580078125
