3 0.03969296875 0.29473798828125 0.04774521484375 0.30371259765625 0.0306771484375 0.31463046875 0.02285361328125 0.30356298828125 0.03969296875 0.29473798828125
1 0.01770751953125 0.239281640625 0.0307193359375 0.2532583984375 0.01691376953125 0.26565517578125 0.00165859375 0.24994189453125 0.01770751953125 0.239281640625
2 0.085341796875 0.43063388671875 0.07632158203125 0.44094267578125 0.06675234375 0.4495240234375 0.03478515625 0.4129296875 0.04923828125 0.398837890625 0.085341796875 0.43063388671875
2 0.0420046875 0.4255076171875 0.06532470703125 0.449777734375 0.04563232421875 0.4647197265625 0.02723544921875 0.4375130859375 0.0420046875 0.4255076171875
0 0.02428388671875 0.43803212890625 0.03293544921875 0.4483677734375 0.0156732421875 0.4600046875 0.0077490234375 0.4494962890625 0.02428388671875 0.43803212890625
0 0.01965341796875 0.45850087890625 0.02777421875 0.46811044921875 0.01423955078125 0.47988564453125 0.0071337890625 0.46919326171875 0.01965341796875 0.45850087890625
2 0.01446552734375 0.480673046875 0.01817939453125 0.48043349609375 0.03173955078125 0.49839853515625 0.030390625 0.5030509765625 0.02223173828125 0.5101546875 0.00211455078125 0.48766904296875 0.01014697265625 0.48015478515625 0.01446552734375 0.480673046875
0 7.98828125e-05 0.5571833984375 0.00153583984375 0.55620087890625 0.0086181640625 0.56501064453125 7.98828125e-05 0.57185625 7.98828125e-05 0.5571833984375
0 0.0242279296875 0.58123271484375 0.02679609375 0.58483759765625 0.032528125 0.57921572265625 0.0490630859375 0.59685302734375 0.03370859375 0.6095984375 0.030764453125 0.6071046875 0.02337880859375 0.614380078125 0.00739501953125 0.5961916015625 0.0242279296875 0.58123271484375
0 7.98828125e-05 0.6500708984375 0.0108673828125 0.66069921875 0.00314638671875 0.67344775390625 7.98828125e-05 0.67185966796875 7.98828125e-05 0.6500708984375
0 0.142118359375 0.7521869140625 0.1295328125 0.76560927734375 0.11570693359375 0.77422802734375 0.10044453125 0.756272265625 0.10690859375 0.7532197265625 0.10403564453125 0.7483716796875 0.12176123046875 0.73106162109375 0.142118359375 0.7521869140625
0 0.02709580078125 0.6732701171875 0.04110126953125 0.68637783203125 0.0269162109375 0.70630869140625 0.012012890625 0.6924828125 0.02709580078125 0.6732701171875
0 0.1651900390625 0.78863720703125 0.17201328125 0.7965376953125 0.1641126953125 0.80300185546875 0.15728955078125 0.794203515625 0.1651900390625 0.78863720703125
0 0.164075 0.82621826171875 0.1908291015625 0.85297236328125 0.170000390625 0.87110771484375 0.145041796875 0.83950556640625 0.164075 0.82621826171875
0 0.07564970703125 0.57886416015625 0.10629921875 0.61436552734375 0.087669921875 0.63012880859375 0.0576416015625 0.5930736328125 0.07564970703125 0.57886416015625
0 0.0472388671875 0.5448994140625 0.0727181640625 0.57400615234375 0.0552712890625 0.58903466796875 0.03100126953125 0.5594095703125 0.0472388671875 0.5448994140625
1 0.0679677734375 0.5458494140625 0.07980048828125 0.56191435546875 0.07168173828125 0.56744208984375 0.0599353515625 0.551808984375 0.0679677734375 0.5458494140625
1 0.07914892578125 0.563217578125 0.0878111328125 0.57201513671875 0.08821708984375 0.57648154296875 0.08165283203125 0.5830458984375 0.07156943359375 0.56815771484375 0.07914892578125 0.563217578125
0 0.0919783203125 0.57592431640625 0.0950236328125 0.57775146484375 0.10605439453125 0.5918275390625 0.09576796875 0.59954228515625 0.092993359375 0.59798583984375 0.083519140625 0.58465419921875 0.084940234375 0.58113515625 0.0919783203125 0.57592431640625
0 0.1801998046875 0.7000224609375 0.18357626953125 0.701288671875 0.1906107421875 0.7093078125 0.1820287109375 0.71437265625 0.173728125 0.70550927734375 0.1801998046875 0.7000224609375
0 0.24386533203125 0.64187392578125 0.25302275390625 0.654981640625 0.23935546875 0.666650390625 0.2214529296875 0.645351171875 0.2333984375 0.63310546875 0.24386533203125 0.64187392578125
4 0.2758265625 0.64779931640625 0.27869951171875 0.65013359375 0.28498408203125 0.65372470703125 0.28713876953125 0.659291015625 0.27492880859375 0.66593466796875 0.26631005859375 0.6524677734375 0.2758265625 0.64779931640625
2 0.066079296875 0.513631640625 0.07241025390625 0.51869638671875 0.067767578125 0.524042578125 0.06101455078125 0.51743017578125 0.066079296875 0.513631640625
1 0.08014814453125 0.51996259765625 0.09449833984375 0.53290595703125 0.085072265625 0.54247275390625 0.0717068359375 0.52685634765625 0.08014814453125 0.51996259765625
1 0.09953134765625 0.51444501953125 0.11551513671875 0.53329482421875 0.1058146484375 0.54167255859375 0.0901615234375 0.52083857421875 0.09953134765625 0.51444501953125
1 0.0974369140625 0.53527900390625 0.10746806640625 0.5455306640625 0.09677548828125 0.55368798828125 0.0883978515625 0.5417828125 0.0974369140625 0.53527900390625
3 0.223479296875 0.55898359375 0.23608349609375 0.57617109375 0.22233349609375 0.58373359375 0.21041689453125 0.56540029296875 0.223479296875 0.55898359375
3 0.22907998046875 3.02734375e-06 0.2338494140625 0.0040826171875 0.22457900390625 0.01316953125 0.22069169921875 0.0154017578125 0.2150103515625 0.0068796875 0.224425390625 2.9296875e-06 0.22907998046875 3.02734375e-06
3 0.20723134765625 0.01206806640625 0.21411533203125 0.01895205078125 0.2030091796875 0.03015 0.19502373046875 0.02253173828125 0.20723134765625 0.01206806640625
1 0.178865234375 0.078350390625 0.18589228515625 0.08657353515625 0.1897794921875 0.08298525390625 0.208468359375 0.10212265625 0.187686328125 0.1224560546875 0.16212001953125 0.093151953125 0.178865234375 0.078350390625
3 0.17701357421875 0.13228671875 0.1949548828125 0.15022802734375 0.1807513671875 0.16188984375 0.16430517578125 0.14230390625 0.17701357421875 0.13228671875
3 0.11221962890625 0.18513310546875 0.0992 0.193928125 0.0939671875 0.18256533203125 0.1045703125 0.17583984375 0.11221962890625 0.18513310546875
3 0.1235703125 0.17748193359375 0.11249140625 0.18489423828125 0.104911328125 0.17567998046875 0.11564619140625 0.1688103515625 0.1235703125 0.17748193359375
3 0.11673271484375 0.18457119140625 0.1247181640625 0.19274013671875 0.11076650390625 0.202928515625 0.1032400390625 0.19457587890625 0.11673271484375 0.18457119140625
1 0.12168916015625 0.19788017578125 0.13334609375 0.2110056640625 0.12132197265625 0.21935830078125 0.1104912109375 0.20641640625 0.12168916015625 0.19788017578125
2 0.094175 0.366326171875 0.11134853515625 0.38292734375 0.09970869140625 0.3943763671875 0.08196259765625 0.377966015625 0.094175 0.366326171875
3 0.13169736328125 0.3777171875 0.12141328125 0.38490888671875 0.118662109375 0.380810546875 0.11255859375 0.36984375 0.12211337890625 0.36468701171875 0.13169736328125 0.3777171875
3 0.117705078125 0.37950517578125 0.11144619140625 0.38256923828125 0.10702978515625 0.37282685546875 0.11218828125 0.3700435546875 0.117705078125 0.37950517578125
3 0.323158203125 0.1945462890625 0.314435546875 0.20115859375 0.30416015625 0.18798828125 0.311201171875 0.18232421875 0.323158203125 0.1945462890625
3 0.2871419921875 0.15585693359375 0.3104962890625 0.1816029296875 0.310859375 0.18197265625 0.3038671875 0.187607421875 0.30346181640625 0.18708974609375 0.278310546875 0.161513671875 0.286083984375 0.154794921875 0.2871419921875 0.15585693359375
3 0.285732421875 0.154453125 0.27796875 0.161171875 0.26478515625 0.14798828125 0.273447265625 0.142158203125 0.285732421875 0.154453125
3 0.273095703125 0.141806640625 0.26443359375 0.147626953125 0.251953125 0.135146484375 0.26025390625 0.12896484375 0.273095703125 0.141806640625
3 0.259912109375 0.128623046875 0.251611328125 0.134794921875 0.23951171875 0.1226953125 0.24408212890625 0.11945703125 0.24751953125 0.11623046875 0.259912109375 0.128623046875
3 0.247177734375 0.11587890625 0.24377265625 0.1190779296875 0.23916015625 0.12234375 0.227607421875 0.11078125 0.2357908203125 0.10323955078125 0.247177734375 0.11587890625
3 0.2332583984375 0.099581640625 0.2333888671875 0.10086845703125 0.22665126953125 0.10897119140625 0.2139396484375 0.09711513671875 0.22195888671875 0.090362109375 0.2332583984375 0.099581640625
1 0.23456376953125 0.17185703125 0.247671484375 0.184246484375 0.23564111328125 0.19466083984375 0.22450849609375 0.17957802734375 0.23456376953125 0.17185703125
1 0.51884052734375 0.0525697265625 0.52943447265625 0.06406142578125 0.5033986328125 0.08650615234375 0.49298427734375 0.07303935546875 0.51884052734375 0.0525697265625
3 0.30185751953125 0.243626953125 0.312810546875 0.25170712890625 0.30670556640625 0.25817119140625 0.2973685546875 0.24919326171875 0.30185751953125 0.243626953125
3 0.288847265625 0.2732111328125 0.294233984375 0.2777 0.286692578125 0.28416416015625 0.28148544921875 0.2802138671875 0.288847265625 0.2732111328125
2 0.6606046875 0.06378134765625 0.68375048828125 0.0848646484375 0.65350048828125 0.11351044921875 0.63195888671875 0.08876044921875 0.6606046875 0.06378134765625
3 0.735634765625 3.22265625e-06 0.73914892578125 0.0036857421875 0.71903046875 0.0219751953125 0.70271064453125 0.00227890625 0.708112890625 3.41796875e-06 0.735634765625 3.22265625e-06
2 0.708466796875 0.070390625 0.7332015625 0.0982666015625 0.7238435546875 0.1050234375 0.71244267578125 0.0940544921875 0.6958244140625 0.07630341796875 0.7059375 0.06783203125 0.708466796875 0.070390625
3 0.7055859375 0.067490234375 0.6944140625 0.07607421875 0.69119560546875 0.0750529296875 0.68273125 0.06244287109375 0.69416015625 0.05595703125 0.7055859375 0.067490234375
0 0.72932939453125 0.07186435546875 0.73901953125 0.08537119140625 0.728916015625 0.093017578125 0.7090625 0.070400390625 0.720537109375 0.063076171875 0.72932939453125 0.07186435546875
0 0.73427998046875 0.067641796875 0.72937900390625 0.07122333984375 0.72095703125 0.062802734375 0.72231845703125 0.06193369140625 0.717509765625 0.0567578125 0.720732421875 0.053779296875 0.7223828125 0.0531640625 0.73427998046875 0.067641796875
0 0.7174609375 0.04724609375 0.71798828125 0.050732421875 0.71435546875 0.053232421875 0.71017578125 0.048515625 0.71464140625 0.04474814453125 0.7174609375 0.04724609375
0 0.7251953125 0.04814453125 0.72455478515625 0.05183720703125 0.7203251953125 0.0534154296875 0.71851455078125 0.0509380859375 0.717998046875 0.04751953125 0.72201171875 0.04435546875 0.7251953125 0.04814453125
0 0.712769140625 0.02112275390625 0.72738662109375 0.038244140625 0.722314453125 0.043505859375 0.717883984375 0.0469861328125 0.7142578125 0.043310546875 0.700462109375 0.02864248046875 0.6988541015625 0.02669599609375 0.70891181640625 0.01767138671875 0.712769140625 0.02112275390625
1 0.70021728515625 0.02892177734375 0.7140982421875 0.0435484375 0.71386826171875 0.044851171875 0.709853515625 0.048154296875 0.692060546875 0.02806640625 0.69691083984375 0.025107421875 0.70021728515625 0.02892177734375
1 0.691376953125 0.028037109375 0.71656748046875 0.0564646484375 0.72156220703125 0.0618373046875 0.7087720703125 0.0700044921875 0.693115234375 0.054208984375 0.67728994140625 0.036963671875 0.68998642578125 0.0278947265625 0.691376953125 0.028037109375
0 0.7298859375 0.05316328125 0.73982001953125 0.06264638671875 0.73435302734375 0.06700703125 0.72494892578125 0.05574853515625 0.72829755859375 0.05319990234375 0.7298859375 0.05316328125
0 0.74853330078125 0.05129169921875 0.738837890625 0.06134765625 0.73312822265625 0.05581376953125 0.74322919921875 0.04621748046875 0.74853330078125 0.05129169921875
0 0.743115234375 0.045908203125 0.732841796875 0.055546875 0.7300869140625 0.0528734375 0.728349609375 0.052841796875 0.72610498046875 0.0486037109375 0.73678818359375 0.039624609375 0.743115234375 0.045908203125
0 0.747263671875 0.05885009765625 0.7505158203125 0.061506640625 0.7464564453125 0.06608427734375 0.7427767578125 0.06263076171875 0.747263671875 0.05885009765625
0 0.75623056640625 0.05901796875 0.7616576171875 0.063838671875 0.75267509765625 0.0730802734375 0.74628369140625 0.0674662109375 0.75623056640625 0.05901796875
0 0.7944564453125 0.03294423828125 0.80579404296875 0.04571513671875 0.8056755859375 0.04964609375 0.7804158203125 0.0693802734375 0.76871044921875 0.0548916015625 0.7944564453125 0.03294423828125
0 0.78999814453125 0.063718359375 0.8030568359375 0.07899765625 0.78847431640625 0.090298046875 0.77655078125 0.0727658203125 0.78999814453125 0.063718359375
0 0.81352763671875 0.07221474609375 0.82075419921875 0.08029833984375 0.82393486328125 0.07792978515625 0.83185263671875 0.08740400390625 0.82853662109375 0.08943427734375 0.83362109375 0.09464111328125 0.82623544921875 0.10136533203125 0.82733779296875 0.10334951171875 0.80892578125 0.11816494140625 0.79051865234375 0.0976599609375 0.791669140625 0.09041884765625 0.81352763671875 0.07221474609375
3 0.79780009765625 0.0091267578125 0.80294326171875 0.01514970703125 0.79901826171875 0.018939453125 0.7939427734375 0.012307421875 0.79780009765625 0.0091267578125
3 0.80585322265625 0.01393154296875 0.8128236328125 0.02015751953125 0.80463515625 0.02557138671875 0.79942431640625 0.0195484375 0.80585322265625 0.01393154296875
3 0.82551435546875 0.037001953125 0.8197189453125 0.04096298828125 0.81609140625 0.03543525390625 0.82126298828125 0.03192060546875 0.82551435546875 0.037001953125
3 0.8308607421875 0.03344873046875 0.825859375 0.036826171875 0.82154296875 0.031669921875 0.825851171875 0.0286984375 0.8308607421875 0.03344873046875
0 0.8745927734375 0.05149931640625 0.88263974609375 0.059766796875 0.86103408203125 0.077734765625 0.855301953125 0.06946728515625 0.8745927734375 0.05149931640625
2 0.941126953125 0.0361318359375 0.9518193359375 0.0534365234375 0.94520693359375 0.0592046875 0.93789111328125 0.06370673828125 0.9276208984375 0.04513583984375 0.941126953125 0.0361318359375
0 0.92652939453125 0.1074828125 0.94103193359375 0.12183583984375 0.9269779296875 0.13334814453125 0.9146046875 0.11865361328125 0.92652939453125 0.1074828125
3 0.99908076171875 0.16417001953125 0.99270712890625 0.16865986328125 0.98224140625 0.1540078125 0.991660546875 0.14757890625 0.99908076171875 0.15918525390625 0.99908076171875 0.16417001953125
3 0.96199140625 0.10762744140625 0.97077734375 0.11453896484375 0.96292861328125 0.12273916015625 0.95472841796875 0.114421875 0.96199140625 0.10762744140625
0 0.8975078125 0.1574548828125 0.86423837890625 0.185218359375 0.852138671875 0.171259765625 0.885576171875 0.143310546875 0.8975078125 0.1574548828125
0 0.885263671875 0.142939453125 0.85181640625 0.170888671875 0.84209794921875 0.1596806640625 0.84959521484375 0.15335478515625 0.8475125 0.14840224609375 0.8713791015625 0.126483984375 0.885263671875 0.142939453125
0 0.88510615234375 0.17772705078125 0.90215029296875 0.1959673828125 0.88854482421875 0.2089748046875 0.87060361328125 0.1887908203125 0.88510615234375 0.17772705078125
0 0.999080859375 0.35516689453125 0.99746923828125 0.3567623046875 0.97624443359375 0.33187421875 0.99908076171875 0.31576279296875 0.999080859375 0.35516689453125
2 0.679365234375 0.2902919921875 0.6868408203125 0.29627236328125 0.6754779296875 0.30763525390625 0.66860048828125 0.30045869140625 0.679365234375 0.2902919921875
0 0.6309580078125 0.273167578125 0.63833818359375 0.28195341796875 0.625920703125 0.2912080078125 0.6179548828125 0.2811333984375 0.6309580078125 0.273167578125
0 0.6307671875 0.41899716796875 0.6452693359375 0.43712490234375 0.6309580078125 0.44838310546875 0.617219140625 0.43407177734375 0.6307671875 0.41899716796875
3 0.638012109375 0.44760673828125 0.6469154296875 0.4543072265625 0.6398478515625 0.46220087890625 0.63149521484375 0.45274677734375 0.638012109375 0.44760673828125
0 0.5477314453125 0.44469765625 0.54058564453125 0.44985205078125 0.54749716796875 0.45781796875 0.54538857421875 0.46215234375 0.538594140625 0.46203515625 0.53728515625 0.463193359375 0.527796875 0.450544921875 0.521474609375 0.454375 0.51539931640625 0.445869140625 0.53566552734375 0.43134306640625 0.5477314453125 0.44469765625
3 0.580124609375 0.5380521484375 0.5852646484375 0.54897470703125 0.5742501953125 0.5520037109375 0.57002802734375 0.54025498046875 0.580124609375 0.5380521484375
2 0.369723046875 0.530750390625 0.38174453125 0.5456341796875 0.36228115234375 0.56204453125 0.34968720703125 0.54468017578125 0.369723046875 0.530750390625
2 0.068598828125 0.40158115234375 0.08157919921875 0.41310458984375 0.07411767578125 0.4203453125 0.06069580078125 0.40846875 0.068598828125 0.40158115234375
3 0.086029296875 0.43183505859375 0.10658203125 0.452630859375 0.09339638671875 0.4633935546875 0.07538896484375 0.44265205078125 0.086029296875 0.43183505859375
2 0.1684400390625 0.45013583984375 0.17907919921875 0.461879296875 0.16412041015625 0.4724001953125 0.1532583984375 0.45966376953125 0.1684400390625 0.45013583984375
2 0.191096484375 0.42894453125 0.1994138671875 0.43913623046875 0.18371630859375 0.45108505859375 0.17481328125 0.44077626953125 0.191096484375 0.42894453125
1 0.25476767578125 0.44560126953125 0.26513955078125 0.45734990234375 0.2470576171875 0.4690986328125 0.23870498046875 0.45560595703125 0.25476767578125 0.44560126953125
0 0.25599794921875 0.4662689453125 0.2616826171875 0.488321875 0.2527083984375 0.4891357421875 0.2462685546875 0.472143359375 0.25599794921875 0.4662689453125
0 0.26587412109375 0.420041015625 0.2805599609375 0.441151953125 0.27587880859375 0.44684267578125 0.264864453125 0.455103515625 0.25146357421875 0.4321568359375 0.2581640625 0.4290361328125 0.2558693359375 0.423987890625 0.26587412109375 0.420041015625
0 0.22101845703125 0.4005267578125 0.24075263671875 0.42641064453125 0.22992177734375 0.43476318359375 0.2096369140625 0.40713544921875 0.22101845703125 0.4005267578125
0 0.2307625 0.3809189453125 0.23672861328125 0.3881701171875 0.22837607421875 0.3944115234375 0.2221345703125 0.38734404296875 0.2307625 0.3809189453125
3 0.44404501953125 0.39059423828125 0.46303115234375 0.4099400390625 0.4516681640625 0.4200083984375 0.4322505859375 0.39908046875 0.44404501953125 0.39059423828125
3 0.44188154296875 0.40997705078125 0.4507283203125 0.4196126953125 0.443515625 0.42552939453125 0.43421806640625 0.41595009765625 0.44188154296875 0.40997705078125
2 0.4348765625 0.36844384765625 0.4470841796875 0.38267080078125 0.4364369140625 0.38817802734375 0.4235142578125 0.3752576171875 0.42408955078125 0.37051103515625 0.4284765625 0.368209765625 0.4348765625 0.36844384765625
2 0.41719345703125 0.3545517578125 0.4239552734375 0.36148271484375 0.41240380859375 0.37100576171875 0.4058109375 0.362666015625 0.41719345703125 0.3545517578125
3 0.4065234375 0.34345703125 0.39734970703125 0.34915888671875 0.37305361328125 0.3243099609375 0.38175556640625 0.317333984375 0.384601953125 0.31590654296875 0.4065234375 0.34345703125
1 0.40556640625 0.321962890625 0.4055482421875 0.32197412109375 0.405830078125 0.322294921875 0.40617138671875 0.322729296875 0.40619140625 0.32271484375 0.42259267578125 0.341463671875 0.41238046875 0.3490869140625 0.407236328125 0.343671875 0.3816640625 0.31157138671875 0.378251953125 0.31416015625 0.3772248046875 0.313234765625 0.365947265625 0.300712890625 0.3655255859375 0.29714306640625 0.368683984375 0.29423076171875 0.36949580078125 0.2913298828125 0.3691015625 0.2908203125 0.371955078125 0.28922060546875 0.37346904296875 0.290528125 0.3779296875 0.286904296875 0.40556640625 0.321962890625
0 0.46050419921875 0.30317138671875 0.46050419921875 0.30812783203125 0.4439826171875 0.32079443359375 0.426962890625 0.301337890625 0.435185546875 0.293818359375 0.4457265625 0.2861908203125 0.46050419921875 0.30317138671875
0 0.43154296875 0.289912109375 0.435185546875 0.293818359375 0.426962890625 0.301337890625 0.425048828125 0.299150390625 0.42310546875 0.29373046875 0.429599609375 0.289892578125 0.43154296875 0.289912109375
0 0.421909765625 0.29355263671875 0.424453125 0.298955078125 0.41560546875 0.30564453125 0.40638994140625 0.2959662109375 0.40413408203125 0.29249267578125 0.406201171875 0.290283203125 0.415383984375 0.28495595703125 0.421909765625 0.29355263671875
0 0.43050166015625 0.27589638671875 0.436923828125 0.28513671875 0.4369150390625 0.28514013671875 0.43697265625 0.285205078125 0.4370615234375 0.28533271484375 0.4370703125 0.285322265625 0.43746572265625 0.2857826171875 0.43212890625 0.28943359375 0.43056318359375 0.28878583984375 0.42745 0.2843703125 0.4229984375 0.28647890625 0.41960126953125 0.2826130859375 0.42288134765625 0.2798015625 0.41984267578125 0.27483544921875 0.4274609375 0.27125576171875 0.43050166015625 0.27589638671875
0 0.44251396484375 0.2788068359375 0.437255859375 0.284755859375 0.430791015625 0.275703125 0.4363642578125 0.27274892578125 0.44251396484375 0.2788068359375
0 0.39135732421875 0.27292548828125 0.391435546875 0.272861328125 0.398138671875 0.28272763671875 0.40345703125 0.279912109375 0.4059375 0.28486328125 0.402828515625 0.286894140625 0.40560546875 0.290205078125 0.403518359375 0.29243603515625 0.4059765625 0.2962890625 0.39728515625 0.30310546875 0.37609375 0.2758203125 0.37669287109375 0.2754462890625 0.387236328125 0.2681640625 0.39135732421875 0.27292548828125
0 0.404051171875 0.27056884765625 0.40556142578125 0.26992158203125 0.40994833984375 0.27243876953125 0.41015625 0.275810546875 0.398296875 0.28209140625 0.391826171875 0.272568359375 0.39893642578125 0.26712470703125 0.4010546875 0.266591796875 0.404051171875 0.27056884765625
0 0.40015673828125 0.2598205078125 0.4034677734375 0.26402587890625 0.4014453125 0.26599609375 0.39872001953125 0.26667548828125 0.39142568359375 0.272258203125 0.387275390625 0.267548828125 0.38603798828125 0.26602900390625 0.38638876953125 0.265603125 0.39345634765625 0.26101376953125 0.39345634765625 0.25908623046875 0.39758671875 0.2564244140625 0.40015673828125 0.2598205078125
0 0.41537978515625 0.306116015625 0.4195544921875 0.3110490234375 0.409580078125 0.318935546875 0.401181640625 0.308115234375 0.410419921875 0.300908203125 0.41537978515625 0.306116015625
0 0.410419921875 0.300908203125 0.401181640625 0.308115234375 0.397587890625 0.303486328125 0.40634208984375 0.29662412109375 0.410419921875 0.300908203125
3 0.37208984375 0.27759765625 0.3778185546875 0.28636923828125 0.37347880859375 0.28989130859375 0.37201513671875 0.28862724609375 0.368798828125 0.2904296875 0.359345703125 0.2793359375 0.36734619140625 0.27251728515625 0.37208984375 0.27759765625
3 0.36851728515625 0.2908583984375 0.36895966796875 0.29143369140625 0.368251171875 0.29396572265625 0.365141796875 0.29695283203125 0.36552080078125 0.30021484375 0.3631935546875 0.30016689453125 0.3504826171875 0.28599169921875 0.35887861328125 0.27973701171875 0.358974609375 0.2796484375 0.36851728515625 0.2908583984375
0 0.46551611328125 0.27358720703125 0.4705044921875 0.27990810546875 0.47458310546875 0.27704208984375 0.4800947265625 0.283435546875 0.4761263671875 0.28641181640625 0.48836220703125 0.2999705078125 0.4873701171875 0.305923046875 0.4811970703125 0.305923046875 0.47348076171875 0.31253701171875 0.4503318359375 0.2848685546875 0.46551611328125 0.27358720703125
2 0.4997990234375 0.265708203125 0.48291640625 0.27625986328125 0.47434287109375 0.26236875 0.48127861328125 0.25676162109375 0.489892578125 0.252294921875 0.4997990234375 0.265708203125
2 0.489892578125 0.252294921875 0.48127861328125 0.25676162109375 0.47434287109375 0.26236875 0.4702544921875 0.25600078125 0.4858708984375 0.2468560546875 0.489892578125 0.252294921875
1 0.45719453125 0.22432900390625 0.46444970703125 0.230633984375 0.46850908203125 0.226574609375 0.4798236328125 0.239357421875 0.46963193359375 0.2470443359375 0.45287607421875 0.22752470703125 0.45719453125 0.22432900390625
1 0.52383662109375 0.23407451171875 0.51273818359375 0.243548828125 0.50583544921875 0.2353603515625 0.504912109375 0.235537109375 0.495517578125 0.223544921875 0.50564453125 0.2156640625 0.50732431640625 0.21519365234375 0.52383662109375 0.23407451171875
1 0.504765625 0.21572265625 0.49521484375 0.223154296875 0.4815625 0.205732421875 0.49169169921875 0.1996287109375 0.504765625 0.21572265625
1 0.504365234375 0.235634765625 0.50224873046875 0.23603701171875 0.49392490234375 0.24138330078125 0.47402890625 0.21241904296875 0.48113466796875 0.2059900390625 0.481142578125 0.205986328125 0.504365234375 0.235634765625
0 0.53533203125 0.20068359375 0.5413189453125 0.20699404296875 0.53292744140625 0.2147087890625 0.525686328125 0.21409970703125 0.51979873046875 0.20746767578125 0.522021484375 0.204892578125 0.531748046875 0.196337890625 0.53533203125 0.20068359375
0 0.531435546875 0.19595703125 0.522197265625 0.2042578125 0.513818359375 0.193330078125 0.5188859375 0.19254697265625 0.523896484375 0.186806640625 0.531435546875 0.19595703125
0 0.51271484375 0.171845703125 0.51260927734375 0.17192294921875 0.520927734375 0.18302734375 0.52083291015625 0.183098046875 0.52357421875 0.18642578125 0.51863525390625 0.1920916015625 0.5137001953125 0.19285361328125 0.51346103515625 0.188136328125 0.502909765625 0.1761873046875 0.5110224609375 0.1702486328125 0.51271484375 0.171845703125
0 0.542875390625 0.19312099609375 0.5419279296875 0.1950158203125 0.54010078125 0.1994822265625 0.535439453125 0.20029296875 0.521328125 0.1829296875 0.529111328125 0.177216796875 0.542875390625 0.19312099609375
1 0.5287890625 0.176845703125 0.52112333984375 0.182471875 0.513212890625 0.1719140625 0.51977138671875 0.166430859375 0.5287890625 0.176845703125
0 0.52947421875 0.1576466796875 0.53935458984375 0.15175908203125 0.54666328125 0.160894921875 0.52757939453125 0.17327919921875 0.5220978515625 0.16299287109375 0.52947421875 0.1576466796875
3 0.60087197265625 0.138041796875 0.6043994140625 0.14575810546875 0.599108203125 0.14994697265625 0.59139189453125 0.1500572265625 0.588415625 0.14145908203125 0.60087197265625 0.138041796875
3 0.5982263671875 0.1697888671875 0.605446484375 0.16803154296875 0.61244638671875 0.17882802734375 0.5982263671875 0.188528515625 0.58929755859375 0.17441865234375 0.5982263671875 0.1697888671875
0 0.61925029296875 0.18760771484375 0.63056474609375 0.2009087890625 0.62970107421875 0.20600458984375 0.62089130859375 0.2110140625 0.61605458984375 0.21127314453125 0.6062947265625 0.19633115234375 0.61925029296875 0.18760771484375
3 0.59321484375 0.251901953125 0.59743544921875 0.248525390625 0.609816015625 0.26160947265625 0.59560654296875 0.2731458984375 0.58575830078125 0.25963974609375 0.59321484375 0.251901953125
3 0.66787822265625 0.25155859375 0.67350009765625 0.25133818359375 0.680665234375 0.2557474609375 0.675043359375 0.2590544921875 0.6664451171875 0.2680935546875 0.65839814453125 0.26092841796875 0.66787822265625 0.25155859375
3 0.27175205078125 0.22713271484375 0.27926669921875 0.21961806640625 0.28851552734375 0.22828876953125 0.27926669921875 0.235803515625 0.27175205078125 0.22713271484375
4 7.978515625e-05 0.8143904296875 0.0133630859375 0.82483779296875 7.978515625e-05 0.8384853515625 7.978515625e-05 0.8143904296875
0 0.569609375 0.1715830078125 0.582384765625 0.19145595703125 0.5625119140625 0.2028119140625 0.55080107421875 0.18187431640625 0.569609375 0.1715830078125
2 0.1385984375 0.47004013671875 0.1518263671875 0.4616625 0.169463671875 0.4828271484375 0.15755849609375 0.49186630859375 0.1385984375 0.47004013671875
3 0.44838046875 0.27899091796875 0.442330859375 0.27111240234375 0.4497873046875 0.26717314453125 0.45513349609375 0.2751923828125 0.44838046875 0.27899091796875
3 0.9107552734375 0.12019765625 0.90899580078125 0.1153251953125 0.91373291015625 0.11167080078125 0.91677822265625 0.11525751953125 0.9107552734375 0.12019765625
