0 0.13767568359375 0.32853603515625 0.135767578125 0.3067828125 0.13977470703125 0.3035388671875 0.14855234375 0.3027755859375 0.1521779296875 0.32662783203125 0.13767568359375 0.32853603515625
0 0.19492109375 0.292853125 0.1817546875 0.3027755859375 0.18270869140625 0.30449296875 0.17316787109375 0.31155322265625 0.17125966796875 0.308691015625 0.1664892578125 0.31250732421875 0.1601921875 0.3043021484375 0.163626953125 0.30143994140625 0.15332275390625 0.287128515625 0.16839736328125 0.2764427734375 0.17412197265625 0.28426630859375 0.18270869140625 0.2779693359375 0.19492109375 0.292853125
0 0.2056068359375 0.217194140625 0.239 0.19181533203125 0.25560107421875 0.2128052734375 0.2225896484375 0.23761162109375 0.2056068359375 0.217194140625
0 0.1653443359375 0.2482974609375 0.20064560546875 0.22310947265625 0.21533857421875 0.2425728515625 0.18805166015625 0.26566181640625 0.179846484375 0.25478525390625 0.17393115234375 0.2586015625 0.1653443359375 0.2482974609375
0 0.24330283203125 0.15308505859375 0.26085810546875 0.1429716796875 0.28928994140625 0.1839974609375 0.27116220703125 0.19563740234375 0.24330283203125 0.15308505859375
0 0.34462705078125 0.113394921875 0.36351806640625 0.13419404296875 0.33508623046875 0.1601453125 0.32325546875 0.14926865234375 0.31714931640625 0.13686552734375 0.328216796875 0.1263705078125 0.33126982421875 0.11892861328125 0.34462705078125 0.113394921875
0 0.4431685546875 1.09375e-05 0.45479296875 0.00822626953125 0.42960498046875 0.03818466796875 0.41338544921875 0.02406416015625 0.4336029296875 1.09375e-05 0.4431685546875 1.09375e-05
0 0.15818271484375 0.42793271484375 0.1737318359375 0.42344736328125 0.17597451171875 0.4303248046875 0.18180546875 0.42853076171875 0.184795703125 0.4380994140625 0.1782171875 0.4398935546875 0.17986181640625 0.4463224609375 0.16356513671875 0.45035927734375 0.1610234375 0.44213623046875 0.15848173828125 0.442584765625 0.156388671875 0.43555771484375 0.1583322265625 0.43376357421875 0.15818271484375 0.42793271484375
0 0.17528603515625 0.46724375 0.18709736328125 0.46305751953125 0.19008759765625 0.47157958984375 0.1779771484375 0.4753173828125 0.17528603515625 0.46724375
0 0.9996130859375 0.710866796875 0.9225208984375 0.7238302734375 0.91882568359375 0.7128171875 0.91972353515625 0.70083564453125 0.9996130859375 0.688546484375 0.9996130859375 0.710866796875
0 0.2046681640625 0.4899791015625 0.1957529296875 0.47307109375 0.20989423828125 0.468459765625 0.218809375 0.48506044921875 0.2046681640625 0.4899791015625
0 0.178103125 0.05807802734375 0.185808203125 0.06804931640625 0.17629013671875 0.07507451171875 0.1697181640625 0.0653298828125 0.178103125 0.05807802734375
