1 0.99902783203125 0.897247265625 0.9880978515625 0.890792578125 0.99902783203125 0.8780751953125 0.99902783203125 0.897247265625
3 0.9504103515625 0.82266904296875 0.957882421875 0.8292740234375 0.94803359375 0.839300390625 0.94097333984375 0.83237421875 0.9504103515625 0.82266904296875
1 0.86916220703125 0.81178818359375 0.88127890625 0.82129267578125 0.8731451171875 0.83017998046875 0.861355859375 0.82122666015625 0.86916220703125 0.81178818359375
2 0.79305927734375 0.96255283203125 0.7938068359375 0.948498828125 0.81144912109375 0.94924638671875 0.8107015625 0.96434697265625 0.7935078125 0.9635994140625 0.79305927734375 0.96255283203125
1 0.6851365234375 0.9136333984375 0.68588408203125 0.90017744140625 0.6999380859375 0.90107451171875 0.699041015625 0.91527802734375 0.6851365234375 0.91453046875 0.6851365234375 0.9136333984375
1 0.55041259765625 0.95821943359375 0.55400087890625 0.9447634765625 0.56641025390625 0.948052734375 0.56312099609375 0.96180771484375 0.5508611328125 0.95866796875 0.55041259765625 0.95821943359375
3 0.4039373046875 0.89940087890625 0.42217763671875 0.89431748046875 0.42531728515625 0.90493271484375 0.40707705078125 0.9098666015625 0.40438583984375 0.90044736328125 0.4039373046875 0.89940087890625
3 0.6353873046875 0.72090615234375 0.63792890625 0.70640361328125 0.650487890625 0.70828251953125 0.64794619140625 0.72299931640625 0.63643388671875 0.7213546875 0.6353873046875 0.72090615234375
1 0.547868359375 0.73408466796875 0.56401552734375 0.7372244140625 0.56042724609375 0.75277353515625 0.54413056640625 0.7499328125 0.547868359375 0.73408466796875
3 0.7916021484375 0.6514623046875 0.80416103515625 0.651761328125 0.80386201171875 0.66551630859375 0.791303125 0.66551630859375 0.7916021484375 0.65340595703125 0.7916021484375 0.6514623046875
1 0.93417744140625 0.7018654296875 0.95049443359375 0.69382861328125 0.9578005859375 0.7067361328125 0.94148359375 0.715503515625 0.9353951171875 0.70430078125 0.93417744140625 0.7018654296875
1 0.19549638671875 0.52870703125 0.21248251953125 0.51874970703125 0.21845693359375 0.52858994140625 0.21189677734375 0.532104296875 0.21400537109375 0.53573583984375 0.2076794921875 0.53936728515625 0.2055708984375 0.5359701171875 0.2002994140625 0.538664453125 0.195144921875 0.52976142578125 0.19549638671875 0.52870703125
1 0.2730244140625 0.4852685546875 0.28438720703125 0.47734453125 0.2918626953125 0.4876607421875 0.27990185546875 0.49588388671875 0.27287490234375 0.48661416015625 0.2730244140625 0.4852685546875
3 0.30051376953125 0.49589697265625 0.30602099609375 0.50188056640625 0.2998712890625 0.506469921875 0.2945685546875 0.50063623046875 0.30051376953125 0.49589697265625
1 0.07081240234375 0.7234333984375 0.0862685546875 0.72209775390625 0.08722265625 0.73125693359375 0.071384765625 0.73278349609375 0.07081240234375 0.72515078125 0.07081240234375 0.7234333984375
3 0.23105009765625 0.87758095703125 0.257780859375 0.877891796875 0.25747001953125 0.8970029296875 0.230597265625 0.89595498046875 0.2313609375 0.879756640625 0.23105009765625 0.87758095703125
3 0.06246337890625 0.82969423828125 0.07658388671875 0.83026669921875 0.07620224609375 0.838090234375 0.06150927734375 0.8375177734375 0.06170009765625 0.83064833984375 0.06246337890625 0.82969423828125
2 0.40076953125 0.43359404296875 0.41775234375 0.4334033203125 0.418133984375 0.4450431640625 0.40076953125 0.4450431640625 0.4009603515625 0.43492978515625 0.40076953125 0.43359404296875
1 0.24174169921875 0.33042333984375 0.24412158203125 0.34368994140625 0.2246771484375 0.3477361328125 0.222241796875 0.33434150390625 0.24174169921875 0.33042333984375
3 0.31955224609375 0.319437109375 0.31955224609375 0.3058890625 0.33271865234375 0.3060798828125 0.33252783203125 0.320200390625 0.32012470703125 0.3203912109375 0.31955224609375 0.319437109375
1 0.2857548828125 0.25224345703125 0.2930712890625 0.24330966796875 0.30286337890625 0.24991455078125 0.2953611328125 0.25914755859375 0.28658349609375 0.25285048828125 0.2857548828125 0.25224345703125
3 0.74812099609375 0.061103515625 0.755562890625 0.0443115234375 0.7681568359375 0.04927275390625 0.76109658203125 0.06625556640625 0.749456640625 0.0616759765625 0.74812099609375 0.061103515625
3 0.73477373046875 0.08296474609375 0.74359482421875 0.07504072265625 0.74987431640625 0.08146962890625 0.74045517578125 0.08954326171875 0.7349232421875 0.0837123046875 0.73477373046875 0.08296474609375
3 0.75562060546875 0.08655595703125 0.76047705078125 0.08175205078125 0.765626171875 0.08657236328125 0.76066787109375 0.09129287109375 0.75627900390625 0.0872857421875 0.75562060546875 0.08655595703125
3 0.2086802734375 0.34076259765625 0.2170529296875 0.33911796875 0.21899658203125 0.3479390625 0.21032490234375 0.34928466796875 0.20882978515625 0.342108203125 0.2086802734375 0.34076259765625
2 0.91138369140625 0.388488671875 0.9298953125 0.3825830078125 0.93424677734375 0.396880859375 0.9165298828125 0.4027865234375 0.91217841796875 0.390664453125 0.91138369140625 0.388488671875
3 0.18186982421875 0.54512939453125 0.18821064453125 0.5406001953125 0.19545732421875 0.54965859375 0.18911650390625 0.55373486328125 0.18186982421875 0.54512939453125
