1 0.00479833984375 0.99900078125 0.0020162109375 0.99349619140625 0.02363701171875 0.97716044921875 0.03108408203125 0.9862892578125 0.015356640625 0.99900087890625 0.00479833984375 0.99900078125
1 0.19902294921875 0.91335146484375 0.15979296875 0.934588671875 0.15448369140625 0.92456005859375 0.17896552734375 0.9111392578125 0.17749072265625 0.90863212890625 0.18456982421875 0.90479755859375 0.188404296875 0.910991796875 0.1941560546875 0.90745224609375 0.19902294921875 0.91335146484375
1 0.1233814453125 0.9431630859375 0.13375595703125 0.95639970703125 0.12455791015625 0.9634515625 0.1144400390625 0.95026767578125 0.1233814453125 0.9431630859375
4 0.2466240234375 0.95923740234375 0.256713671875 0.96980751953125 0.2480654296875 0.97629375 0.23797568359375 0.9657236328125 0.2466240234375 0.95923740234375
1 0.37876416015625 0.8405146484375 0.38909404296875 0.853967578125 0.3679537109375 0.86982275390625 0.358104296875 0.85709052734375 0.37876416015625 0.8405146484375
1 0.3815025390625 0.75951025390625 0.374072265625 0.766279296875 0.366064453125 0.758046875 0.37433681640625 0.75059091796875 0.3815025390625 0.75951025390625
0 0.6590810546875 0.95989599609375 0.66661015625 0.96817802734375 0.66265732421875 0.97081318359375 0.66397490234375 0.97646005859375 0.65813994140625 0.9815421875 0.654375390625 0.97646005859375 0.65117548828125 0.97646005859375 0.64778740234375 0.97024853515625 0.6590810546875 0.95989599609375
0 0.66943779296875 0.95120830078125 0.68487236328125 0.967583984375 0.67941376953125 0.973230859375 0.67075537109375 0.9698427734375 0.6641673828125 0.9630666015625 0.663602734375 0.9574197265625 0.66943779296875 0.95120830078125
0 0.65303876953125 0.93966748046875 0.6622619140625 0.94794951171875 0.6539798828125 0.95604326171875 0.64569794921875 0.94700830078125 0.65303876953125 0.93966748046875
0 0.68544365234375 0.9394451171875 0.68958466796875 0.94697421875 0.679796875 0.95224462890625 0.67471474609375 0.94791533203125 0.675636328125 0.94544892578125 0.68544365234375 0.9394451171875
0 0.67483681640625 0.9127037109375 0.67897783203125 0.9085724609375 0.68293056640625 0.9074333984375 0.68575400390625 0.91100966796875 0.69234189453125 0.90573935546875 0.7043884765625 0.91985634765625 0.69027138671875 0.93133818359375 0.67483681640625 0.9127037109375
1 0.7590177734375 0.87106826171875 0.775880859375 0.894983203125 0.7593244140625 0.906940625 0.742461328125 0.8824125 0.7590177734375 0.87106826171875
1 0.6959736328125 0.889005078125 0.703420703125 0.88059697265625 0.71110810546875 0.88251884765625 0.71375068359375 0.88083720703125 0.72672314453125 0.89140732421875 0.71182880859375 0.90654189453125 0.705823046875 0.90197744140625 0.7055828125 0.8969326171875 0.6959736328125 0.889005078125
3 0.7907494140625 0.78073134765625 0.80708515625 0.80139111328125 0.80420234375 0.80331298828125 0.803962109375 0.80619580078125 0.80011845703125 0.81076015625 0.79795634765625 0.810519921875 0.781140234375 0.78986005859375 0.7907494140625 0.78073134765625
1 0.81285068359375 0.808117578125 0.8164541015625 0.81268193359375 0.82294033203125 0.809558984375 0.839496484375 0.82927763671875 0.83471162109375 0.833341796875 0.8411978515625 0.84199013671875 0.83639326171875 0.8470349609375 0.829666796875 0.84006826171875 0.82534267578125 0.84319130859375 0.80228046875 0.81820732421875 0.81285068359375 0.808117578125
0 0.966480078125 0.893571484375 0.96402724609375 0.89847705078125 0.95942822265625 0.90001005859375 0.93773623046875 0.880684375 0.94498046875 0.87263671875 0.966480078125 0.893571484375
0 0.93920693359375 0.8784302734375 0.932356640625 0.885869140625 0.93115400390625 0.88638330078125 0.91684873046875 0.87151328125 0.917978125 0.86850166015625 0.92357734375 0.86341796875 0.93920693359375 0.8784302734375
1 0.88040751953125 0.89215927734375 0.89508916015625 0.90853505859375 0.8881248046875 0.914934765625 0.88228974609375 0.909664453125 0.88116044921875 0.909664453125 0.8764546875 0.90514697265625 0.8773958984375 0.90439404296875 0.87419599609375 0.8995001953125 0.88040751953125 0.89215927734375
3 0.8863904296875 0.87370869140625 0.8922896484375 0.879312890625 0.895091796875 0.8775431640625 0.90290830078125 0.88624453125 0.8965666015625 0.89111142578125 0.89346953125 0.8863919921875 0.8880126953125 0.89022646484375 0.87990126953125 0.8804927734375 0.8863904296875 0.87370869140625
1 0.99908046875 0.9656029296875 0.99744296875 0.96725517578125 0.99057392578125 0.96080234375 0.9969576171875 0.953565234375 0.99908046875 0.9557298828125 0.99908046875 0.9656029296875
1 0.99908056640625 0.95403251953125 0.99094033203125 0.94592109375 0.9972169921875 0.93818349609375 0.99908056640625 0.939915234375 0.99908056640625 0.95403251953125
0 0.8394265625 0.73843798828125 0.8264388671875 0.74784931640625 0.820234375 0.74017578125 0.8259765625 0.7357595703125 0.82183076171875 0.7294189453125 0.822421875 0.727431640625 0.82813291015625 0.7231916015625 0.8394265625 0.73843798828125
0 0.821982421875 0.727177734375 0.82129833984375 0.72949697265625 0.821337890625 0.72955078125 0.81556640625 0.7344140625 0.80968671875 0.7271443359375 0.8170275390625 0.7216857421875 0.821982421875 0.727177734375
1 0.95682626953125 0.67077001953125 0.96449130859375 0.6643314453125 0.9739958984375 0.6732228515625 0.98104775390625 0.66954365234375 0.98626005859375 0.67383603515625 0.97215634765625 0.687019921875 0.95682626953125 0.67077001953125
0 0.31462138671875 0.58094814453125 0.3215529296875 0.59009189453125 0.31063935546875 0.598055859375 0.30444521484375 0.59186171875 0.30444521484375 0.5878796875 0.31462138671875 0.58094814453125
0 0.4624505859375 0.60876396484375 0.45763818359375 0.605080859375 0.4565087890625 0.59962236328125 0.4728845703125 0.5855052734375 0.4786380859375 0.59605576171875 0.4624505859375 0.60876396484375
0 0.456162109375 0.54841298828125 0.46235625 0.55534453125 0.4546873046875 0.56198115234375 0.44849306640625 0.55460712890625 0.456162109375 0.54841298828125
0 0.435244140625 0.542060546875 0.43515771484375 0.54212919921875 0.43628701171875 0.5434193359375 0.4282859375 0.55059658203125 0.42132158203125 0.54306748046875 0.429873046875 0.5359375 0.435244140625 0.542060546875
0 0.44419921875 0.534375 0.435615234375 0.54173828125 0.430244140625 0.535625 0.4391015625 0.528251953125 0.44419921875 0.534375
0 0.4534171875 0.52646279296875 0.4445703125 0.534052734375 0.43947265625 0.527939453125 0.44842626953125 0.5204802734375 0.4534171875 0.52646279296875
0 0.457327734375 0.5267451171875 0.46145712890625 0.5310220703125 0.45983486328125 0.53382412109375 0.45496796875 0.5355939453125 0.4518708984375 0.53205439453125 0.45393564453125 0.52925224609375 0.457327734375 0.5267451171875
1 0.63024814453125 0.35753427734375 0.63721484375 0.3669033203125 0.6213595703125 0.38083671875 0.61367216796875 0.37194814453125 0.63024814453125 0.35753427734375
1 0.6449021484375 0.3436009765625 0.65114814453125 0.351048046875 0.64153896484375 0.35945615234375 0.64057802734375 0.3565734375 0.636734375 0.352489453125 0.6449021484375 0.3436009765625
1 0.3471466796875 0.01919921875 0.35378330078125 0.02642578125 0.34493447265625 0.03365234375 0.3385927734375 0.02642578125 0.3471466796875 0.01919921875
1 0.444013671875 0.017861328125 0.4390310546875 0.02244326171875 0.4303296875 0.0146267578125 0.4304771484375 0.01064482421875 0.43404296875 0.007080078125 0.444013671875 0.017861328125
1 0.45186181640625 0.01064482421875 0.444375 0.017529296875 0.433076171875 0.005302734375 0.43091953125 0.002680859375 0.43341279296875 3.90625e-06 0.44183681640625 3.90625e-06 0.45186181640625 0.01064482421875
0 0.57736328125 0.358046875 0.56406611328125 0.36910966796875 0.538403125 0.3416482421875 0.552724609375 0.328876953125 0.57736328125 0.358046875
1 0.5941130859375 0.3441009765625 0.577734375 0.357734375 0.5530859375 0.3285546875 0.5693447265625 0.31405400390625 0.5941130859375 0.3441009765625
0 0.23113310546875 3.02734375e-06 0.20899326171875 0.01810595703125 0.1945263671875 2.734375e-06 0.23113310546875 3.02734375e-06
1 0.17121875 0.1190138671875 0.1774216796875 0.121203125 0.18325966796875 0.12959521484375 0.1825298828125 0.130325 0.18982744140625 0.13981171875 0.175962109375 0.1511228515625 0.15625888671875 0.1274060546875 0.1642861328125 0.12010849609375 0.166475390625 0.12229775390625 0.17121875 0.1190138671875
