1 0.27374287109375 0.25940751953125 0.2894380859375 0.26801455078125 0.31829697265625 0.28269716796875 0.29298212890625 0.33889609375 0.24083359375 0.3120623046875 0.27374287109375 0.25940751953125
1 0.35779482421875 0.43284521484375 0.39233740234375 0.44916357421875 0.38803271484375 0.4606455078125 0.38259375 0.47243173828125 0.34676474609375 0.45382197265625 0.35144345703125 0.4426927734375 0.35779482421875 0.43284521484375
1 0.5734703125 0.48774716796875 0.5959802734375 0.45368037109375 0.65165859375 0.47956298828125 0.63053125 0.52732177734375 0.608836328125 0.51751162109375 0.6175181640625 0.4907849609375 0.6068859375 0.48724091796875 0.59517490234375 0.5101853515625 0.57802705078125 0.5039486328125 0.57498056640625 0.4972287109375 0.5734703125 0.48774716796875
1 0.05607939453125 0.39977822265625 0.0866169921875 0.41415634765625 0.0749392578125 0.43876552734375 0.0453818359375 0.4215787109375 0.05032998046875 0.40838349609375 0.05607939453125 0.39977822265625
0 0.2548728515625 0.41774755859375 0.30126826171875 0.4415607421875 0.27217529296875 0.49745146484375 0.24234375 0.48234375 0.25806181640625 0.44552841796875 0.22580078125 0.4344921875 0.23836240234375 0.41250693359375 0.2548728515625 0.41774755859375
0 0.39917958984375 0.5411607421875 0.4461876953125 0.563427734375 0.43876533203125 0.57992177734375 0.38928310546875 0.5551806640625 0.3983548828125 0.54033603515625 0.39917958984375 0.5411607421875
2 0.99844482421875 0.6420087890625 0.99177998046875 0.65686083984375 0.91513291015625 0.6551744140625 0.9384505859375 0.60625302734375 0.94797900390625 0.61339931640625 0.94988466796875 0.607205859375 0.9594130859375 0.6110171875 0.957507421875 0.6157814453125 0.96513017578125 0.62054560546875 0.96941787109375 0.612446484375 0.97608779296875 0.61911640625 0.973229296875 0.62435703125 0.99844482421875 0.637719140625 0.99844482421875 0.6420087890625
1 0.42218603515625 0.5106908203125 0.42266240234375 0.5092615234375 0.44362490234375 0.47257724609375 0.45744111328125 0.48162919921875 0.44886552734375 0.49830390625 0.45267685546875 0.5068794921875 0.44695986328125 0.52164853515625 0.42218603515625 0.5106908203125
1 0.422739453125 0.4617548828125 0.4266046875 0.45073369140625 0.43713076171875 0.4546470703125 0.44438271484375 0.45944208984375 0.43404873046875 0.48269150390625 0.4178466796875 0.474547265625 0.422739453125 0.4617548828125
1 0.3421646484375 0.59113857421875 0.34919921875 0.59353173828125 0.35562744140625 0.59803095703125 0.34720634765625 0.61611767578125 0.332998046875 0.60924267578125 0.3421646484375 0.59113857421875
0 0.386837890625 0.4969212890625 0.39000087890625 0.49844423828125 0.3929294921875 0.50160712890625 0.389063671875 0.50969013671875 0.38133203125 0.50629296875 0.386837890625 0.4969212890625
0 0.16262490234375 0.48036728515625 0.17281328125 0.4583384765625 0.1844701171875 0.46375390625 0.18685654296875 0.4587056640625 0.225131640625 0.4760533203125 0.207325 0.5072607421875 0.158769921875 0.48890341796875 0.16262490234375 0.48036728515625
0 0.26352890625 0.5346802734375 0.2737171875 0.5136611328125 0.3250259765625 0.532752734375 0.312818359375 0.55826943359375 0.26077529296875 0.5416560546875 0.26352890625 0.5346802734375
2 0.94962373046875 0.475334765625 0.93590078125 0.469453515625 0.94031171875 0.457691015625 0.95403466796875 0.46308212890625 0.94962373046875 0.475334765625
