1 0.52091181640625 0.99900400390625 0.535326171875 0.98947919921875 0.541234765625 0.99900400390625 0.52091181640625 0.99900400390625
0 0.3246388671875 0.99900361328125 0.323519921875 0.99420712890625 0.3502306640625 0.9771802734375 0.36731494140625 0.99900380859375 0.3246388671875 0.99900361328125
0 0.34634228515625 0.9693314453125 0.3602 0.96193779296875 0.37975771484375 0.98802939453125 0.36659130859375 0.99682587890625 0.34634228515625 0.9693314453125
0 0.18249052734375 0.93354326171875 0.19725478515625 0.92188037109375 0.20770146484375 0.93280302734375 0.19315107421875 0.9441326171875 0.18249052734375 0.93354326171875
0 0.1904091796875 0.9169263671875 0.1699037109375 0.929548046875 0.15755986328125 0.91310625 0.178962890625 0.8998787109375 0.1904091796875 0.9169263671875
0 0.15072666015625 0.922555859375 0.15800458984375 0.9334869140625 0.138793359375 0.9437837890625 0.13142490234375 0.93386923828125 0.15072666015625 0.922555859375
0 0.11470458984375 0.83666494140625 0.12367529296875 0.829189453125 0.13608466796875 0.84742978515625 0.1272634765625 0.85505478515625 0.11470458984375 0.83666494140625
1 0.90663310546875 0.75937763671875 0.9124640625 0.753845703125 0.9251724609375 0.767451171875 0.91605234375 0.774627734375 0.90588564453125 0.76042421875 0.90663310546875 0.75937763671875
1 0.93200087890625 0.74294501953125 0.9396259765625 0.7386091796875 0.94381220703125 0.7451876953125 0.9354396484375 0.75086904296875 0.93200087890625 0.74294501953125
1 8.6328125e-05 0.82008125 0.00401982421875 0.81737158203125 0.01341875 0.83334501953125 8.6328125e-05 0.84259736328125 8.6328125e-05 0.82008125
1 0.00340537109375 0.7581046875 0.0124185546875 0.7519197265625 0.0373708984375 0.7857732421875 0.02738125 0.7916107421875 0.00226044921875 0.759249609375 0.00340537109375 0.7581046875
1 0.02153310546875 0.74460146484375 0.024013671875 0.7478453125 0.03069228515625 0.74231162109375 0.05250107421875 0.770137890625 0.03958193359375 0.78011591796875 0.014383203125 0.7508759765625 0.02153310546875 0.74460146484375
0 0.0528931640625 0.745702734375 0.06679833984375 0.73628134765625 0.079583203125 0.75574482421875 0.065892578125 0.76416376953125 0.0528931640625 0.745702734375
1 8.642578125e-05 0.289476953125 0.0213048828125 0.3154296875 8.642578125e-05 0.32509794921875 8.642578125e-05 0.289476953125
1 0.03329052734375 0.290854296875 0.01113623046875 0.2654458984375 0.014592578125 0.26228857421875 0.01045048828125 0.2573814453125 0.01860341796875 0.25066181640625 0.0221390625 0.25444384765625 0.02782880859375 0.24989677734375 0.0518298828125 0.27620224609375 0.03329052734375 0.290854296875
0 8.6328125e-05 0.1658134765625 0.0031830078125 0.16376201171875 0.0124375 0.17781953125 8.6328125e-05 0.1873587890625 8.6328125e-05 0.1658134765625
1 0.00880595703125 0.17043935546875 0.01852900390625 0.16329345703125 0.01700615234375 0.161301953125 0.0239177734375 0.15626474609375 0.03293798828125 0.1662220703125 0.03071220703125 0.16903359375 0.03727236328125 0.1772337890625 0.02251201171875 0.18883115234375 0.00880595703125 0.17043935546875
1 0.000438671875 0.08379658203125 0.00770166015625 0.07732431640625 0.0098541015625 0.0800037109375 0.01458408203125 0.07742734375 0.03124794921875 0.1033306640625 0.02055810546875 0.11063701171875 0.000438671875 0.08379658203125
1 0.027982421875 0.10849970703125 0.03266826171875 0.10521962890625 0.03805703125 0.1124826171875 0.03348828125 0.11623125 0.027982421875 0.10849970703125
1 0.0243509765625 0.0708958984375 0.02399951171875 0.06960732421875 0.0319654296875 0.06597578125 0.03348828125 0.06902158203125 0.04485146484375 0.06375009765625 0.05832314453125 0.09362216796875 0.03981416015625 0.1031146484375 0.0243509765625 0.0708958984375
1 0.11151396484375 0.12545625 0.09468291015625 0.1049927734375 0.10660703125 0.09606376953125 0.12219287109375 0.11725263671875 0.11151396484375 0.12545625
1 0.23520185546875 3.125e-06 0.24994892578125 0.01466630859375 0.24023935546875 0.0248884765625 0.232611328125 0.01858046875 0.229558203125 0.02120771484375 0.21987705078125 0.0112158203125 0.2243806640625 0.00534794921875 0.2305087890625 3.02734375e-06 0.23520185546875 3.125e-06
0 0.23424365234375 0.085223046875 0.24264296875 0.0781693359375 0.25013603515625 0.0867181640625 0.2423615234375 0.093595703125 0.23424365234375 0.085223046875
0 0.23922177734375 0.07553154296875 0.23248466796875 0.0687326171875 0.2385970703125 0.0627080078125 0.24565068359375 0.0695244140625 0.23922177734375 0.07553154296875
0 0.21118486328125 0.1020583984375 0.2041578125 0.09395810546875 0.21256552734375 0.087397265625 0.2192583984375 0.0964998046875 0.21118486328125 0.1020583984375
1 0.158205859375 0.2262390625 0.1637396484375 0.222041015625 0.162785546875 0.21822470703125 0.1765244140625 0.2105919921875 0.18301220703125 0.22070537109375 0.18434794921875 0.21956044921875 0.190644921875 0.227765625 0.1885458984375 0.22948291015625 0.19331640625 0.23349013671875 0.19675107421875 0.23329931640625 0.19865927734375 0.24093203125 0.18148564453125 0.2581056640625 0.158205859375 0.2262390625
2 0.18721025390625 0.209637890625 0.191408203125 0.2071572265625 0.1885458984375 0.20162353515625 0.2032388671875 0.19093779296875 0.2244197265625 0.2264298828125 0.21583291015625 0.23100947265625 0.21449716796875 0.2271931640625 0.205337890625 0.23081865234375 0.203048046875 0.2275748046875 0.19713271484375 0.23043701171875 0.1910265625 0.22089619140625 0.18721025390625 0.209637890625
0 0.203048046875 0.18750302734375 0.2095359375 0.1815876953125 0.2074369140625 0.177962109375 0.220794140625 0.16899375 0.22461044921875 0.17548154296875 0.22842685546875 0.17166513671875 0.2497984375 0.20696640625 0.234723828125 0.21669814453125 0.23052587890625 0.2128818359375 0.22461044921875 0.21631650390625 0.2209849609375 0.209637890625 0.21812265625 0.212309375 0.203048046875 0.18750302734375
0 0.24349091796875 0.2574220703125 0.2526501953125 0.25150673828125 0.25169609375 0.24807197265625 0.26180947265625 0.2427291015625 0.28108203125 0.270016015625 0.25799306640625 0.28432734375 0.24349091796875 0.2574220703125
4 0.5961822265625 0.84991416015625 0.5942546875 0.850740234375 0.591133984375 0.84449873046875 0.60178125 0.83935869140625 0.60462666015625 0.8458755859375 0.5961822265625 0.84991416015625
0 0.60030634765625 0.819602734375 0.6100220703125 0.81430068359375 0.61810517578125 0.8290537109375 0.60814775390625 0.83420810546875 0.60030634765625 0.819602734375
1 8.642578125e-05 0.38794775390625 0.004921875 0.3968302734375 8.642578125e-05 0.3996365234375 8.642578125e-05 0.38794775390625
1 0.0549255859375 0.403823046875 0.06327841796875 0.41451474609375 0.06428076171875 0.41367939453125 0.074137109375 0.42670986328125 0.0674548828125 0.43155458984375 0.07530654296875 0.44207919921875 0.06361259765625 0.45176845703125 0.0418951171875 0.42437109375 0.0403916015625 0.42604169921875 0.03521279296875 0.42002763671875 0.04824326171875 0.41100654296875 0.0484103515625 0.40916884765625 0.0549255859375 0.403823046875
1 0.02739765625 0.6820072265625 0.03188134765625 0.6871263671875 0.03903310546875 0.6829478515625 0.04377421875 0.68945673828125 0.03871171875 0.69299248046875 0.040720703125 0.6955638671875 0.04658671875 0.69202822265625 0.05309912109375 0.69935966796875 0.021427734375 0.721025 0.0099142578125 0.70588701171875 0.01140673828125 0.7048208984375 0.00607646484375 0.6965056640625 0.02739765625 0.6820072265625
1 0.04658203125 0.8444140625 0.03670673828125 0.85083232421875 0.01208486328125 0.81623701171875 0.02041015625 0.810439453125 0.04658203125 0.8444140625
1 0.053076171875 0.830146484375 0.04242119140625 0.83777060546875 0.021901953125 0.8115248046875 0.033984375 0.80326171875 0.053076171875 0.830146484375
1 0.0682724609375 0.81926650390625 0.0534765625 0.82986328125 0.034384765625 0.80298828125 0.04728388671875 0.79415634765625 0.0682724609375 0.81926650390625
0 0.115706640625 0.79803916015625 0.08767841796875 0.816386328125 0.0723185546875 0.79745458984375 0.1013107421875 0.77798271484375 0.115706640625 0.79803916015625
1 0.08806728515625 0.843197265625 0.0973193359375 0.8521771484375 0.08997216796875 0.85925224609375 0.0948703125 0.8644224609375 0.0948703125 0.86714365234375 0.08188369140625 0.8783818359375 0.07069541015625 0.887823046875 0.065159765625 0.8805810546875 0.0577517578125 0.87381875 0.062377734375 0.86946484375 0.062377734375 0.862933984375 0.05856806640625 0.85830791015625 0.07299033203125 0.8444298828125 0.0808818359375 0.85123291015625 0.08806728515625 0.843197265625
1 0.488407421875 0.98488173828125 0.47754326171875 0.99234267578125 0.47322373046875 0.99195 0.46736328125 0.983701171875 0.466513671875 0.979775390625 0.479506640625 0.9715416015625 0.488407421875 0.98488173828125
1 0.4659375 0.97943359375 0.46666015625 0.982744140625 0.4630140625 0.98469765625 0.45817099609375 0.97854560546875 0.44992470703125 0.98391220703125 0.4421484375 0.9716015625 0.45494140625 0.9640234375 0.4659375 0.97943359375
1 0.4546484375 0.963623046875 0.441884765625 0.97119140625 0.43500810546875 0.9602912109375 0.446408203125 0.95207705078125 0.4546484375 0.963623046875
1 0.42348115234375 0.95845361328125 0.42715634765625 0.9637994140625 0.42097529296875 0.9673076171875 0.41763408203125 0.9612935546875 0.42348115234375 0.95845361328125
1 0.53269951171875 0.98569716796875 0.5192642578125 0.992466015625 0.5140337890625 0.98385107421875 0.51977705078125 0.97985126953125 0.51957197265625 0.97851806640625 0.5263408203125 0.97513359375 0.53269951171875 0.98569716796875
1 0.5416119140625 0.97687490234375 0.5669189453125 0.96027568359375 0.58705576171875 0.9885759765625 0.57045654296875 0.99810009765625 0.56392568359375 0.98993662109375 0.55412939453125 0.99456259765625 0.5416119140625 0.97687490234375
0 0.85356875 0.99900244140625 0.84872119140625 0.9887576171875 0.857314453125 0.982880859375 0.86854697265625 0.99900224609375 0.85356875 0.99900244140625
0 0.8829296875 0.98435546875 0.8826337890625 0.98458115234375 0.87494921875 0.99009404296875 0.86677734375 0.99525390625 0.85771484375 0.982607421875 0.85874462890625 0.981908203125 0.85724111328125 0.9792353515625 0.872443359375 0.97138359375 0.8829296875 0.98435546875
1 0.89683369140625 0.973889453125 0.8833203125 0.9840625 0.8770703125 0.9756640625 0.891487890625 0.966371875 0.89683369140625 0.973889453125
1 0.928759765625 0.959541015625 0.90178310546875 0.9769916015625 0.89523544921875 0.96632431640625 0.9154494140625 0.9536279296875 0.9129435546875 0.95028681640625 0.919130859375 0.946572265625 0.928759765625 0.959541015625
0 0.951630859375 0.961064453125 0.94403583984375 0.9656560546875 0.937958984375 0.957685546875 0.9353125 0.953935546875 0.94390625 0.949072265625 0.951630859375 0.961064453125
0 0.9436328125 0.948662109375 0.9350390625 0.95353515625 0.928408203125 0.944130859375 0.937099609375 0.938515625 0.9436328125 0.948662109375
0 0.9592380859375 0.95646787109375 0.95205078125 0.960810546875 0.94673828125 0.952568359375 0.954892578125 0.9483203125 0.9592380859375 0.95646787109375
0 0.9530078125 0.94478515625 0.953603515625 0.9458984375 0.94515537109375 0.94984072265625 0.938169140625 0.9385927734375 0.945654296875 0.93396484375 0.9530078125 0.94478515625
0 0.962412109375 0.93842568359375 0.952890625 0.94375 0.94607421875 0.933701171875 0.9557298828125 0.92773408203125 0.962412109375 0.93842568359375
0 0.93556640625 0.95513671875 0.929169921875 0.959267578125 0.9214634765625 0.9486162109375 0.927998046875 0.94439453125 0.93556640625 0.95513671875
0 0.96378056640625 0.94580546875 0.9717650390625 0.94227138671875 0.97673896484375 0.9496013671875 0.9688853515625 0.95431357421875 0.96378056640625 0.94580546875
2 0.99908720703125 0.91697314453125 0.99279150390625 0.92163662109375 0.98406201171875 0.9096615234375 0.9990873046875 0.89966630859375 0.99908720703125 0.91697314453125
0 0.977705078125 0.923251953125 0.976869921875 0.9237982421875 0.98682802734375 0.938189453125 0.9772935546875 0.944379296875 0.961185546875 0.924755859375 0.9631490234375 0.92305419921875 0.96210185546875 0.92148349609375 0.96956279296875 0.917294921875 0.970086328125 0.9180802734375 0.971982421875 0.916904296875 0.977705078125 0.923251953125
2 0.98592451171875 0.91794931640625 0.978125 0.92298828125 0.97240234375 0.916640625 0.98081962890625 0.9114046875 0.98592451171875 0.91794931640625
4 0.96518525390625 0.87104296875 0.97019697265625 0.8792287109375 0.96318056640625 0.8832380859375 0.95766767578125 0.87505234375 0.96518525390625 0.87104296875
4 0.9454724609375 0.8717111328125 0.95115244140625 0.8782263671875 0.942799609375 0.88440751953125 0.93762080078125 0.87839345703125 0.9454724609375 0.8717111328125
1 0.69489345703125 0.05523525390625 0.6935845703125 0.05667509765625 0.69541708984375 0.0585076171875 0.688348828125 0.06544501953125 0.678173828125 0.0555859375 0.67889111328125 0.0506484375 0.684951171875 0.0454296875 0.69489345703125 0.05523525390625
0 0.684599609375 0.045078125 0.6784341796875 0.05039775390625 0.6759138671875 0.053402734375 0.670547265625 0.05876943359375 0.66217001953125 0.0503921875 0.67644130859375 0.03703681640625 0.684599609375 0.045078125
0 0.09949052734375 0.0227630859375 0.11794873046875 0.00870908203125 0.13595439453125 0.026844921875 0.132416796875 0.03201513671875 0.12615810546875 0.03636904296875 0.12262060546875 0.0322873046875 0.1169060546875 0.03691328125 0.10547705078125 0.0448046875 0.09704140625 0.03419208984375 0.10330009765625 0.0292939453125 0.09949052734375 0.0227630859375
1 8.623046875e-05 0.0144490234375 0.0101744140625 0.0303505859375 8.623046875e-05 0.03916015625 8.623046875e-05 0.0144490234375
0 0.29125126953125 0.69261337890625 0.29977109375 0.701300390625 0.2981005859375 0.70313798828125 0.308291015625 0.71416376953125 0.29024892578125 0.73120361328125 0.26869853515625 0.7098203125 0.29125126953125 0.69261337890625
0 0.2553220703125 0.72746064453125 0.2598220703125 0.72408564453125 0.25942021484375 0.72328203125 0.2639203125 0.72030888671875 0.26858095703125 0.725291015625 0.25861669921875 0.73212138671875 0.2553220703125 0.72746064453125
0 0.27163857421875 0.7273861328125 0.275228125 0.72974501953125 0.27563837890625 0.73200126953125 0.2691771484375 0.737334375 0.26466455078125 0.73292431640625 0.27163857421875 0.7273861328125
1 0.1952779296875 2.83203125e-06 0.190359765625 0.00391943359375 0.186814453125 2.734375e-06 0.1952779296875 2.83203125e-06
