1 0.48984169921875 0.1516853515625 0.484484765625 0.1747998046875 0.47119150390625 0.17351015625 0.47644931640625 0.14960205078125 0.48984169921875 0.1516853515625
1 0.12060078125 0.964349609375 0.1040337890625 0.9481794921875 0.108200390625 0.94381455078125 0.1103828125 0.9454017578125 0.11385498046875 0.94212802734375 0.128636328125 0.9555205078125 0.12060078125 0.964349609375
1 0.10996259765625 0.31699033203125 0.0953796875 0.3089548828125 0.10658974609375 0.2885189453125 0.120875 0.2964552734375 0.10996259765625 0.31699033203125
3 0.74805361328125 0.4640359375 0.7650021484375 0.46686064453125 0.764060546875 0.47815966796875 0.74522890625 0.47815966796875 0.74805361328125 0.4640359375
3 0.932604296875 0.61845576171875 0.94296171875 0.6156310546875 0.9439033203125 0.63352119140625 0.93354580078125 0.635404296875 0.932604296875 0.61845576171875
3 0.25842958984375 0.63257958984375 0.27161181640625 0.62316376953125 0.27914443359375 0.63446279296875 0.26690380859375 0.64199541015625 0.25842958984375 0.63257958984375
3 0.7223779296875 0.46249267578125 0.7311337890625 0.46296591796875 0.73160703125 0.46888212890625 0.722851171875 0.4684087890625 0.7223779296875 0.46249267578125
3 0.77207333984375 0.47077529296875 0.7786994140625 0.47148515625 0.77893603515625 0.47740126953125 0.77231005859375 0.47740126953125 0.77207333984375 0.47077529296875
4 0.67584638671875 0.9263701171875 0.6696935546875 0.932049609375 0.65951787109375 0.9214005859375 0.66567060546875 0.91572109375 0.67584638671875 0.9263701171875
1 0.12843427734375 0.96591171875 0.1376634765625 0.9663849609375 0.13813671875 0.973484375 0.1286708984375 0.973484375 0.12843427734375 0.96591171875
