0 0.03042734375 0.12862109375 0.0299173828125 0.13712021484375 0.022159375 0.13675078125 0.01975810546875 0.1358271484375 0.02043251953125 0.12874619140625 0.03042734375 0.12862109375
0 0.06164638671875 0.12823017578125 0.06242724609375 0.12825390625 0.06224248046875 0.13693544921875 0.04543349609375 0.13638134765625 0.0450640625 0.1288080078125 0.047293359375 0.1284099609375 0.06164638671875 0.12823017578125
0 0.1890630859375 0.2391509765625 0.2042595703125 0.2400193359375 0.2054173828125 0.2434927734375 0.2035359375 0.26201806640625 0.2013650390625 0.263899609375 0.1887736328125 0.26274169921875 0.18530009765625 0.2563736328125 0.1890630859375 0.2391509765625
0 0.19396318359375 0.27242685546875 0.204794921875 0.27423212890625 0.20810458984375 0.279648046875 0.2066001953125 0.28807265625 0.1942640625 0.285665625 0.19215791015625 0.282055078125 0.19396318359375 0.27242685546875
2 0.17608916015625 0.330249609375 0.20143369140625 0.33216962890625 0.20066572265625 0.3705705078125 0.21948212890625 0.37133857421875 0.21986611328125 0.37402666015625 0.21948212890625 0.385930859375 0.21794609375 0.38977099609375 0.18184921875 0.39015498046875 0.1787771484375 0.38401083984375 0.1787771484375 0.38093876953125 0.17416904296875 0.379402734375 0.17340107421875 0.36903447265625 0.17608916015625 0.36826650390625 0.17608916015625 0.330249609375
0 0.3227828125 0.37488310546875 0.28246484375 0.375183984375 0.2785533203125 0.37187431640625 0.27704892578125 0.35833466796875 0.28005771484375 0.3580337890625 0.31556171875 0.35652939453125 0.31706611328125 0.34148525390625 0.34173837890625 0.343290625 0.34474716796875 0.346901171875 0.34474716796875 0.36254697265625 0.33120751953125 0.363449609375 0.33000400390625 0.35743203125 0.323986328125 0.35773291015625 0.3266943359375 0.36074169921875 0.3254908203125 0.3733787109375 0.3227828125 0.37488310546875
1 0.51790498046875 0.122512890625 0.52170771484375 0.12517470703125 0.521217578125 0.170754296875 0.510925390625 0.17271474609375 0.48494990234375 0.16977412109375 0.4869029296875 0.12290166015625 0.51790498046875 0.122512890625
3 0.66866318359375 0.16797578125 0.64562265625 0.16375166015625 0.64101455078125 0.1591435546875 0.64063046875 0.1464712890625 0.646006640625 0.143783203125 0.66866318359375 0.14762333984375 0.66943115234375 0.15031142578125 0.67826337890625 0.15069541015625 0.67787939453125 0.1645197265625 0.67211923828125 0.16298369140625 0.66866318359375 0.16797578125
0 0.7151298828125 0.13155927734375 0.70550166015625 0.1312583984375 0.701590234375 0.1276478515625 0.70099560546875 0.120216015625 0.71394970703125 0.12005341796875 0.7151298828125 0.13155927734375
1 0.6790138671875 0.33245263671875 0.6360048828125 0.3320685546875 0.6329328125 0.32362041015625 0.634084765625 0.3071080078125 0.6913021484375 0.30864404296875 0.69360615234375 0.3105640625 0.6913021484375 0.3313005859375 0.6790138671875 0.33245263671875
0 0.72389580078125 0.3145658203125 0.7241966796875 0.303132421875 0.73502841796875 0.3037341796875 0.73502841796875 0.3145658203125 0.72389580078125 0.3145658203125
2 0.67989130859375 0.2992771484375 0.64679443359375 0.29957802734375 0.64619267578125 0.28934814453125 0.65552001953125 0.28814453125 0.65612177734375 0.276109375 0.67086494140625 0.27761376953125 0.6711658203125 0.2734013671875 0.68259931640625 0.2734013671875 0.67989130859375 0.2992771484375
0 0.877392578125 0.1835896484375 0.85783525390625 0.18509404296875 0.85512734375 0.1802798828125 0.85482646484375 0.176067578125 0.8497115234375 0.1754658203125 0.84880888671875 0.16282880859375 0.85482646484375 0.1589173828125 0.85512734375 0.157112109375 0.846702734375 0.157112109375 0.846702734375 0.14327158203125 0.8590388671875 0.142970703125 0.858737890625 0.14628037109375 0.881003125 0.14628037109375 0.8804013671875 0.1519970703125 0.87859609375 0.15169619140625 0.87889697265625 0.1553068359375 0.8879234375 0.1553068359375 0.8921357421875 0.157112109375 0.8921357421875 0.16553671875 0.8885251953125 0.16523583984375 0.8885251953125 0.18268701171875 0.877392578125 0.1835896484375
0 0.8802740234375 0.2397607421875 0.8601150390625 0.23945986328125 0.8577080078125 0.23314140625 0.85921240234375 0.222610546875 0.85740712890625 0.2220087890625 0.855902734375 0.21448681640625 0.8577080078125 0.208469140625 0.8589115234375 0.19703564453125 0.8637255859375 0.19523037109375 0.87876962890625 0.1961330078125 0.88177841796875 0.2018498046875 0.8814775390625 0.234344921875 0.8802740234375 0.2397607421875
2 0.99907060546875 0.1986333984375 0.97851748046875 0.1954357421875 0.9702052734375 0.19266494140625 0.9702052734375 0.18583056640625 0.97334541015625 0.17991962890625 0.9787021484375 0.17918076171875 0.99907060546875 0.18181630859375 0.99907060546875 0.1986333984375
3 0.99907060546875 0.23915908203125 0.9897048828125 0.23894375 0.9901583984375 0.2171986328125 0.99493447265625 0.216185546875 0.99907060546875 0.2161291015625 0.99907060546875 0.23915908203125
0 0.99444345703125 0.2520791015625 0.9854849609375 0.25196572265625 0.98412412109375 0.25049150390625 0.98412412109375 0.24459482421875 0.99160849609375 0.24425458984375 0.9911548828125 0.24028564453125 0.9971650390625 0.2396052734375 0.99727841796875 0.25185234375 0.99444345703125 0.2520791015625
2 0.99907060546875 0.2614416015625 0.99711318359375 0.26170859375 0.99654619140625 0.26443017578125 0.9872474609375 0.263636328125 0.98690732421875 0.2713474609375 0.96842333984375 0.2705537109375 0.96660888671875 0.2687392578125 0.966722265625 0.25524482421875 0.96887685546875 0.25195625 0.99907060546875 0.253521875 0.99907060546875 0.2614416015625
1 0.86120947265625 0.2740470703125 0.8608400390625 0.26167119140625 0.86416494140625 0.25760751953125 0.8865154296875 0.2572380859375 0.88965556640625 0.26019345703125 0.8892861328125 0.2722 0.89464287109375 0.27256943359375 0.89538173828125 0.29288798828125 0.88466826171875 0.2939962890625 0.88448349609375 0.29861416015625 0.86342607421875 0.297690625 0.8621330078125 0.2939962890625 0.86176357421875 0.2856841796875 0.85899287109375 0.2854994140625 0.8578845703125 0.2740470703125 0.86120947265625 0.2740470703125
0 0.8893048828125 0.3594853515625 0.8558287109375 0.35783515625 0.855121484375 0.35453466796875 0.857007421875 0.33190283203125 0.85936494140625 0.33048837890625 0.86054365234375 0.31728642578125 0.88482568359375 0.3187009765625 0.8883619140625 0.32152998046875 0.8893048828125 0.3594853515625
0 0.912408203125 0.335910546875 0.894019921875 0.3352033203125 0.89213388671875 0.33190283203125 0.89236962890625 0.31634345703125 0.894962890625 0.31469326171875 0.9121724609375 0.31610771484375 0.912408203125 0.335910546875
0 0.89135009765625 0.4022927734375 0.85315888671875 0.4004068359375 0.85268740234375 0.38461171875 0.85575205078125 0.3839044921875 0.85740234375 0.3707025390625 0.86211728515625 0.368109375 0.8965365234375 0.36693056640625 0.8974794921875 0.369523828125 0.89724375 0.37942529296875 0.8953578125 0.37966103515625 0.89465048828125 0.3989923828125 0.89135009765625 0.4022927734375
0 0.9566763671875 0.3851611328125 0.93569482421875 0.3837466796875 0.93640205078125 0.3604076171875 0.95950537109375 0.35781435546875 0.96233427734375 0.3608791015625 0.9625701171875 0.3828037109375 0.9566763671875 0.3851611328125
1 0.93737373046875 0.46320703125 0.97167412109375 0.46110087890625 0.9725767578125 0.47885283203125 0.96926708984375 0.48216259765625 0.9358693359375 0.480658203125 0.93346220703125 0.47494140625 0.93737373046875 0.46320703125
0 0.6720384765625 0.44825869140625 0.71312744140625 0.447874609375 0.71658349609375 0.4870435546875 0.6716544921875 0.48550751953125 0.669734375 0.4563228515625 0.6720384765625 0.44825869140625
1 0.64137138671875 0.568365625 0.65950517578125 0.56738544921875 0.6599953125 0.57473701171875 0.6707775390625 0.57326669921875 0.6722478515625 0.59287080078125 0.66783701171875 0.5967916015625 0.6433318359375 0.5982619140625 0.64137138671875 0.59434111328125 0.64088125 0.5727765625 0.64137138671875 0.568365625
0 0.73910205078125 0.63753115234375 0.78163671875 0.63690556640625 0.7885173828125 0.6394076171875 0.7885173828125 0.6575474609375 0.77976025390625 0.6575474609375 0.7803857421875 0.66442802734375 0.740353125 0.66317705078125 0.73910205078125 0.63753115234375
0 0.73305537109375 0.6714154296875 0.7814404296875 0.67103134765625 0.784128515625 0.6725673828125 0.7845125 0.6848556640625 0.77337626953125 0.6844716796875 0.772608203125 0.69215185546875 0.73382333984375 0.6906158203125 0.73305537109375 0.6714154296875
0 0.66764736328125 0.76152666015625 0.6372609375 0.759076171875 0.63481044921875 0.757605859375 0.6353005859375 0.74780380859375 0.6220677734375 0.74633349609375 0.62598857421875 0.70222421875 0.77792060546875 0.6997736328125 0.78086123046875 0.70173408203125 0.78086123046875 0.72574912109375 0.77743056640625 0.72672939453125 0.720578515625 0.72672939453125 0.719108203125 0.73604130859375 0.70734580078125 0.737021484375 0.70636552734375 0.7497642578125 0.67646923828125 0.7497642578125 0.6759791015625 0.76103662109375 0.66764736328125 0.76152666015625
0 0.8605859375 0.84761015625 0.860201953125 0.824185546875 0.8759462890625 0.82303359375 0.8763302734375 0.82802568359375 0.8939947265625 0.82764169921875 0.89591474609375 0.829945703125 0.89591474609375 0.8572103515625 0.88132236328125 0.8575943359375 0.87940234375 0.85490625 0.87786630859375 0.854522265625 0.8767142578125 0.86220244140625 0.855209765625 0.86258642578125 0.85482578125 0.848378125 0.8605859375 0.84761015625
0 0.8910814453125 0.92458369140625 0.8549845703125 0.92381572265625 0.8542166015625 0.91498349609375 0.84999248046875 0.9157515625 0.84922451171875 0.90269521484375 0.8519125 0.891175 0.8542166015625 0.89079091796875 0.8538326171875 0.88349482421875 0.85575263671875 0.8827267578125 0.89300146484375 0.8831107421875 0.8945375 0.88464677734375 0.89607353515625 0.92074365234375 0.8910814453125 0.92458369140625
0 0.8842728515625 0.9820724609375 0.8644146484375 0.9808689453125 0.86230849609375 0.9772583984375 0.86230849609375 0.9667275390625 0.85268037109375 0.9655240234375 0.850875 0.96371875 0.8514767578125 0.953187890625 0.8608041015625 0.95348876953125 0.86050322265625 0.929418359375 0.8644146484375 0.92851572265625 0.8854763671875 0.92971923828125 0.88637900390625 0.93152451171875 0.88577724609375 0.9465685546875 0.88938779296875 0.9471703125 0.88998955078125 0.9489755859375 0.89179482421875 0.96161259765625 0.889688671875 0.9643205078125 0.88577724609375 0.9643205078125 0.8842728515625 0.9820724609375
0 0.62257734375 0.99900625 0.62186787109375 0.99541982421875 0.62186787109375 0.972145703125 0.62463857421875 0.97233046875 0.6250080078125 0.962540625 0.661212109375 0.96198642578125 0.661212109375 0.97122216796875 0.666753515625 0.97140693359375 0.66915478515625 0.97473173828125 0.66915478515625 0.99900595703125 0.62257734375 0.99900625
0 0.7092166015625 0.98981962890625 0.708980859375 0.97520322265625 0.70945234375 0.9624728515625 0.71228134765625 0.95964384765625 0.758487890625 0.96082265625 0.75990244140625 0.983690234375 0.7577806640625 0.98981962890625 0.7092166015625 0.98981962890625
0 0.6855841796875 0.91852333984375 0.65985556640625 0.91929130859375 0.65831953125 0.83941748046875 0.6863521484375 0.8378814453125 0.6867361328125 0.853241796875 0.69057626953125 0.85400986328125 0.69096025390625 0.8624580078125 0.69940849609375 0.8620740234375 0.70094453125 0.864762109375 0.69940849609375 0.877818359375 0.69057626953125 0.87897041015625 0.69096025390625 0.91621923828125 0.6855841796875 0.91852333984375
0 0.7479173828125 0.92924453125 0.75330849609375 0.80034736328125 0.79202666015625 0.8027978515625 0.7988880859375 0.80671865234375 0.802808984375 0.92728408203125 0.7915365234375 0.9326751953125 0.74972255859375 0.92840703125 0.74953037109375 0.92826435546875 0.7479173828125 0.92924453125
0 0.9936591796875 0.804764453125 0.9941306640625 0.82598173828125 0.9839935546875 0.82621748046875 0.9837578125 0.830932421875 0.970555859375 0.83140390625 0.9703201171875 0.82598173828125 0.96725546875 0.82574599609375 0.96678388671875 0.81914501953125 0.96419072265625 0.81867353515625 0.96466220703125 0.80806484375 0.967726953125 0.80405712890625 0.9936591796875 0.804764453125
0 0.98302099609375 0.83504033203125 0.9859763671875 0.8572060546875 0.9675048828125 0.85683662109375 0.968428515625 0.83818046875 0.97009091796875 0.83485556640625 0.98302099609375 0.83504033203125
0 0.99907060546875 0.88790009765625 0.941104296875 0.88557978515625 0.93568212890625 0.879921875 0.93733232421875 0.86035478515625 0.97080859375 0.86153349609375 0.9705728515625 0.86294794921875 0.99697666015625 0.8669556640625 0.99744814453125 0.87119912109375 0.99907060546875 0.87224833984375 0.99907060546875 0.88790009765625
0 0.9800111328125 0.91768193359375 0.96818935546875 0.91620419921875 0.9644951171875 0.9123251953125 0.96486455078125 0.89274541015625 0.99589658203125 0.8925607421875 0.99663544921875 0.89976455078125 0.99907060546875 0.90003193359375 0.99907060546875 0.919000390625 0.9970048828125 0.91823603515625 0.9970048828125 0.9210068359375 0.992017578125 0.91989853515625 0.992017578125 0.92119150390625 0.98130419921875 0.91989853515625 0.98167353515625 0.91749716796875 0.9800111328125 0.91768193359375
1 0.9990705078125 0.94499599609375 0.9904435546875 0.94411572265625 0.9902587890625 0.93838955078125 0.97843701171875 0.9365423828125 0.97732880859375 0.93395634765625 0.9775134765625 0.92619833984375 0.995430859375 0.9265677734375 0.99561552734375 0.9223193359375 0.99907060546875 0.9218826171875 0.9990705078125 0.94499599609375
0 0.9990705078125 0.98555947265625 0.97993095703125 0.98376083984375 0.97922373046875 0.97881015625 0.9676720703125 0.9778671875 0.96696484375 0.95782861328125 0.99478310546875 0.9564140625 0.99643330078125 0.95735712890625 0.99666904296875 0.96513681640625 0.9990705078125 0.964966796875 0.9990705078125 0.98555947265625
0 0.9642591796875 0.99900185546875 0.96366435546875 0.99861298828125 0.96319287109375 0.988004296875 0.968379296875 0.9872970703125 0.99619755859375 0.9877685546875 0.9983193359375 0.99012607421875 0.99853115234375 0.999001171875 0.9642591796875 0.99900185546875
0 6.982421875e-05 0.92349287109375 0.00644619140625 0.92300810546875 0.07947158203125 0.92447841796875 0.08094189453125 0.92741904296875 0.07996162109375 0.93918154296875 0.09172412109375 0.93869140625 0.0936845703125 0.94261220703125 0.09319443359375 0.95927578125 0.0804517578125 0.96074609375 0.0804517578125 0.9759392578125 0.07996162109375 0.9774095703125 6.97265625e-05 0.97594052734375 6.982421875e-05 0.92349287109375
0 0.0554564453125 0.9161466796875 0.0044857421875 0.9146763671875 0.00350556640625 0.883309765625 0.02114921875 0.881839453125 0.02163935546875 0.884780078125 0.05447626953125 0.8867404296875 0.05643671875 0.88772060546875 0.0554564453125 0.9161466796875
0 0.05476552734375 0.87519111328125 0.013292578125 0.873655078125 0.01290859375 0.8705830078125 0.01290859375 0.84063037109375 0.01790068359375 0.8390943359375 0.0563015625 0.8394783203125 0.05745361328125 0.84216640625 0.05476552734375 0.87519111328125
0 6.9921875e-05 0.7059650390625 0.0117087890625 0.70716787109375 0.0129123046875 0.71438896484375 0.00900087890625 0.7577158203125 6.9921875e-05 0.7577158203125 6.9921875e-05 0.7059650390625
2 0.0646638671875 0.70897314453125 0.09204404296875 0.70776962890625 0.09505283203125 0.7104775390625 0.09866337890625 0.7523 0.07248671875 0.75260087890625 0.068876171875 0.75139736328125 0.064062109375 0.71258369140625 0.0646638671875 0.70897314453125
2 0.01831015625 0.72352314453125 0.01738662109375 0.71022373046875 0.02957783203125 0.70948486328125 0.03087080078125 0.7233384765625 0.01831015625 0.72352314453125
1 0.04679345703125 0.58862392578125 0.06306005859375 0.58791669921875 0.06258857421875 0.57353603515625 0.090642578125 0.57235732421875 0.09182138671875 0.5855591796875 0.08498466796875 0.58626640625 0.08522041015625 0.607248046875 0.07673349609375 0.607248046875 0.07626201171875 0.6166779296875 0.04844365234375 0.616913671875 0.04679345703125 0.58862392578125
0 0.07029365234375 0.549093359375 0.07076513671875 0.53211943359375 0.0719439453125 0.53188369140625 0.0806666015625 0.53188369140625 0.0801951171875 0.51255234375 0.0811380859375 0.5109021484375 0.1030626953125 0.5118451171875 0.1044771484375 0.51373115234375 0.105655859375 0.53659873046875 0.10259111328125 0.53824892578125 0.102826953125 0.5561658203125 0.1032984375 0.5653599609375 0.08090234375 0.565595703125 0.08090234375 0.56960341796875 0.06204248046875 0.56889619140625 0.06193349609375 0.58411796875 0.0498498046875 0.58376259765625 0.04727314453125 0.58278515625 0.04709541015625 0.56625888671875 0.04505185546875 0.56625888671875 0.04487412109375 0.553108984375 0.046295703125 0.55150966796875 0.06975244140625 0.55124306640625 0.07029365234375 0.549093359375
0 0.06961650390625 0.48699248046875 0.0692470703125 0.45540625 0.07589677734375 0.44580107421875 0.1004638671875 0.44653994140625 0.1019416015625 0.44857177734375 0.10175693359375 0.4701833984375 0.10434287109375 0.47055283203125 0.10600537109375 0.47369296875 0.10452763671875 0.490871484375 0.10268046875 0.49197978515625 0.07109423828125 0.489578515625 0.06961650390625 0.48699248046875
0 0.16165556640625 0.49326494140625 0.162362890625 0.46426787109375 0.1654275390625 0.4576669921875 0.19041689453125 0.458845703125 0.19253857421875 0.49609384765625 0.1868806640625 0.4984513671875 0.1640130859375 0.4965654296875 0.16165556640625 0.49326494140625
0 0.25753466796875 0.4883998046875 0.23490283203125 0.48910703125 0.23254541015625 0.48557080078125 0.23183818359375 0.4664751953125 0.23490283203125 0.4636462890625 0.25635595703125 0.464825 0.25753466796875 0.4883998046875
0 0.28900712890625 0.48263701171875 0.28900712890625 0.45340419921875 0.2908931640625 0.45033955078125 0.307159765625 0.45057529296875 0.3078669921875 0.47910078125 0.305273828125 0.4812224609375 0.28900712890625 0.48263701171875
0 0.16731376953125 0.57580439453125 0.165809375 0.562565625 0.17092431640625 0.55985771484375 0.181154296875 0.55925595703125 0.18326044921875 0.573096484375 0.16731376953125 0.57580439453125
1 0.18390478515625 0.690070703125 0.18149775390625 0.678336328125 0.1842056640625 0.66509755859375 0.21549736328125 0.66569931640625 0.2212140625 0.67021259765625 0.22452373046875 0.6918759765625 0.2182052734375 0.6942830078125 0.217603515625 0.7072208984375 0.1983470703125 0.7072208984375 0.1977453125 0.70571650390625 0.19804619140625 0.6918759765625 0.18841806640625 0.69217685546875 0.18390478515625 0.690070703125
0 0.30037138671875 0.71714326171875 0.301139453125 0.69295068359375 0.3261 0.69371875 0.33186015625 0.69602275390625 0.331476171875 0.72021533203125 0.325716015625 0.7221353515625 0.30037138671875 0.71714326171875
0 0.27162255859375 0.627872265625 0.264233984375 0.6273181640625 0.264233984375 0.619375390625 0.271437890625 0.619375390625 0.27328505859375 0.6214072265625 0.27328505859375 0.6258404296875 0.27162255859375 0.627872265625
0 0.29674384765625 0.65170048828125 0.296928515625 0.6428341796875 0.2891705078125 0.64117177734375 0.28806220703125 0.6258404296875 0.289909375 0.616419921875 0.293973046875 0.6130951171875 0.318170703125 0.61327978515625 0.3203873046875 0.61401865234375 0.32094140625 0.62528623046875 0.31373759765625 0.62528623046875 0.31355283203125 0.63119716796875 0.3218650390625 0.63119716796875 0.32204970703125 0.64301884765625 0.31410703125 0.643573046875 0.3131833984375 0.6526240234375 0.3111515625 0.6553947265625 0.29969921875 0.65465595703125 0.29674384765625 0.65170048828125
0 0.39675849609375 0.68472958984375 0.39628701171875 0.63687275390625 0.39746572265625 0.633572265625 0.43730712890625 0.6323935546875 0.438014453125 0.68425810546875 0.43612841796875 0.686615625 0.401001953125 0.686144140625 0.39675849609375 0.68472958984375
0 0.55342109375 0.75646337890625 0.389441015625 0.75525986328125 0.3852287109375 0.7507466796875 0.38673310546875 0.7212603515625 0.39094541015625 0.71855234375 0.55251845703125 0.71855234375 0.5552263671875 0.721862109375 0.55492548828125 0.7513484375 0.55342109375 0.75646337890625
3 0.41663837890625 0.6101416015625 0.41663837890625 0.587274609375 0.42205419921875 0.5854693359375 0.43499208984375 0.58607109375 0.4346912109375 0.61104423828125 0.43198330078125 0.61284951171875 0.41663837890625 0.6101416015625
3 0.51398974609375 0.62438154296875 0.48360068359375 0.624682421875 0.4784857421875 0.61655859375 0.4784857421875 0.59489521484375 0.48510517578125 0.59429345703125 0.5127861328125 0.59489521484375 0.51398974609375 0.62438154296875
1 0.3157626953125 0.92698828125 0.319933203125 0.981583984375 0.2971849609375 0.9819630859375 0.29642666015625 0.9671767578125 0.28201953125 0.96679765625 0.2805029296875 0.94708251953125 0.2975640625 0.94670341796875 0.2975640625 0.9266091796875 0.3157626953125 0.92698828125
0 0.3268302734375 0.86834140625 0.32749814453125 0.913760546875 0.30545654296875 0.913092578125 0.30478857421875 0.8977302734375 0.29443564453125 0.89839814453125 0.2937677734375 0.8843716796875 0.30478857421875 0.8840376953125 0.3057904296875 0.86834140625 0.3268302734375 0.86834140625
0 0.39141435546875 0.99900634765625 0.39254892578125 0.9550376953125 0.42009580078125 0.9550376953125 0.420856640625 0.9990064453125 0.39141435546875 0.99900634765625
