2 0.2802376953125 0.12362607421875 0.29888701171875 0.11181484375 0.311319921875 0.13046416015625 0.2908056640625 0.14258623046875 0.2802376953125 0.12362607421875
2 0.21150615234375 0.126501953125 0.21808466796875 0.12276416015625 0.21808466796875 0.120521484375 0.22227099609375 0.11753134765625 0.223317578125 0.11573720703125 0.2472392578125 0.10302880859375 0.26069521484375 0.12455830078125 0.24768779296875 0.13263193359375 0.25277119140625 0.13995791015625 0.2566583984375 0.13876181640625 0.2680212890625 0.1558060546875 0.24260439453125 0.1694115234375 0.231540625 0.15191875 0.22750380859375 0.1451908203125 0.2242146484375 0.147283984375 0.21150615234375 0.126501953125
2 0.42779951171875 0.31543935546875 0.44287412109375 0.30685263671875 0.465772265625 0.341008984375 0.44917109375 0.35169482421875 0.42779951171875 0.31543935546875
4 0.55582744140625 0.37616083984375 0.573855078125 0.36310634765625 0.57105771484375 0.35875478515625 0.57572001953125 0.3553357421875 0.57944990234375 0.35937646484375 0.59809921875 0.34943017578125 0.6049373046875 0.35937646484375 0.5617330078125 0.38672880859375 0.55582744140625 0.37616083984375
2 0.0488607421875 0.60770419921875 0.075267578125 0.59303359375 0.0894259765625 0.61459521484375 0.06492666015625 0.6319587890625 0.0488607421875 0.60770419921875
2 0.126946484375 0.67374873046875 0.15610107421875 0.7177048828125 0.13860830078125 0.72921728515625 0.1094537109375 0.6846630859375 0.126946484375 0.67374873046875
2 0.132905859375 0.76848603515625 0.1334783203125 0.76676865234375 0.12928037109375 0.7608533203125 0.1647724609375 0.74081748046875 0.17374091796875 0.75551044921875 0.17126025390625 0.75760947265625 0.1771755859375 0.76619619140625 0.1447365234375 0.78546884765625 0.14416416015625 0.78394228515625 0.13958447265625 0.7759279296875 0.13748544921875 0.777263671875 0.132905859375 0.76848603515625
2 0.1152912109375 0.84388759765625 0.140408984375 0.8301326171875 0.138016796875 0.82295615234375 0.14414677734375 0.8201154296875 0.14519326171875 0.8147330078125 0.16358310546875 0.80606142578125 0.184215625 0.8461302734375 0.160443359375 0.8573435546875 0.15386494140625 0.84747587890625 0.12396279296875 0.86317451171875 0.1152912109375 0.84388759765625
4 0.116277734375 0.88350859375 0.1292533203125 0.91041396484375 0.1137970703125 0.917855859375 0.102348046875 0.89133212890625 0.116277734375 0.88350859375
4 0.0735345703125 0.8543134765625 0.09357041015625 0.89114130859375 0.074488671875 0.9033537109375 0.054452734375 0.86442685546875 0.0731529296875 0.85412265625 0.0735345703125 0.8543134765625
4 0.19507216796875 0.88167744140625 0.2023783203125 0.896533203125 0.19775107421875 0.899212109375 0.2072490234375 0.91699033203125 0.188253125 0.9272189453125 0.18119052734375 0.916259765625 0.1751021484375 0.9053005859375 0.16828310546875 0.908223046875 0.16292529296875 0.8972638671875 0.19507216796875 0.88167744140625
2 0.37655810546875 0.77854033203125 0.4009828125 0.81136103515625 0.383618359375 0.82490908203125 0.36167431640625 0.79342412109375 0.37655810546875 0.77854033203125
2 0.5520974609375 0.83920576171875 0.55240830078125 0.87308544921875 0.53127236328125 0.87401787109375 0.5300291015625 0.83920576171875 0.5520974609375 0.83920576171875
2 0.28085234375 0.6517669921875 0.30130947265625 0.63934658203125 0.31981826171875 0.668083984375 0.29863056640625 0.6822091796875 0.29327265625 0.67271123046875 0.28767138671875 0.6768513671875 0.28085234375 0.665405078125 0.28645361328125 0.66175205078125 0.28085234375 0.6517669921875
2 0.2107158203125 0.496641015625 0.22264912109375 0.4900654296875 0.234582421875 0.50784365234375 0.22532802734375 0.51344501953125 0.22800693359375 0.51758515625 0.21899599609375 0.52148173828125 0.2177783203125 0.526108984375 0.19488583984375 0.54072119140625 0.1807607421875 0.51125322265625 0.1861185546875 0.5039470703125 0.20024365234375 0.50029404296875 0.20608857421875 0.50686953125 0.21363818359375 0.50297294921875 0.2107158203125 0.496641015625
2 0.1256130859375 0.3083556640625 0.1387640625 0.3008060546875 0.15142802734375 0.319801953125 0.1353544921875 0.32954345703125 0.1256130859375 0.3083556640625
2 0.0601015625 0.2981271484375 0.0866470703125 0.282297265625 0.10515595703125 0.31298291015625 0.0781232421875 0.33003056640625 0.0601015625 0.2981271484375
2 0.22359853515625 0.40314326171875 0.24126611328125 0.3945111328125 0.243752734375 0.3991734375 0.2496583984375 0.39824091796875 0.26146962890625 0.41813359375 0.25494228515625 0.42403916015625 0.25742890625 0.42994482421875 0.27421328125 0.42093095703125 0.2783248046875 0.4282587890625 0.28309521484375 0.42558740234375 0.29778818359375 0.45230185546875 0.26916552734375 0.471001953125 0.2455041015625 0.4290220703125 0.23787138671875 0.43379248046875 0.22359853515625 0.40314326171875
2 0.357841015625 0.25314404296875 0.37276044921875 0.2876453125 0.33981337890625 0.3044296875 0.32613720703125 0.27583408203125 0.33919169921875 0.26775263671875 0.33390771484375 0.26029296875 0.3373267578125 0.255008984375 0.33452939453125 0.25003583984375 0.3457189453125 0.2438193359375 0.3478947265625 0.24723837890625 0.34540810546875 0.2522115234375 0.34758388671875 0.255008984375 0.35193544921875 0.25625224609375 0.357841015625 0.25314404296875
1 0.163522265625 0.011698828125 0.17910869140625 0.0375138671875 0.1230951171875 0.0643029296875 0.10799580078125 0.0372703125 0.163522265625 0.011698828125
1 0.0005958984375 0.0509083984375 0.0444326171875 0.02484990234375 0.0622107421875 0.0535873046875 0.016912890625 0.07940224609375 0.0005958984375 0.0509083984375
1 0.016912890625 0.01437783203125 0.02080947265625 0.00877646484375 0.03615234375 0.02217099609375 0.03128154296875 0.0285029296875 0.016912890625 0.01437783203125
2 -0.0 0.1586154296875 0.00881015625 0.15289091796875 0.02045009765625 0.17006455078125 0.0086193359375 0.1771248046875 -0.0 0.1620501953125 -0.0 0.1586154296875
1 0.107117578125 0.999008203125 0.10366796875 0.99135439453125 0.11974140625 0.9821 0.132394140625 0.99900869140625 0.107117578125 0.999008203125
4 0.08764658203125 0.99900791015625 0.08649306640625 0.993633203125 0.0992224609375 0.9867291015625 0.10614287109375 0.999008203125 0.08764658203125 0.99900791015625
2 0.6180380859375 0.94073955078125 0.62869833984375 0.936522265625 0.627292578125 0.93371083984375 0.63232978515625 0.92925927734375 0.63912431640625 0.9294935546875 0.6398271484375 0.93242216796875 0.65037021484375 0.92808779296875 0.659976171875 0.94835400390625 0.6265896484375 0.96252861328125 0.6180380859375 0.94073955078125
2 0.64463154296875 0.96271396484375 0.6522642578125 0.9823681640625 0.63661728515625 0.98981005859375 0.6282212890625 0.969392578125 0.64463154296875 0.96271396484375
2 0.8740404296875 0.92772958984375 0.86316376953125 0.90960185546875 0.870033203125 0.9052130859375 0.86831591796875 0.9010150390625 0.88892421875 0.8876578125 0.89197724609375 0.89261904296875 0.89865595703125 0.889184375 0.90838759765625 0.90807529296875 0.8740404296875 0.92772958984375
4 0.927319140625 0.67438193359375 0.94161689453125 0.697071875 0.9192376953125 0.70857236328125 0.90711572265625 0.68588232421875 0.92607578125 0.675003515625 0.927319140625 0.67438193359375
2 0.9204810546875 0.72255927734375 0.94317099609375 0.7091939453125 0.958712109375 0.72939736328125 0.94286025390625 0.7387220703125 0.9450359375 0.74307353515625 0.90587236328125 0.76793935546875 0.89375029296875 0.7461818359375 0.9192376953125 0.729708203125 0.9204810546875 0.723491796875 0.9204810546875 0.72255927734375
2 0.95373896484375 0.71168056640625 0.96275283203125 0.70639658203125 0.97176669921875 0.71789697265625 0.9615095703125 0.7250458984375 0.95373896484375 0.712923828125 0.95373896484375 0.71168056640625
2 0.7811341796875 0.3314396484375 0.80061708984375 0.32194169921875 0.8020783203125 0.31950634765625 0.813524609375 0.31487919921875 0.8291109375 0.34215537109375 0.810845703125 0.3536015625 0.81157626953125 0.3565240234375 0.79769462890625 0.3650478515625 0.7801599609375 0.3324138671875 0.7811341796875 0.3314396484375
2 -0.0 0.642949609375 0.0086998046875 0.6379455078125 0.0187080078125 0.65170673828125 -0.0 0.66359140625 -0.0 0.642949609375
