0 0.8288806640625 8.0078125e-06 0.84558544921875 0.04491298828125 0.813182421875 0.0580767578125 0.7898962890625 8.69140625e-06 0.8288806640625 8.0078125e-06
0 0.6896392578125 0.09744287109375 0.70486962890625 0.09153720703125 0.71326181640625 0.11142978515625 0.69803154296875 0.1176462890625 0.6896392578125 0.09744287109375
0 0.88725341796875 0.07304111328125 0.88880751953125 0.06993291015625 0.89191572265625 0.06806796875 0.89502392578125 0.06775712890625 0.89875380859375 0.06837880859375 0.90155126953125 0.07024375 0.90324794921875 0.07361728515625 0.90310537109375 0.07572421875 0.90248369140625 0.0786359375 0.90061875 0.0811224609375 0.89782138671875 0.0826765625 0.89471318359375 0.08298740234375 0.88976357421875 0.08190546875 0.8875642578125 0.0786359375 0.886942578125 0.0758384765625 0.88725341796875 0.07304111328125
0 0.87370791015625 0.08152744140625 0.87430595703125 0.07853720703125 0.87610009765625 0.076892578125 0.878641796875 0.07554697265625 0.8813330078125 0.0747994140625 0.88436044921875 0.074612109375 0.886942578125 0.0758384765625 0.88976357421875 0.08190546875 0.88925703125 0.085265234375 0.887462890625 0.088105859375 0.885070703125 0.08945146484375 0.88178154296875 0.08945146484375 0.87923984375 0.08870390625 0.8774201171875 0.08757470703125 0.87520302734375 0.08616220703125 0.8735583984375 0.084069140625 0.87370791015625 0.08152744140625
0 0.87520302734375 0.08616220703125 0.88178154296875 0.08945146484375 0.88155751953125 0.09178427734375 0.88003095703125 0.0933107421875 0.87793203125 0.0940740234375 0.8754513671875 0.093119921875 0.873733984375 0.09178427734375 0.8727798828125 0.08987607421875 0.87335234375 0.08777705078125 0.87520302734375 0.08616220703125
0 0.86839111328125 0.09006689453125 0.87068095703125 0.0893146484375 0.8727798828125 0.08987607421875 0.87793203125 0.0940740234375 0.8773595703125 0.0965546875 0.8762146484375 0.09808125 0.8739248046875 0.0990353515625 0.871444140625 0.0990353515625 0.86877275390625 0.0982720703125 0.86724619140625 0.09664775390625 0.8666146484375 0.09470947265625 0.86655361328125 0.0929330078125 0.86743701171875 0.09121181640625 0.86839111328125 0.09006689453125
0 0.9780861328125 0.1440166015625 0.97571748046875 0.1445203125 0.9735779296875 0.14392578125 0.97198759765625 0.1429662109375 0.97024091796875 0.14128134765625 0.9695009765625 0.1389255859375 0.96986318359375 0.1363703125 0.97105517578125 0.1345740234375 0.9732001953125 0.13328515625 0.9760283203125 0.1328390625 0.9777333984375 0.132907421875 0.979325390625 0.1337005859375 0.98069267578125 0.1347962890625 0.981623046875 0.136128125 0.9821408203125 0.1380703125 0.98218974609375 0.13954716796875 0.98176298828125 0.1410294921875 0.98100546875 0.14228564453125 0.979622265625 0.14335908203125 0.9780861328125 0.1440166015625
0 0.90283662109375 0.14788681640625 0.9128216796875 0.1417984375 0.93084345703125 0.13692763671875 0.95276181640625 0.1982990234375 0.9534923828125 0.20000380859375 0.93011279296875 0.2097453125 0.92743388671875 0.21096298828125 0.926459765625 0.20804052734375 0.921101953125 0.20998876953125 0.9176923828125 0.201221484375 0.92231962890625 0.19951669921875 0.90283662109375 0.14788681640625
0 0.8171115234375 0.15348818359375 0.8443876953125 0.14520791015625 0.84901494140625 0.15933310546875 0.85169384765625 0.15835888671875 0.8721509765625 0.22362685546875 0.8309931640625 0.23726494140625 0.81053603515625 0.174432421875 0.822712890625 0.17004873046875 0.8171115234375 0.15348818359375
0 0.85224580078125 0.2410064453125 0.86028251953125 0.2356486328125 0.8722158203125 0.23321318359375 0.87903486328125 0.243441796875 0.87976552734375 0.2539138671875 0.87513828125 0.25318330078125 0.8695369140625 0.2573234375 0.86564033203125 0.2573234375 0.86271787109375 0.25610576171875 0.86271787109375 0.251965625 0.8619873046875 0.25074794921875 0.8563859375 0.25074794921875 0.85224580078125 0.2410064453125
0 0.70986162109375 0.29781728515625 0.73830087890625 0.28561796875 0.74451728515625 0.3008482421875 0.71654326171875 0.3129703125 0.70986162109375 0.29781728515625
0 0.66640185546875 0.3304509765625 0.69367802734375 0.31997880859375 0.6978181640625 0.330207421875 0.71851884765625 0.321196484375 0.72631201171875 0.338244140625 0.70999501953125 0.34506318359375 0.7085337890625 0.3455501953125 0.70488076171875 0.33653935546875 0.7004970703125 0.338244140625 0.70220185546875 0.3433583984375 0.6754126953125 0.3545611328125 0.66640185546875 0.3304509765625
0 0.9596369140625 0.09465830078125 0.96788330078125 0.09334931640625 0.97246455078125 0.10604599609375 0.96500361328125 0.1098419921875 0.9608150390625 0.1099728515625 0.95544833984375 0.0981923828125 0.9596369140625 0.09465830078125
0 0.80930185546875 0.113085546875 0.82335234375 0.1076466796875 0.83626962890625 0.1416396484375 0.81904658203125 0.14639873046875 0.80930185546875 0.113085546875
