3 0.07188388671875 0.011179296875 0.05755966796875 0.00550908203125 0.0592244140625 9.765625e-07 0.075871484375 1.171875e-06 0.07188388671875 0.011179296875
4 0.58665927734375 0.00359814453125 0.577763671875 0.0126171875 0.56652060546875 0.00293876953125 0.569456640625 3.41796875e-06 0.58088359375 3.41796875e-06 0.58665927734375 0.00359814453125
3 0.9347939453125 0.49208056640625 0.9389220703125 0.49194521484375 0.93898974609375 0.48876455078125 0.95259208984375 0.48835849609375 0.95259208984375 0.5010810546875 0.93858369140625 0.50141943359375 0.938516015625 0.49878017578125 0.931883984375 0.49905087890625 0.9317486328125 0.4922158203125 0.9347939453125 0.49208056640625
2 0.68457802734375 0.6023259765625 0.69093935546875 0.59143056640625 0.7088728515625 0.60016044921875 0.7022408203125 0.61220634765625 0.68457802734375 0.6023259765625
3 0.8697869140625 0.7352556640625 0.87895458984375 0.72533017578125 0.8921693359375 0.73690380859375 0.881545703125 0.74597265625 0.8697869140625 0.7352556640625
1 0.9702580078125 0.81298134765625 0.97547666015625 0.80071474609375 0.992566015625 0.80679365234375 0.98727646484375 0.8188650390625 0.9702580078125 0.81298134765625
3 0.7248060546875 0.72559921875 0.7429548828125 0.72320751953125 0.7446431640625 0.73769833984375 0.725931640625 0.74023076171875 0.7248060546875 0.72559921875
3 0.731010546875 0.74230341796875 0.74928232421875 0.74149130859375 0.7494853515625 0.7544169921875 0.73141650390625 0.75489072265625 0.731010546875 0.74230341796875
3 0.73892734375 0.790814453125 0.75326484375 0.79029619140625 0.753351171875 0.80454736328125 0.7393591796875 0.80454736328125 0.73892734375 0.790814453125
3 0.74623896484375 0.950472265625 0.76541318359375 0.95021318359375 0.766449609375 0.96636435546875 0.747275390625 0.96714169921875 0.74623896484375 0.950472265625
3 0.7369806640625 0.895927734375 0.7530193359375 0.89423583984375 0.7538990234375 0.907905859375 0.73738671875 0.90824423828125 0.7369806640625 0.895927734375
2 0.3940927734375 0.92064462890625 0.41265107421875 0.9187357421875 0.41440087890625 0.937294140625 0.39515322265625 0.9383015625 0.3940927734375 0.92064462890625
1 0.41990107421875 0.9128890625 0.4312025390625 0.91282138671875 0.43059345703125 0.925882421875 0.41922431640625 0.9249349609375 0.41990107421875 0.9128890625
2 0.45131533203125 0.868112890625 0.45623837890625 0.8509251953125 0.49052744140625 0.8621533203125 0.4849998046875 0.88063662109375 0.45131533203125 0.868112890625
2 0.4463892578125 0.80529990234375 0.4626986328125 0.807059375 0.457284765625 0.8341287109375 0.44144912109375 0.83142177734375 0.4463892578125 0.80529990234375
2 0.44461953125 0.78322275390625 0.45083818359375 0.76715791015625 0.46526201171875 0.77277197265625 0.45878427734375 0.78918232421875 0.44461953125 0.78322275390625
2 0.4785859375 0.7324482421875 0.49085048828125 0.73495302734375 0.4879138671875 0.75455908203125 0.475562890625 0.7523998046875 0.4785859375 0.7324482421875
1 0.5560681640625 0.91741904296875 0.57384521484375 0.921771875 0.56946279296875 0.94338291015625 0.5504462890625 0.9404873046875 0.5560681640625 0.91741904296875
3 0.43503876953125 0.99900341796875 0.44973251953125 0.98783212890625 0.45790517578125 0.99723447265625 0.45474169921875 0.999003515625 0.43503876953125 0.99900341796875
0 0.08131376953125 0.6634658203125 0.10181708984375 0.6651193359375 0.1000533203125 0.68044169921875 0.07943974609375 0.677244921875 0.08131376953125 0.6634658203125
2 0.03555634765625 0.32099619140625 0.03818349609375 0.30994609375 0.06266826171875 0.31307119140625 0.0610970703125 0.3255755859375 0.03555634765625 0.32099619140625
2 0.0583078125 0.22371328125 0.07420029296875 0.2097927734375 0.085452734375 0.22058115234375 0.06840009765625 0.23519765625 0.0583078125 0.22371328125
1 0.13335703125 0.1840375 0.14634951171875 0.1698849609375 0.16433017578125 0.18473349609375 0.15017763671875 0.19958203125 0.13335703125 0.1840375
3 0.37830419921875 0.2185880859375 0.38139462890625 0.198591796875 0.3973916015625 0.2010458984375 0.3943921875 0.22158759765625 0.37830419921875 0.2185880859375
1 0.1689880859375 0.1188349609375 0.1844419921875 0.1108587890625 0.19028173828125 0.12090029296875 0.17404443359375 0.129588671875 0.1689880859375 0.1188349609375
4 0.4886205078125 3.515625e-06 0.49133896484375 0.00396142578125 0.4866703125 0.00650087890625 0.4823544921875 3.515625e-06 0.4886205078125 3.515625e-06
3 0.08808603515625 0.1881453125 0.093054296875 0.179983203125 0.100506640625 0.18459658203125 0.0934091796875 0.19240380859375 0.08808603515625 0.1881453125
3 0.10263583984375 0.1906294921875 0.10866875 0.19950126953125 0.1022810546875 0.2034048828125 0.09624814453125 0.194887890625 0.10263583984375 0.1906294921875
4 0.39008330078125 0.233569140625 0.401084375 0.23640810546875 0.39895517578125 0.24527998046875 0.38937353515625 0.2420861328125 0.39008330078125 0.233569140625
3 0.74071689453125 0.8121482421875 0.75285595703125 0.81272626953125 0.753433984375 0.82891171875 0.7395607421875 0.82833369140625 0.74071689453125 0.8121482421875
2 0.4588623046875 0.80443564453125 0.468316015625 0.7794109375 0.4811064453125 0.7844158203125 0.4858333984375 0.77273759765625 0.5052970703125 0.7785767578125 0.49945791015625 0.792757421875 0.4872236328125 0.789698828125 0.4797162109375 0.8130552734375 0.4588623046875 0.80443564453125
3 0.539715234375 0.2836744140625 0.552432421875 0.2894548828125 0.54549580078125 0.2992818359375 0.536825 0.29523544921875 0.539715234375 0.2836744140625
4 0.53353408203125 3.515625e-06 0.537309375 0.00513916015625 0.5276548828125 0.0113306640625 0.5229326171875 0.0041947265625 0.52943349609375 3.515625e-06 0.53353408203125 3.515625e-06
3 0.98828603515625 0.82968232421875 0.99467548828125 0.8365451171875 0.9856830078125 0.84411767578125 0.9792935546875 0.83678173828125 0.98828603515625 0.82968232421875
3 0.7360630859375 0.838310546875 0.7535748046875 0.8390205078125 0.7535748046875 0.8513259765625 0.7358263671875 0.85108935546875 0.7360630859375 0.838310546875
