0 0.3273478515625 0.3900841796875 0.323722265625 0.38645859375 0.3235314453125 0.36623193359375 0.33154580078125 0.36699521484375 0.33154580078125 0.3475318359375 0.34356728515625 0.347341015625 0.34452138671875 0.35478291015625 0.3567337890625 0.3557369140625 0.356161328125 0.36642275390625 0.35921435546875 0.371765625 0.3555888671875 0.3731013671875 0.3555888671875 0.39103828125 0.3273478515625 0.3900841796875
0 0.3721974609375 0.38174677734375 0.370836328125 0.374446875 0.361965625 0.37421259765625 0.36255126953125 0.34278837890625 0.3667685546875 0.34278837890625 0.3668857421875 0.34114833984375 0.36981435546875 0.34126552734375 0.36969716796875 0.34290556640625 0.375905859375 0.34325693359375 0.3764916015625 0.337516796875 0.38059169921875 0.3371654296875 0.3809431640625 0.339859765625 0.38504326171875 0.34021123046875 0.38393291015625 0.38225302734375 0.3721974609375 0.38174677734375
0 0.3880984375 0.388609765625 0.3873955078125 0.34678876953125 0.3984072265625 0.34667158203125 0.39864150390625 0.35452041015625 0.4049673828125 0.35323173828125 0.40508447265625 0.35159169921875 0.41070751953125 0.35159169921875 0.41199609375 0.3563947265625 0.4148076171875 0.3574490234375 0.413050390625 0.388492578125 0.3880984375 0.388609765625
0 0.42084072265625 0.3908419921875 0.42032294921875 0.38092939453125 0.41680859375 0.37882080078125 0.4164033203125 0.34681455078125 0.43004091796875 0.34639345703125 0.4300857421875 0.3552794921875 0.44042265625 0.35573232421875 0.44061591796875 0.390494140625 0.42084072265625 0.3908419921875
0 0.44545380859375 0.39043662109375 0.44545380859375 0.354255078125 0.4574146484375 0.35380654296875 0.4574146484375 0.34782607421875 0.46294658203125 0.347078515625 0.46653486328125 0.347078515625 0.46533876953125 0.39088515625 0.44545380859375 0.39043662109375
0 0.47535537109375 0.391815234375 0.472813671875 0.3915162109375 0.47386025390625 0.3530919921875 0.48925986328125 0.3536900390625 0.48896083984375 0.34845712890625 0.49867900390625 0.34800859375 0.4994265625 0.391815234375 0.47535537109375 0.391815234375
0 0.50429541015625 0.35105380859375 0.51767197265625 0.35141337890625 0.5183912109375 0.3456599609375 0.52673359375 0.34609150390625 0.527380859375 0.3808275390625 0.5277962890625 0.39543037109375 0.52645078125 0.395280859375 0.52510517578125 0.39303818359375 0.518078125 0.39214111328125 0.51852666015625 0.39602841796875 0.50372509765625 0.3946828125 0.50421494140625 0.35770244140625 0.50429541015625 0.35105380859375
0 0.5331115234375 0.38308583984375 0.53296201171875 0.3513896484375 0.538643359375 0.351090625 0.5428296875 0.351688671875 0.5497072265625 0.35288466796875 0.55000625 0.35004404296875 0.55628564453125 0.3507916015625 0.5561361328125 0.36828427734375 0.56017294921875 0.37426474609375 0.55568759765625 0.37456376953125 0.55568759765625 0.3832353515625 0.5331115234375 0.38308583984375
0 0.56836708984375 0.387185546875 0.56864267578125 0.38086669921875 0.56180458984375 0.37931259765625 0.562426171875 0.35102783203125 0.5739265625 0.3516494140625 0.5736158203125 0.3454330078125 0.58262958984375 0.34574384765625 0.58276728515625 0.37339521484375 0.586009375 0.377168359375 0.586009375 0.38195263671875 0.5845142578125 0.3821021484375 0.58376669921875 0.387185546875 0.56836708984375 0.387185546875
0 0.59066005859375 0.39268955078125 0.5890154296875 0.38850322265625 0.588118359375 0.35456435546875 0.5991822265625 0.3535177734375 0.59873369140625 0.35127509765625 0.6047140625 0.35187314453125 0.6050130859375 0.34828486328125 0.6109935546875 0.348434375 0.6109935546875 0.34918193359375 0.61204013671875 0.34977998046875 0.6121896484375 0.3771404296875 0.6139837890625 0.3777384765625 0.613684765625 0.3825228515625 0.61024599609375 0.38297138671875 0.60994697265625 0.39179248046875 0.59066005859375 0.39268955078125
0 0.61806142578125 0.39298818359375 0.61656630859375 0.38939990234375 0.6179119140625 0.35486298828125 0.63256396484375 0.35456396484375 0.63196591796875 0.34888251953125 0.6357037109375 0.34828447265625 0.6404880859375 0.3487330078125 0.64138515625 0.39328720703125 0.61806142578125 0.39298818359375
0 0.65251982421875 0.39216357421875 0.6520345703125 0.38466640625 0.64650078125 0.38409404296875 0.64554677734375 0.34974677734375 0.6527978515625 0.35012841796875 0.6527978515625 0.35432646484375 0.65699580078125 0.35451728515625 0.65699580078125 0.34917431640625 0.6629111328125 0.34860185546875 0.6640560546875 0.35375400390625 0.66863564453125 0.35337236328125 0.66936875 0.36138671875 0.670423046875 0.3617380859375 0.6699544921875 0.39219599609375 0.65251982421875 0.39216357421875
0 0.68279345703125 0.3931126953125 0.67757734375 0.392659765625 0.677852734375 0.38127822265625 0.6825337890625 0.3806357421875 0.68060634765625 0.3791671875 0.67987197265625 0.37219140625 0.68225849609375 0.37136533203125 0.68189130859375 0.36383876953125 0.719891015625 0.36402236328125 0.71979921875 0.371548828125 0.71493447265625 0.37136533203125 0.71510234375 0.38659580078125 0.7167544921875 0.38696298828125 0.7165708984375 0.39237841796875 0.68279345703125 0.3931126953125
0 0.6841150390625 0.361714453125 0.683763671875 0.35925439453125 0.68399794921875 0.3557400390625 0.68060068359375 0.35222568359375 0.68048359375 0.3481255859375 0.68891806640625 0.34929697265625 0.6886837890625 0.344142578125 0.68997236328125 0.344142578125 0.68891806640625 0.33641103515625 0.70461552734375 0.33617666015625 0.70473271484375 0.33863671875 0.71996162109375 0.3382853515625 0.71961015625 0.35421708984375 0.71387001953125 0.35386572265625 0.71269853515625 0.357380078125 0.7137529296875 0.361714453125 0.6841150390625 0.361714453125
0 0.72941787109375 0.393705859375 0.7294890625 0.37469931640625 0.73517978515625 0.37460751953125 0.73426796875 0.3654484375 0.75980576171875 0.36568271484375 0.7601572265625 0.36743994140625 0.7671859375 0.369665625 0.76859169921875 0.38208310546875 0.7721060546875 0.38255166015625 0.77222314453125 0.392743359375 0.72941787109375 0.393705859375
0 0.72489931640625 0.364974609375 0.72547177734375 0.33972568359375 0.7624904296875 0.3406796875 0.7613455078125 0.3437328125 0.76268125 0.35480029296875 0.76783330078125 0.355754296875 0.7678490234375 0.36487626953125 0.72489931640625 0.364974609375
0 0.6735234375 0.33741015625 0.6735234375 0.3278693359375 0.6721876953125 0.3225263671875 0.68077451171875 0.32157236328125 0.68039287109375 0.311458984375 0.7197013671875 0.3131763671875 0.7197013671875 0.33206728515625 0.717983984375 0.33244892578125 0.7177931640625 0.33454794921875 0.70806142578125 0.33492958984375 0.7069166015625 0.33092236328125 0.706344140625 0.33416630859375 0.6872623046875 0.33321220703125 0.687834765625 0.3381734375 0.6735234375 0.33741015625
0 0.68112060546875 0.3091544921875 0.68150224609375 0.30648310546875 0.68150224609375 0.295415625 0.678830859375 0.2938890625 0.67895478515625 0.288695703125 0.679104296875 0.2834767578125 0.71906416015625 0.28400791015625 0.71876513671875 0.2866322265625 0.718633203125 0.28927802734375 0.718221875 0.29422763671875 0.71718525390625 0.309726953125 0.68112060546875 0.3091544921875
0 0.6787279296875 0.25302802734375 0.7183482421875 0.25392509765625 0.71789970703125 0.280837109375 0.6829142578125 0.28203310546875 0.68216669921875 0.280837109375 0.67558818359375 0.28098662109375 0.674242578125 0.27620224609375 0.6728970703125 0.27111884765625 0.676634765625 0.2703712890625 0.676634765625 0.2691751953125 0.6805220703125 0.2685771484375 0.6787279296875 0.25302802734375
0 0.68148095703125 0.25088740234375 0.68129013671875 0.2472619140625 0.67060439453125 0.246689453125 0.67136767578125 0.23886591796875 0.67632890625 0.23924755859375 0.67785546875 0.23562197265625 0.6749931640625 0.2348587890625 0.6749931640625 0.22798935546875 0.6749931640625 0.22131064453125 0.71659150390625 0.22264638671875 0.71754560546875 0.24134658203125 0.71124853515625 0.24134658203125 0.709912890625 0.244399609375 0.7093404296875 0.25107822265625 0.68148095703125 0.25088740234375
0 0.34586845703125 0.32276552734375 0.34586845703125 0.31947626953125 0.348260546875 0.29540498046875 0.38638583984375 0.2967505859375 0.386236328125 0.31020654296875 0.39311376953125 0.3109541015625 0.39326328125 0.324260546875 0.34586845703125 0.32276552734375
0 0.3488984375 0.26695078125 0.3843322265625 0.26663994140625 0.3843322265625 0.28000537109375 0.3930587890625 0.28404599609375 0.3932751953125 0.29461396484375 0.350141796875 0.293048046875 0.3488984375 0.26695078125
0 0.3605876953125 0.23691845703125 0.3869015625 0.2361708984375 0.38645302734375 0.23960966796875 0.39273251953125 0.2403572265625 0.3931810546875 0.2499259765625 0.38555595703125 0.2499259765625 0.38570546875 0.25351416015625 0.3877986328125 0.2539626953125 0.3869015625 0.2657740234375 0.3712029296875 0.265475 0.37015634765625 0.2605412109375 0.36133525390625 0.2605412109375 0.3605876953125 0.23691845703125
0 0.34986767578125 0.238487109375 0.34954287109375 0.23468857421875 0.3467314453125 0.234571484375 0.34743427734375 0.21114228515625 0.3865609375 0.20938515625 0.38644375 0.21664814453125 0.389427734375 0.21829404296875 0.396587109375 0.21811044921875 0.3981474609375 0.23371416015625 0.35867919921875 0.23564169921875 0.35858740234375 0.23821171875 0.3574859375 0.2383953125 0.34986767578125 0.238487109375
0 0.34655068359375 0.209080078125 0.346360546875 0.17976865234375 0.3777578125 0.17797451171875 0.3768607421875 0.1811142578125 0.3792529296875 0.1817123046875 0.37940244140625 0.18305791015625 0.380748046875 0.1829083984375 0.3816451171875 0.18530048828125 0.383140234375 0.18589853515625 0.3834392578125 0.19756044921875 0.37940244140625 0.1977099609375 0.38029951171875 0.2087638671875 0.34655068359375 0.209080078125
0 0.72615029296875 0.33428125 0.72661982421875 0.31083974609375 0.7629349609375 0.31247978515625 0.76276708984375 0.323817578125 0.768916796875 0.32446005859375 0.76974287109375 0.33712666015625 0.737433984375 0.33666767578125 0.737433984375 0.3346484375 0.72615029296875 0.33428125
0 0.72619375 0.30587919921875 0.72639404296875 0.30116669921875 0.7265435546875 0.28457099609375 0.73267353515625 0.28457099609375 0.7331220703125 0.282776953125 0.7703501953125 0.28232841796875 0.7697521484375 0.29384072265625 0.763622265625 0.29413974609375 0.76317109375 0.31012841796875 0.731660546875 0.30933955078125 0.73172744140625 0.30587919921875 0.72619375 0.30587919921875
0 0.7261119140625 0.254641796875 0.76394990234375 0.25417314453125 0.76394990234375 0.2562818359375 0.76500419921875 0.25639892578125 0.76582421875 0.2661220703125 0.7620755859375 0.26682490234375 0.7598498046875 0.2703392578125 0.7687529296875 0.27057353515625 0.76840146484375 0.28099951171875 0.72517470703125 0.27994521484375 0.725526171875 0.2703392578125 0.72681474609375 0.2703392578125 0.72681474609375 0.26635634765625 0.7259947265625 0.26623916015625 0.7261119140625 0.254641796875
0 0.73071875 0.22367744140625 0.7641052734375 0.22156884765625 0.7658625 0.22473173828125 0.76984541015625 0.224966015625 0.7705482421875 0.231526171875 0.7684396484375 0.23234619140625 0.7684396484375 0.238203515625 0.76492529296875 0.238203515625 0.764808203125 0.240429296875 0.76164521484375 0.240194921875 0.76269951171875 0.251206640625 0.7395046875 0.25190947265625 0.73493603515625 0.24652080078125 0.734116015625 0.2430064453125 0.73048447265625 0.24230361328125 0.73071875 0.22367744140625
0 0.45021767578125 0.30501904296875 0.44902158203125 0.3003841796875 0.4500681640625 0.271678125 0.47114912109375 0.272276171875 0.4707005859375 0.27840615234375 0.47384033203125 0.27945263671875 0.472195703125 0.30262685546875 0.46113193359375 0.3027763671875 0.4606833984375 0.30591611328125 0.45021767578125 0.30501904296875
0 0.4797478515625 0.26755712890625 0.50247412109375 0.2683771484375 0.50282548828125 0.30082646484375 0.47904501953125 0.3012951171875 0.4797478515625 0.26755712890625
0 0.50904814453125 0.2640953125 0.52965654296875 0.263713671875 0.53003818359375 0.265240234375 0.5319462890625 0.265240234375 0.53251875 0.29863330078125 0.53251875 0.30283134765625 0.520115625 0.30244970703125 0.5185890625 0.310082421875 0.507330859375 0.3102732421875 0.5061689453125 0.27010986328125 0.50874619140625 0.26975849609375 0.50904814453125 0.2640953125
0 0.5393732421875 0.26348916015625 0.5588193359375 0.2632548828125 0.5599908203125 0.29898427734375 0.55975654296875 0.30226435546875 0.54874482421875 0.30285009765625 0.54874482421875 0.3056615234375 0.54534765625 0.30601298828125 0.54394189453125 0.30882451171875 0.53691318359375 0.308473046875 0.535507421875 0.27051787109375 0.5403103515625 0.27040068359375 0.5393732421875 0.26348916015625
0 0.5642837890625 0.2628166015625 0.588517578125 0.262244140625 0.5887083984375 0.301743359375 0.5883267578125 0.3042240234375 0.5627572265625 0.30441484375 0.5642837890625 0.2628166015625
0 0.593860546875 0.302506640625 0.5932880859375 0.29659130859375 0.59462373046875 0.26663291015625 0.60282890625 0.26625126953125 0.602447265625 0.2597634765625 0.617521875 0.2601451171875 0.617140234375 0.263007421875 0.61828515625 0.26567880859375 0.61828515625 0.30956689453125 0.609316796875 0.30918525390625 0.6087443359375 0.29869033203125 0.6056912109375 0.302506640625 0.593860546875 0.302506640625
0 0.594117578125 0.25694140625 0.594117578125 0.25426240234375 0.5938740234375 0.2187060546875 0.6055638671875 0.2182189453125 0.6050767578125 0.21115634765625 0.6162794921875 0.21139990234375 0.6162794921875 0.2182189453125 0.6189583984375 0.217975390625 0.61774072265625 0.2452515625 0.61481826171875 0.24622568359375 0.61481826171875 0.248417578125 0.6136005859375 0.2562107421875 0.594117578125 0.25694140625
0 0.565332421875 0.2160232421875 0.57582734375 0.215832421875 0.5763998046875 0.21068037109375 0.5771607421875 0.20591953125 0.5896107421875 0.206314453125 0.5903294921875 0.21029873046875 0.58956630859375 0.2465541015625 0.58861220703125 0.25304189453125 0.566095703125 0.25323271484375 0.565332421875 0.2160232421875
0 0.44811513671875 0.257146484375 0.44781611328125 0.24099931640625 0.4503578125 0.2414478515625 0.45020830078125 0.23352373046875 0.45170341796875 0.23337421875 0.4506568359375 0.21109716796875 0.45723525390625 0.2106486328125 0.457384765625 0.21603095703125 0.46172060546875 0.21692802734375 0.462169140625 0.21872216796875 0.4748775390625 0.21872216796875 0.473382421875 0.25729599609375 0.44811513671875 0.257146484375
0 0.4892267578125 0.255736328125 0.48728310546875 0.2484103515625 0.48489091796875 0.24855986328125 0.4816017578125 0.24915791015625 0.4798076171875 0.24616767578125 0.47965810546875 0.21506943359375 0.4859375 0.21387333984375 0.4916189453125 0.2152189453125 0.49266552734375 0.21118212890625 0.497300390625 0.2098365234375 0.5022341796875 0.2119296875 0.5016361328125 0.255736328125 0.4892267578125 0.255736328125
0 0.50668037109375 0.21816728515625 0.52118291015625 0.21846630859375 0.52193046875 0.212336328125 0.53045263671875 0.212336328125 0.53075166015625 0.2558439453125 0.53045263671875 0.2576380859375 0.50458720703125 0.25718955078125 0.50383974609375 0.24986357421875 0.50608232421875 0.2494150390625 0.50668037109375 0.21816728515625
0 0.53487333984375 0.25738583984375 0.53547138671875 0.21178505859375 0.5420498046875 0.21028994140625 0.5480302734375 0.21148603515625 0.548329296875 0.21896162109375 0.5604396484375 0.2197091796875 0.56058916015625 0.25708681640625 0.53487333984375 0.25738583984375
0 0.78800126953125 0.39299365234375 0.78742880859375 0.365325 0.797923828125 0.36475263671875 0.79887783203125 0.35807392578125 0.80364833984375 0.35845556640625 0.8108994140625 0.35864638671875 0.8105177734375 0.39242119140625 0.78800126953125 0.39299365234375
0 0.81556552734375 0.38982177734375 0.8151763671875 0.38722509765625 0.81214736328125 0.38694970703125 0.81196376953125 0.35243798828125 0.82417138671875 0.352621484375 0.824 0.35432666015625 0.829388671875 0.3539751953125 0.829388671875 0.351163671875 0.838174609375 0.35245234375 0.8386431640625 0.3675640625 0.840283203125 0.36779833984375 0.83887744140625 0.3900560546875 0.81556552734375 0.38982177734375
0 0.846296875 0.3873474609375 0.846939453125 0.37954560546875 0.8412486328125 0.37596591796875 0.8415240234375 0.35338642578125 0.85400703125 0.35366171875 0.857494921875 0.34760380859375 0.867683203125 0.34751201171875 0.867316015625 0.38422666015625 0.8654802734375 0.38798994140625 0.846296875 0.3873474609375
0 0.87208486328125 0.35185439453125 0.88063642578125 0.352088671875 0.8820421875 0.35384580078125 0.889656640625 0.35443154296875 0.89117958984375 0.358531640625 0.89481103515625 0.3590001953125 0.896333984375 0.3901609375 0.88947998046875 0.3898876953125 0.888194921875 0.3934673828125 0.87176513671875 0.39291669921875 0.87208486328125 0.35185439453125
0 0.90120283203125 0.3902189453125 0.90065205078125 0.38416103515625 0.901753515625 0.356900390625 0.90817861328125 0.35598251953125 0.9138693359375 0.357267578125 0.92029443359375 0.35717578125 0.91974365234375 0.360296484375 0.92167119140625 0.36038828125 0.92167119140625 0.363876171875 0.92525087890625 0.36451865234375 0.9240576171875 0.3899435546875 0.90120283203125 0.3902189453125
0 0.930400390625 0.39524189453125 0.92954453125 0.390165625 0.92939501953125 0.3602634765625 0.93447841796875 0.358768359375 0.9388142578125 0.36011396484375 0.94359853515625 0.361160546875 0.943748046875 0.35562861328125 0.95227021484375 0.35562861328125 0.95271875 0.36400126953125 0.9512236328125 0.36609443359375 0.9530177734375 0.3678884765625 0.95178662109375 0.39459931640625 0.930400390625 0.39524189453125
0 0.99847587890625 0.39076826171875 0.9872849609375 0.39066513671875 0.98681630859375 0.355287109375 0.99847587890625 0.3554943359375 0.99847587890625 0.39076826171875
0 0.96385576171875 0.39324228515625 0.9631529296875 0.38843935546875 0.9567099609375 0.38832216796875 0.95752998046875 0.35798154296875 0.970181640625 0.35833291015625 0.97006455078125 0.35235849609375 0.98154482421875 0.353178515625 0.981193359375 0.3822306640625 0.9827162109375 0.3821134765625 0.98259912109375 0.3934765625 0.96385576171875 0.39324228515625
0 0.99847587890625 0.3053509765625 0.99536220703125 0.308496875 0.98552197265625 0.3080283203125 0.9858734375 0.30228818359375 0.984701953125 0.30193671875 0.98493623046875 0.28541923828125 0.98798203125 0.285536328125 0.98774775390625 0.27710185546875 0.99847587890625 0.27761474609375 0.99847587890625 0.3053509765625
0 0.9579875 0.26933681640625 0.98146064453125 0.269486328125 0.979816015625 0.3049203125 0.9804140625 0.30835908203125 0.9677056640625 0.30806005859375 0.9653134765625 0.315087109375 0.95694091796875 0.3147880859375 0.9558943359375 0.31075126953125 0.9564923828125 0.2768123046875 0.9588845703125 0.27606474609375 0.9579875 0.26933681640625
0 0.926882421875 0.30905283203125 0.92623994140625 0.26756533203125 0.92908525390625 0.26765712890625 0.92963603515625 0.26600498046875 0.93495966796875 0.26591318359375 0.93505146484375 0.26738173828125 0.94845224609375 0.26774892578125 0.94872763671875 0.26572958984375 0.95184833984375 0.26545419921875 0.95129765625 0.3087775390625 0.926882421875 0.30905283203125
0 0.89903115234375 0.26580654296875 0.9091978515625 0.2659560546875 0.910094921875 0.2647599609375 0.9234013671875 0.26580654296875 0.9234013671875 0.2755248046875 0.92265380859375 0.27642177734375 0.92265380859375 0.2795615234375 0.92474697265625 0.2795615234375 0.9245974609375 0.30438037109375 0.923700390625 0.30602490234375 0.908221875 0.3074361328125 0.90745859375 0.3123974609375 0.89998515625 0.31209970703125 0.89903115234375 0.26580654296875
0 0.87139404296875 0.2683185546875 0.8948646484375 0.2687001953125 0.8948646484375 0.3081994140625 0.88265224609375 0.308390234375 0.88303388671875 0.31697705078125 0.87043994140625 0.31716787109375 0.87139404296875 0.2683185546875
0 0.840366015625 0.27048291015625 0.84465185546875 0.26827998046875 0.864844921875 0.2690142578125 0.865212109375 0.30728935546875 0.853498828125 0.3072716796875 0.85096435546875 0.31384482421875 0.84156796875 0.31087939453125 0.840366015625 0.27048291015625
0 0.812440234375 0.2655732421875 0.83725908203125 0.26661982421875 0.83636201171875 0.30324990234375 0.82559716796875 0.304296484375 0.82440107421875 0.3193970703125 0.8133373046875 0.3182009765625 0.812440234375 0.2655732421875
0 0.99847578125 0.2588013671875 0.98465634765625 0.25853203125 0.9845068359375 0.22339697265625 0.99557060546875 0.22399501953125 0.9951220703125 0.21846318359375 0.99847578125 0.2183603515625 0.99847578125 0.2588013671875
0 0.95565126953125 0.261522265625 0.95505322265625 0.2229484375 0.9584919921875 0.21906123046875 0.96626650390625 0.2232474609375 0.970004296875 0.21995830078125 0.96985478515625 0.2162205078125 0.9785263671875 0.215921484375 0.97822734375 0.21786513671875 0.98076904296875 0.217715625 0.9815166015625 0.26600751953125 0.97060234375 0.26690458984375 0.97045283203125 0.26167177734375 0.95565126953125 0.261522265625
0 0.93878876953125 0.26246640625 0.9373830078125 0.25567197265625 0.9282333984375 0.25575673828125 0.92856474609375 0.219429296875 0.93882119140625 0.2190130859375 0.9424203125 0.22169970703125 0.94248505859375 0.216233984375 0.9471384765625 0.21561591796875 0.95299580078125 0.21581787109375 0.9540177734375 0.25356337890625 0.952143359375 0.2563748046875 0.952377734375 0.25953779296875 0.95144052734375 0.26000634765625 0.95120625 0.2619978515625 0.93878876953125 0.26246640625
0 0.89832138671875 0.262259765625 0.8965642578125 0.22114169921875 0.89937568359375 0.22102451171875 0.90054716796875 0.2124728515625 0.90453017578125 0.2146986328125 0.9051158203125 0.22442177734375 0.90991884765625 0.2245388671875 0.90991884765625 0.21563583984375 0.9146046875 0.21516728515625 0.922101953125 0.2159873046875 0.92292197265625 0.255582421875 0.92069619140625 0.2573396484375 0.92069619140625 0.2617912109375 0.89832138671875 0.262259765625
0 0.8776048828125 0.258755859375 0.87622578125 0.25062119140625 0.86820146484375 0.2486296875 0.8682986328125 0.21907900390625 0.8823357421875 0.21917607421875 0.8825052734375 0.2148880859375 0.88818671875 0.21384150390625 0.89341953125 0.2154861328125 0.89338720703125 0.22248076171875 0.8940900390625 0.22248076171875 0.8932052734375 0.25869111328125 0.8776048828125 0.258755859375
0 0.83809111328125 0.26160546875 0.8379416015625 0.22153662109375 0.8530421875 0.2210880859375 0.853640234375 0.21615419921875 0.858873046875 0.2145095703125 0.86500302734375 0.21675224609375 0.863657421875 0.2613064453125 0.83809111328125 0.26160546875
0 0.8132943359375 0.25823955078125 0.81419140625 0.2350654296875 0.81404189453125 0.23312177734375 0.81419140625 0.2226560546875 0.820171875 0.2208619140625 0.82495615234375 0.22190849609375 0.82495615234375 0.22504814453125 0.83661806640625 0.22519765625 0.8364685546875 0.2583890625 0.8132943359375 0.25823955078125
0 0.99847587890625 0.16976005859375 0.991159375 0.170549609375 0.9909685546875 0.16577919921875 0.9902052734375 0.14879638671875 0.99383076171875 0.14803310546875 0.99363994140625 0.1402095703125 0.99847587890625 0.14006455078125 0.99847587890625 0.16976005859375
0 0.9615826171875 0.1711220703125 0.9615826171875 0.1297146484375 0.9713142578125 0.129523828125 0.98524404296875 0.143453515625 0.98409912109375 0.1715037109375 0.9615826171875 0.1711220703125
0 0.932769140625 0.1749384765625 0.9325783203125 0.13639326171875 0.93753955078125 0.13543916015625 0.93696708984375 0.1321953125 0.95242333984375 0.13238603515625 0.95299580078125 0.13486669921875 0.95585810546875 0.13448505859375 0.95452236328125 0.1699771484375 0.9426916015625 0.1707404296875 0.94116513671875 0.17474765625 0.932769140625 0.1749384765625
0 0.90605458984375 0.17474765625 0.904146484375 0.17016796875 0.9047189453125 0.13620244140625 0.918076171875 0.13543916015625 0.92036591796875 0.1405912109375 0.92437314453125 0.1421177734375 0.92360986328125 0.14803310546875 0.92647216796875 0.14879638671875 0.92704453125 0.1703587890625 0.9159771484375 0.1699771484375 0.913496484375 0.17474765625 0.90605458984375 0.17474765625
0 0.8761609375 0.13411435546875 0.9000826171875 0.13471240234375 0.90053115234375 0.1698474609375 0.8840849609375 0.1704455078125 0.8840849609375 0.17493076171875 0.8761609375 0.1750802734375 0.8761609375 0.13411435546875
0 0.84598212890625 0.13223056640625 0.865896875 0.13211337890625 0.86659970703125 0.13328486328125 0.8696455078125 0.133636328125 0.8696455078125 0.1701857421875 0.851605078125 0.1713572265625 0.8511365234375 0.16491416015625 0.8468021484375 0.16315703125 0.84598212890625 0.13223056640625
0 0.81717529296875 0.1306763671875 0.82982705078125 0.1306763671875 0.83088134765625 0.13301923828125 0.83404423828125 0.13266787109375 0.83462998046875 0.135479296875 0.8415416015625 0.1426251953125 0.8403701171875 0.16898291015625 0.82900703125 0.17085732421875 0.82912412109375 0.174840234375 0.816823828125 0.1742544921875 0.81717529296875 0.1306763671875
0 0.7943998046875 0.13793896484375 0.8127896484375 0.1392845703125 0.81234111328125 0.17606416015625 0.80411796875 0.175017578125 0.8038189453125 0.16963525390625 0.7902134765625 0.169784765625 0.78946591796875 0.16335576171875 0.79036298828125 0.14735810546875 0.79245615234375 0.146610546875 0.7943998046875 0.13793896484375
0 0.76165693359375 0.1333041015625 0.7842330078125 0.13255654296875 0.7854291015625 0.16918671875 0.77257119140625 0.1688876953125 0.7724216796875 0.172625390625 0.76255400390625 0.17202744140625 0.76195595703125 0.1546841796875 0.76195595703125 0.149002734375 0.76165693359375 0.1333041015625
0 0.730686328125 0.12840947265625 0.743095703125 0.1276619140625 0.746683984375 0.13453935546875 0.75057119140625 0.13453935546875 0.75296337890625 0.139772265625 0.75326240234375 0.1604046875 0.7537109375 0.1672822265625 0.7421986328125 0.1672822265625 0.73083583984375 0.1666841796875 0.730686328125 0.12840947265625
0 0.69429912109375 0.17041650390625 0.69448994140625 0.13626015625 0.71452578125 0.13626015625 0.7143349609375 0.14332041015625 0.71757890625 0.1461826171875 0.7185330078125 0.1648828125 0.70612978515625 0.1635470703125 0.704794140625 0.17156142578125 0.69429912109375 0.17041650390625
0 0.664803125 0.127384765625 0.6893228515625 0.12723525390625 0.6887248046875 0.16281884765625 0.68827626953125 0.16551005859375 0.67556787109375 0.1656595703125 0.67467080078125 0.17223798828125 0.665401171875 0.17104189453125 0.664803125 0.127384765625
0 0.69702060546875 1.181640625e-05 0.696830078125 0.00713642578125 0.67660341796875 0.00904462890625 0.67622177734375 0.00751806640625 0.65389609375 0.00770888671875 0.65389609375 1.2109375e-05 0.69702060546875 1.181640625e-05
0 0.6552921875 0.04251142578125 0.654103125 0.02819140625 0.66101474609375 0.0287771484375 0.65937470703125 0.0135482421875 0.67577509765625 0.0130796875 0.676009375 0.0167111328125 0.68491240234375 0.016359765625 0.6851466796875 0.018351171875 0.69129638671875 0.017822265625 0.69167802734375 0.0145783203125 0.6989291015625 0.0143875 0.6993107421875 0.033278515625 0.6877142578125 0.036769921875 0.6867904296875 0.041995703125 0.6552921875 0.04251142578125
0 0.67115087890625 0.0615923828125 0.68834462890625 0.06114384765625 0.68864365234375 0.054116796875 0.69582021484375 0.05516337890625 0.69582021484375 0.108538671875 0.69552119140625 0.11018330078125 0.67787890625 0.1106318359375 0.67683232421875 0.10225927734375 0.67174892578125 0.10225927734375 0.67115087890625 0.0615923828125
0 0.66357626953125 0.12143916015625 0.6634267578125 0.10693662109375 0.670752734375 0.106787109375 0.67060322265625 0.121588671875 0.66357626953125 0.12143916015625
0 0.6634267578125 0.1040958984375 0.66297822265625 0.087201171875 0.67120126953125 0.0869021484375 0.67090224609375 0.1040958984375 0.6634267578125 0.1040958984375
0 0.64727958984375 0.1138140625 0.64652421875 0.1089673828125 0.63808974609375 0.108264453125 0.63797265625 0.10041572265625 0.63879267578125 0.0727693359375 0.653084375 0.07323798828125 0.65343583984375 0.0653892578125 0.6614017578125 0.0653892578125 0.6614017578125 0.07862666015625 0.660735546875 0.1135150390625 0.64727958984375 0.1138140625
0 0.605790234375 0.12018564453125 0.60602451171875 0.07918466796875 0.6180904296875 0.07977041015625 0.61902763671875 0.076724609375 0.62511923828125 0.076607421875 0.625236328125 0.0739130859375 0.63273369140625 0.074381640625 0.6314451171875 0.1197169921875 0.605790234375 0.12018564453125
0 0.6360138671875 0.16983056640625 0.63407021484375 0.16414912109375 0.6354158203125 0.127967578125 0.65246005859375 0.128565625 0.65246005859375 0.13334990234375 0.65515126953125 0.135592578125 0.65455322265625 0.14202158203125 0.65933759765625 0.14501171875 0.65873955078125 0.16534521484375 0.647077734375 0.1654947265625 0.64722724609375 0.16923251953125 0.6360138671875 0.16983056640625
0 0.606933203125 0.1696208984375 0.606816015625 0.165637890625 0.60833896484375 0.1411544921875 0.6051759765625 0.14033447265625 0.60552744140625 0.1336572265625 0.60986181640625 0.13318857421875 0.6097447265625 0.13178291015625 0.6042388671875 0.13166572265625 0.604707421875 0.12569130859375 0.633173828125 0.126394140625 0.6324708984375 0.16458359375 0.6211078125 0.16458359375 0.62075634765625 0.17032373046875 0.606933203125 0.1696208984375
0 0.57875615234375 0.17045673828125 0.57840478515625 0.16061650390625 0.57899052734375 0.16061650390625 0.57934189453125 0.12184130859375 0.60405966796875 0.12254423828125 0.60405966796875 0.14257607421875 0.6065197265625 0.14339609375 0.60558251953125 0.16085078125 0.6032396484375 0.16495087890625 0.5900021484375 0.16495087890625 0.58918212890625 0.170808203125 0.57875615234375 0.17045673828125
0 0.5503828125 0.1718333984375 0.55272578125 0.1250923828125 0.5761548828125 0.12579521484375 0.57580341796875 0.16574189453125 0.5636203125 0.16679619140625 0.56010595703125 0.17206767578125 0.5503828125 0.1718333984375
0 0.579814453125 0.119473828125 0.580577734375 0.1150849609375 0.5765705078125 0.11527578125 0.5788603515625 0.08111943359375 0.5918359375 0.08131025390625 0.5920267578125 0.07425 0.60214013671875 0.0748224609375 0.59985029296875 0.12004619140625 0.579814453125 0.119473828125
0 0.548105078125 0.1183859375 0.54705849609375 0.07906455078125 0.5506466796875 0.0789150390625 0.5512447265625 0.07278515625 0.5620095703125 0.0730841796875 0.56230859375 0.08055966796875 0.575316015625 0.0819052734375 0.57397041015625 0.117787890625 0.548105078125 0.1183859375
0 0.60735751953125 1.240234375e-05 0.60750693359375 0.03064609375 0.59509755859375 0.0309451171875 0.594948046875 0.02496474609375 0.58328623046875 0.024815234375 0.58224013671875 1.25e-05 0.60735751953125 1.240234375e-05
0 0.577593359375 1.25e-05 0.577593359375 0.02745283203125 0.56552734375 0.02733564453125 0.56564453125 0.029912890625 0.55439853515625 0.03014716796875 0.55357880859375 1.259765625e-05 0.577593359375 1.25e-05
0 0.55051201171875 1.259765625e-05 0.55074619140625 0.02547763671875 0.527416015625 0.026290234375 0.526337109375 0.02376083984375 0.52739990234375 1.26953125e-05 0.55051201171875 1.259765625e-05
0 0.522123046875 1.26953125e-05 0.52152529296875 0.0269068359375 0.5101625 0.02855146484375 0.5104615234375 0.0316912109375 0.4968560546875 0.03184072265625 0.49700546875 1.26953125e-05 0.522123046875 1.26953125e-05
0 0.4939751953125 1.26953125e-05 0.49359375 0.02694013671875 0.4682150390625 0.02770341796875 0.4682150390625 0.02369619140625 0.46802431640625 1.26953125e-05 0.4939751953125 1.26953125e-05
0 0.46514267578125 1.259765625e-05 0.46529208984375 0.01183232421875 0.46289990234375 0.01377587890625 0.4630494140625 0.01856025390625 0.46559111328125 0.01975634765625 0.46499306640625 0.02304560546875 0.43972568359375 0.0231951171875 0.43927744140625 1.259765625e-05 0.46514267578125 1.259765625e-05
0 0.461516015625 0.16386728515625 0.461516015625 0.1587529296875 0.46029833984375 0.12465771484375 0.488305078125 0.12538837890625 0.4880615234375 0.1675203125 0.47637177734375 0.1704427734375 0.47637177734375 0.16630263671875 0.47393642578125 0.167033203125 0.472231640625 0.16386728515625 0.461516015625 0.16386728515625
0 0.43229150390625 0.1699556640625 0.43253505859375 0.1263625 0.45835 0.1263625 0.45761943359375 0.1641107421875 0.44495546875 0.1650849609375 0.44398134765625 0.17019921875 0.43229150390625 0.1699556640625
0 0.4617595703125 0.120517578125 0.4637078125 0.0888578125 0.46029833984375 0.08666591796875 0.46078544921875 0.0800904296875 0.4756412109375 0.080333984375 0.4756412109375 0.07716796875 0.47929423828125 0.0769244140625 0.47929423828125 0.0744890625 0.4836779296875 0.072784375 0.4887921875 0.0778986328125 0.4890357421875 0.10955849609375 0.48465205078125 0.1102890625 0.4836779296875 0.12003056640625 0.4617595703125 0.120517578125
0 0.4422765625 0.1195017578125 0.44057177734375 0.11199384765625 0.434726953125 0.11175029296875 0.4339962890625 0.10614892578125 0.43497041015625 0.07716796875 0.44057177734375 0.07643740234375 0.448121484375 0.07595029296875 0.448121484375 0.07132314453125 0.45226162109375 0.07107958984375 0.4532357421875 0.07327138671875 0.45761943359375 0.072784375 0.45799755859375 0.119636328125 0.4422765625 0.1195017578125
0 0.3930947265625 1.240234375e-05 0.3930947265625 0.012548046875 0.38812158203125 0.0131697265625 0.3885701171875 0.02034619140625 0.38782255859375 0.02542958984375 0.38064599609375 0.026476171875 0.38064599609375 0.0249810546875 0.37945 0.02423349609375 0.37391806640625 0.02483154296875 0.3737685546875 0.0237849609375 0.37182490234375 0.02303740234375 0.37122685546875 0.02214033203125 0.36300380859375 0.02228984375 0.36330283203125 0.01765498046875 0.36270517578125 1.23046875e-05 0.3930947265625 1.240234375e-05
0 0.35295986328125 0.05497666015625 0.352511328125 0.0346431640625 0.35774423828125 0.03329765625 0.35908984375 0.030307421875 0.36207998046875 0.0288123046875 0.36207998046875 0.02627060546875 0.38585224609375 0.02851328125 0.385702734375 0.03598876953125 0.395719921875 0.03539072265625 0.39586943359375 0.04137119140625 0.392131640625 0.04137119140625 0.3924306640625 0.04331484375 0.394523828125 0.04466044921875 0.39467333984375 0.04839814453125 0.39138408203125 0.04869716796875 0.39198212890625 0.05318251953125 0.38704833984375 0.05437861328125 0.3871978515625 0.05617275390625 0.35295986328125 0.05497666015625
0 0.40822705078125 0.11597197265625 0.4072529296875 0.10890947265625 0.404817578125 0.1069611328125 0.4050611328125 0.06994345703125 0.4157767578125 0.07018701171875 0.41699443359375 0.0765189453125 0.4291712890625 0.07822373046875 0.42941484375 0.1154849609375 0.40822705078125 0.11597197265625
0 0.3751060546875 0.11597197265625 0.3751060546875 0.07335302734375 0.3853345703125 0.0721353515625 0.385578125 0.0770060546875 0.401164453125 0.0767625 0.40043388671875 0.08090263671875 0.40335634765625 0.08090263671875 0.40335634765625 0.09161826171875 0.4014080078125 0.09381015625 0.4014080078125 0.09697607421875 0.40262568359375 0.09795029296875 0.40043388671875 0.104038671875 0.39799853515625 0.11597197265625 0.3751060546875 0.11597197265625
0 0.344824609375 0.11436982421875 0.34437607421875 0.1094359375 0.34317998046875 0.10868837890625 0.3445255859375 0.0674234375 0.34841279296875 0.06667587890625 0.35469228515625 0.06787197265625 0.35543984375 0.07415146484375 0.360822265625 0.0725068359375 0.3687462890625 0.07295537109375 0.3675501953125 0.11347275390625 0.344824609375 0.11436982421875
0 0.26952470703125 0.003391015625 0.28363974609375 0.00363583984375 0.283486328125 0.0137109375 0.2692572265625 0.0130458984375 0.26900908203125 0.022725 0.283330078125 0.02359375 0.283134765625 0.035927734375 0.26952568359375 0.03520634765625 0.26897412109375 0.03851572265625 0.2830859375 0.0394921875 0.282861328125 0.0537109375 0.2690263671875 0.0533642578125 0.268532421875 0.06398369140625 0.2826953125 0.06466796875 0.282490234375 0.07814453125 0.2694662109375 0.0776419921875 0.2697390625 0.08118876953125 0.282421875 0.0821484375 0.28222529296875 0.0951060546875 0.2692591796875 0.09392734375 0.2689708984375 0.10189658203125 0.24277099609375 0.10251787109375 0.2445787109375 0.08406611328125 0.24143896484375 0.08257099609375 0.24233603515625 0.06178896484375 0.245549609375 0.061969140625 0.2461220703125 0.04288740234375 0.24192412109375 0.03926181640625 0.244076953125 0.001956640625 0.258274609375 1.142578125e-05 0.258395703125 1.142578125e-05 0.26952470703125 0.003391015625
0 0.21494873046875 1.09375e-05 0.214351953125 0.00539990234375 0.1648638671875 0.00539990234375 0.1648638671875 1.025390625e-05 0.21494873046875 1.09375e-05
0 0.16531240234375 0.03754462890625 0.165162890625 0.01900537109375 0.16531240234375 0.00719404296875 0.21943525390625 0.00749296875 0.21808974609375 0.017659765625 0.217940234375 0.03784365234375 0.16531240234375 0.03754462890625
0 0.404778515625 0.17214365234375 0.40488271484375 0.130033984375 0.4281947265625 0.1306197265625 0.42750419921875 0.16735927734375 0.41614130859375 0.16735927734375 0.415991796875 0.17034951171875 0.404778515625 0.17214365234375
0 0.3769341796875 0.17000224609375 0.37728564453125 0.1364986328125 0.38044853515625 0.1354443359375 0.37997998046875 0.125018359375 0.3997775390625 0.12466689453125 0.40012900390625 0.16355927734375 0.390405859375 0.16449638671875 0.390640234375 0.16976796875 0.3769341796875 0.17000224609375
0 0.34734921875 0.1270923828125 0.36872919921875 0.12724189453125 0.3694767578125 0.16177880859375 0.36932724609375 0.16566611328125 0.3592431640625 0.16566611328125 0.3585625 0.16865634765625 0.3540771484375 0.17074951171875 0.3446580078125 0.1708990234375 0.34510654296875 0.1347173828125 0.34734921875 0.13396982421875 0.34734921875 0.1270923828125
4 0.28968515625 0.313065625 0.29706533203125 0.313065625 0.29647958984375 0.3222029296875 0.28980234375 0.32243720703125 0.28968515625 0.313065625
0 0.26184638671875 0.2226724609375 0.27006943359375 0.22072880859375 0.27874111328125 0.22162587890625 0.2785916015625 0.23612841796875 0.27874111328125 0.23941767578125 0.264687109375 0.23971669921875 0.2643880859375 0.236576953125 0.26334150390625 0.2362779296875 0.26184638671875 0.2226724609375
0 0.2627087890625 0.200481640625 0.26995986328125 0.19781015625 0.276829296875 0.1995275390625 0.2774017578125 0.21708271484375 0.2630904296875 0.21651025390625 0.2627087890625 0.200481640625
0 0.265189453125 0.19170400390625 0.264426171875 0.18846005859375 0.2648078125 0.17414873046875 0.27224970703125 0.17376708984375 0.2796916015625 0.17433955078125 0.27950078125 0.18884169921875 0.275684375 0.19189482421875 0.265189453125 0.19170400390625
0 0.2632939453125 0.165703515625 0.2632939453125 0.1485298828125 0.26940009765625 0.148720703125 0.2783685546875 0.150247265625 0.2776052734375 0.16627587890625 0.2632939453125 0.165703515625
0 0.23416171875 0.16690244140625 0.2344607421875 0.164659765625 0.23461025390625 0.146269921875 0.2474681640625 0.145073828125 0.2474681640625 0.14612041015625 0.2568873046875 0.14701748046875 0.2574853515625 0.16690244140625 0.247169140625 0.1652578125 0.23416171875 0.16690244140625
0 0.22803173828125 0.1945619140625 0.22952685546875 0.17213525390625 0.2320685546875 0.172284765625 0.2332646484375 0.16839755859375 0.24522548828125 0.16720146484375 0.25673779296875 0.16884609375 0.25823291015625 0.19231923828125 0.2546447265625 0.19261826171875 0.2546447265625 0.189478515625 0.2426837890625 0.18932900390625 0.23132099609375 0.1945619140625 0.22803173828125 0.1945619140625
0 0.23425302734375 0.21518056640625 0.2346044921875 0.2083861328125 0.232964453125 0.207800390625 0.23308154296875 0.1997173828125 0.23542451171875 0.19960029296875 0.235073046875 0.19350869140625 0.24585048828125 0.191634375 0.2563935546875 0.194797265625 0.2563935546875 0.2140091796875 0.23425302734375 0.21518056640625
0 0.22899013671875 0.23983896484375 0.22958818359375 0.22085107421875 0.23168134765625 0.2210005859375 0.2319802734375 0.2163658203125 0.2605369140625 0.21561826171875 0.26068642578125 0.23445654296875 0.257845703125 0.23924091796875 0.22899013671875 0.23983896484375
0 0.00755712890625 0.26049794921875 0.00632685546875 0.256681640625 0.00613603515625 0.241988671875 0.01976943359375 0.242159375 0.02082900390625 0.26030712890625 0.00755712890625 0.26049794921875
0 0.00611064453125 0.23499462890625 0.00553818359375 0.21934755859375 0.0125984375 0.21896591796875 0.02118525390625 0.22011083984375 0.02023115234375 0.23499462890625 0.00611064453125 0.23499462890625
0 0.00668310546875 0.21705771484375 0.00630146484375 0.20179228515625 0.0135525390625 0.20160146484375 0.0219484375 0.20179228515625 0.02137607421875 0.21686689453125 0.00668310546875 0.21705771484375
0 0.007462890625 0.17045029296875 0.0216390625 0.17100107421875 0.0213115234375 0.19896611328125 0.0067884765625 0.1986779296875 0.007462890625 0.17045029296875
0 0.00487841796875 0.1519263671875 0.01284423828125 0.15016923828125 0.019755859375 0.15180927734375 0.01986865234375 0.168091015625 0.00476123046875 0.1684439453125 0.00487841796875 0.1519263671875
0 0.04016484375 0.1725353515625 0.0396962890625 0.15051201171875 0.04988798828125 0.1507462890625 0.05023935546875 0.1638666015625 0.05199658203125 0.16410087890625 0.0516451171875 0.16960673828125 0.05035654296875 0.17007529296875 0.05082509765625 0.172066796875 0.04016484375 0.1725353515625
0 0.10491806640625 0.09356875 0.10443095703125 0.0762775390625 0.1034568359375 0.06434423828125 0.20793427734375 0.0655619140625 0.20793427734375 0.07652109375 0.20890849609375 0.09381220703125 0.10491806640625 0.09356875
0 0.10590908203125 0.16661962890625 0.10517841796875 0.14811083984375 0.1173552734375 0.1464060546875 0.1288015625 0.14786728515625 0.1288015625 0.16661962890625 0.11930361328125 0.165401953125 0.10590908203125 0.16661962890625
0 0.0537572265625 0.17222568359375 0.0522431640625 0.1694572265625 0.0525611328125 0.16594619140625 0.0513650390625 0.14860302734375 0.06033564453125 0.14680888671875 0.0691568359375 0.14770595703125 0.06930625 0.166095703125 0.06751220703125 0.17192666015625 0.0537572265625 0.17222568359375
0 0.06945576171875 0.17342177734375 0.06975478515625 0.153686328125 0.07693134765625 0.15383583984375 0.0764828125 0.1735712890625 0.06945576171875 0.17342177734375
0 0.0392515625 0.17521689453125 0.077323828125 0.17533408203125 0.07755810546875 0.1925544921875 0.0745123046875 0.19325732421875 0.0735751953125 0.199583203125 0.07662099609375 0.19981748046875 0.077441015625 0.20368330078125 0.06783505859375 0.20204326171875 0.0637349609375 0.19923173828125 0.0527232421875 0.19876318359375 0.0527232421875 0.19173447265625 0.03995439453125 0.19173447265625 0.0392515625 0.17521689453125
0 0.04961572265625 0.226751953125 0.0488287109375 0.21583525390625 0.03862734375 0.21572880859375 0.03915302734375 0.20644287109375 0.050007421875 0.20569814453125 0.050992578125 0.20307099609375 0.06090546875 0.20141884765625 0.06907451171875 0.202428515625 0.0697169921875 0.20463134765625 0.0738474609375 0.20472314453125 0.07412275390625 0.20628349609375 0.07880390625 0.2071095703125 0.07779423828125 0.22693544921875 0.07412275390625 0.226751953125 0.04961572265625 0.226751953125
0 0.1330912109375 0.16683046875 0.13294169921875 0.14978623046875 0.1444541015625 0.1493376953125 0.14430458984375 0.15158037109375 0.14864033203125 0.15247744140625 0.148191796875 0.16668095703125 0.1330912109375 0.16683046875
0 0.04022939453125 0.22938623046875 0.05498974609375 0.2296205078125 0.0649470703125 0.2289623046875 0.07532060546875 0.22871572265625 0.075575 0.2580791015625 0.05997001953125 0.25934306640625 0.05954921875 0.25688759765625 0.05944130859375 0.25445537109375 0.0586212890625 0.248715234375 0.05393544921875 0.24660654296875 0.040580859375 0.24625517578125 0.04022939453125 0.22938623046875
0 0.10148212890625 0.26111513671875 0.10129853515625 0.2579943359375 0.10129853515625 0.2388109375 0.116259765625 0.23679169921875 0.12773310546875 0.238719140625 0.1286509765625 0.26093154296875 0.10148212890625 0.26111513671875
0 0.1055029296875 0.23564541015625 0.1057373046875 0.217253515625 0.1176861328125 0.2157306640625 0.1274091796875 0.21690205078125 0.12717490234375 0.23564541015625 0.1055029296875 0.23564541015625
0 0.10365537109375 0.2201806640625 0.10037529296875 0.21994638671875 0.1011953125 0.1995630859375 0.117478515625 0.19593154296875 0.13399599609375 0.19862587890625 0.1331759765625 0.2235779296875 0.128255859375 0.2246322265625 0.128373046875 0.22322646484375 0.128373046875 0.21690068359375 0.118415625 0.215494921875 0.10400673828125 0.2171349609375 0.10365537109375 0.2201806640625
0 0.13338896484375 0.2434296875 0.14583056640625 0.2431419921875 0.14561484375 0.2450837890625 0.1492107421875 0.24501181640625 0.14834775390625 0.25788505859375 0.15007373046875 0.262128125 0.13907041015625 0.26320693359375 0.13914228515625 0.26220009765625 0.13497109375 0.26220009765625 0.13417998046875 0.2593234375 0.13310126953125 0.2584603515625 0.13338896484375 0.2434296875
0 0.13364462890625 0.2234607421875 0.14134521484375 0.22210205078125 0.1493111328125 0.2230392578125 0.148842578125 0.237799609375 0.14685107421875 0.2382681640625 0.146499609375 0.24025966796875 0.1340822265625 0.2404939453125 0.13364462890625 0.2234607421875
0 0.135839453125 0.207341796875 0.1427509765625 0.20535029296875 0.1494283203125 0.207224609375 0.14895966796875 0.22104775390625 0.14146240234375 0.220344921875 0.13595654296875 0.22139921875 0.135839453125 0.207341796875
0 0.18002685546875 0.23316474609375 0.20732177734375 0.2335162109375 0.20779033203125 0.25600810546875 0.19970732421875 0.255891015625 0.1990044921875 0.249213671875 0.18014404296875 0.24909658203125 0.18002685546875 0.23316474609375
0 0.1803337890625 0.23046962890625 0.179865234375 0.22238662109375 0.16850205078125 0.22133232421875 0.16850205078125 0.2052833984375 0.1834966796875 0.205634765625 0.18326240234375 0.20376044921875 0.20247431640625 0.20458046875 0.20282578125 0.2302353515625 0.1803337890625 0.23046962890625
0 0.18231630859375 0.20064833984375 0.18036806640625 0.19772587890625 0.1779326171875 0.196508203125 0.17744560546875 0.19821298828125 0.16843466796875 0.19772587890625 0.16794765625 0.18165244140625 0.1789068359375 0.18213955078125 0.180855078125 0.17824296875 0.1954673828125 0.17994775390625 0.19644150390625 0.1811654296875 0.20715712890625 0.18140888671875 0.20740068359375 0.20040478515625 0.18231630859375 0.20064833984375
0 0.16843466796875 0.1502361328125 0.20740068359375 0.15169736328125 0.20934892578125 0.166553125 0.203260546875 0.166553125 0.20447822265625 0.17872998046875 0.18207275390625 0.17605107421875 0.18231630859375 0.167040234375 0.16867822265625 0.16606611328125 0.16843466796875 0.1502361328125
0 0.13629619140625 0.1933462890625 0.1367447265625 0.174059375 0.148406640625 0.17420888671875 0.1499017578125 0.1927482421875 0.13629619140625 0.1933462890625
0 0.10086220703125 0.1921501953125 0.1007126953125 0.18273095703125 0.09996513671875 0.171069140625 0.104001953125 0.1713681640625 0.10445048828125 0.16763037109375 0.117607421875 0.16628486328125 0.13061484375 0.16807890625 0.13016630859375 0.17211572265625 0.1355486328125 0.17181669921875 0.1355486328125 0.18811337890625 0.1309138671875 0.18930947265625 0.130016796875 0.1915521484375 0.10086220703125 0.1921501953125
