2 -0.0 0.03859423828125 0.0187072265625 0.03878505859375 0.0202337890625 0.02371044921875 0.02786650390625 0.02351962890625 0.02805732421875 0.0174134765625 0.047520703125 0.017604296875 0.0473298828125 0.02256552734375 0.0503830078125 0.02332880859375 0.0492380859375 0.04241064453125 0.048665625 0.0456544921875 0.04084208984375 0.046226953125 0.04007880859375 0.061683203125 0.03950634765625 0.0634005859375 0.0001978515625 0.063209765625 -0.0 0.0413359375 -0.0 0.03859423828125
2 0.05482470703125 0.04229091796875 0.0645564453125 0.04438994140625 0.0645564453125 0.04591650390625 0.08478310546875 0.050114453125 0.0792494140625 0.07377587890625 0.074097265625 0.07186767578125 0.073715625 0.0684330078125 0.06818193359375 0.070150390625 0.065510546875 0.0682421875 0.065510546875 0.0665248046875 0.0595951171875 0.066715625 0.05444306640625 0.06747890625 0.0468103515625 0.0649982421875 0.045474609375 0.06404423828125 0.0475736328125 0.0518318359375 0.05329814453125 0.04210009765625 0.05482470703125 0.04229091796875
2 0.1027017578125 0.0403548828125 0.1027017578125 0.03876806640625 0.11698291015625 0.0411482421875 0.114602734375 0.0506689453125 0.1237267578125 0.05344580078125 0.124916796875 0.0455119140625 0.13602431640625 0.04947880859375 0.13047060546875 0.07209052734375 0.1288837890625 0.07169384765625 0.0967513671875 0.06495 0.1027017578125 0.0403548828125
2 0.1272853515625 9.66796875e-06 0.1264826171875 0.00627509765625 0.1245193359375 0.010125 0.10151845703125 0.0073275390625 0.10108515625 9.27734375e-06 0.1272853515625 9.66796875e-06
2 -0.0 0.13694501953125 0.00068994140625 0.1273095703125 0.03643447265625 0.13601259765625 0.0367453125 0.1400533203125 0.0373669921875 0.14253984375 0.03021806640625 0.17486533203125 0.02586650390625 0.17486533203125 0.012501171875 0.17175712890625 0.0109470703125 0.17020302734375 0.01125791015625 0.16709482421875 -0.0 0.1652298828125 -0.0 0.13694501953125
0 0.53680947265625 0.99901259765625 0.5325583984375 0.99223876953125 0.54765771484375 0.98103603515625 0.5491189453125 0.9800619140625 0.5544767578125 0.98736806640625 0.5571556640625 0.9859068359375 0.55325908203125 0.97835712890625 0.5683583984375 0.97032041015625 0.58578046875 0.9990125 0.53680947265625 0.99901259765625
0 0.60659375 0.947671484375 0.6304603515625 0.98127958984375 0.6299732421875 0.98420205078125 0.61292568359375 0.99467412109375 0.60683720703125 0.9902904296875 0.59368623046875 0.99832724609375 0.5930009765625 0.99901240234375 0.5924943359375 0.99901240234375 0.58077880859375 0.98347138671875 0.5983134765625 0.97129453125 0.59612158203125 0.96837216796875 0.58784130859375 0.9739734375 0.5866236328125 0.9742169921875 0.57980458984375 0.9639884765625 0.5790740234375 0.96277080078125 0.60415830078125 0.94596669921875 0.606106640625 0.94596669921875 0.60659375 0.947671484375
0 0.6467935546875 0.95805498046875 0.630630859375 0.97173115234375 0.62659013671875 0.970487890625 0.60877705078125 0.94787119140625 0.612540234375 0.945301171875 0.609694921875 0.94107900390625 0.61198955078125 0.93823359375 0.61896533203125 0.93364423828125 0.62164423828125 0.93217490234375 0.623592578125 0.93509736328125 0.63552587890625 0.9255994140625 0.636987109375 0.9251123046875 0.65720068359375 0.94873544921875 0.66255849609375 0.9443517578125 0.66499384765625 0.9443517578125 0.677170703125 0.95896396484375 0.6640197265625 0.96943603515625 0.66182783203125 0.97041025390625 0.661097265625 0.970897265625 0.6474591796875 0.95920751953125 0.6467935546875 0.95805498046875
0 0.033713671875 0.96117080078125 0.033713671875 0.9576267578125 0.05852216796875 0.9561078125 0.05649697265625 0.93534970703125 0.076748828125 0.93332451171875 0.07776142578125 0.98648564453125 0.0747236328125 0.98699189453125 0.0357388671875 0.9895234375 0.0357388671875 0.98648564453125 0.033713671875 0.96117080078125
0 0.12614130859375 0.92842529296875 0.15939931640625 0.9212763671875 0.16406162109375 0.94520966796875 0.16250751953125 0.94800712890625 0.12987119140625 0.9560884765625 0.12583056640625 0.95329111328125 0.08946435546875 0.96075078125 0.089153515625 0.95857509765625 0.08635615234375 0.94489892578125 0.089153515625 0.94272314453125 0.122722265625 0.93806083984375 0.120857421875 0.930290234375 0.12458720703125 0.928114453125 0.12614130859375 0.92842529296875
0 0.140891796875 0.99900986328125 0.13937373046875 0.99280205078125 0.1398423828125 0.9915134765625 0.15635986328125 0.98741337890625 0.1572970703125 0.9882333984375 0.1601939453125 0.99901015625 0.140891796875 0.99900986328125
0 0.16274580078125 0.99901025390625 0.16198291015625 0.9946763671875 0.16198291015625 0.9936220703125 0.1713544921875 0.98975625 0.1753375 0.98893623046875 0.1769775390625 0.98893623046875 0.1802841796875 0.99901044921875 0.16274580078125 0.99901025390625
1 0.2188869140625 0.91582548828125 0.21857607421875 0.91364970703125 0.228833203125 0.9086765625 0.23069814453125 0.9086765625 0.23536044921875 0.9083658203125 0.237225390625 0.909919921875 0.24748251953125 0.9071224609375 0.2481041015625 0.90805498046875 0.24841494140625 0.9083658203125 0.2493474609375 0.9114740234375 0.25680712890625 0.9086765625 0.25805048828125 0.91116318359375 0.26644267578125 0.93633974609375 0.229765625 0.94752939453125 0.22914404296875 0.945664453125 0.2188869140625 0.91582548828125
1 0.26749248046875 0.9031181640625 0.29327783203125 0.8928041015625 0.2964513671875 0.8928041015625 0.30359189453125 0.9122421875 0.27701318359375 0.92334970703125 0.27344296875 0.92215966796875 0.26590576171875 0.90708515625 0.26669912109375 0.902721484375 0.26749248046875 0.9031181640625
1 0.30927529296875 0.89210439453125 0.3102078125 0.89055029296875 0.31828916015625 0.88775283203125 0.31611337890625 0.8812255859375 0.33258701171875 0.8743875 0.33414111328125 0.8759416015625 0.33724931640625 0.8812255859375 0.34160078125 0.87936064453125 0.3453306640625 0.88060390625 0.35216875 0.89614501953125 0.3506146484375 0.90205068359375 0.31922158203125 0.9138619140625 0.30927529296875 0.89210439453125
1 0.36149345703125 0.86413037109375 0.37299384765625 0.858535546875 0.3757912109375 0.858535546875 0.39941376953125 0.91044287109375 0.36926396484375 0.92474072265625 0.36708818359375 0.92474072265625 0.34937138671875 0.88464462890625 0.3496822265625 0.881847265625 0.365844921875 0.87625244140625 0.3611826171875 0.8653736328125 0.36149345703125 0.86413037109375
1 0.2654267578125 0.97718310546875 0.2819873046875 0.97474775390625 0.2841791015625 0.97669609375 0.287588671875 0.994961328125 0.2873451171875 0.99617900390625 0.282230859375 0.99739677734375 0.28076962890625 0.99739677734375 0.28003896484375 0.99423076171875 0.26761865234375 0.995935546875 0.26493974609375 0.9786443359375 0.2654267578125 0.97718310546875
1 0.28224091796875 0.99901162109375 0.282195703125 0.99892021484375 0.3097056640625 0.9906970703125 0.31224736328125 0.9930892578125 0.31551142578125 0.9990119140625 0.28224091796875 0.99901162109375
1 0.32469296875 0.98404833984375 0.3241640625 0.9837083984375 0.3242359375 0.9828453125 0.33221875 0.97996865234375 0.32998935546875 0.97536591796875 0.3412802734375 0.970116015625 0.34539365234375 0.97528095703125 0.349290234375 0.973576171875 0.3570833984375 0.987944921875 0.33370380859375 0.9984169921875 0.33126845703125 0.99792998046875 0.32469296875 0.98404833984375
1 0.3794169921875 0.946687890625 0.3794169921875 0.9464970703125 0.38037109375 0.9464970703125 0.38189755859375 0.9468787109375 0.3914384765625 0.96596044921875 0.390866015625 0.96767783203125 0.3641515625 0.98084423828125 0.3609076171875 0.97950849609375 0.3454513671875 0.9411541015625 0.346023828125 0.94000927734375 0.37006689453125 0.93008671875 0.37273837890625 0.9310408203125 0.3794169921875 0.946687890625
1 0.39689736328125 0.95332275390625 0.39628388671875 0.95217919921875 0.3952294921875 0.94995341796875 0.40542119140625 0.9447990234375 0.4039599609375 0.9421201171875 0.41808515625 0.9357880859375 0.41978994140625 0.9389541015625 0.4290443359375 0.93505751953125 0.4429259765625 0.963794921875 0.442682421875 0.965499609375 0.41345791015625 0.98084248046875 0.4098048828125 0.9796248046875 0.39689736328125 0.95332275390625
1 0.42015634765625 0.83633203125 0.43787314453125 0.864616796875 0.4366298828125 0.8683466796875 0.41331826171875 0.88171201171875 0.410831640625 0.87953623046875 0.40958837890625 0.87704970703125 0.404615234375 0.88015791015625 0.40150693359375 0.879225390625 0.38845244140625 0.8546705078125 0.389695703125 0.8515623046875 0.394047265625 0.84845400390625 0.39746630859375 0.84596748046875 0.40275029296875 0.84161591796875 0.40679091796875 0.84130517578125 0.41891298828125 0.83539951171875 0.42015634765625 0.83633203125
1 0.46324580078125 0.90854658203125 0.46448916015625 0.9094791015625 0.46915146484375 0.92004697265625 0.46759736328125 0.9209794921875 0.46262421875 0.92439853515625 0.47225966796875 0.9240876953125 0.474124609375 0.92533095703125 0.48282763671875 0.93931796875 0.47598955078125 0.944601953125 0.476300390625 0.94802099609375 0.46604326171875 0.9523724609375 0.46075927734375 0.95392666015625 0.461380859375 0.95175087890625 0.4557861328125 0.9545482421875 0.4309203125 0.9163171875 0.43060947265625 0.91445224609375 0.45392119140625 0.8998435546875 0.457340234375 0.89953271484375 0.46324580078125 0.90854658203125
1 0.45701640625 0.832643359375 0.45899990234375 0.83184990234375 0.46733046875 0.82748623046875 0.47724794921875 0.84533759765625 0.47010732421875 0.85009794921875 0.46971064453125 0.8528748046875 0.44630556640625 0.86755263671875 0.4427353515625 0.8659658203125 0.424090625 0.8330400390625 0.4478923828125 0.8191556640625 0.45066923828125 0.82113916015625 0.45701640625 0.832643359375
1 0.49203603515625 0.88444970703125 0.49298505859375 0.883969140625 0.5000453125 0.89560908203125 0.49680146484375 0.8980896484375 0.4990912109375 0.90133359375 0.501571875 0.9003794921875 0.50805966796875 0.8980896484375 0.51130361328125 0.902478515625 0.51054033203125 0.90667646484375 0.52008115234375 0.92060615234375 0.501190234375 0.9320552734375 0.499663671875 0.9286205078125 0.502716796875 0.927284765625 0.49775546875 0.91907958984375 0.48096357421875 0.9286205078125 0.46836953125 0.90801220703125 0.46875634765625 0.907538671875 0.4742900390625 0.90410390625 0.4708552734375 0.89723447265625 0.49203603515625 0.88444970703125
1 0.46302294921875 0.80919443359375 0.4622923828125 0.8079767578125 0.46156171875 0.80651552734375 0.49370869140625 0.788006640625 0.49638759765625 0.7882501953125 0.51270458984375 0.81162978515625 0.51246103515625 0.8155263671875 0.4810447265625 0.83647060546875 0.47666103515625 0.83598349609375 0.46302294921875 0.80919443359375
1 0.503964453125 0.88630068359375 0.50274677734375 0.88459599609375 0.53562431640625 0.86462587890625 0.54146923828125 0.869740234375 0.54877529296875 0.883134765625 0.52734404296875 0.8960421875 0.53611142578125 0.91162861328125 0.52442158203125 0.9177169921875 0.51151416015625 0.8989646484375 0.503964453125 0.88630068359375
0 0.6976984375 0.98704736328125 0.69016123046875 0.9945845703125 0.68619423828125 0.99656806640625 0.67151650390625 0.9842705078125 0.6782603515625 0.97673330078125 0.68143388671875 0.9763365234375 0.6885744140625 0.96919599609375 0.6885744140625 0.9660224609375 0.6965083984375 0.95848525390625 0.7103927734375 0.971576171875 0.70642578125 0.97792333984375 0.724673828125 0.99577470703125 0.71777275390625 0.99901162109375 0.6992703125 0.99901171875 0.70444228515625 0.994187890625 0.69888857421875 0.989030859375 0.6976984375 0.98704736328125
1 0.53915 0.85478173828125 0.53875322265625 0.8535916015625 0.54589375 0.8492279296875 0.55700126953125 0.85081474609375 0.553827734375 0.84645107421875 0.55581123046875 0.84565771484375 0.55462109375 0.842880859375 0.56453857421875 0.8345501953125 0.56929892578125 0.83574033203125 0.59389404296875 0.86945947265625 0.56572861328125 0.8892943359375 0.56136494140625 0.88889765625 0.55224091796875 0.8769966796875 0.53915 0.85478173828125
2 0.618901171875 0.16793662109375 0.619038671875 0.16782578125 0.62114970703125 0.1692025390625 0.63003974609375 0.15274765625 0.6335837890625 0.15224140625 0.64978525390625 0.1603421875 0.64978525390625 0.1633798828125 0.62649560546875 0.1973017578125 0.61738232421875 0.191226171875 0.61282568359375 0.198820703125 0.61130673828125 0.19780810546875 0.59004228515625 0.18717587890625 0.60472490234375 0.16641767578125 0.601180859375 0.16186103515625 0.610294140625 0.14920361328125 0.618394921875 0.15122880859375 0.6254830078125 0.15527919921875 0.62447041015625 0.1608484375 0.618901171875 0.16793662109375
1 0.05272734375 0.5604533203125 0.05303818359375 0.55921005859375 0.05925458984375 0.5564126953125 0.07355244140625 0.55610185546875 0.07759306640625 0.5573451171875 0.07728232421875 0.59122470703125 0.058011328125 0.59246806640625 0.05303818359375 0.5899814453125 0.05272734375 0.5604533203125
1 0.026307421875 0.55392607421875 0.0269291015625 0.553615234375 0.0374970703125 0.54926376953125 0.04153779296875 0.55019619140625 0.04620009765625 0.56760224609375 0.03469970703125 0.57164296875 0.03096982421875 0.57071044921875 0.026307421875 0.55392607421875
2 -0.0 0.7569740234375 0.02784580078125 0.753244140625 0.02877822265625 0.75635234375 0.03126484375 0.7790423828125 0.0297107421875 0.78152890625 0.00608828125 0.784637109375 0.00422333984375 0.77966396484375 -0.0 0.78028564453125 -0.0 0.7569740234375
2 0.0381029296875 0.74174375 0.0386423828125 0.74078916015625 0.0568375 0.7397103515625 0.05734091796875 0.75056982421875 0.062159375 0.75013837890625 0.06203623046875 0.74827099609375 0.06141455078125 0.74236533203125 0.06359033203125 0.74236533203125 0.08130712890625 0.74143291015625 0.08255048828125 0.7852587890625 0.06732021484375 0.786812890625 0.06514443359375 0.7715826171875 0.05830634765625 0.7715826171875 0.0570630859375 0.77437998046875 0.05457646484375 0.7746908203125 0.054265625 0.776244921875 0.044941015625 0.776244921875 0.0443193359375 0.7706501953125 0.03965703125 0.76909609375 0.0381029296875 0.74174375
2 -0.0 0.8430525390625 0.01419619140625 0.8436505859375 0.0140466796875 0.867123828125 0.0125515625 0.86817041015625 0.0049265625 0.86876845703125 0.00417900390625 0.867123828125 0.00417900390625 0.865927734375 -0.0 0.8653296875 -0.0 0.8430525390625
2 0.02465 0.83492607421875 0.04782421875 0.83597265625 0.04976787109375 0.83701923828125 0.05021640625 0.8606419921875 0.05006689453125 0.863781640625 0.047226171875 0.8643796875 0.041245703125 0.8646787109375 0.03257412109375 0.86482822265625 0.0243509765625 0.86258564453125 0.022855859375 0.8612400390625 0.0231548828125 0.83716875 0.02403115234375 0.83514375 0.02465 0.83492607421875
2 0.11114208984375 0.73507294921875 0.11269619140625 0.73351884765625 0.12668310546875 0.73134306640625 0.1291697265625 0.751546484375 0.1154935546875 0.75341142578125 0.1133177734375 0.7512357421875 0.11114208984375 0.73507294921875
2 0.1063779296875 0.812237109375 0.10756796875 0.81303056640625 0.11034482421875 0.8118404296875 0.12502265625 0.81342724609375 0.126609375 0.8154107421875 0.126609375 0.82810498046875 0.14684091796875 0.8241380859375 0.150014453125 0.8249314453125 0.15675830078125 0.8566671875 0.1218490234375 0.86499775390625 0.117088671875 0.86341103515625 0.11074150390625 0.83722900390625 0.111931640625 0.83564228515625 0.11788212890625 0.83405546875 0.1174853515625 0.8300884765625 0.106774609375 0.8288984375 0.1063779296875 0.812237109375
2 0.0664376953125 0.8072099609375 0.09006015625 0.80596669921875 0.09006015625 0.830832421875 0.08508701171875 0.83331904296875 0.0841544921875 0.84171123046875 0.10653369140625 0.84046796875 0.10870947265625 0.85072509765625 0.1083986328125 0.85476572265625 0.10870947265625 0.8578740234375 0.07141083984375 0.86377958984375 0.0695458984375 0.84761689453125 0.07172158203125 0.84450859375 0.07327578125 0.84388701171875 0.074208203125 0.8345623046875 0.06488349609375 0.833008203125 0.065816015625 0.8087640625 0.0664376953125 0.8072099609375
2 0.133098828125 0.7410134765625 0.13308037109375 0.7400830078125 0.13308037109375 0.73912890625 0.14701015625 0.73569423828125 0.14891826171875 0.73569423828125 0.15071376953125 0.741037109375 0.15527802734375 0.74030458984375 0.15595419921875 0.73940302734375 0.153923828125 0.739459375 0.15112646484375 0.7273373046875 0.16853251953125 0.7229857421875 0.1703974609375 0.7229857421875 0.18065458984375 0.76587919921875 0.18003291015625 0.76743330078125 0.1430451171875 0.77644716796875 0.133098828125 0.7410134765625
1 0.0526208984375 0.510590625 0.06474296875 0.507482421875 0.0756216796875 0.50934736328125 0.0756216796875 0.5183611328125 0.07810830078125 0.51929365234375 0.07872998046875 0.5248884765625 0.07593251953125 0.52830751953125 0.076243359375 0.5469568359375 0.07437841796875 0.5485109375 0.04070029296875 0.54923603515625 0.03976630859375 0.54899384765625 0.0393166015625 0.54861328125 0.03759521484375 0.54584501953125 0.03722802734375 0.54428466796875 0.03594306640625 0.543366796875 0.03621845703125 0.53896103515625 0.03741162109375 0.53868564453125 0.03777880859375 0.532811328125 0.03924736328125 0.53189345703125 0.0520974609375 0.53134267578125 0.0523728515625 0.5240916015625 0.05026953125 0.522891015625 0.04818388671875 0.521524609375 0.04736943359375 0.5113798828125 0.0519966796875 0.51064931640625 0.0526208984375 0.510590625
1 0.04896943359375 0.6012400390625 0.07502783203125 0.5988046875 0.07795029296875 0.63338701171875 0.07575849609375 0.63557880859375 0.06187685546875 0.63801416015625 0.06236396484375 0.6370400390625 0.03703603515625 0.63801416015625 0.0336265625 0.63801416015625 0.0328958984375 0.6199923828125 0.0360619140625 0.61926181640625 0.05091767578125 0.6204794921875 0.0506185546875 0.6146951171875 0.04946787109375 0.6147669921875 0.04874873046875 0.60987666015625 0.04946787109375 0.609157421875 0.04838916015625 0.6080787109375 0.04767001953125 0.60189384765625 0.04846103515625 0.60131845703125 0.04896943359375 0.6012400390625
1 0.04536142578125 0.46986982421875 0.072713671875 0.46831572265625 0.0755111328125 0.49597880859375 0.0702271484375 0.49815458984375 0.04567216796875 0.4993978515625 0.04473974609375 0.49815458984375 0.0438072265625 0.49193818359375 0.03603671875 0.4931814453125 0.03355009765625 0.49287060546875 0.03355009765625 0.47981611328125 0.02546875 0.48043779296875 0.02422548828125 0.4795052734375 0.02329296875 0.46178837890625 0.02422548828125 0.4596126953125 0.0406990234375 0.45930185546875 0.04256396484375 0.4636533203125 0.043496484375 0.46862646484375 0.04411806640625 0.4701806640625 0.04536142578125 0.46986982421875
2 0.00033271484375 0.41725087890625 0.0117818359375 0.41782333984375 0.011591015625 0.435378515625 0.01044609375 0.4365234375 -0.0 0.43576015625 0.00033271484375 0.41725087890625
1 0.0281921875 0.41534267578125 0.027810546875 0.41457939453125 0.040976953125 0.409808984375 0.04383916015625 0.4096181640625 0.04899130859375 0.4212580078125 0.052616796875 0.420685546875 0.052616796875 0.4193498046875 0.057578125 0.41839580078125 0.05872294921875 0.420685546875 0.05872294921875 0.4185865234375 0.06024951171875 0.41820498046875 0.06998125 0.41686923828125 0.0701720703125 0.41725087890625 0.07494248046875 0.4193498046875 0.07818642578125 0.422212109375 0.081239453125 0.423738671875 0.083529296875 0.42774580078125 0.07665986328125 0.42946318359375 0.0728435546875 0.45732255859375 0.053380078125 0.45426953125 0.0524259765625 0.45121640625 0.0547158203125 0.435378515625 0.0520443359375 0.42793662109375 0.03487080078125 0.43289794921875 0.0281921875 0.41534267578125
1 0.0693455078125 0.38039873046875 0.0693455078125 0.3794662109375 0.078359375 0.380087890625 0.089859765625 0.38039873046875 0.08457578125 0.403088671875 0.0824 0.413656640625 0.0640615234375 0.4111701171875 0.06002080078125 0.41023759765625 0.062507421875 0.37915537109375 0.0693455078125 0.38039873046875
2 0.0667671875 0.317727734375 0.06795732421875 0.31693427734375 0.06914736328125 0.31852109375 0.06518046875 0.33954599609375 0.07549453125 0.3411328125 0.071130859375 0.36255439453125 0.0703375 0.3649345703125 0.0255107421875 0.35224033203125 0.02313056640625 0.347083203125 0.02313056640625 0.34509970703125 0.02313056640625 0.341926171875 0.02789091796875 0.3240748046875 0.03106455078125 0.3101904296875 0.033048046875 0.30820693359375 0.0667671875 0.317727734375
1 0.1455193359375 0.622384375 0.171661328125 0.62162109375 0.17280625 0.64337431640625 0.172424609375 0.64509169921875 0.16689091796875 0.64547333984375 0.16661552734375 0.64336220703125 0.16165908203125 0.6432705078125 0.1619330078125 0.646484375 0.1619330078125 0.6494091796875 0.151988671875 0.6505791015625 0.151988671875 0.64414453125 0.14546708984375 0.6445703125 0.14421025390625 0.623562109375 0.14528759765625 0.62284384765625 0.1455193359375 0.622384375
1 0.1459509765625 0.57782587890625 0.16031552734375 0.57728720703125 0.16300888671875 0.57513251953125 0.16498408203125 0.57423466796875 0.16875478515625 0.57531201171875 0.17198681640625 0.5776462890625 0.187787890625 0.5765689453125 0.187787890625 0.60170703125 0.18545361328125 0.60296396484375 0.18293984375 0.60422080078125 0.18258076171875 0.618405859375 0.18204208984375 0.6198423828125 0.1637271484375 0.62020146484375 0.1621111328125 0.61750810546875 0.16148134765625 0.59924013671875 0.15958642578125 0.5993078125 0.15945107421875 0.6083083984375 0.1596306640625 0.6098125 0.14544560546875 0.60999208984375 0.1445478515625 0.609273828125 0.14365 0.5809037109375 0.145266015625 0.5782103515625 0.1459509765625 0.57782587890625
1 0.14538564453125 0.5389603515625 0.16413798828125 0.5389603515625 0.166086328125 0.54115224609375 0.1653556640625 0.5528419921875 0.16218974609375 0.55381611328125 0.146846875 0.5550337890625 0.14295029296875 0.55357255859375 0.143680859375 0.5389603515625 0.14538564453125 0.5389603515625
1 0.14465498046875 0.49463662109375 0.17558427734375 0.4929318359375 0.1787501953125 0.49634140625 0.17899375 0.501212109375 0.2033474609375 0.500725 0.203591015625 0.5202080078125 0.18581279296875 0.52166923828125 0.18337744140625 0.52215634765625 0.182646875 0.53214130859375 0.179480859375 0.5331154296875 0.14489853515625 0.534333203125 0.14489853515625 0.51241484375 0.1444115234375 0.495854296875 0.14465498046875 0.49463662109375
1 0.232566796875 0.62466162109375 0.23008017578125 0.6187560546875 0.22635029296875 0.61999931640625 0.2192013671875 0.60476904296875 0.25028359375 0.59264697265625 0.25308095703125 0.593890234375 0.26675712890625 0.6280806640625 0.23909404296875 0.64051357421875 0.23761171875 0.6407884765625 0.23632314453125 0.63774267578125 0.23515166015625 0.63621982421875 0.2349173828125 0.63493115234375 0.23421455078125 0.6342283203125 0.2328087890625 0.6341111328125 0.2316373046875 0.6352826171875 0.23187158203125 0.6364541015625 0.23316015625 0.6375083984375 0.23421455078125 0.63926552734375 0.23526884765625 0.64324853515625 0.215868359375 0.65241015625 0.2067443359375 0.63574892578125 0.20833115234375 0.6337654296875 0.23133955078125 0.623848046875 0.232566796875 0.62466162109375
1 0.25063837890625 0.5296919921875 0.26785244140625 0.54893125 0.26734619140625 0.55348798828125 0.24000615234375 0.57070205078125 0.2344369140625 0.57070205078125 0.22076689453125 0.552981640625 0.2217794921875 0.54741240234375 0.24608173828125 0.52867939453125 0.24911953125 0.52817314453125 0.25063837890625 0.5296919921875
1 0.142919921875 0.44852470703125 0.145258203125 0.44941728515625 0.18628671875 0.4503498046875 0.1921923828125 0.45221474609375 0.19281396484375 0.46216103515625 0.19467890625 0.46309345703125 0.19542236328125 0.487509765625 0.19389951171875 0.4879783203125 0.16883037109375 0.4882126953125 0.167424609375 0.47415517578125 0.16496455078125 0.47415517578125 0.1659283203125 0.48779765625 0.14847373046875 0.48859111328125 0.14490341796875 0.48422744140625 0.142919921875 0.44852470703125
1 0.26684638671875 0.5178943359375 0.2668912109375 0.51588583984375 0.27566884765625 0.5128328125 0.27528720703125 0.50577255859375 0.27585966796875 0.50386435546875 0.29475068359375 0.499284765625 0.29646796875 0.49966630859375 0.298376171875 0.50520009765625 0.30096220703125 0.50678681640625 0.3061193359375 0.51035712890625 0.3108796875 0.52503486328125 0.31325986328125 0.52344814453125 0.3172267578125 0.540902734375 0.3172267578125 0.544473046875 0.28073076171875 0.55280361328125 0.27676376953125 0.553200390625 0.26684638671875 0.5178943359375
2 0.07397861328125 0.242637109375 0.07651015625 0.242637109375 0.08815498046875 0.23858681640625 0.09068642578125 0.242130859375 0.0957494140625 0.27200234375 0.10334384765625 0.28415341796875 0.07802900390625 0.30896201171875 0.07397861328125 0.3079494140625 0.05423310546875 0.28567236328125 0.05473935546875 0.280609375 0.0572708984375 0.2785841796875 0.07094091796875 0.27048349609375 0.071953515625 0.267445703125 0.07954794921875 0.259344921875 0.07397861328125 0.242637109375
2 0.901035546875 0.37122890625 0.90352216796875 0.37682373046875 0.90725205078125 0.3749587890625 0.90631953125 0.36998564453125 0.90569794921875 0.36718818359375 0.91502255859375 0.3569310546875 0.9184416015625 0.35724189453125 0.93087451171875 0.3706072265625 0.9280771484375 0.376512890625 0.901035546875 0.403865234375 0.89792734375 0.40510849609375 0.87088583984375 0.37931025390625 0.87243994140625 0.37558037109375 0.8917109375 0.35413369140625 0.89388671875 0.35351201171875 0.9047654296875 0.3657060546875 0.90152919921875 0.37052451171875 0.901035546875 0.37122890625
2 0.9002025390625 0.408630859375 0.89915595703125 0.4071357421875 0.929506640625 0.377831640625 0.93458994140625 0.38201796875 0.93997236328125 0.3763365234375 0.9498400390625 0.38515771484375 0.95058759765625 0.3888955078125 0.94371015625 0.3971185546875 0.9558205078125 0.403398046875 0.93997236328125 0.41954521484375 0.93309482421875 0.41535888671875 0.9332443359375 0.4125181640625 0.930702734375 0.41087353515625 0.91948935546875 0.42447900390625 0.915303125 0.42597412109375 0.9002025390625 0.408630859375
2 0.85389697265625 0.42785908203125 0.85327529296875 0.4284806640625 0.85203203125 0.4337646484375 0.866640625 0.45023828125 0.8660189453125 0.45303564453125 0.850788671875 0.467955078125 0.84736962890625 0.467955078125 0.8209498046875 0.43407548828125 0.8209498046875 0.43096728515625 0.8386666015625 0.41977763671875 0.83742333984375 0.41729111328125 0.8535861328125 0.39895263671875 0.855140234375 0.39770927734375 0.8703705078125 0.40983134765625 0.86912724609375 0.4138720703125 0.85389697265625 0.42785908203125
2 0.5867876953125 0.14233486328125 0.58523359375 0.142645703125 0.5920716796875 0.14606474609375 0.59238251953125 0.15010546875 0.6017072265625 0.15756513671875 0.5920716796875 0.17714697265625 0.5836794921875 0.172173828125 0.5790171875 0.17932275390625 0.55725966796875 0.16688984375 0.5585029296875 0.16440322265625 0.56347607421875 0.15414609375 0.55881376953125 0.153213671875 0.575908984375 0.12026650390625 0.59145009765625 0.128037109375 0.5920716796875 0.1336318359375 0.5867876953125 0.14233486328125
0 0.6864775390625 0.89814482421875 0.689008984375 0.899663671875 0.70875458984375 0.9224470703125 0.7082482421875 0.92649736328125 0.6783767578125 0.9487744140625 0.6758453125 0.94776181640625 0.65863125 0.9275099609375 0.65761865234375 0.92143447265625 0.67027607421875 0.91080224609375 0.65812490234375 0.89409443359375 0.6738201171875 0.88346220703125 0.6864775390625 0.89814482421875
0 0.79964189453125 0.88664228515625 0.79964189453125 0.88783232421875 0.80083193359375 0.88862578125 0.803212109375 0.88703896484375 0.811939453125 0.89140263671875 0.82780732421875 0.9080638671875 0.8297908203125 0.9124275390625 0.80479892578125 0.93860947265625 0.7984517578125 0.9366259765625 0.77659775390625 0.91661279296875 0.7750466796875 0.9132208984375 0.7925013671875 0.89536953125 0.780600390625 0.88783232421875 0.7794103515625 0.8846587890625 0.78655087890625 0.8715677734375 0.788534375 0.86760078125 0.8036087890625 0.8759314453125 0.8036087890625 0.8795017578125 0.79964189453125 0.88664228515625
0 0.70745888671875 0.96013154296875 0.70551064453125 0.95818330078125 0.7045365234375 0.95526083984375 0.71646982421875 0.94357099609375 0.730594921875 0.934073046875 0.73229970703125 0.93456015625 0.753000390625 0.95988798828125 0.74715546875 0.9637845703125 0.7452072265625 0.961836328125 0.736926953125 0.969873046875 0.73814462890625 0.9723083984375 0.735952734375 0.9749873046875 0.7388751953125 0.97888388671875 0.735952734375 0.9830240234375 0.72669833984375 0.98692060546875 0.70745888671875 0.96013154296875
0 0.90861201171875 0.95806865234375 0.90954443359375 0.956825390625 0.91327431640625 0.949365625 0.91638251953125 0.94967646484375 0.93036953125 0.95993359375 0.93068037109375 0.96179853515625 0.8963599609375 0.99390458984375 0.885662109375 0.98329609375 0.87224580078125 0.9720556640625 0.86851591796875 0.96646083984375 0.890584375 0.9425275390625 0.893692578125 0.9447033203125 0.90861201171875 0.95806865234375
0 0.9244806640625 0.94686240234375 0.92323740234375 0.94686240234375 0.91857509765625 0.9465515625 0.90396640625 0.92945634765625 0.90396640625 0.9269697265625 0.92261572265625 0.91080703125 0.92852138671875 0.90987451171875 0.9440625 0.92510478515625 0.94375166015625 0.9291455078125 0.9244806640625 0.94686240234375
0 0.99848505859375 0.91494453125 0.9945328125 0.9180990234375 0.98421865234375 0.90738828125 0.98382197265625 0.9085783203125 0.96835078125 0.9252396484375 0.9627970703125 0.925636328125 0.93859853515625 0.90143779296875 0.93701181640625 0.8974708984375 0.9635904296875 0.87208232421875 0.9679541015625 0.87247900390625 0.98858232421875 0.89588408203125 0.99571787109375 0.89231875 0.99848505859375 0.89513544921875 0.99848505859375 0.91494453125
0 0.99848505859375 0.8890873046875 0.9799248046875 0.8724046875 0.99006015625 0.86178720703125 0.99517734375 0.8568005859375 0.98567939453125 0.8465720703125 0.997369140625 0.83512578125 0.9984849609375 0.836497265625 0.99848505859375 0.8890873046875
1 0.58263662109375 0.76882314453125 0.58419072265625 0.76975556640625 0.58947470703125 0.7762828125 0.58947470703125 0.77970185546875 0.57300107421875 0.79182392578125 0.57051455078125 0.78809404296875 0.56927119140625 0.7905806640625 0.536945703125 0.756390234375 0.551865234375 0.7411599609375 0.55839248046875 0.7399166015625 0.56958203125 0.75297119140625 0.57983916015625 0.74457900390625 0.58947470703125 0.75234951171875 0.5932044921875 0.75980927734375 0.58263662109375 0.76882314453125
1 0.49843388671875 0.78167822265625 0.49892099609375 0.78094765625 0.51840390625 0.76609189453125 0.52303115234375 0.76633544921875 0.52765830078125 0.77388505859375 0.53642568359375 0.76560478515625 0.53983525390625 0.7677966796875 0.5481154296875 0.7811912109375 0.549333203125 0.7838701171875 0.548358984375 0.78508779296875 0.540322265625 0.79068916015625 0.5464107421875 0.7999435546875 0.53009375 0.81260751953125 0.5240052734375 0.81187685546875 0.49843388671875 0.78167822265625
1 0.5704423828125 0.83150654296875 0.57024580078125 0.82985546875 0.593334765625 0.8119185546875 0.59676953125 0.811727734375 0.60020419921875 0.815544140625 0.626537109375 0.845693359375 0.62730029296875 0.84912802734375 0.60096748046875 0.86801904296875 0.59791435546875 0.86878232421875 0.58637412109375 0.8535298828125 0.5704423828125 0.83150654296875
1 0.62113173828125 0.774834765625 0.64451123046875 0.79504833984375 0.64524189453125 0.79797080078125 0.62575888671875 0.82013271484375 0.6223494140625 0.82061982421875 0.59921337890625 0.799919140625 0.59872626953125 0.7943177734375 0.61577392578125 0.77629599609375 0.6199140625 0.774834765625 0.62113173828125 0.774834765625
2 0.63590478515625 0.72991962890625 0.63808046875 0.73147373046875 0.6377697265625 0.733338671875 0.61166064453125 0.75696123046875 0.59953857421875 0.7445283203125 0.5954978515625 0.7467041015625 0.5871056640625 0.73737939453125 0.589903125 0.73582529296875 0.5871056640625 0.7339603515625 0.58430830078125 0.73364951171875 0.57436201171875 0.72214912109375 0.584619140625 0.70847294921875 0.59207880859375 0.708162109375 0.6020251953125 0.71748681640625 0.61259306640625 0.70847294921875 0.61694462890625 0.710337890625 0.63590478515625 0.72991962890625
1 0.63615634765625 0.77625625 0.662887109375 0.75014716796875 0.6653736328125 0.749836328125 0.6812255859375 0.7619583984375 0.67159013671875 0.77376962890625 0.67936064453125 0.781540234375 0.68153642578125 0.78682421875 0.66475205078125 0.80423017578125 0.65791396484375 0.79956787109375 0.63615634765625 0.7787427734375 0.63615634765625 0.777188671875 0.63615634765625 0.77625625
1 0.66975908203125 0.7159189453125 0.67048681640625 0.71484833984375 0.67228095703125 0.7149978515625 0.67856044921875 0.7209783203125 0.67885947265625 0.71933369140625 0.68483984375 0.71305419921875 0.6875310546875 0.7126056640625 0.7083130859375 0.73368671875 0.70921015625 0.7374244140625 0.68768056640625 0.7617947265625 0.6840923828125 0.76254228515625 0.65421806640625 0.7327033203125 0.65452880859375 0.73052763671875 0.66975908203125 0.7159189453125
1 0.6953896484375 0.71359736328125 0.69493271484375 0.71303623046875 0.6959423828125 0.70918125 0.71962333984375 0.6894470703125 0.72100009765625 0.69064033203125 0.722376953125 0.69091572265625 0.728985546875 0.69504609375 0.7333099609375 0.69525888671875 0.73766142578125 0.69183984375 0.748540234375 0.70365107421875 0.752891796875 0.7024078125 0.759108203125 0.70738095703125 0.75941904296875 0.7108 0.75724326171875 0.713908203125 0.74356708984375 0.7260302734375 0.7354857421875 0.71950302734375 0.7205662109375 0.73348994140625 0.7112416015625 0.7238544921875 0.7068900390625 0.72665185546875 0.6953896484375 0.71359736328125
2 0.6911974609375 0.66335810546875 0.69233935546875 0.6637916015625 0.70037607421875 0.66987998046875 0.70013251953125 0.6737765625 0.6925828125 0.68108271484375 0.68600732421875 0.67596845703125 0.68332841796875 0.6740201171875 0.6392482421875 0.720779296875 0.61538154296875 0.70007861328125 0.61586865234375 0.695694921875 0.62439248046875 0.68692763671875 0.62658427734375 0.6879017578125 0.62658427734375 0.6874119140625 0.63331220703125 0.6886080078125 0.63177294921875 0.686497265625 0.6227634765625 0.6733431640625 0.633235546875 0.6621404296875 0.63908046875 0.657026171875 0.63834990234375 0.6531294921875 0.641272265625 0.6487458984375 0.6473607421875 0.64704111328125 0.65734580078125 0.657026171875 0.65929404296875 0.6536166015625 0.6661130859375 0.64631044921875 0.6692791015625 0.645336328125 0.6911974609375 0.66335810546875
1 0.7521859375 0.66132197265625 0.7546724609375 0.66256533203125 0.75715908203125 0.66816005859375 0.74596943359375 0.67779560546875 0.7400638671875 0.67655224609375 0.72980673828125 0.66505185546875 0.7347798828125 0.658524609375 0.7400638671875 0.653240625 0.7521859375 0.66132197265625
0 0.710808984375 0.89040029296875 0.71066591796875 0.8905279296875 0.70946982421875 0.8923220703125 0.71126396484375 0.89576083984375 0.699303125 0.9062265625 0.67986669921875 0.884846484375 0.7112056640625 0.85945791015625 0.7147759765625 0.8610447265625 0.7342140625 0.88206962890625 0.73461083984375 0.88524326171875 0.71715615234375 0.8975408203125 0.710808984375 0.89040029296875
1 0.7570259765625 0.84027861328125 0.75726953125 0.84100927734375 0.77675244140625 0.85927451171875 0.778213671875 0.86317109375 0.76384501953125 0.8748609375 0.7618966796875 0.8772962890625 0.75897421875 0.88387177734375 0.751424609375 0.88947314453125 0.72268720703125 0.863658203125 0.72220009765625 0.8612228515625 0.73559462890625 0.84904599609375 0.727314453125 0.8388173828125 0.740221875 0.8254228515625 0.7436314453125 0.82566640625 0.7570259765625 0.84027861328125
2 0.168891015625 0.80796357421875 0.16816171875 0.8055162109375 0.18233798828125 0.79994697265625 0.18537578125 0.8004533203125 0.19246396484375 0.81513583984375 0.17980654296875 0.82374287109375 0.17980654296875 0.8313373046875 0.1874009765625 0.8303248046875 0.19094501953125 0.8500703125 0.19043876953125 0.85563955078125 0.1595546875 0.86171513671875 0.15486982421875 0.83966875 0.1560875 0.83796396484375 0.16369228515625 0.8356033203125 0.16110751953125 0.831080078125 0.16304609375 0.82647236328125 0.16937802734375 0.822088671875 0.17522294921875 0.82135810546875 0.168891015625 0.80796357421875
2 0.24389140625 0.79724921875 0.23456669921875 0.799425 0.22741787109375 0.78326220703125 0.22679619140625 0.7807755859375 0.2696896484375 0.76803193359375 0.28585234375 0.82242578125 0.282744140625 0.82491240234375 0.25259443359375 0.8323720703125 0.2497970703125 0.83175048828125 0.241715625 0.80470888671875 0.24668876953125 0.80284404296875 0.2434634765625 0.79736630859375 0.24389140625 0.79724921875
2 0.179928515625 0.74021123046875 0.197383203125 0.73426083984375 0.201746875 0.75330224609375 0.20055673828125 0.75806259765625 0.185085546875 0.76123623046875 0.18230869140625 0.7604427734375 0.17715166015625 0.7410046875 0.1795318359375 0.73981455078125 0.179928515625 0.74021123046875
2 0.31070771484375 0.7667203125 0.31847822265625 0.7831939453125 0.2951666015625 0.79282939453125 0.298896484375 0.801532421875 0.30386962890625 0.801532421875 0.30946435546875 0.8136544921875 0.29028525390625 0.820584375 0.2755076171875 0.77817890625 0.2784447265625 0.7767103515625 0.308 0.7662466796875 0.31057001953125 0.76652197265625 0.31070771484375 0.7667203125
2 0.3342169921875 0.7750837890625 0.34254765625 0.79293515625 0.32985341796875 0.7984888671875 0.32588642578125 0.7949185546875 0.3100185546875 0.75921591796875 0.31279541015625 0.75524892578125 0.34413447265625 0.74096787109375 0.365159375 0.77865400390625 0.3615890625 0.779844140625 0.35008486328125 0.785001171875 0.3429443359375 0.7707201171875 0.33461376953125 0.77270361328125 0.3342169921875 0.7750837890625
0 0.86440966796875 0.84451044921875 0.8663931640625 0.8457005859375 0.8715501953125 0.8504609375 0.8663931640625 0.85561796875 0.857269140625 0.8464939453125 0.8489384765625 0.856411328125 0.8306904296875 0.8421302734375 0.83148388671875 0.8365765625 0.858855859375 0.8084111328125 0.8759138671875 0.8226921875 0.879880859375 0.8290392578125 0.86440966796875 0.84451044921875
2 0.45668779296875 0.577434765625 0.47947119140625 0.60831884765625 0.46529482421875 0.6219888671875 0.46225712890625 0.6240140625 0.4718767578125 0.63262109375 0.45618154296875 0.645278515625 0.4171966796875 0.602243359375 0.41770302734375 0.59819296875 0.44959970703125 0.576928515625 0.45365 0.576422265625 0.45668779296875 0.577434765625
2 0.38124970703125 0.6300896484375 0.38103896484375 0.6292775390625 0.3994763671875 0.6133818359375 0.39491962890625 0.60781259765625 0.4080833984375 0.60123076171875 0.43339814453125 0.636165234375 0.4344107421875 0.640721875 0.4207408203125 0.64781005859375 0.4085896484375 0.63211484375 0.40302041015625 0.63565888671875 0.41365263671875 0.6513541015625 0.41112119140625 0.65439189453125 0.40302041015625 0.6579359375 0.38124970703125 0.6300896484375
2 0.2385599609375 0.71662333984375 0.23905712890625 0.7172447265625 0.2399896484375 0.718798828125 0.24371943359375 0.7163123046875 0.2399896484375 0.704190234375 0.24185458984375 0.702946875 0.253044140625 0.69704130859375 0.2577064453125 0.6973521484375 0.274180078125 0.739934765625 0.26392294921875 0.74490791015625 0.2589498046875 0.74552958984375 0.25553076171875 0.73900224609375 0.25180087890625 0.742110546875 0.25600673828125 0.75151689453125 0.24114462890625 0.76120947265625 0.23468291015625 0.75797861328125 0.21335908203125 0.70886923828125 0.2327443359375 0.70176123046875 0.23468291015625 0.70563828125 0.2385599609375 0.71662333984375
2 0.31299560546875 0.70322138671875 0.3136171875 0.702910546875 0.3136171875 0.70726201171875 0.30988740234375 0.7097486328125 0.314860546875 0.7271546875 0.30864404296875 0.74145244140625 0.30460341796875 0.7439390625 0.291548828125 0.7423849609375 0.288440625 0.73989833984375 0.293724609375 0.7271546875 0.29248134765625 0.72249228515625 0.28222421875 0.7274654296875 0.2691697265625 0.6991806640625 0.26885888671875 0.69545078125 0.2722779296875 0.69047763671875 0.29403544921875 0.68363955078125 0.2968328125 0.6886126953125 0.3027384765625 0.686126171875 0.30553583984375 0.68674775390625 0.31299560546875 0.70322138671875
2 0.32448232421875 0.6728818359375 0.32893955078125 0.67061064453125 0.3385591796875 0.6721294921875 0.34260947265625 0.6802302734375 0.33147099609375 0.6852931640625 0.3385591796875 0.70098837890625 0.33038798828125 0.7055181640625 0.3195091796875 0.71018046875 0.302103125 0.67567919921875 0.30427890625 0.67505751953125 0.3142251953125 0.670084375 0.3216849609375 0.666976171875 0.32448232421875 0.6728818359375
2 0.35373134765625 0.66923193359375 0.35186650390625 0.6664345703125 0.372069921875 0.6549341796875 0.3652318359375 0.6412580078125 0.378286328125 0.63348740234375 0.38232705078125 0.63783896484375 0.40439541015625 0.66985361328125 0.4062603515625 0.67451591796875 0.37735390625 0.69844921875 0.3705158203125 0.695341015625 0.35373134765625 0.66923193359375
2 0.3902224609375 0.72959951171875 0.39376650390625 0.7336498046875 0.396804296875 0.7458009765625 0.36794541015625 0.76402763671875 0.35579423828125 0.7412443359375 0.35579423828125 0.73516875 0.38465322265625 0.71947353515625 0.3902224609375 0.72959951171875
2 0.41375556640625 0.724703125 0.41497333984375 0.72421611328125 0.42763720703125 0.7169099609375 0.43348212890625 0.714474609375 0.44979912109375 0.7339576171875 0.44931201171875 0.73712353515625 0.42227939453125 0.75441474609375 0.41399912109375 0.73980244140625 0.40401416015625 0.74540380859375 0.3945162109375 0.7303044921875 0.41107666015625 0.7200759765625 0.41375556640625 0.724703125
2 0.4412388671875 0.7019033203125 0.43939072265625 0.69990498046875 0.43037685546875 0.6837421875 0.45026943359375 0.6706876953125 0.45555341796875 0.670066015625 0.47668935546875 0.70145908203125 0.47606767578125 0.704878125 0.46394560546875 0.71295947265625 0.457418359375 0.70083740234375 0.45431015625 0.7005265625 0.45244521484375 0.705810546875 0.45835078125 0.7179326171875 0.4580400390625 0.71917587890625 0.4448025390625 0.72585322265625 0.444333984375 0.725033203125 0.43247158203125 0.70969658203125 0.43222802734375 0.7075046875 0.4412388671875 0.7019033203125
2 0.47791416015625 0.67380380859375 0.49462197265625 0.6601337890625 0.498166015625 0.66064013671875 0.51538017578125 0.6813982421875 0.51588642578125 0.68595498046875 0.50069755859375 0.69911865234375 0.49664716796875 0.6986123046875 0.4784205078125 0.6773478515625 0.47791416015625 0.67380380859375
2 0.5618123046875 0.59528515625 0.56458916015625 0.59528515625 0.56974619140625 0.601235546875 0.5626056640625 0.60678935546875 0.572523046875 0.617896875 0.56577919921875 0.62622744140625 0.5578453125 0.6286076171875 0.54753115234375 0.6198802734375 0.53764140625 0.62651376953125 0.52356103515625 0.61427138671875 0.521919140625 0.6121974609375 0.53682041015625 0.59528515625 0.53523359375 0.590921484375 0.54237412109375 0.582194140625 0.54673779296875 0.5817974609375 0.5618123046875 0.59528515625
2 0.22181884765625 0.2965900390625 0.22380234375 0.29698681640625 0.2249923828125 0.299763671875 0.24443056640625 0.30214384765625 0.2483974609375 0.3057140625 0.247207421875 0.31801171875 0.243637109375 0.33070595703125 0.20833115234375 0.3243587890625 0.20912451171875 0.31285458984375 0.19960380859375 0.31166455078125 0.20357080078125 0.27001142578125 0.2198353515625 0.27080478515625 0.22380234375 0.2731849609375 0.22181884765625 0.2965900390625
2 0.269819140625 0.30849091796875 0.2694224609375 0.3104744140625 0.285290234375 0.31444140625 0.2900505859375 0.31801171875 0.29481103515625 0.32197861328125 0.2892572265625 0.33903662109375 0.284496875 0.34459033203125 0.25434794921875 0.3366564453125 0.25395126953125 0.332689453125 0.252364453125 0.3243587890625 0.255934765625 0.3140447265625 0.2602984375 0.304920703125 0.252364453125 0.299763671875 0.2563314453125 0.287466015625 0.25910830078125 0.28468916015625 0.27576953125 0.291036328125 0.269819140625 0.30849091796875
1 0.15985283203125 0.4160638671875 0.16188203125 0.41643916015625 0.1682140625 0.41814384765625 0.16675283203125 0.43202548828125 0.1645609375 0.4359220703125 0.1460521484375 0.43299970703125 0.15019228515625 0.4203357421875 0.148974609375 0.4203357421875 0.14800048828125 0.414734375 0.14507802734375 0.41205546875 0.14970517578125 0.3877017578125 0.15162578125 0.38638544921875 0.16170029296875 0.3849796875 0.161466015625 0.39107119140625 0.16474609375 0.39071982421875 0.16556611328125 0.38310537109375 0.18665234375 0.38509677734375 0.181029296875 0.41637470703125 0.16078525390625 0.41326640625 0.15985283203125 0.4160638671875
1 0.20655908203125 0.40556484375 0.206840234375 0.40672060546875 0.21122392578125 0.40915595703125 0.20830146484375 0.43131787109375 0.20002119140625 0.4327791015625 0.19758583984375 0.43667568359375 0.1793205078125 0.4327791015625 0.18930556640625 0.38455869140625 0.1925720703125 0.38442890625 0.20282919921875 0.3866046875 0.20811318359375 0.3912669921875 0.20655908203125 0.40556484375
1 0.2692404296875 0.41169296875 0.271188671875 0.41193642578125 0.2745982421875 0.41583310546875 0.25657646484375 0.45382490234375 0.22978740234375 0.443352734375 0.241720703125 0.41291064453125 0.24001591796875 0.41023173828125 0.24245126953125 0.40170791015625 0.24561728515625 0.40146435546875 0.2692404296875 0.41169296875
2 0.1579251953125 0.26012216796875 0.17375517578125 0.25914794921875 0.17619052734375 0.26207041015625 0.1766775390625 0.28642412109375 0.18763671875 0.28618056640625 0.18934150390625 0.29007724609375 0.1999123046875 0.2912763671875 0.1971716796875 0.313578515625 0.16308232421875 0.3110013671875 0.1616765625 0.30455830078125 0.16366806640625 0.2912037109375 0.1660109375 0.28651787109375 0.16530810546875 0.278669140625 0.15627607421875 0.27867138671875 0.15658115234375 0.26062802734375 0.1579251953125 0.26012216796875
2 0.31447724609375 0.324266796875 0.32202685546875 0.33230361328125 0.33079423828125 0.31014169921875 0.345162890625 0.31598662109375 0.34418876953125 0.32572802734375 0.3295765625 0.35154296875 0.326410546875 0.35349130859375 0.29645546875 0.3388791015625 0.29645546875 0.33473896484375 0.30717109375 0.31842197265625 0.3015697265625 0.313551171875 0.30059560546875 0.311359375 0.30960654296875 0.2982083984375 0.31179833984375 0.2982083984375 0.32519287109375 0.3079498046875 0.3159384765625 0.32304912109375 0.31447724609375 0.324266796875
2 0.34675595703125 0.34259443359375 0.34723857421875 0.3424712890625 0.3504015625 0.34282275390625 0.35122158203125 0.34106552734375 0.350284375 0.3390740234375 0.341615625 0.33333388671875 0.34231845703125 0.33181103515625 0.34384140625 0.328648046875 0.35452646484375 0.318350390625 0.3610537109375 0.31741787109375 0.363851171875 0.320215234375 0.3663376953125 0.33171572265625 0.36820263671875 0.345702734375 0.3601212890625 0.343526953125 0.35918876953125 0.3460134765625 0.3769056640625 0.3544056640625 0.3747298828125 0.36901435546875 0.37037841796875 0.37647412109375 0.34302607421875 0.36746025390625 0.34022861328125 0.36217626953125 0.34675595703125 0.34259443359375
2 0.4014390625 0.3384849609375 0.4105630859375 0.34919580078125 0.4010423828125 0.35911318359375 0.42434384765625 0.3726068359375 0.42509130859375 0.37455048828125 0.411082421875 0.39647080078125 0.40399423828125 0.40052109375 0.37564169921875 0.3853322265625 0.37766689453125 0.37723154296875 0.3872865234375 0.3574859375 0.3918431640625 0.3549544921875 0.3877927734375 0.34381591796875 0.3999439453125 0.336221484375 0.4014390625 0.3384849609375
2 0.02822529296875 0.17717880859375 0.028673828125 0.17687978515625 0.04586748046875 0.17837490234375 0.04885771484375 0.179421484375 0.0437744140625 0.199455859375 0.03973759765625 0.20050244140625 0.02493603515625 0.19736279296875 0.0235904296875 0.1945220703125 0.02822529296875 0.17717880859375
2 0.13171455078125 0.19304697265625 0.1312205078125 0.19110830078125 0.13633486328125 0.1628580078125 0.13779599609375 0.160909765625 0.16312392578125 0.1682158203125 0.1670205078125 0.171625390625 0.161466796875 0.1946337890625 0.15115263671875 0.19503046875 0.1479791015625 0.20217099609375 0.13766494140625 0.20296435546875 0.13607822265625 0.21208837890625 0.11902021484375 0.21169169921875 0.11783017578125 0.19661728515625 0.119813671875 0.194237109375 0.13171455078125 0.19304697265625
2 0.10064580078125 0.160916015625 0.10137646484375 0.15312275390625 0.10405537109375 0.15117451171875 0.1242689453125 0.1575064453125 0.1247560546875 0.16505615234375 0.113796875 0.2071880859375 0.11160498046875 0.20743154296875 0.07897099609375 0.19939482421875 0.07945810546875 0.19160166015625 0.08457236328125 0.17650234375 0.09358330078125 0.160916015625 0.0996716796875 0.16237724609375 0.099915234375 0.16164658203125 0.10064580078125 0.160916015625
2 0.17539560546875 0.1732427734375 0.210330078125 0.1864064453125 0.20121669921875 0.2157716796875 0.19210341796875 0.21678427734375 0.1617255859375 0.2081771484375 0.16071298828125 0.20210166015625 0.16932001953125 0.1772931640625 0.17387666015625 0.17273642578125 0.17539560546875 0.1732427734375
2 0.14445244140625 0.2586841796875 0.14420888671875 0.2596583984375 0.14420888671875 0.265259765625 0.14761845703125 0.2672080078125 0.14493955078125 0.28498623046875 0.12204697265625 0.28230732421875 0.12229052734375 0.27013046875 0.1132796875 0.27013046875 0.1132796875 0.26623388671875 0.1049994140625 0.26623388671875 0.1054865234375 0.25746650390625 0.107921875 0.2560052734375 0.1132796875 0.2569794921875 0.115471484375 0.24090595703125 0.14664423828125 0.2423671875 0.14445244140625 0.2586841796875
2 0.15667314453125 0.06155390625 0.15837783203125 0.06155390625 0.176399609375 0.06569404296875 0.17445126953125 0.0749484375 0.1759125 0.07933212890625 0.1734771484375 0.08712529296875 0.15448125 0.08298515625 0.154968359375 0.0778708984375 0.14644453125 0.075435546875 0.14230439453125 0.080793359375 0.1323193359375 0.0783580078125 0.140599609375 0.053030078125 0.14254794921875 0.05010771484375 0.15375068359375 0.05278662109375 0.15837783203125 0.0559525390625 0.15667314453125 0.06155390625
2 0.2142712890625 1.09375e-05 0.2061767578125 0.0374998046875 0.1930564453125 0.03492255859375 0.1934078125 0.0321111328125 0.1733759765625 0.03058818359375 0.16925517578125 0.03030625 0.1750998046875 1.03515625e-05 0.2142712890625 1.09375e-05
2 0.2559439453125 0.01215849609375 0.2535517578125 0.0141021484375 0.25220615234375 0.0199330078125 0.25385078125 0.0199330078125 0.248019921875 0.04026650390625 0.24607626953125 0.04206064453125 0.21183828125 0.03099677734375 0.211240234375 0.028006640625 0.216024609375 0.01275654296875 0.22798544921875 0.0158962890625 0.228433984375 0.01335458984375 0.2181177734375 0.01066337890625 0.2211048828125 1.09375e-05 0.25675078125 1.1328125e-05 0.2596658203125 0.0007591796875 0.2559439453125 0.01215849609375
2 0.27910732421875 1.162109375e-05 0.27554013671875 0.01328935546875 0.2779203125 0.0124958984375 0.296168359375 0.01725625 0.281490625 0.0620830078125 0.24856484375 0.049388671875 0.24756552734375 0.043343359375 0.26163974609375 1.142578125e-05 0.27910732421875 1.162109375e-05
2 0.30078876953125 0.01897783203125 0.30240078125 0.0195482421875 0.3183693359375 0.0252037109375 0.32236142578125 0.01189658203125 0.32535556640625 0.01089853515625 0.33333984375 0.0125619140625 0.34021904296875 0.01754951171875 0.32435751953125 0.06379443359375 0.29061728515625 0.05208779296875 0.28930869140625 0.05000947265625 0.2909251953125 0.04262001953125 0.28923076171875 0.0412318359375 0.29678818359375 0.02153818359375 0.30078876953125 0.01897783203125
2 0.342326953125 0.01869560546875 0.358106640625 0.0233140625 0.3587734375 0.0256515625 0.35486357421875 0.0376419921875 0.36372607421875 0.0433765625 0.37180654296875 0.0472865234375 0.3645080078125 0.07100673828125 0.3308826171875 0.06344755859375 0.32813193359375 0.06128623046875 0.33721162109375 0.03093173828125 0.34170478515625 0.01990302734375 0.342326953125 0.01869560546875
2 0.39219267578125 0.05862685546875 0.3932353515625 0.0583662109375 0.39688466796875 0.05810556640625 0.40965703125 0.06436142578125 0.39610263671875 0.09955078125 0.36977578125 0.09068828125 0.3614345703125 0.08599638671875 0.38202685546875 0.03334267578125 0.3927140625 0.0328212890625 0.40001259765625 0.03673125 0.39219267578125 0.05862685546875
2 0.42008359375 0.050025 0.4216185546875 0.0486021484375 0.43124609375 0.05095986328125 0.437337109375 0.05498779296875 0.43959658203125 0.05744375 0.43016552734375 0.07827080078125 0.433014453125 0.08053037109375 0.4338986328125 0.07895849609375 0.43859052734375 0.0724419921875 0.45110234375 0.07765517578125 0.43624462890625 0.11206259765625 0.43311669921875 0.116233203125 0.4237328125 0.11206259765625 0.4232115234375 0.10763134765625 0.41591298828125 0.10372138671875 0.41278505859375 0.10684931640625 0.404183203125 0.102939453125 0.399751953125 0.09955078125 0.42008359375 0.050025
2 0.67156337890625 1.201171875e-05 0.65273349609375 0.036118359375 0.64109208984375 0.03060400390625 0.64150048828125 0.02529384765625 0.63904970703125 0.023047265625 0.6321056640625 0.03713955078125 0.6276125 0.03836494140625 0.61494990234375 0.030808203125 0.61352021484375 0.028357421875 0.6309005859375 1.220703125e-05 0.67156337890625 1.201171875e-05
2 0.62536767578125 1.23046875e-05 0.61673603515625 0.0180712890625 0.6126513671875 0.01562041015625 0.605298828125 0.02664912109375 0.5948828125 0.019909375 0.5948828125 0.01643740234375 0.6022353515625 0.00397900390625 0.598503125 0.00381787109375 0.59975107421875 1.240234375e-05 0.62536767578125 1.23046875e-05
2 0.6902978515625 0.0158580078125 0.69172744140625 0.01606220703125 0.70520703125 0.02464013671875 0.69376982421875 0.04383818359375 0.6915232421875 0.04322548828125 0.68662158203125 0.05016953125 0.67498017578125 0.04342978515625 0.6731419921875 0.04404248046875 0.6668107421875 0.05629658203125 0.66395146484375 0.05711357421875 0.65067607421875 0.0481271484375 0.65149306640625 0.04526787109375 0.67375478515625 0.0091181640625 0.676409765625 0.0078927734375 0.6902978515625 0.0158580078125
2 0.6861701171875 0.06918203125 0.68512744140625 0.0678787109375 0.68512744140625 0.06605400390625 0.7171888671875 0.011836328125 0.72943994140625 0.020698828125 0.7278759765625 0.02539072265625 0.7190134765625 0.03816318359375 0.721098828125 0.05979814453125 0.716667578125 0.0590162109375 0.7038951171875 0.07569853515625 0.69894248046875 0.07804453125 0.6861701171875 0.06918203125
2 0.79144912109375 0.0042099609375 0.78238505859375 0.0198712890625 0.7797775390625 0.01812724609375 0.77154462890625 0.03298984375 0.76888955078125 0.03298984375 0.75704384765625 0.02747548828125 0.76112861328125 0.01828486328125 0.74724052734375 0.00664345703125 0.75138046875 1.123046875e-05 0.7893685546875 1.083984375e-05 0.79144912109375 0.0042099609375
2 0.74307763671875 0.05118623046875 0.76004423828125 0.062497265625 0.7617076171875 0.06648935546875 0.7713552734375 0.0751390625 0.77102255859375 0.07913115234375 0.75372333984375 0.106078125 0.748733203125 0.10907216796875 0.73342998046875 0.09942451171875 0.741746875 0.0851193359375 0.73975087890625 0.083788671875 0.72710908203125 0.07613701171875 0.727441796875 0.071146875 0.74074892578125 0.0521841796875 0.74307763671875 0.05118623046875
2 0.8183787109375 1.044921875e-05 0.837391015625 0.0123669921875 0.837391015625 0.01575556640625 0.82618251953125 0.03426259765625 0.8235759765625 0.03426259765625 0.818883984375 0.03999716796875 0.81601669921875 0.0407791015625 0.80715419921875 0.0358265625 0.8131494140625 0.02592138671875 0.79594580078125 0.0141916015625 0.797509765625 0.011063671875 0.8045408203125 1.064453125e-05 0.8183787109375 1.044921875e-05
2 0.78928984375 0.065301953125 0.81040341796875 0.077553125 0.799976953125 0.0939748046875 0.8018015625 0.1072685546875 0.79815234375 0.11222109375 0.79137509765625 0.11456708984375 0.77808134765625 0.101533984375 0.78511923828125 0.090846875 0.77417138671875 0.08146298828125 0.777038671875 0.07572841796875 0.78746513671875 0.06373798828125 0.78928984375 0.065301953125
1 0.27966826171875 0.4165669921875 0.31230458984375 0.43055400390625 0.30018251953125 0.45883876953125 0.29738515625 0.4585279296875 0.2914794921875 0.46878505859375 0.28806044921875 0.47065 0.26910029296875 0.46629853515625 0.27345185546875 0.4492033203125 0.28184404296875 0.449825 0.2790466796875 0.4460951171875 0.26972197265625 0.44267607421875 0.2684787109375 0.43956787109375 0.2778033203125 0.41749951171875 0.27966826171875 0.4165669921875
1 0.321629296875 0.43086484375 0.33717041015625 0.43801376953125 0.336237890625 0.440189453125 0.35613046875 0.45168984375 0.33872451171875 0.4902318359375 0.3368595703125 0.4902318359375 0.3210076171875 0.48370458984375 0.32287255859375 0.480285546875 0.31665615234375 0.47842060546875 0.31075048828125 0.4871236328125 0.29489853515625 0.48090712890625 0.295209375 0.4774880859375 0.3163453125 0.43304052734375 0.31976435546875 0.43055400390625 0.321629296875 0.43086484375
1 0.3619458984375 0.451714453125 0.3924064453125 0.465390625 0.3945822265625 0.4678771484375 0.38059521484375 0.498026953125 0.385568359375 0.49927021484375 0.3756220703125 0.5172978515625 0.3681623046875 0.52196025390625 0.3551078125 0.51356796875 0.3551078125 0.50952734375 0.36381083984375 0.495851171875 0.34578310546875 0.4837291015625 0.3450802734375 0.48115185546875 0.3536318359375 0.4595970703125 0.35632626953125 0.45877705078125 0.36007490234375 0.45245126953125 0.3619458984375 0.451714453125
1 0.355487109375 0.52427314453125 0.3646111328125 0.53339716796875 0.35469365234375 0.5456947265625 0.35866064453125 0.55164521484375 0.369371484375 0.5361740234375 0.374528515625 0.53657080078125 0.38682607421875 0.55124853515625 0.36818134765625 0.5675130859375 0.36262763671875 0.5631494140625 0.3511234375 0.56989326171875 0.341602734375 0.55957919921875 0.332875390625 0.56433955078125 0.3245447265625 0.55045517578125 0.32573486328125 0.54728154296875 0.3523134765625 0.52466982421875 0.355487109375 0.52427314453125
1 0.3971716796875 0.48569931640625 0.3990318359375 0.4820447265625 0.41053603515625 0.47688759765625 0.43275107421875 0.491962109375 0.43751142578125 0.5002927734375 0.39942861328125 0.543929296875 0.38197392578125 0.53083837890625 0.3872205078125 0.5257376953125 0.39394853515625 0.51661748046875 0.38826708984375 0.51287978515625 0.383333203125 0.50510517578125 0.3971716796875 0.48569931640625
2 0.21692265625 0.18635068359375 0.2176859375 0.18635068359375 0.24993408203125 0.1951283203125 0.25336884765625 0.19760888671875 0.2476443359375 0.21611826171875 0.24401875 0.222415234375 0.21138896484375 0.21306513671875 0.20852666015625 0.21058447265625 0.21692265625 0.18635068359375
2 0.2035333984375 0.0754083984375 0.20312421875 0.07607373046875 0.2059865234375 0.07817275390625 0.20884873046875 0.07664619140625 0.21152021484375 0.0747380859375 0.22373251953125 0.07989013671875 0.21361923828125 0.1165271484375 0.19930791015625 0.11213837890625 0.2017884765625 0.103169921875 0.20073603515625 0.10182822265625 0.1982494140625 0.10089580078125 0.19545205078125 0.10244990234375 0.17804599609375 0.09499013671875 0.1783568359375 0.0921927734375 0.18768154296875 0.0617322265625 0.18954638671875 0.0626646484375 0.18954638671875 0.0595564453125 0.19234384765625 0.05862392578125 0.20726328125 0.0648404296875 0.2035333984375 0.0754083984375
2 0.38004736328125 0.2747892578125 0.374096875 0.30612822265625 0.355848828125 0.3029546875 0.35822900390625 0.28272314453125 0.36219599609375 0.28153310546875 0.36893984375 0.28391328125 0.3867912109375 0.2474171875 0.39036142578125 0.246623828125 0.41376650390625 0.25892138671875 0.414956640625 0.2652685546875 0.4054359375 0.28589677734375 0.38163408203125 0.2751859375 0.38004736328125 0.2747892578125
2 0.2697744140625 0.19891640625 0.2719501953125 0.196740625 0.2961943359375 0.20326787109375 0.30054580078125 0.20637607421875 0.28438310546875 0.24740458984375 0.27940986328125 0.24802626953125 0.25858486328125 0.2393232421875 0.2539224609375 0.2371474609375 0.2697744140625 0.19891640625
2 0.30230009765625 0.20908251953125 0.3142333984375 0.2134662109375 0.317155859375 0.21784990234375 0.3307939453125 0.2249125 0.33371640625 0.23173154296875 0.32641025390625 0.25291923828125 0.28817490234375 0.24731787109375 0.28681083984375 0.24395458984375 0.3001654296875 0.2092794921875 0.30157109375 0.20904521484375 0.30230009765625 0.20908251953125
2 0.3436380859375 0.23197060546875 0.37036875 0.24657919921875 0.37316611328125 0.25124150390625 0.36321982421875 0.26864755859375 0.3591791015625 0.26864755859375 0.33369169921875 0.25714716796875 0.33462421875 0.25030908203125 0.34208388671875 0.2325921875 0.3436380859375 0.23197060546875
2 0.0432470703125 0.14573369140625 0.04355791015625 0.14604453125 0.04604453125 0.14604453125 0.04635537109375 0.14386875 0.0522609375 0.14386875 0.0522609375 0.14511201171875 0.05878818359375 0.144801171875 0.0590990234375 0.14417958984375 0.06469384765625 0.14417958984375 0.0650046875 0.14635537109375 0.06780205078125 0.14573369140625 0.07246435546875 0.14822021484375 0.0817890625 0.14822021484375 0.07992412109375 0.1749509765625 0.03951728515625 0.16935615234375 0.0432470703125 0.14573369140625
2 -0.0 0.21467392578125 0.008425390625 0.21405234375 0.012466015625 0.22026875 0.01339853515625 0.23207998046875 -0.0 0.2376748046875 -0.0 0.21467392578125
2 0.0761740234375 0.0257236328125 0.077257421875 0.02362685546875 0.09533935546875 0.02023076171875 0.101030078125 0.03583447265625 0.0992861328125 0.040607421875 0.08342509765625 0.04442373046875 0.07941796875 0.04404208984375 0.0761740234375 0.0257236328125
2 0.45583173828125 0.56776220703125 0.45444375 0.56694482421875 0.46446103515625 0.556778125 0.4689462890625 0.560964453125 0.471039453125 0.55902080078125 0.4665541015625 0.55274130859375 0.484644921875 0.53838828125 0.5027357421875 0.56141298828125 0.48883125 0.57471943359375 0.49002734375 0.5760650390625 0.4955591796875 0.572177734375 0.509782421875 0.5875970703125 0.498675 0.5963244140625 0.48717080078125 0.59077060546875 0.4800302734375 0.59592763671875 0.45583173828125 0.56776220703125
2 0.484152734375 0.536326953125 0.48356708984375 0.53456982421875 0.50945625 0.5112578125 0.5110962890625 0.51114072265625 0.52035078125 0.5216837890625 0.52374794921875 0.5184037109375 0.543194140625 0.53972421875 0.543076953125 0.5418328125 0.527848046875 0.55729599609375 0.51156484375 0.54335576171875 0.49938173828125 0.55413310546875 0.484152734375 0.536326953125
2 0.27672626953125 0.08637216796875 0.27765869140625 0.08388564453125 0.281077734375 0.08326396484375 0.31588984375 0.0919669921875 0.3196197265625 0.09352109375 0.31153828125 0.12180595703125 0.27455048828125 0.113413671875 0.271753125 0.11030546875 0.27672626953125 0.08637216796875
2 0.23240625 0.0729625 0.252298828125 0.08011142578125 0.25136640625 0.0881927734375 0.2476365234375 0.0978283203125 0.22587890625 0.090990234375 0.227122265625 0.082598046875 0.2308521484375 0.074205859375 0.23240625 0.0729625
2 0.32095244140625 0.10182705078125 0.3364935546875 0.1068001953125 0.34302080078125 0.10928681640625 0.3458181640625 0.11332744140625 0.34146669921875 0.13322001953125 0.335871875 0.13601748046875 0.30883037109375 0.12855771484375 0.3184658203125 0.10400283203125 0.320019921875 0.1015162109375 0.32095244140625 0.10182705078125
2 0.8332369140625 0.04785234375 0.852476171875 0.0205123046875 0.86007060546875 0.02101865234375 0.88133505859375 0.04228310546875 0.8676650390625 0.06202861328125 0.85399501953125 0.0539279296875 0.84488173828125 0.0584845703125 0.83981875 0.05797822265625 0.8291865234375 0.0756986328125 0.82564248046875 0.0762048828125 0.80944091796875 0.07012939453125 0.8084283203125 0.06405380859375 0.819060546875 0.04886494140625 0.82868017578125 0.0544341796875 0.83273056640625 0.04835859375 0.8332369140625 0.04785234375
2 0.81349130859375 0.09595048828125 0.83931240234375 0.11721494140625 0.8418439453125 0.1227841796875 0.819060546875 0.154680859375 0.8124787109375 0.15974384765625 0.78817646484375 0.13696044921875 0.7871638671875 0.12835341796875 0.809947265625 0.09848193359375 0.81349130859375 0.09595048828125
2 0.86974833984375 0.07777138671875 0.87068076171875 0.0737306640625 0.8815595703125 0.04824326171875 0.88435693359375 0.04824326171875 0.91015517578125 0.0644060546875 0.91295263671875 0.062851953125 0.91916904296875 0.07341982421875 0.90518203125 0.09113671875 0.90114130859375 0.09300166015625 0.889330078125 0.0811904296875 0.88591103515625 0.09113671875 0.88124873046875 0.0933125 0.8731673828125 0.0886501953125 0.8669509765625 0.09890732421875 0.85016650390625 0.08709599609375 0.85545048828125 0.079636328125 0.86135615234375 0.07435234375 0.86974833984375 0.07777138671875
2 0.839759765625 0.13436005859375 0.83968916015625 0.13225732421875 0.840176171875 0.1288478515625 0.84480341796875 0.12738662109375 0.84431630859375 0.1266560546875 0.8591720703125 0.12446416015625 0.85868505859375 0.1181322265625 0.86599111328125 0.11691455078125 0.870618359375 0.12422060546875 0.87768095703125 0.1234900390625 0.88011630859375 0.139319921875 0.86574755859375 0.1427294921875 0.86745234375 0.15490634765625 0.84675166015625 0.1592900390625 0.842855078125 0.15149677734375 0.832139453125 0.153688671875 0.829989453125 0.15247099609375 0.82861259765625 0.14173193359375 0.8346705078125 0.14026337890625 0.83375263671875 0.1354904296875 0.839759765625 0.13436005859375
2 0.8793087890625 0.144825 0.8793087890625 0.14360732421875 0.89148564453125 0.15213115234375 0.9097509765625 0.16260322265625 0.91048154296875 0.16576923828125 0.89197275390625 0.18744404296875 0.880039453125 0.17794609375 0.8664013671875 0.1937759765625 0.85057138671875 0.17916376953125 0.8793087890625 0.144825
2 0.923970703125 0.07647548828125 0.956103125 0.10345087890625 0.9557064453125 0.10702109375 0.93071455078125 0.13677333984375 0.9227806640625 0.13677333984375 0.9180203125 0.1292361328125 0.92436748046875 0.11931875 0.91643349609375 0.11217822265625 0.91048310546875 0.12606259765625 0.90611943359375 0.128839453125 0.89699541015625 0.12764931640625 0.88826806640625 0.1232857421875 0.8958052734375 0.1066244140625 0.9001689453125 0.10464091796875 0.90175576171875 0.10741787109375 0.904929296875 0.10464091796875 0.9037392578125 0.09948388671875 0.92198720703125 0.07687216796875 0.923970703125 0.07647548828125
2 0.9100896484375 0.17429794921875 0.92354560546875 0.18536181640625 0.92892802734375 0.18027841796875 0.93191826171875 0.18087646484375 0.942383984375 0.18880048828125 0.916369140625 0.2242345703125 0.91083720703125 0.2257296875 0.90022197265625 0.21436689453125 0.9082955078125 0.2064427734375 0.89424150390625 0.194332421875 0.8934939453125 0.19089365234375 0.9076974609375 0.17399892578125 0.909790625 0.17340087890625 0.9100896484375 0.17429794921875
2 0.96721572265625 0.10859775390625 0.96939150390625 0.10766533203125 0.98990576171875 0.1250712890625 0.9902166015625 0.1303552734375 0.9721888671875 0.15522109375 0.96970234375 0.1524236328125 0.9637966796875 0.15708603515625 0.96317509765625 0.1608158203125 0.956026171875 0.1704513671875 0.93426865234375 0.15118037109375 0.9339578125 0.14713974609375 0.96721572265625 0.10859775390625
2 0.9984849609375 0.181475390625 0.98564853515625 0.17225009765625 0.97731787109375 0.18097744140625 0.97335087890625 0.1789939453125 0.96343349609375 0.1690765625 0.970970703125 0.16193603515625 0.98128486328125 0.16233271484375 0.98604521484375 0.16034921875 0.99437587890625 0.1468615234375 0.99848505859375 0.14579755859375 0.9984849609375 0.181475390625
2 0.942807421875 0.199549609375 0.9698400390625 0.22463388671875 0.95449716796875 0.2431427734375 0.9403720703125 0.23096591796875 0.93282236328125 0.23754140625 0.9264904296875 0.24289921875 0.91553125 0.231209375 0.9162619140625 0.22755634765625 0.94158974609375 0.198575390625 0.942807421875 0.199549609375
2 0.97119375 0.229780859375 0.99848486328125 0.2507041015625 0.99848486328125 0.2532947265625 0.981688671875 0.273096484375 0.97615498046875 0.26737197265625 0.9694763671875 0.2736689453125 0.956119140625 0.2620291015625 0.96184365234375 0.25630458984375 0.952302734375 0.2465728515625 0.9696671875 0.22939921875 0.97119375 0.229780859375
2 0.998484765625 0.28780263671875 0.98928583984375 0.29794365234375 0.97687646484375 0.2859828125 0.97538134765625 0.28224501953125 0.9969109375 0.2584728515625 0.99848486328125 0.25996416015625 0.998484765625 0.28780263671875
2 0.479412109375 0.084425 0.479412109375 0.08640849609375 0.48575927734375 0.08680517578125 0.491709765625 0.0935490234375 0.4825857421875 0.1125904296875 0.47663525390625 0.1086234375 0.465527734375 0.10703671875 0.4635443359375 0.11933427734375 0.44926318359375 0.1177474609375 0.4417259765625 0.11378056640625 0.45680048828125 0.07411083984375 0.46790791015625 0.07688779296875 0.46751123046875 0.0669703125 0.4821890625 0.0717306640625 0.479412109375 0.084425
2 0.49845361328125 0.08323486328125 0.500437109375 0.08363154296875 0.5329662109375 0.0947390625 0.5099578125 0.14630966796875 0.4877427734375 0.13837568359375 0.488139453125 0.13401201171875 0.49369326171875 0.11933427734375 0.48615595703125 0.11735078125 0.49845361328125 0.08323486328125
2 0.54896064453125 0.1287025390625 0.54866865234375 0.12453203125 0.5537400390625 0.1125296875 0.55745908203125 0.111008203125 0.5745328125 0.1204185546875 0.5569654296875 0.15387919921875 0.52627060546875 0.14268955078125 0.5234732421875 0.1392705078125 0.5296896484375 0.1231078125 0.53248701171875 0.12279697265625 0.54896064453125 0.1287025390625
2 0.65991572265625 0.18806591796875 0.66348603515625 0.187669140625 0.67221337890625 0.191239453125 0.6789572265625 0.19837998046875 0.6615025390625 0.2237685546875 0.65793232421875 0.22852890625 0.62222958984375 0.20710732421875 0.65356865234375 0.16545419921875 0.66308935546875 0.1682310546875 0.66864306640625 0.17576826171875 0.65991572265625 0.18806591796875
2 0.68363291015625 0.202931640625 0.69202509765625 0.208215625 0.69264677734375 0.211323828125 0.69264677734375 0.213499609375 0.6951333984375 0.21474287109375 0.7044580078125 0.1998234375 0.71564755859375 0.20386416015625 0.72062080078125 0.208215625 0.70259306640625 0.2414736328125 0.69575498046875 0.23743291015625 0.6898494140625 0.2424060546875 0.6665376953125 0.228108203125 0.6656052734375 0.2234458984375 0.67679482421875 0.20541826171875 0.6823896484375 0.20199921875 0.68363291015625 0.202931640625
2 0.5736849609375 0.55494931640625 0.5736849609375 0.55393671875 0.580266796875 0.54786123046875 0.5995060546875 0.56507529296875 0.59798720703125 0.57064453125 0.5777353515625 0.592415234375 0.55849609375 0.575201171875 0.5736849609375 0.55494931640625
2 0.37416591796875 0.11556455078125 0.37416591796875 0.1130330078125 0.4111255859375 0.12822197265625 0.39137998046875 0.17075087890625 0.37214072265625 0.165687890625 0.37467216796875 0.15657451171875 0.37214072265625 0.1550556640625 0.3691029296875 0.16011865234375 0.358470703125 0.157587109375 0.35543291015625 0.15151162109375 0.37416591796875 0.11556455078125
2 0.41381201171875 0.1317533203125 0.4256234375 0.13235126953125 0.42726796875 0.136687109375 0.4229322265625 0.14954501953125 0.41859638671875 0.156273046875 0.42652041015625 0.16060888671875 0.43399599609375 0.1487974609375 0.43967744140625 0.1499935546875 0.4465548828125 0.1535818359375 0.433937109375 0.18999482421875 0.43113974609375 0.191859765625 0.3966384765625 0.17787275390625 0.3953951171875 0.17227802734375 0.4090712890625 0.1492771484375 0.4072064453125 0.14026328125 0.40735595703125 0.1377216796875 0.40959853515625 0.13503046875 0.4124392578125 0.13428291015625 0.4130373046875 0.132040234375 0.41381201171875 0.1317533203125
2 0.45365341796875 0.154820703125 0.49115810546875 0.1684587890625 0.492862890625 0.171868359375 0.482147265625 0.18867236328125 0.47532822265625 0.18599345703125 0.4728927734375 0.190620703125 0.479468359375 0.19670908203125 0.470457421875 0.212051953125 0.44707783203125 0.2015798828125 0.4485390625 0.1962220703125 0.4573064453125 0.18331455078125 0.44464248046875 0.17479072265625 0.44439892578125 0.1706505859375 0.4519486328125 0.15579482421875 0.45365341796875 0.154820703125
2 0.41125751953125 0.3022240234375 0.41205087890625 0.29865380859375 0.42791875 0.27128173828125 0.4318857421875 0.27088505859375 0.446166796875 0.274851953125 0.45767099609375 0.28635615234375 0.43862958984375 0.3153150390625 0.41998486328125 0.30817451171875 0.41006748046875 0.325232421875 0.3894392578125 0.31650517578125 0.3953896484375 0.3014306640625 0.39856328125 0.297463671875 0.41125751953125 0.3022240234375
2 0.46318369140625 0.2856076171875 0.49582001953125 0.305189453125 0.49519833984375 0.31264912109375 0.477170703125 0.33689326171875 0.44391279296875 0.315757421875 0.443601953125 0.3107841796875 0.46100791015625 0.28654013671875 0.46318369140625 0.2856076171875
2 0.50072431640625 0.19178193359375 0.50074013671875 0.1928326171875 0.50044111328125 0.199112109375 0.5092623046875 0.2040458984375 0.51404658203125 0.19477626953125 0.52944619140625 0.2018033203125 0.513 0.23439658203125 0.477566015625 0.21974453125 0.47681845703125 0.2154087890625 0.48324736328125 0.19806552734375 0.49281611328125 0.1970189453125 0.49670341796875 0.190739453125 0.4878822265625 0.18505810546875 0.49610537109375 0.17085458984375 0.502278515625 0.1725109375 0.50880576171875 0.1784166015625 0.50072431640625 0.19178193359375
2 0.53920341796875 0.2199576171875 0.5620958984375 0.2311603515625 0.56355712890625 0.23530048828125 0.55162373046875 0.25453984375 0.5209380859375 0.23846640625 0.52824423828125 0.22653310546875 0.52228310546875 0.2182736328125 0.5331138671875 0.198539453125 0.54746630859375 0.2071046875 0.54016015625 0.21684619140625 0.53920341796875 0.2199576171875
2 0.57070322265625 0.239514453125 0.59871005859375 0.25534443359375 0.59554404296875 0.26825185546875 0.58726376953125 0.2745837890625 0.55925703125 0.259241015625 0.5590134765625 0.25461376953125 0.56826787109375 0.2397580078125 0.57070322265625 0.239514453125
2 0.63036982421875 0.24925595703125 0.654480078125 0.26289404296875 0.65545419921875 0.26581650390625 0.63256171875 0.3028341796875 0.62330732421875 0.30161650390625 0.605285546875 0.29041376953125 0.61405283203125 0.2777498046875 0.60211953125 0.2702001953125 0.6108869140625 0.25534443359375 0.62306376953125 0.2638681640625 0.6296392578125 0.25193486328125 0.63036982421875 0.24925595703125
2 0.65298232421875 0.28247412109375 0.68344296875 0.30174501953125 0.68406455078125 0.30765068359375 0.67038837890625 0.32909736328125 0.66261787109375 0.3278541015625 0.6365087890625 0.30858310546875 0.63744130859375 0.3036099609375 0.65049580078125 0.28340654296875 0.65298232421875 0.28247412109375
2 0.68653935546875 0.304888671875 0.69416435546875 0.29442294921875 0.695808984375 0.2939744140625 0.70836787109375 0.304290625 0.70881640625 0.306084765625 0.69954677734375 0.31864365234375 0.71375029296875 0.33135205078125 0.7146828125 0.33600576171875 0.70318232421875 0.35496591796875 0.67551923828125 0.3350732421875 0.67458671875 0.3297892578125 0.69012783203125 0.3130048828125 0.6857091796875 0.3055763671875 0.68653935546875 0.304888671875
2 0.7315029296875 0.23317001953125 0.73057041015625 0.23534580078125 0.72373232421875 0.2381431640625 0.7283947265625 0.24062978515625 0.733989453125 0.23596748046875 0.74984140625 0.24498125 0.733989453125 0.269225390625 0.73025966796875 0.27171201171875 0.69948828125 0.2518193359375 0.69917744140625 0.2493328125 0.72528642578125 0.20706103515625 0.73865185546875 0.218872265625 0.738341015625 0.22260205078125 0.7315029296875 0.23317001953125
2 0.783079296875 0.26972041015625 0.7840240234375 0.27051513671875 0.7816318359375 0.273355859375 0.7780435546875 0.27141220703125 0.77595048828125 0.27500048828125 0.77879111328125 0.2790373046875 0.76369052734375 0.297128125 0.73289130859375 0.2748509765625 0.7342369140625 0.2730568359375 0.7436048828125 0.26194990234375 0.7532404296875 0.266923046875 0.7541728515625 0.26443642578125 0.7457806640625 0.2569767578125 0.75355126953125 0.2473412109375 0.75665947265625 0.24671962890625 0.769403125 0.25604423828125 0.783079296875 0.24298974609375 0.79333642578125 0.25107109375 0.79333642578125 0.25759833984375 0.783079296875 0.26972041015625
2 0.75216201171875 0.31857158203125 0.75371611328125 0.32167978515625 0.75775673828125 0.33007197265625 0.739107421875 0.3425048828125 0.7459455078125 0.34747802734375 0.7512294921875 0.34001826171875 0.76304072265625 0.34685634765625 0.76614892578125 0.352451171875 0.7428373046875 0.3844658203125 0.7080251953125 0.35960009765625 0.708646875 0.355559375 0.7207689453125 0.3393966796875 0.73475595703125 0.331315234375 0.72791787109375 0.32323388671875 0.74718876953125 0.31017939453125 0.75216201171875 0.31857158203125
2 0.775825390625 0.372752734375 0.7765654296875 0.374936328125 0.78224677734375 0.37972060546875 0.78463896484375 0.3798701171875 0.78389140625 0.377776953125 0.7841904296875 0.374936328125 0.79286201171875 0.3644705078125 0.79585224609375 0.36372294921875 0.80871015625 0.37418876953125 0.80856064453125 0.37508583984375 0.79764638671875 0.3876447265625 0.79316103515625 0.386149609375 0.7871806640625 0.3894388671875 0.77013642578125 0.4070810546875 0.76864130859375 0.40693154296875 0.74442060546875 0.38674765625 0.74442060546875 0.3846544921875 0.77147392578125 0.3522384765625 0.78515009765625 0.362184765625 0.775825390625 0.372752734375
2 0.8020423828125 0.2812689453125 0.80241748046875 0.28194990234375 0.802183203125 0.284878515625 0.81378056640625 0.29331298828125 0.80780615234375 0.30327041015625 0.80616611328125 0.3039732421875 0.797731640625 0.297881640625 0.78390849609375 0.3165078125 0.76270517578125 0.30163037109375 0.7950373046875 0.2581693359375 0.807015625 0.26572783203125 0.8095021484375 0.27039013671875 0.8020423828125 0.2812689453125
2 0.83786845703125 0.28902041015625 0.86211259765625 0.31202119140625 0.86211259765625 0.31637275390625 0.83009794921875 0.35211728515625 0.824503125 0.3518064453125 0.81113779296875 0.33564365234375 0.827611328125 0.32321083984375 0.81580009765625 0.31139951171875 0.81580009765625 0.3086021484375 0.83538193359375 0.28839873046875 0.83786845703125 0.28902041015625
2 0.878070703125 0.44489365234375 0.9113931640625 0.4758359375 0.9098064453125 0.48099306640625 0.8915583984375 0.4980509765625 0.88481455078125 0.4928939453125 0.8776740234375 0.49963779296875 0.8733103515625 0.4988443359375 0.8499052734375 0.47424921875 0.87688056640625 0.44449697265625 0.878070703125 0.44489365234375
2 0.93191201171875 0.468523046875 0.95771015625 0.49711865234375 0.92383056640625 0.5303765625 0.91574921875 0.52136279296875 0.910465234375 0.52664677734375 0.89057265625 0.50768662109375 0.8899509765625 0.5052 0.92849296875 0.46821220703125 0.93191201171875 0.468523046875
2 0.9741837890625 0.4100884765625 0.97542705078125 0.41071015625 0.97853525390625 0.41506162109375 0.9720080078125 0.42283212890625 0.98319755859375 0.43495419921875 0.95335869140625 0.4647931640625 0.93066865234375 0.44023818359375 0.93066865234375 0.4299810546875 0.965169921875 0.398898828125 0.9741837890625 0.4100884765625
2 0.99848466796875 0.47650615234375 0.982730078125 0.49381865234375 0.9602380859375 0.47132666015625 0.96281533203125 0.46851513671875 0.962932421875 0.468398046875 0.97534990234375 0.45633203125 0.9744126953125 0.4459060546875 0.98460439453125 0.43676875 0.99848466796875 0.45068525390625 0.99848466796875 0.47650615234375
2 0.95541533203125 0.50726298828125 0.9762404296875 0.52777724609375 0.97282138671875 0.53306123046875 0.98121357421875 0.54145341796875 0.970645703125 0.55357548828125 0.957901953125 0.54362919921875 0.94080673828125 0.55730537109375 0.93614443359375 0.55668369140625 0.92246826171875 0.53989931640625 0.92340068359375 0.53461533203125 0.93614443359375 0.524358203125 0.94205 0.53150712890625 0.945158203125 0.52870966796875 0.93925263671875 0.52031748046875 0.95479375 0.505398046875 0.95541533203125 0.50726298828125
2 0.99848466796875 0.5796248046875 0.98863720703125 0.590379296875 0.96301455078125 0.56245244140625 0.9637208984375 0.5611279296875 0.9635443359375 0.5611279296875 0.975994921875 0.5480591796875 0.9770986328125 0.54830771484375 0.99206484375 0.56237685546875 0.99071923828125 0.56596513671875 0.99191533203125 0.5673107421875 0.99848466796875 0.56061005859375 0.99848466796875 0.5796248046875
2 0.43761640625 0.35927802734375 0.4522990234375 0.3704166015625 0.44065419921875 0.38712431640625 0.45989345703125 0.40231328125 0.4568556640625 0.41395810546875 0.4436919921875 0.428640625 0.42040234375 0.40838876953125 0.4183771484375 0.39978173828125 0.4315408203125 0.38560546875 0.43407236328125 0.3795298828125 0.42749052734375 0.37142919921875 0.427733984375 0.36777607421875 0.4369884765625 0.358765234375 0.43761640625 0.35927802734375
2 0.46879990234375 0.41088857421875 0.48755234375 0.42379599609375 0.48877001953125 0.420630078125 0.48852646484375 0.4172205078125 0.50192099609375 0.4011470703125 0.5172638671875 0.414298046875 0.4848734375 0.452776953125 0.45321357421875 0.4257443359375 0.4541876953125 0.422334765625 0.46685166015625 0.4113755859375 0.46879990234375 0.41088857421875
2 0.5358162109375 0.332455078125 0.53834765625 0.332455078125 0.57125693359375 0.34916279296875 0.53227216796875 0.40029873046875 0.52163994140625 0.38966650390625 0.51961474609375 0.38308466796875 0.534297265625 0.3648580078125 0.5236650390625 0.35979501953125 0.5358162109375 0.332455078125
2 0.49346376953125 0.34915751953125 0.4930513671875 0.3504470703125 0.485258203125 0.36213681640625 0.4769779296875 0.35726611328125 0.47186357421875 0.35117763671875 0.4935384765625 0.3178130859375 0.4973408203125 0.31878720703125 0.50897197265625 0.3284798828125 0.51931083984375 0.3136177734375 0.52577255859375 0.31297158203125 0.54063466796875 0.3226642578125 0.51414140625 0.3620810546875 0.49346376953125 0.34915751953125
2 0.62922236328125 0.3734095703125 0.65540439453125 0.393641015625 0.6526275390625 0.40435185546875 0.63318935546875 0.4257734375 0.59986689453125 0.40474853515625 0.60502392578125 0.3976080078125 0.6264455078125 0.374599609375 0.62922236328125 0.3734095703125
2 0.56733779296875 0.475360546875 0.59153623046875 0.4531455078125 0.61414794921875 0.475360546875 0.6066107421875 0.48170771484375 0.608594140625 0.4860712890625 0.60105693359375 0.4932119140625 0.59193291015625 0.48686474609375 0.57725517578125 0.49717880859375 0.56297412109375 0.48369111328125 0.5649576171875 0.47734404296875 0.56733779296875 0.475360546875
2 0.51624267578125 0.50316162109375 0.5401759765625 0.483890625 0.54483828125 0.48575556640625 0.57032568359375 0.51745947265625 0.5684607421875 0.52429755859375 0.54950068359375 0.5392169921875 0.51624267578125 0.50782392578125 0.51562099609375 0.5034724609375 0.51624267578125 0.50316162109375
2 0.6041240234375 0.52809453125 0.6120580078125 0.52055732421875 0.64776064453125 0.5475326171875 0.62038857421875 0.57728486328125 0.5953966796875 0.54911943359375 0.58865283203125 0.55308642578125 0.58730732421875 0.55308642578125 0.58117734375 0.5451623046875 0.581775390625 0.53365 0.59597890625 0.534248046875 0.604201953125 0.54979716796875 0.61302314453125 0.5409759765625 0.60240791015625 0.5309587890625 0.6033048828125 0.52841708984375 0.6041240234375 0.52809453125
2 0.68258056640625 0.6121669921875 0.69086083984375 0.60339970703125 0.6959751953125 0.6072962890625 0.70328125 0.61338466796875 0.69743642578125 0.61947314453125 0.71058740234375 0.63165 0.6923220703125 0.6501587890625 0.6901302734375 0.6501587890625 0.66845546875 0.62970166015625 0.66650712890625 0.6260486328125 0.68014521484375 0.61289765625 0.68258056640625 0.6121669921875
1 0.74893017578125 0.82000107421875 0.769955078125 0.79302568359375 0.79693046875 0.81960439453125 0.78661630859375 0.8322986328125 0.7965337890625 0.840629296875 0.7981205078125 0.8445962890625 0.79097998046875 0.8537203125 0.7878064453125 0.8549103515625 0.7747154296875 0.8410259765625 0.769955078125 0.8461830078125 0.74813681640625 0.82753828125 0.74655 0.82079443359375 0.74893017578125 0.82000107421875
1 0.80641611328125 0.78671875 0.79363125 0.7741248046875 0.8075609375 0.7617216796875 0.843053125 0.79625966796875 0.81805595703125 0.8222109375 0.81595693359375 0.8224017578125 0.7938220703125 0.8037015625 0.8100416015625 0.787100390625 0.8088966796875 0.7865279296875 0.80641611328125 0.78671875
2 0.67224755859375 0.44737080078125 0.68930546875 0.4275359375 0.6992228515625 0.43824677734375 0.707553515625 0.43070947265625 0.71112373046875 0.431899609375 0.7269916015625 0.44657734375 0.71390068359375 0.458875 0.703983203125 0.4505443359375 0.6984294921875 0.454511328125 0.70676015625 0.46204853515625 0.69565263671875 0.473552734375 0.67185078125 0.4549080078125 0.671057421875 0.44935419921875 0.67224755859375 0.44737080078125
2 0.66510673828125 0.474090234375 0.66599345703125 0.4729099609375 0.67735634765625 0.4599025390625 0.6920083984375 0.473208984375 0.6865283203125 0.48202412109375 0.70199951171875 0.49471845703125 0.6829580078125 0.51772685546875 0.65756943359375 0.496701953125 0.67145380859375 0.480040625 0.66510673828125 0.474090234375
2 0.6384060546875 0.51119384765625 0.6387876953125 0.51043056640625 0.636688671875 0.50775908203125 0.62981923828125 0.501462109375 0.638215234375 0.4896314453125 0.6406958984375 0.489058984375 0.6716083984375 0.5167275390625 0.6666470703125 0.52932158203125 0.65939599609375 0.53351953125 0.63497138671875 0.5178724609375 0.6384060546875 0.51119384765625
2 0.73831640625 0.59412626953125 0.737383984375 0.596612890625 0.7526142578125 0.6087349609375 0.73862724609375 0.6270734375 0.7345865234375 0.628005859375 0.697287890625 0.594437109375 0.71376142578125 0.5717470703125 0.7209103515625 0.57796357421875 0.7321 0.5686388671875 0.7482626953125 0.58169345703125 0.73831640625 0.59412626953125
2 0.75634404296875 0.5350701171875 0.7756150390625 0.55465185546875 0.77281767578125 0.55776015625 0.78462890625 0.55434111328125 0.7883587890625 0.55589521484375 0.796129296875 0.56428740234375 0.7976833984375 0.5664630859375 0.78338564453125 0.5813826171875 0.7693986328125 0.56739560546875 0.75385751953125 0.57951767578125 0.75168173828125 0.579828515625 0.7283701171875 0.5602466796875 0.7535466796875 0.53475927734375 0.75634404296875 0.5350701171875
1 0.771826953125 0.64915166015625 0.76476435546875 0.65670126953125 0.75161328125 0.64330673828125 0.75063916015625 0.63770537109375 0.77133984375 0.61919658203125 0.785221484375 0.63746181640625 0.77207041015625 0.64866455078125 0.771826953125 0.64915166015625
1 0.79666767578125 0.60020068359375 0.81127998046875 0.58631904296875 0.83246767578125 0.60848095703125 0.81639423828125 0.6204142578125 0.8256486328125 0.6316169921875 0.817368359375 0.639897265625 0.814689453125 0.639897265625 0.79471943359375 0.61944013671875 0.79447587890625 0.614812890625 0.79423232421875 0.60896796875 0.79447587890625 0.60361015625 0.79642412109375 0.6011748046875 0.79666767578125 0.60020068359375
1 0.78631494140625 0.63380703125 0.7845208984375 0.63096630859375 0.79080029296875 0.6249859375 0.792444921875 0.62453740234375 0.80739599609375 0.64053505859375 0.8075455078125 0.64307666015625 0.785268359375 0.66505478515625 0.7737560546875 0.6518978515625 0.7839228515625 0.64337568359375 0.78601591796875 0.64546884765625 0.79169736328125 0.640833984375 0.78631494140625 0.63380703125
2 0.80252265625 0.503290625 0.7981916015625 0.50853583984375 0.80076162109375 0.50715908203125 0.8045248046875 0.51027978515625 0.80232197265625 0.51541982421875 0.825174609375 0.5336802734375 0.8267287109375 0.5389642578125 0.80372783203125 0.55978935546875 0.77482138671875 0.534301953125 0.776686328125 0.53026123046875 0.78445693359375 0.525909765625 0.77078076171875 0.51223359375 0.78445693359375 0.49576005859375 0.79005166015625 0.48985439453125 0.79315986328125 0.48985439453125 0.8046603515625 0.500733203125 0.8034169921875 0.5022873046875 0.80252265625 0.503290625
1 0.826830859375 0.750383203125 0.82841767578125 0.7507798828125 0.83793837890625 0.74403603515625 0.84706240234375 0.7361021484375 0.8737185546875 0.7652654296875 0.8482525390625 0.7967966796875 0.80461591796875 0.75633369140625 0.81731015625 0.74284599609375 0.82088046875 0.74244921875 0.826830859375 0.750383203125
2 0.83327294921875 0.55652080078125 0.83193720703125 0.554803515625 0.8428138671875 0.54488095703125 0.856552734375 0.55804736328125 0.8555986328125 0.56033720703125 0.84453125 0.568733203125 0.83327294921875 0.55652080078125
2 0.84866396484375 0.56987802734375 0.8562822265625 0.562810546875 0.858026171875 0.5642791015625 0.87610810546875 0.58272822265625 0.87528203125 0.5853900390625 0.86922412109375 0.59098896484375 0.8475625 0.57400849609375 0.847654296875 0.57070419921875 0.84866396484375 0.56987802734375
1 0.85359541015625 0.70591728515625 0.85514951171875 0.70498486328125 0.86571748046875 0.6941060546875 0.90021865234375 0.7298505859375 0.884366796875 0.74539169921875 0.8921373046875 0.75471640625 0.88188017578125 0.76652763671875 0.85359541015625 0.7373103515625 0.85359541015625 0.73606708984375 0.869447265625 0.7227017578125 0.85359541015625 0.70591728515625
0 0.8756025390625 0.78690244140625 0.88829677734375 0.77341474609375 0.9053546875 0.7892826171875 0.89742080078125 0.7952330078125 0.918445703125 0.813084375 0.918445703125 0.8178447265625 0.8954373046875 0.840059765625 0.88790009765625 0.83767958984375 0.87401572265625 0.8178447265625 0.88353642578125 0.80792734375 0.88750341796875 0.812291015625 0.89345380859375 0.8047537109375 0.8775859375 0.7900759765625 0.8756025390625 0.78690244140625
0 0.91527216796875 0.78253876953125 0.909718359375 0.785315625 0.88909013671875 0.76627421875 0.9128919921875 0.7396955078125 0.91765234375 0.74128232421875 0.94383427734375 0.7666708984375 0.9561318359375 0.78174541015625 0.95216494140625 0.78650576171875 0.9319333984375 0.80991083984375 0.92399951171875 0.8075306640625 0.9172556640625 0.7995966796875 0.92439619140625 0.7908693359375 0.91527216796875 0.78372880859375 0.91527216796875 0.78253876953125
1 0.896606640625 0.669271484375 0.9231853515625 0.6922798828125 0.92516884765625 0.69862705078125 0.89938349609375 0.7200486328125 0.87161474609375 0.696246875 0.8779619140625 0.69029638671875 0.88470576171875 0.68910634765625 0.8866892578125 0.6740318359375 0.89224296875 0.66728798828125 0.896606640625 0.669271484375
1 0.9013669921875 0.6601474609375 0.90374716796875 0.65737060546875 0.9275490234375 0.6315853515625 0.9319126953125 0.62960185546875 0.95452431640625 0.6541970703125 0.941830078125 0.67085830078125 0.94500361328125 0.67641201171875 0.9287390625 0.6906931640625 0.9013669921875 0.6601474609375
0 0.94667685546875 0.6702849609375 0.94618984375 0.66931083984375 0.9588537109375 0.657133984375 0.97370947265625 0.67004150390625 0.961776171875 0.6819748046875 0.95787958984375 0.68173125 0.94667685546875 0.6702849609375
0 0.9471142578125 0.73758291015625 0.9477359375 0.736650390625 0.9312623046875 0.72328505859375 0.942451953125 0.70587900390625 0.94897919921875 0.708365625 0.95954716796875 0.722041796875 0.953019921875 0.72794736328125 0.96514189453125 0.7310556640625 0.97353408203125 0.74224521484375 0.9492900390625 0.7668001953125 0.93841123046875 0.75747548828125 0.9343705078125 0.75219150390625 0.9471142578125 0.73758291015625
0 0.998484765625 0.69800380859375 0.988079296875 0.70528173828125 0.9848353515625 0.70528173828125 0.971859765625 0.69249697265625 0.9728138671875 0.69001630859375 0.98159150390625 0.68085703125 0.9854078125 0.68066630859375 0.99590283203125 0.69058876953125 0.998484765625 0.69459375 0.998484765625 0.69800380859375
2 0.97215126953125 7.8125e-06 0.97012666015625 0.0039400390625 0.9664736328125 0.00783662109375 0.96428173828125 0.012707421875 0.97791982421875 0.020744140625 0.98035517578125 0.0200134765625 0.98181640625 0.01587333984375 0.99155791015625 0.0200134765625 0.98936611328125 0.030485546875 0.98546953125 0.0365740234375 0.979624609375 0.0414447265625 0.930430078125 0.00588837890625 0.93462197265625 8.59375e-06 0.97215126953125 7.8125e-06
2 0.1715267578125 1.03515625e-05 0.1683244140625 0.00713720703125 0.16069169921875 0.01705966796875 0.14504462890625 0.01629638671875 0.1423732421875 0.01877705078125 0.136839453125 0.01744130859375 0.136839453125 0.014006640625 0.13206904296875 0.014006640625 0.12997001953125 0.00980859375 0.1305298828125 9.765625e-06 0.1715267578125 1.03515625e-05
2 0.19527998046875 0.8147072265625 0.19187041015625 0.801069140625 0.20356025390625 0.79571123046875 0.2042908203125 0.79059697265625 0.21110986328125 0.78523916015625 0.226452734375 0.79376298828125 0.22815751953125 0.79668544921875 0.22158203125 0.809105859375 0.21792890625 0.8137330078125 0.21354521484375 0.8246921875 0.20039423828125 0.81811669921875 0.19527998046875 0.8147072265625
2 0.0891984375 0.7807833984375 0.08749365234375 0.7710419921875 0.08676298828125 0.75910859375 0.118179296875 0.75886513671875 0.12402421875 0.76032626953125 0.127190234375 0.7893072265625 0.12280654296875 0.791742578125 0.0991833984375 0.792716796875 0.09869638671875 0.78224462890625 0.0891984375 0.7807833984375
2 0.501600390625 0.62678662109375 0.50549697265625 0.6228900390625 0.50330517578125 0.61777568359375 0.50768876953125 0.61412265625 0.51426435546875 0.61850634765625 0.5184044921875 0.61582744140625 0.5264412109375 0.62118525390625 0.53155546875 0.630683203125 0.52619765625 0.6384763671875 0.51109833984375 0.6406681640625 0.5093935546875 0.63482333984375 0.50306162109375 0.63165732421875 0.501600390625 0.62678662109375
2 0.5763892578125 1.25e-05 0.57497001953125 0.002818359375 0.5723669921875 0.00759072265625 0.55388662109375 1.259765625e-05 0.5763892578125 1.25e-05
2 -0.0 0.37220673828125 0.0106490234375 0.372010546875 0.01574970703125 0.3786806640625 0.015553515625 0.38888193359375 -0.0 0.38888193359375 -0.0 0.37220673828125
2 -0.0 0.328458984375 0.01457255859375 0.32806669921875 0.01359169921875 0.34356474609375 -0.0 0.342976171875 -0.0 0.328458984375
2 -0.0 0.6843263671875 5.537109375e-05 0.658626953125 0.004763671875 0.6625505859375 0.0051560546875 0.68413017578125 -0.0 0.6843263671875
2 0.04902294921875 0.81753330078125 0.0631275390625 0.8185978515625 0.0602001953125 0.83562978515625 0.04782421875 0.83597265625 0.04902294921875 0.81753330078125
0 0.837479296875 0.99901015625 0.835582421875 0.99692353515625 0.86325927734375 0.97430302734375 0.87283974609375 0.97856103515625 0.8802912109375 0.9918671875 0.878421484375 0.9990095703125 0.837479296875 0.99901015625
0 0.998484765625 0.70948271484375 0.98790419921875 0.72036171875 0.98385498046875 0.71877099609375 0.98081796875 0.71443251953125 0.982842578125 0.70951552734375 0.998484765625 0.69805419921875 0.998484765625 0.70948271484375
0 0.77583349609375 0.92466533203125 0.78348447265625 0.9331009765625 0.7777953125 0.938986328125 0.7760296875 0.94408701171875 0.77681435546875 0.94781435546875 0.77210615234375 0.95134560546875 0.76818251953125 0.94820673828125 0.76484755859375 0.951541796875 0.75856982421875 0.95252265625 0.75601953125 0.942517578125 0.77583349609375 0.92466533203125
0 0.8236759765625 0.86717294921875 0.8309345703125 0.863837890625 0.84054736328125 0.8732544921875 0.8407435546875 0.8828671875 0.8307384765625 0.89012578125 0.82975751953125 0.9050353515625 0.8071970703125 0.8832595703125 0.80837412109375 0.8787474609375 0.8236759765625 0.86717294921875
