4 0.3753259765625 0.879061328125 0.39379267578125 0.877419921875 0.39604970703125 0.8995798828125 0.376351953125 0.90122138671875 0.3753259765625 0.879061328125
2 0.515583984375 0.80510615234375 0.5107609375 0.79272705078125 0.522979296875 0.78919013671875 0.5276416015625 0.80140849609375 0.515583984375 0.80510615234375
1 0.49307646484375 0.8274529296875 0.48680654296875 0.812823046875 0.50625947265625 0.80510615234375 0.51236865234375 0.8200576171875 0.49307646484375 0.8274529296875
1 0.42079228515625 0.8034328125 0.42802685546875 0.78574833984375 0.43976298828125 0.79089287109375 0.43252841796875 0.80857744140625 0.42079228515625 0.8034328125
2 0.4392072265625 0.77075263671875 0.44759658203125 0.779240625 0.43999677734375 0.78565595703125 0.4346671875 0.77973408203125 0.43190361328125 0.77943798828125 0.43101533203125 0.7769705078125 0.4392072265625 0.77075263671875
1 0.36244560546875 0.7629091796875 0.36019482421875 0.7506908203125 0.37578935546875 0.74747548828125 0.37836162109375 0.760176171875 0.36244560546875 0.7629091796875
1 0.4045177734375 0.7161751953125 0.41557626953125 0.715092578125 0.416194921875 0.72483642578125 0.40513642578125 0.72568701171875 0.4045177734375 0.7161751953125
1 0.3717224609375 0.6875466796875 0.3857375 0.686855859375 0.3862310546875 0.70629921875 0.3720185546875 0.7065953125 0.3717224609375 0.6875466796875
4 0.27368935546875 0.73164892578125 0.28671748046875 0.73135283203125 0.28671748046875 0.747933984375 0.27359072265625 0.7478353515625 0.27368935546875 0.73164892578125
2 0.290876171875 0.7072509765625 0.30324931640625 0.70902958984375 0.30286259765625 0.71707216796875 0.29822265625 0.72186669921875 0.2869322265625 0.7175361328125 0.29002548828125 0.7134375 0.290876171875 0.7072509765625
2 0.27547470703125 0.670701953125 0.286765234375 0.67085654296875 0.2828212890625 0.69165888671875 0.27153076171875 0.68926162109375 0.27547470703125 0.670701953125
3 0.24113037109375 0.67156904296875 0.24847216796875 0.65459306640625 0.26313994140625 0.65962666015625 0.255540234375 0.6775896484375 0.24113037109375 0.67156904296875
4 0.27526513671875 0.659920703125 0.277355078125 0.64963154296875 0.28748349609375 0.65172158203125 0.285554296875 0.662171484375 0.27526513671875 0.659920703125
3 0.6378748046875 0.59147158203125 0.6517310546875 0.5915974609375 0.6517310546875 0.6055796875 0.637496875 0.6055796875 0.6378748046875 0.59147158203125
3 0.73280732421875 0.46797431640625 0.733941015625 0.4552517578125 0.7486791015625 0.45663740234375 0.74767138671875 0.4693599609375 0.73280732421875 0.46797431640625
4 0.755229296875 0.462809765625 0.7556072265625 0.4557556640625 0.76518056640625 0.4556296875 0.7646767578125 0.462809765625 0.755229296875 0.462809765625
1 0.370834765625 0.3629794921875 0.3724423828125 0.346098828125 0.38642919921875 0.34770654296875 0.3845 0.36490869140625 0.370834765625 0.3629794921875
3 0.18075166015625 0.41256787109375 0.18300234375 0.3984203125 0.20309833984375 0.40163564453125 0.2013298828125 0.41626552734375 0.18075166015625 0.41256787109375
3 0.16320302734375 0.42392490234375 0.1694208984375 0.41859521484375 0.17573759765625 0.424714453125 0.169322265625 0.430636328125 0.16320302734375 0.42392490234375
4 0.0928162109375 0.05640224609375 0.101176171875 0.05077529296875 0.10760693359375 0.06251142578125 0.09924697265625 0.0668521484375 0.0928162109375 0.05640224609375
4 0.07336328125 0.03260849609375 0.0777041015625 0.02006865234375 0.09169091796875 0.02360556640625 0.0879931640625 0.0364669921875 0.07336328125 0.03260849609375
4 0.51629873046875 0.56626015625 0.51887099609375 0.5545240234375 0.53655546875 0.55838251953125 0.53334013671875 0.570279296875 0.51629873046875 0.56626015625
3 0.90959267578125 0.74079658203125 0.9128755859375 0.732383984375 0.9225193359375 0.73607734375 0.91821044921875 0.7446951171875 0.90959267578125 0.74079658203125
3 0.92908525390625 0.72458701171875 0.93647197265625 0.71412255859375 0.95083486328125 0.7237662109375 0.9426275390625 0.73361513671875 0.92908525390625 0.72458701171875
4 0.01625 0.3731689453125 0.0215796875 0.3663587890625 0.02779765625 0.37237939453125 0.022171875 0.378597265625 0.01625 0.3731689453125
4 2.841796875e-05 0.350386328125 0.01348408203125 0.351954296875 0.0116509765625 0.36923798828125 2.841796875e-05 0.36767060546875 2.841796875e-05 0.350386328125
