0 0.28716083984375 0.282153515625 0.32794853515625 0.26209033203125 0.33826279296875 0.28249326171875 0.29612421875 0.301973046875 0.28716083984375 0.282153515625
0 0.367181640625 0.2437546875 0.4020109375 0.22647099609375 0.41235693359375 0.2464076171875 0.4029978515625 0.2512884765625 0.40387822265625 0.25288603515625 0.39277685546875 0.25871572265625 0.39205966796875 0.2568484375 0.37713291015625 0.2644427734375 0.367181640625 0.2437546875
0 0.4376369140625 0.21125146484375 0.47557392578125 0.1936041015625 0.4835611328125 0.2123787109375 0.44749384765625 0.23059091796875 0.4376369140625 0.21125146484375
0 0.5102978515625 0.17479208984375 0.53612861328125 0.16236298828125 0.54601337890625 0.18063447265625 0.542215234375 0.1823654296875 0.54312431640625 0.18442490234375 0.5389583984375 0.18658701171875 0.54039150390625 0.188901953125 0.52859658203125 0.19397265625 0.52672255859375 0.19298056640625 0.52451796875 0.1914373046875 0.52308486328125 0.19110654296875 0.52043935546875 0.19077587890625 0.51856533203125 0.1908861328125 0.51768349609375 0.192319140625 0.5102978515625 0.17479208984375
0 0.5772390625 0.13914501953125 0.617896875 0.120393359375 0.628359375 0.14122197265625 0.58830322265625 0.16039580078125 0.5772390625 0.13914501953125
0 0.64724306640625 0.1071267578125 0.68576123046875 0.08763193359375 0.687492578125 0.09042099609375 0.68914609375 0.09009033203125 0.6983767578125 0.106910546875 0.65723193359375 0.12780791015625 0.64724306640625 0.1071267578125
0 0.721877734375 0.07216591796875 0.75671201171875 0.05474873046875 0.7667671875 0.07539794921875 0.7542822265625 0.08081650390625 0.75607548828125 0.08399169921875 0.7408203125 0.091572265625 0.73864599609375 0.08792607421875 0.7306607421875 0.09163125 0.721877734375 0.07216591796875
0 0.7138111328125 0.03722041015625 0.71954326171875 0.036558984375 0.723070703125 0.04372412109375 0.7183306640625 0.0463697265625 0.7138111328125 0.03722041015625
0 0.7934541015625 0.03791298828125 0.8229986328125 0.02609521484375 0.830455078125 0.04536953125 0.802598828125 0.05690595703125 0.79626787109375 0.048042578125 0.7934541015625 0.03791298828125
0 0.89193876953125 7.51953125e-06 0.8611875 0.013923046875 0.8535 8.30078125e-06 0.89193876953125 7.51953125e-06
0 0.9984162109375 0.12908857421875 0.98217802734375 0.136643359375 0.9718943359375 0.11662021484375 0.99841630859375 0.1036458984375 0.9984162109375 0.12908857421875
0 0.83535771484375 0.1838658203125 0.87531318359375 0.1645916015625 0.8843171875 0.184147265625 0.84741865234375 0.201869140625 0.8432765625 0.201607421875 0.83535771484375 0.1925884765625 0.83535771484375 0.1838658203125
0 0.819898046875 0.2355435546875 0.82239560546875 0.24989814453125 0.8090080078125 0.25259619140625 0.8073197265625 0.2459837890625 0.806783203125 0.2389947265625 0.819898046875 0.2355435546875
0 0.75756982421875 0.21043466796875 0.765651953125 0.205728125 0.77135927734375 0.2010767578125 0.7794017578125 0.200078515625 0.79359033203125 0.1924779296875 0.7960607421875 0.20332568359375 0.80246416015625 0.21154541015625 0.76600556640625 0.22977744140625 0.759078515625 0.21965712890625 0.75756982421875 0.21043466796875
4 0.44660458984375 0.16439765625 0.45067109375 0.16250390625 0.45475107421875 0.16053427734375 0.45787578125 0.16848505859375 0.45010830078125 0.17192998046875 0.44660458984375 0.16439765625
0 0.71983955078125 0.2765908203125 0.7300021484375 0.274256640625 0.7425189453125 0.2737212890625 0.74286923828125 0.28575390625 0.7195267578125 0.28900625 0.71983955078125 0.2765908203125
0 0.6896369140625 0.23670595703125 0.72172041015625 0.222447265625 0.73075947265625 0.24217900390625 0.72381484375 0.2451552734375 0.72789345703125 0.2535330078125 0.71631904296875 0.25882412109375 0.71246083984375 0.250556640625 0.69901240234375 0.25628876953125 0.69191640625 0.2490873046875 0.6896369140625 0.23670595703125
0 0.57352373046875 0.2703001953125 0.58752919921875 0.2638361328125 0.59489111328125 0.2810736328125 0.5817833984375 0.28717861328125 0.57352373046875 0.2703001953125
0 0.45520224609375 0.35178701171875 0.46798037109375 0.34716552734375 0.4700224609375 0.34403427734375 0.474131640625 0.34446318359375 0.48908798828125 0.33691103515625 0.49779072265625 0.3522744140625 0.46218349609375 0.36904755859375 0.45563115234375 0.3610576171875 0.45520224609375 0.35178701171875
0 0.39526669921875 0.40160673828125 0.4215400390625 0.3882484375 0.430072265625 0.40948720703125 0.403040234375 0.42174853515625 0.395063671875 0.41338193359375 0.39526669921875 0.40160673828125
0 0.22613037109375 0.48560595703125 0.23506787109375 0.4780435546875 0.25156787109375 0.47071015625 0.26210947265625 0.48950185546875 0.269901171875 0.48560595703125 0.28204697265625 0.5053142578125 0.25569287109375 0.52158515625 0.24950537109375 0.52364755859375 0.22613037109375 0.48560595703125
0 0.31749716796875 0.49254111328125 0.32882998046875 0.512620703125 0.3067271484375 0.52680615234375 0.295127734375 0.5049216796875 0.31749716796875 0.49254111328125
4 0.18368896484375 0.4789005859375 0.1879255859375 0.485952734375 0.1827638671875 0.48938876953125 0.17838037109375 0.48183720703125 0.18368896484375 0.4789005859375
0 0.158537890625 0.357837109375 0.182341015625 0.35171630859375 0.18557138671875 0.3631078125 0.19288232421875 0.36089755859375 0.1959427734375 0.371608984375 0.18812177734375 0.3733091796875 0.1920322265625 0.3872509765625 0.1675490234375 0.3960921875 0.158537890625 0.357837109375
0 0.539441015625 0.31201201171875 0.5480427734375 0.3079103515625 0.54522138671875 0.3020419921875 0.55910244140625 0.29538359375 0.561693359375 0.3001953125 0.5811833984375 0.29160126953125 0.59008427734375 0.3100169921875 0.5480349609375 0.3299673828125 0.539441015625 0.31201201171875
0 0.62575009765625 0.2772478515625 0.6580078125 0.2627443359375 0.66663486328125 0.2789982421875 0.63615517578125 0.29441767578125 0.63300185546875 0.29262646484375 0.62575009765625 0.2772478515625
0 0.8392513671875 0.20679150390625 0.84137685546875 0.2025404296875 0.8490037109375 0.203040625 0.85525517578125 0.21679384765625 0.85525517578125 0.21966953125 0.8488 0.22391728515625 0.84556162109375 0.2222509765625 0.8392513671875 0.20679150390625
0 0.469072265625 0.37447001953125 0.48261474609375 0.368714453125 0.4899501953125 0.3855296875 0.476294921875 0.39173662109375 0.469072265625 0.37447001953125
4 0.18171826171875 0.9506068359375 0.19398583984375 0.94802421875 0.196245703125 0.9564177734375 0.183978125 0.95964609375 0.18171826171875 0.9506068359375
0 0.7569380859375 0.03615556640625 0.76098525390625 0.03312021484375 0.76553828125 0.03312021484375 0.77034423828125 0.041214453125 0.7630087890625 0.0442498046875 0.7569380859375 0.03615556640625
