1 0.73842021484375 0.46363642578125 0.73949443359375 0.46353876953125 0.73962470703125 0.45852578125 0.7549076171875 0.457117578125 0.75515693359375 0.46073212890625 0.75627861328125 0.4607736328125 0.75619560546875 0.4649697265625 0.75299658203125 0.46538515625 0.75341201171875 0.47261416015625 0.73891259765625 0.47406826171875 0.73849716796875 0.46376494140625 0.73842021484375 0.46363642578125
1 0.73517255859375 0.4750626953125 0.75736943359375 0.472694140625 0.758858203125 0.47594248046875 0.7596703125 0.477701953125 0.76041474609375 0.48203310546875 0.75892587890625 0.4850783203125 0.75195556640625 0.4865671875 0.75222626953125 0.4919810546875 0.74112783203125 0.492387109375 0.7409248046875 0.4900185546875 0.73896220703125 0.4902892578125 0.7384208984375 0.49164267578125 0.73266865234375 0.49191337890625 0.73476650390625 0.47540107421875 0.73517255859375 0.4750626953125
2 0.73581318359375 0.493305859375 0.7509720703125 0.493305859375 0.751648828125 0.50433662109375 0.75631826171875 0.50805869140625 0.75773935546875 0.50805869140625 0.75814541015625 0.50934443359375 0.756847265625 0.5233330078125 0.75312880859375 0.523659765625 0.75261064453125 0.5256462890625 0.74431904296875 0.526164453125 0.74345537109375 0.52910107421875 0.7425052734375 0.53031025390625 0.7345591796875 0.52875556640625 0.73470693359375 0.5052990234375 0.7288646484375 0.50540927734375 0.72897490234375 0.4973623046875 0.73547861328125 0.4939451171875 0.73581318359375 0.493305859375
1 0.90278837890625 0.2833046875 0.9089466796875 0.26706298828125 0.92593271484375 0.27355966796875 0.9222783203125 0.28580859375 0.91902998046875 0.28560556640625 0.9186916015625 0.2868236328125 0.91584931640625 0.28770341796875 0.90332978515625 0.2834400390625 0.90278837890625 0.2833046875
0 0.93054755859375 0.2724005859375 0.940089453125 0.27456611328125 0.9360291015625 0.29222890625 0.92865263671875 0.289725 0.926487109375 0.28796552734375 0.9266224609375 0.2848525390625 0.9302091796875 0.27260361328125 0.93054755859375 0.2724005859375
1 0.9680421875 0.27595888671875 0.9990306640625 0.277826953125 0.9990306640625 0.28292177734375 0.99857666015625 0.3067138671875 0.9650658203125 0.30572177734375 0.96716025390625 0.27617939453125 0.9680421875 0.27595888671875
1 0.94028291015625 0.31035751953125 0.94314619140625 0.306698828125 0.94404765625 0.30585048828125 0.9580990234375 0.30860771484375 0.95709150390625 0.31756875 0.95650830078125 0.320644140625 0.95550078125 0.323931640625 0.954917578125 0.32467392578125 0.95226630859375 0.326370703125 0.93662431640625 0.32202275390625 0.939752734375 0.31088779296875 0.94028291015625 0.31035751953125
1 0.9668525390625 0.31442744140625 0.97395771484375 0.31543486328125 0.9758666015625 0.3141623046875 0.97830576171875 0.314268359375 0.97926015625 0.314692578125 0.97931318359375 0.32837275390625 0.9658451171875 0.32662294921875 0.96669345703125 0.3150107421875 0.9668525390625 0.31442744140625
4 0.86463740234375 0.286515234375 0.883518359375 0.29084638671875 0.88419501953125 0.293147265625 0.88270625 0.29741064453125 0.8820294921875 0.300117578125 0.87823984375 0.3005236328125 0.8692392578125 0.29808740234375 0.861321484375 0.296733984375 0.86423134765625 0.2866505859375 0.86463740234375 0.286515234375
1 0.7122384765625 0.34605546875 0.7241490234375 0.33143798828125 0.73308193359375 0.338069921875 0.72111240234375 0.35382705078125 0.71183251953125 0.34673212890625 0.7122384765625 0.34605546875
1 0.9778751953125 0.17449990234375 0.990754296875 0.1642796875 0.9990306640625 0.173170703125 0.9990306640625 0.1734029296875 0.98647509765625 0.18509404296875 0.97791669921875 0.174873828125 0.9778751953125 0.17449990234375
1 0.72110712890625 0.39287509765625 0.73690634765625 0.393490625 0.73588046875 0.4051861328125 0.7213123046875 0.40457060546875 0.72110712890625 0.39287509765625
