0 0.057078125 0.99900810546875 0.06139560546875 0.99747900390625 0.0598255859375 0.98839033203125 0.078600390625 0.98419072265625 0.10009248046875 0.9767796875 0.11022099609375 0.972580078125 0.1149146484375 0.97628564453125 0.1167986328125 0.982895703125 0.1222458984375 0.99900927734375 0.057078125 0.99900810546875
0 0.22482392578125 0.99901064453125 0.2246208984375 0.97085078125 0.2305498046875 0.96615712890625 0.25377119140625 0.96615712890625 0.25475927734375 0.97035673828125 0.27056962890625 0.971344921875 0.2834154296875 0.97727373046875 0.2832916015625 0.999011328125 0.22482392578125 0.99901064453125
2 0.42393486328125 0.99357373046875 0.41952080078125 0.9938890625 0.4084857421875 0.9623603515625 0.43686162109375 0.95636982421875 0.44505908203125 0.95510869140625 0.45073427734375 0.9860068359375 0.42393486328125 0.99357373046875
2 0.51295625 0.9990123046875 0.51895947265625 0.99625166015625 0.5068546875 0.97648876953125 0.53304052734375 0.96067841796875 0.54687451171875 0.9814294921875 0.5928232421875 0.953514453125 0.61159794921875 0.97228916015625 0.572778515625 0.99901220703125 0.51295625 0.9990123046875
2 0.7062201171875 0.91529501953125 0.7002296875 0.94650849609375 0.69077099609375 0.97866787109375 0.68351943359375 0.9792984375 0.67406083984375 0.97425380859375 0.672484375 0.9676328125 0.656089453125 0.96258818359375 0.64410849609375 0.9588046875 0.63370400390625 0.93799580078125 0.6387486328125 0.9181326171875 0.6598728515625 0.92160078125 0.66491748046875 0.9181326171875 0.6854111328125 0.916871484375 0.7014908203125 0.9156103515625 0.7062201171875 0.91529501953125
0 0.1779771484375 0.8829982421875 0.1755068359375 0.8750931640625 0.16167275390625 0.87608125 0.160931640625 0.8679291015625 0.1300521484375 0.87114052734375 0.1270876953125 0.8494013671875 0.15268876953125 0.8463087890625 0.1530265625 0.84866025390625 0.16068466796875 0.84742509765625 0.16167275390625 0.84149619140625 0.20292783203125 0.83902587890625 0.20663330078125 0.881516015625 0.1779771484375 0.8829982421875
0 0.2718841796875 0.84617412109375 0.29807001953125 0.8451859375 0.299058203125 0.87038369140625 0.26323798828125 0.87260693359375 0.26274384765625 0.8466681640625 0.2718841796875 0.84617412109375
1 0.439127734375 0.8186125 0.44101943359375 0.80410927734375 0.44921689453125 0.80473984375 0.45173916015625 0.80095634765625 0.47128701171875 0.80284814453125 0.47034111328125 0.80537041015625 0.47443984375 0.8082080078125 0.4706564453125 0.82491826171875 0.46687294921875 0.82523349609375 0.46182841796875 0.8381603515625 0.4567837890625 0.8384755859375 0.4498474609375 0.85896923828125 0.42462451171875 0.85518583984375 0.4221021484375 0.8463578125 0.41831875 0.84005205078125 0.42147158203125 0.8312240234375 0.43534423828125 0.83248515625 0.43660537109375 0.82996279296875 0.444172265625 0.8290169921875 0.4460640625 0.821134765625 0.439127734375 0.8186125
1 0.4151658203125 0.8337462890625 0.41674228515625 0.85770810546875 0.4079142578125 0.86023046875 0.385844140625 0.86243740234375 0.37386318359375 0.8640138671875 0.37228671875 0.853609375 0.3710255859375 0.84257431640625 0.37733134765625 0.84131318359375 0.37354794921875 0.80284814453125 0.39278046875 0.80158701171875 0.397509765625 0.83532275390625 0.4139046875 0.83248515625 0.4151658203125 0.8337462890625
1 0.523909765625 0.85458359375 0.52090146484375 0.85306513671875 0.51995556640625 0.81081669921875 0.53603525390625 0.809240234375 0.5369810546875 0.8246892578125 0.55495244140625 0.8243740234375 0.55495244140625 0.802619140625 0.57260859375 0.8010427734375 0.61296533203125 0.7988357421875 0.61391123046875 0.80293447265625 0.61391123046875 0.8218517578125 0.5738068359375 0.8240015625 0.572599609375 0.8473404296875 0.56938046875 0.84935244140625 0.523909765625 0.85458359375
2 0.7015837890625 0.80945947265625 0.7141953125 0.8173416015625 0.7088353515625 0.8312142578125 0.714510546875 0.84540224609375 0.70252958984375 0.86179716796875 0.69401689453125 0.8684181640625 0.6782525390625 0.858013671875 0.6851888671875 0.84918564453125 0.675099609375 0.84445634765625 0.67699130859375 0.83657412109375 0.68581943359375 0.8242779296875 0.6899181640625 0.8255390625 0.6993767578125 0.81198173828125 0.7015837890625 0.80945947265625
2 0.9155767578125 0.99900859375 0.93304189453125 0.981839453125 0.93155263671875 0.99900830078125 0.9155767578125 0.99900859375
2 0.8853119140625 0.97670947265625 0.90927373046875 0.97670947265625 0.90927373046875 0.997518359375 0.8853119140625 0.997518359375 0.8853119140625 0.97670947265625
2 0.9338162109375 0.964690234375 0.91369638671875 0.964690234375 0.90524609375 0.9606662109375 0.90524609375 0.9453751953125 0.91691552734375 0.943765625 0.91852509765625 0.92485302734375 0.90766044921875 0.92324345703125 0.908062890625 0.88984462890625 0.920134765625 0.88984462890625 0.92134189453125 0.86248173828125 0.93542578125 0.8632865234375 0.9338162109375 0.964690234375
2 0.9502501953125 0.521966015625 0.94584091796875 0.53882021484375 0.930347265625 0.5355015625 0.92347802734375 0.5522470703125 0.91146435546875 0.54718935546875 0.9166521484375 0.53162607421875 0.9047943359375 0.526932421875 0.9094880859375 0.51458056640625 0.9191224609375 0.5158158203125 0.92159287109375 0.5069224609375 0.93221533203125 0.50963994140625 0.93098017578125 0.51630986328125 0.94407314453125 0.5200154296875 0.9502501953125 0.521966015625
2 0.86574072265625 0.44624873046875 0.879327734375 0.45217763671875 0.87438701171875 0.4665056640625 0.88155107421875 0.47268154296875 0.87438701171875 0.48775078125 0.85487119140625 0.4803396484375 0.84746005859375 0.4976322265625 0.824238671875 0.48676259765625 0.8430134765625 0.4467427734375 0.86178818359375 0.45415390625 0.86574072265625 0.44624873046875
2 0.95045654296875 0.40995517578125 0.93242294921875 0.40427333984375 0.9311876953125 0.39883857421875 0.90426083984375 0.389451171875 0.90994267578125 0.35684248046875 0.91562451171875 0.35659541015625 0.9185888671875 0.35091357421875 0.92476484375 0.3519017578125 0.92822333984375 0.344490625 0.9509505859375 0.3543720703125 0.95045654296875 0.40995517578125
2 0.767245703125 0.41489658203125 0.7729208984375 0.40480732421875 0.78364072265625 0.40796025390625 0.78710888671875 0.40701435546875 0.81958349609375 0.42435517578125 0.82778095703125 0.4319220703125 0.82084462890625 0.44737119140625 0.81201650390625 0.44264189453125 0.8079177734375 0.44989345703125 0.811070703125 0.45430751953125 0.80602607421875 0.46155908203125 0.75810244140625 0.437597265625 0.75967880859375 0.4306609375 0.74895908203125 0.426246875 0.74706728515625 0.41867998046875 0.7530578125 0.41142841796875 0.765038671875 0.41615771484375 0.767245703125 0.41489658203125
2 0.73273974609375 0.3838296875 0.72328115234375 0.4055845703125 0.70720146484375 0.40148583984375 0.700895703125 0.41409736328125 0.68355498046875 0.40621513671875 0.691121875 0.3920271484375 0.67567275390625 0.3825685546875 0.68481611328125 0.36775009765625 0.71382255859375 0.379100390625 0.71634482421875 0.37468642578125 0.733055078125 0.381307421875 0.73273974609375 0.3838296875
2 0.541126171875 0.32174306640625 0.57892275390625 0.3056857421875 0.58287529296875 0.3116146484375 0.586580859375 0.3229783203125 0.5473021484375 0.3422470703125 0.53939697265625 0.32347236328125 0.541126171875 0.32174306640625
2 0.8681576171875 0.3489328125 0.87414814453125 0.332537890625 0.85239326171875 0.32150283203125 0.86878828125 0.283668359375 0.9163966796875 0.3057384765625 0.8889666015625 0.35839140625 0.8681576171875 0.3489328125
2 0.78511474609375 0.31683515625 0.78416884765625 0.31525869140625 0.79362744140625 0.296026171875 0.78889814453125 0.29161220703125 0.7914205078125 0.28278408203125 0.79457333984375 0.27679365234375 0.8122294921875 0.2834146484375 0.81853515625 0.26985732421875 0.8336689453125 0.27679365234375 0.82830908203125 0.29161220703125 0.8428123046875 0.29791787109375 0.832092578125 0.32534794921875 0.82357978515625 0.32408681640625 0.8216880859375 0.32913134765625 0.808761328125 0.32187978515625 0.8011943359375 0.32440205078125 0.78511474609375 0.31683515625
2 0.7657333984375 0.30337392578125 0.7629166015625 0.30659306640625 0.742796875 0.29935 0.73716328125 0.31061708984375 0.715433984375 0.29975234375 0.72992021484375 0.2679630859375 0.72146982421875 0.26072001953125 0.72750576171875 0.24703857421875 0.73917529296875 0.2522697265625 0.74360166015625 0.248245703125 0.764526171875 0.25629365234375 0.76975732421875 0.248245703125 0.7798171875 0.2526720703125 0.7870603515625 0.2587080078125 0.7842435546875 0.26675595703125 0.7657333984375 0.30337392578125
2 0.670735546875 0.27260244140625 0.66791875 0.2705904296875 0.67194267578125 0.25972578125 0.65463974609375 0.2532875 0.65946845703125 0.23316767578125 0.677173828125 0.23558203125 0.679990625 0.22391259765625 0.670735546875 0.22109580078125 0.67435712890625 0.2033904296875 0.70775595703125 0.21345029296875 0.6997080078125 0.24362998046875 0.695281640625 0.244837109375 0.69246484375 0.25610419921875 0.69850078125 0.2593234375 0.695281640625 0.26938330078125 0.6844169921875 0.26777373046875 0.6816001953125 0.27541923828125 0.670735546875 0.27260244140625
2 0.55214501953125 0.295065234375 0.54932822265625 0.29587001953125 0.5444994140625 0.2862125 0.54846826171875 0.28171259765625 0.54047548828125 0.26528798828125 0.55979052734375 0.25200888671875 0.57347197265625 0.24275380859375 0.5778982421875 0.24959453125 0.58429775390625 0.25864951171875 0.563814453125 0.27333583984375 0.5707265625 0.28475 0.55214501953125 0.295065234375
2 0.5792328125 0.1964396484375 0.596694140625 0.18308681640625 0.6038841796875 0.18616826171875 0.61261484375 0.17897822265625 0.624426953125 0.1923310546875 0.6136419921875 0.20106171875 0.63777978515625 0.23701162109375 0.61107412109375 0.25704091796875 0.5900177734375 0.22930810546875 0.59463984375 0.22057744140625 0.58231416015625 0.20054814453125 0.5792328125 0.1964396484375
2 0.25328720703125 0.17602265625 0.2420201171875 0.17038916015625 0.23880087890625 0.17199873046875 0.2146572265625 0.1619388671875 0.210633203125 0.16435322265625 0.17964873046875 0.15067177734375 0.1937326171875 0.1196873046875 0.2194859375 0.13256396484375 0.2150595703125 0.14906220703125 0.23196015625 0.15670771484375 0.23678896484375 0.14906220703125 0.2601279296875 0.1575125 0.25328720703125 0.17602265625
2 0.01524130859375 0.16919580078125 0.04605546875 0.1784400390625 0.04246044921875 0.19179287109375 0.0547861328125 0.19590146484375 0.04862333984375 0.2097677734375 0.00702412109375 0.19487431640625 0.01524130859375 0.16919580078125
2 0.01813544921875 0.3622703125 0.0175048828125 0.3496587890625 0.039575 0.34682119140625 0.0408361328125 0.34335302734375 0.04619599609375 0.34209189453125 0.0474572265625 0.33673203125 0.06511328125 0.33231796875 0.069842578125 0.35974794921875 0.0452501953125 0.36290087890625 0.03673740234375 0.3660537109375 0.01845078125 0.36668427734375 0.01813544921875 0.3622703125
2 0.15213486328125 0.3218783203125 0.16852978515625 0.3206171875 0.17231328125 0.34773193359375 0.16852978515625 0.35056953125 0.1710521484375 0.36286572265625 0.1732591796875 0.36538798828125 0.17388974609375 0.37831484375 0.15875595703125 0.3798912109375 0.15686416015625 0.3657033203125 0.1224978515625 0.37200908203125 0.116507421875 0.33165224609375 0.1306953125 0.33039111328125 0.1319564453125 0.33827333984375 0.1540265625 0.33512041015625 0.15213486328125 0.3218783203125
4 0.26752177734375 0.26765439453125 0.28160556640625 0.26966640625 0.283617578125 0.2761046875 0.265509765625 0.3199658203125 0.27114326171875 0.33244013671875 0.25585224609375 0.3533646484375 0.24486064453125 0.35564130859375 0.2299720703125 0.34236220703125 0.24486064453125 0.32023046875 0.2573349609375 0.3037322265625 0.25934697265625 0.2940748046875 0.25049423828125 0.28723408203125 0.2573349609375 0.27355263671875 0.2633708984375 0.26912626953125 0.26752177734375 0.26765439453125
1 0.05976103515625 0.544328125 0.07359501953125 0.54358701171875 0.07754755859375 0.54581025390625 0.0785357421875 0.59412490234375 0.04155869140625 0.59309775390625 0.04258583984375 0.55766142578125 0.0590201171875 0.55406640625 0.05976103515625 0.544328125
1 0.2029830078125 0.55293486328125 0.20298876953125 0.54182314453125 0.221275390625 0.54276904296875 0.2222212890625 0.56033984375 0.22884228515625 0.56010986328125 0.22884228515625 0.573351953125 0.22505888671875 0.5749283203125 0.2247435546875 0.5884857421875 0.2178072265625 0.59163857421875 0.21717666015625 0.6092947265625 0.2061416015625 0.6092947265625 0.19952060546875 0.60771826171875 0.18438681640625 0.606141796875 0.1828103515625 0.60078193359375 0.1758740234375 0.60172783203125 0.17429755859375 0.608348828125 0.1594791015625 0.60677236328125 0.15821796875 0.596683203125 0.1594791015625 0.57272138671875 0.15222744140625 0.57272138671875 0.1551474609375 0.5353669921875 0.165387109375 0.53512255859375 0.1651599609375 0.5388974609375 0.17082939453125 0.538985546875 0.1758740234375 0.543084375 0.17704130859375 0.5496255859375 0.17769482421875 0.55380126953125 0.18817021484375 0.555065234375 0.18943134765625 0.5607404296875 0.20100595703125 0.55987412109375 0.2029830078125 0.55293486328125
1 0.36713291015625 0.5436802734375 0.3583048828125 0.60484609375 0.34947685546875 0.60421552734375 0.3352888671875 0.6026390625 0.3349736328125 0.5991708984375 0.3176328125 0.59507216796875 0.320155078125 0.57300205078125 0.32393857421875 0.57268671875 0.32519970703125 0.56606572265625 0.32267744140625 0.56543515625 0.3185787109375 0.55566123046875 0.32772197265625 0.54746376953125 0.336234765625 0.5455720703125 0.33781123046875 0.54052744140625 0.35420615234375 0.539896875 0.361773046875 0.5408427734375 0.36713291015625 0.5436802734375
1 0.31118046875 0.54996689453125 0.3164021484375 0.564800390625 0.30618330078125 0.5665634765625 0.30077109375 0.55265048828125 0.31118046875 0.54996689453125
1 0.43952109375 0.551190625 0.4496103515625 0.56222568359375 0.45465498046875 0.56285625 0.4587537109375 0.57357607421875 0.46159130859375 0.57136904296875 0.47104990234375 0.56695498046875 0.478616796875 0.56916201171875 0.4846072265625 0.574206640625 0.49658818359375 0.56821611328125 0.5044703125 0.576413671875 0.4984798828125 0.58303466796875 0.49690341796875 0.588079296875 0.50131748046875 0.6010060546875 0.49784931640625 0.60605068359375 0.49753408203125 0.60857294921875 0.49753408203125 0.60983408203125 0.4912283203125 0.61456337890625 0.4846072265625 0.60731181640625 0.4798779296875 0.60258251953125 0.47483330078125 0.60289775390625 0.47168046875 0.618346875 0.4590689453125 0.6174009765625 0.45717724609375 0.6035283203125 0.425333203125 0.597853125 0.42375673828125 0.595330859375 0.41555927734375 0.595015625 0.414161328125 0.59554267578125 0.41174697265625 0.61204091796875 0.3968583984375 0.60962646484375 0.392279296875 0.60856259765625 0.39162724609375 0.60318818359375 0.39363916015625 0.59715224609375 0.395651171875 0.59554267578125 0.39766318359375 0.57421572265625 0.4121494140625 0.5722037109375 0.4227091796875 0.55449833984375 0.4242212890625 0.53960966796875 0.42551982421875 0.5286439453125 0.431866796875 0.52914736328125 0.441121875 0.53075693359375 0.44152431640625 0.5371953125 0.43952109375 0.551190625
2 0.700521875 0.66566708984375 0.6985099609375 0.65802158203125 0.69810751953125 0.65037607421875 0.69046201171875 0.64313291015625 0.68402373046875 0.6379017578125 0.6808044921875 0.6318658203125 0.66631826171875 0.63991376953125 0.6562583984375 0.645144921875 0.6502224609375 0.63870654296875 0.64539375 0.63870654296875 0.63734580078125 0.6314634765625 0.6292978515625 0.63226826171875 0.62487158203125 0.6197939453125 0.62165234375 0.61778203125 0.60877568359375 0.6197939453125 0.60877568359375 0.6073197265625 0.6168236328125 0.60571015625 0.62125 0.59725986328125 0.6172259765625 0.58196875 0.62970029296875 0.57915205078125 0.63412666015625 0.58357841796875 0.64056494140625 0.58719990234375 0.64056494140625 0.59283349609375 0.654648828125 0.59363828125 0.6651111328125 0.6016861328125 0.6747685546875 0.60088134765625 0.6824140625 0.60812451171875 0.69207158203125 0.60973408203125 0.69368115234375 0.61697724609375 0.696900390625 0.618184375 0.696900390625 0.6137580078125 0.7017291015625 0.6045029296875 0.7105818359375 0.60490537109375 0.7166177734375 0.61094130859375 0.7290919921875 0.61255087890625 0.73110400390625 0.6161724609375 0.73472548828125 0.62623232421875 0.7290919921875 0.6286466796875 0.7294943359375 0.6435353515625 0.73593271484375 0.64635205078125 0.73713994140625 0.6556072265625 0.7307015625 0.65802158203125 0.7290919921875 0.66566708984375 0.700521875 0.66566708984375
1 0.36340517578125 0.71886669921875 0.36340517578125 0.7125609375 0.3782236328125 0.7112998046875 0.38106123046875 0.70625517578125 0.41921103515625 0.705309375 0.421102734375 0.70751630859375 0.42173330078125 0.7138220703125 0.429930859375 0.71539853515625 0.43087666015625 0.74093681640625 0.41322060546875 0.7415673828125 0.41101357421875 0.74345908203125 0.38358359375 0.74472021484375 0.381691796875 0.7368380859375 0.3640357421875 0.7371533203125 0.36340517578125 0.71886669921875
1 0.21868798828125 0.77277578125 0.2194927734375 0.7196595703125 0.23236943359375 0.71805 0.23317421875 0.71000205078125 0.25772041015625 0.71120927734375 0.26254912109375 0.705978125 0.26697548828125 0.7071853515625 0.2705970703125 0.70959970703125 0.29433837890625 0.7108068359375 0.29594794921875 0.7240859375 0.30801982421875 0.7256955078125 0.30641025390625 0.73575537109375 0.296350390625 0.738974609375 0.29474072265625 0.77036142578125 0.28226650390625 0.7711662109375 0.275828125 0.7558751953125 0.24564853515625 0.757484765625 0.24524609375 0.77317822265625 0.21868798828125 0.77277578125
0 0.05912333984375 0.73660322265625 0.0639521484375 0.732579296875 0.07682880859375 0.72895771484375 0.0780359375 0.714471484375 0.0913150390625 0.7096427734375 0.1021796875 0.7217146484375 0.11384921875 0.7193001953125 0.123104296875 0.7221169921875 0.14443125 0.70763076171875 0.153686328125 0.71648349609375 0.153686328125 0.72251943359375 0.1641486328125 0.7237265625 0.1669654296875 0.73942001953125 0.1641486328125 0.74585830078125 0.14402880859375 0.745053515625 0.1094228515625 0.75269912109375 0.07843837890625 0.7611494140625 0.05952578125 0.76034462890625 0.05912333984375 0.73660322265625
0 0.0029720703125 0.70652939453125 0.024726953125 0.705898828125 0.02283515625 0.71787978515625 0.010854296875 0.72166318359375 0.0121154296875 0.7367970703125 0.02409638671875 0.7371123046875 0.02283515625 0.75508369140625 0.01526826171875 0.756975390625 0.01369189453125 0.761389453125 -0.0 0.75981298828125 -0.0 0.71724921875 0.002026171875 0.71125869140625 0.0029720703125 0.70652939453125
0 0.01550009765625 0.8020982421875 0.0464845703125 0.80089111328125 0.0468869140625 0.81658447265625 0.0557396484375 0.8169869140625 0.0529228515625 0.855214453125 0.0283767578125 0.85601923828125 0.0283767578125 0.8475689453125 0.01710966796875 0.8475689453125 0.017512109375 0.85601923828125 0.00624501953125 0.85440966796875 0.0038306640625 0.842740234375 -0.0 0.83952109375 -0.0 0.82543720703125 0.01710966796875 0.82382763671875 0.01550009765625 0.8020982421875
4 0.41485703125 1.2109375e-05 0.41540263671875 0.0321703125 0.39084052734375 0.0348994140625 0.38920302734375 0.0294412109375 0.36109306640625 0.03271611328125 0.3545455078125 1.181640625e-05 0.3777419921875 1.201171875e-05 0.37855947265625 0.00733525390625 0.386746875 0.0062435546875 0.38701923828125 1.201171875e-05 0.41485703125 1.2109375e-05
2 0.63498779296875 0.34471953125 0.67292265625 0.3635505859375 0.66664560546875 0.3777419921875 0.64999794921875 0.391660546875 0.6399001953125 0.395754296875 0.623525390625 0.3889314453125 0.61697548828125 0.37992529296875 0.63498779296875 0.34471953125
2 0.5962341796875 0.341717578125 0.60196533203125 0.34553828125 0.58886552734375 0.373375390625 0.57603857421875 0.36409638671875 0.5962341796875 0.341717578125
