0 0.7829322265625 0.6008345703125 0.790104296875 0.598789453125 0.79537587890625 0.5991408203125 0.80873046875 0.64248466796875 0.79598671875 0.64559296875 0.7829322265625 0.6008345703125
0 0.60310458984375 0.67447314453125 0.62388662109375 0.674196875 0.623737109375 0.6684927734375 0.66799228515625 0.667595703125 0.6690388671875 0.6891251953125 0.6234494140625 0.68996552734375 0.6233662109375 0.68740869140625 0.603553125 0.68763017578125 0.60310458984375 0.67447314453125
0 0.6053138671875 0.6095171875 0.6030771484375 0.60947783203125 0.60079697265625 0.59469384765625 0.6051109375 0.5846890625 0.62954775390625 0.58471083984375 0.63260078125 0.58700068359375 0.632982421875 0.606082421875 0.62916611328125 0.60989873046875 0.6230599609375 0.60989873046875 0.62344150390625 0.62611826171875 0.6056955078125 0.62669072265625 0.6053138671875 0.6095171875
0 0.9996193359375 0.3272861328125 0.99540556640625 0.32922001953125 0.98661962890625 0.301105078125 0.9996193359375 0.29598349609375 0.9996193359375 0.3272861328125
0 0.94878212890625 0.15605654296875 0.95946796875 0.1531943359375 0.96538330078125 0.16998623046875 0.95488837890625 0.17380263671875 0.94878212890625 0.15605654296875
0 0.99961884765625 0.0775158203125 0.77502744140625 0.1544755859375 0.765295703125 0.154284765625 0.73285673828125 0.05944833984375 0.90738193359375 6.73828125e-06 0.99961865234375 4.58984375e-06 0.99961884765625 0.0775158203125
0 0.53906796875 0.10198154296875 0.57690712890625 0.086855859375 0.63048525390625 0.07078232421875 0.64120087890625 0.0732177734375 0.72376005859375 0.314806640625 0.63145947265625 0.34914541015625 0.6214744140625 0.345248828125 0.53906796875 0.10198154296875
0 0.000615625 0.04812490234375 0.0150859375 0.0483583984375 0.01553447265625 0.06046875 0.000615625 0.06052216796875 0.000615625 0.04812490234375
0 0.0810517578125 0.037448046875 0.1290900390625 0.03679658203125 0.129360546875 0.04824814453125 0.081346484375 0.0493693359375 0.0810517578125 0.037448046875
0 0.2060119140625 0.05019599609375 0.22405400390625 0.0503630859375 0.22388701171875 0.04902666015625 0.247776171875 0.0493607421875 0.247776171875 0.0583818359375 0.2060119140625 0.0583818359375 0.2060119140625 0.05019599609375
