0 0.1858904296875 1.044921875e-05 0.1843044921875 0.01255556640625 -0.0 0.009494140625 -0.0 7.2265625e-06 0.1858904296875 1.044921875e-05
0 -0.0 0.035335546875 0.0068544921875 0.03589619140625 0.01101484375 0.04588095703125 0.01434306640625 0.0483771484375 0.0101828125 0.0883162109375 0.00269423828125 0.08748408203125 -0.0 0.0865982421875 -0.0 0.035335546875
0 0.02758759765625 0.0945359375 0.02432783203125 0.0867126953125 0.02758759765625 0.0371650390625 0.0412783203125 0.0345572265625 0.054969140625 0.03846884765625 0.054969140625 0.05607138671875 0.05301328125 0.07628154296875 0.0543171875 0.09062431640625 0.05170947265625 0.097795703125 0.03541083984375 0.096491796875 0.02758759765625 0.0945359375
0 0.07583134765625 0.10040341796875 0.0706158203125 0.09258017578125 0.07387548828125 0.03977275390625 0.08849853515625 0.03885361328125 0.101263671875 0.04247841796875 0.101908984375 0.06585048828125 0.09995322265625 0.10040341796875 0.08821826171875 0.10040341796875 0.07583134765625 0.10040341796875
0 0.1150498046875 0.098627734375 0.11088955078125 0.0836505859375 0.11449814453125 0.04095302734375 0.130858984375 0.0384658203125 0.14167587890625 0.0403833984375 0.1441720703125 0.04953603515625 0.14001171875 0.057856640625 0.14250791015625 0.067009375 0.1391796875 0.0919712890625 0.13286630859375 0.0983384765625 0.1150498046875 0.098627734375
0 0.16102294921875 0.10071943359375 0.15795810546875 0.0899923828125 0.16000126953125 0.0389109375 0.17226083984375 0.03840009765625 0.18145546875 0.04146494140625 0.18758525390625 0.04555146484375 0.1906501953125 0.0557677734375 0.186563671875 0.10225185546875 0.1645986328125 0.10327353515625 0.16102294921875 0.10071943359375
0 0.21414228515625 0.03670556640625 0.25735634765625 0.02171650390625 0.2618087890625 0.0314365234375 0.216023828125 0.0461755859375 0.21414228515625 0.03670556640625
0 0.28698203125 0.00903330078125 0.29451279296875 0.00849736328125 0.3416341796875 0.00716376953125 0.34243466796875 0.05519208984375 0.3244240234375 0.0563927734375 0.32482421875 0.0635970703125 0.31361767578125 0.06439755859375 0.31401787109375 0.05679306640625 0.29440625 0.05679306640625 0.29320556640625 0.04958876953125 0.28720205078125 0.0503892578125 0.2860013671875 0.03598076171875 0.2868017578125 0.02517431640625 0.28698203125 0.00903330078125
0 0.0695484375 0.128469921875 0.05701728515625 0.12797841796875 0.05750869140625 0.1095501953125 0.0759369140625 0.1107787109375 0.07765693359375 0.1316640625 0.0802646484375 0.133619921875 0.081741796875 0.14338173828125 0.0939720703125 0.14400888671875 0.09836240234375 0.14494970703125 0.09522646484375 0.16564697265625 0.06794365234375 0.165960546875 0.06794365234375 0.1349146484375 0.0698251953125 0.13428740234375 0.0695484375 0.128469921875
0 0.1986294921875 0.163937890625 0.167811328125 0.16473837890625 0.167811328125 0.13739697265625 0.1954947265625 0.1371220703125 0.1986294921875 0.163937890625
0 0.1698125 0.11997265625 0.17013671875 0.1310546875 0.166474609375 0.1361328125 0.15740517578125 0.13575166015625 0.1577205078125 0.1194451171875 0.1698125 0.11997265625
0 0.302224609375 0.16715126953125 0.2754087890625 0.1679517578125 0.273857421875 0.145 0.301455078125 0.144033203125 0.302224609375 0.16715126953125
0 0.30798037109375 0.138823046875 0.3376109375 0.1399701171875 0.34216220703125 0.1576388671875 0.34153505859375 0.16892822265625 0.3098619140625 0.1701826171875 0.30798037109375 0.138823046875
0 0.49792529296875 1.259765625e-05 0.49779501953125 0.0174109375 0.5037533203125 0.02901396484375 0.503126171875 0.04845693359375 0.4893279296875 0.04939765625 0.48681923828125 0.0453208984375 0.480547265625 0.0487705078125 0.47082578125 0.05002490234375 0.46988505859375 0.04312578125 0.4636130859375 0.04124423828125 0.4655900390625 1.25e-05 0.49792529296875 1.259765625e-05
0 0.4310501953125 0.05787646484375 0.47467587890625 0.058676953125 0.48588251953125 0.0602779296875 0.48188017578125 0.106305078125 0.4806794921875 0.10750576171875 0.4622685546875 0.1087064453125 0.4622685546875 0.11270888671875 0.4462591796875 0.1139095703125 0.446659375 0.10830625 0.43024970703125 0.1079060546875 0.42824853515625 0.0894951171875 0.4310501953125 0.05787646484375
0 0.55154873046875 0.0401556640625 0.5518623046875 0.026357421875 0.56503330078125 0.02604384765625 0.5647197265625 0.0166359375 0.5559390625 0.01632236328125 0.55782060546875 0.0047193359375 0.5901208984375 0.003778515625 0.58937265625 0.0391494140625 0.55154873046875 0.0401556640625
0 0.706253125 1.162109375e-05 0.71027236328125 0.03989697265625 0.705568359375 0.03989697265625 0.67075927734375 0.040210546875 0.65727470703125 0.032370703125 0.65727470703125 0.01888603515625 0.65915625 0.0154365234375 0.66260576171875 0.01512294921875 0.66417373046875 0.0119869140625 0.66197861328125 0.0072830078125 0.66166552734375 1.201171875e-05 0.706253125 1.162109375e-05
0 0.6574296875 0.047565234375 0.69317958984375 0.04819248046875 0.69380673828125 0.06324501953125 0.70352822265625 0.062304296875 0.7032146484375 0.0550916015625 0.72547998046875 0.05540517578125 0.72610712890625 0.07359365234375 0.6981970703125 0.07296650390625 0.6985107421875 0.0836287109375 0.6564888671875 0.08268798828125 0.6574296875 0.047565234375
0 0.6560076171875 0.0887025390625 0.66666982421875 0.08838896484375 0.66666982421875 0.09089775390625 0.6754505859375 0.091211328125 0.68266328125 0.0887025390625 0.69583427734375 0.09089775390625 0.69583427734375 0.1009328125 0.70398779296875 0.1015599609375 0.70304697265625 0.12068935546875 0.70304697265625 0.13668271484375 0.67011943359375 0.13574189453125 0.67106015625 0.1175533203125 0.66635625 0.11661259765625 0.66666982421875 0.11159501953125 0.65318525390625 0.11159501953125 0.65318525390625 0.08901611328125 0.6560076171875 0.0887025390625
0 0.66842958984375 0.14342802734375 0.6878724609375 0.1503271484375 0.6913220703125 0.14813193359375 0.6928900390625 0.1390376953125 0.70919697265625 0.1387240234375 0.70854599609375 0.15809951171875 0.69383076171875 0.155658203125 0.68254130859375 0.16193017578125 0.6831685546875 0.16757490234375 0.68849970703125 0.16757490234375 0.6913220703125 0.16914287109375 0.69069482421875 0.18168662109375 0.672819921875 0.1807458984375 0.65619931640625 0.17949150390625 0.656512890625 0.14342802734375 0.66842958984375 0.14342802734375
0 0.721226171875 0.15113984375 0.719751953125 0.1467169921875 0.722208984375 0.13713427734375 0.73228310546875 0.13787138671875 0.73105458984375 0.15163125 0.7271232421875 0.153351171875 0.721226171875 0.15113984375
0 0.52982529296875 0.07154833984375 0.553839453125 0.0727490234375 0.55423974609375 0.06154248046875 0.5370294921875 0.06154248046875 0.53382763671875 0.04713388671875 0.549837109375 0.04313154296875 0.555418359375 0.05323818359375 0.57612880859375 0.0507228515625 0.5842373046875 0.05170576171875 0.5834248046875 0.08584228515625 0.52813994140625 0.08535087890625 0.52982529296875 0.07154833984375
0 0.5517205078125 0.09265615234375 0.58173818359375 0.093456640625 0.5805375 0.12747666015625 0.55652333984375 0.12947783203125 0.55492236328125 0.12387451171875 0.5425150390625 0.124675 0.54211484375 0.13708232421875 0.53010771484375 0.1374826171875 0.52890703125 0.11987216796875 0.55692353515625 0.1170705078125 0.5577240234375 0.110666796875 0.55092001953125 0.10746484375 0.5517205078125 0.09265615234375
0 0.55197138671875 0.13978740234375 0.5806568359375 0.14239521484375 0.5819607421875 0.18151171875 0.55327529296875 0.182163671875 0.55197138671875 0.13978740234375
0 0.84207333984375 0.06538759765625 0.84367431640625 0.06178544921875 0.8352693359375 0.042173828125 0.846876171875 0.0417736328125 0.84567548828125 0.0361703125 0.85848310546875 0.0357701171875 0.85888330078125 0.0305669921875 0.87769443359375 0.03096728515625 0.8788951171875 0.0641869140625 0.84207333984375 0.06538759765625
0 0.9984970703125 0.10001142578125 0.991503515625 0.10001142578125 0.98843857421875 0.0867302734375 0.97873310546875 0.08724111328125 0.97311416015625 0.1020546875 0.96443037109375 0.10001142578125 0.96340869140625 0.01419462890625 0.998497265625 0.01468447265625 0.9984970703125 0.10001142578125
0 0.84256328125 0.20444150390625 0.8367388671875 0.1844720703125 0.85088388671875 0.18031171875 0.85088388671875 0.1753193359375 0.8384029296875 0.170326953125 0.84505947265625 0.15118955078125 0.85587626953125 0.158678125 0.8583724609375 0.16200634765625 0.86086865234375 0.16616669921875 0.872517578125 0.1636705078125 0.88749462890625 0.168662890625 0.8891587890625 0.19778505859375 0.84256328125 0.20444150390625
0 0.900508984375 0.20530302734375 0.89920517578125 0.19617587890625 0.900508984375 0.16749033203125 0.9155037109375 0.16749033203125 0.924630859375 0.1609708984375 0.96048779296875 0.15901513671875 0.95918388671875 0.200739453125 0.94679697265625 0.19878359375 0.94418916015625 0.18444091796875 0.91876337890625 0.18444091796875 0.9168076171875 0.20465107421875 0.900508984375 0.20530302734375
0 0.96710029296875 0.22285205078125 0.96607861328125 0.17534638671875 0.97680576171875 0.17432470703125 0.97527333984375 0.15440302734375 0.98906533203125 0.15338134765625 0.9885544921875 0.1625759765625 0.99849697265625 0.16035732421875 0.99849697265625 0.1991072265625 0.9963916015625 0.2006287109375 0.9950876953125 0.20649619140625 0.9937837890625 0.2254025390625 0.98596044921875 0.2273583984375 0.97226962890625 0.2280103515625 0.96710029296875 0.22285205078125
0 0.490882421875 0.13657001953125 0.49241484375 0.077315625 0.5062068359375 0.0762939453125 0.50569599609375 0.13197275390625 0.4965013671875 0.13657001953125 0.49190400390625 0.13759169921875 0.490882421875 0.13657001953125
0 0.43904794921875 0.15335146484375 0.5070125 0.155475390625 0.50488857421875 0.180962109375 0.4698443359375 0.180962109375 0.47090634765625 0.20007705078125 0.44117177734375 0.19901513671875 0.43904794921875 0.15335146484375
0 0.8486439453125 0.27187353515625 0.8823576171875 0.272384375 0.88031435546875 0.30660888671875 0.8629466796875 0.3055873046875 0.86498994140625 0.290262890625 0.84711142578125 0.28821962890625 0.8486439453125 0.27187353515625
0 0.89598544921875 0.2811193359375 0.90706845703125 0.2830751953125 0.910980078125 0.27720771484375 0.92923447265625 0.27720771484375 0.93053837890625 0.31045673828125 0.92075927734375 0.3098048828125 0.91815146484375 0.29872177734375 0.89272568359375 0.2961140625 0.89598544921875 0.2811193359375
0 0.9370556640625 0.318388671875 0.9370556640625 0.27905595703125 0.94012060546875 0.2785451171875 0.971791015625 0.278034375 0.97076943359375 0.29693447265625 0.9534017578125 0.2948912109375 0.952380078125 0.31787783203125 0.9370556640625 0.318388671875
0 0.8513494140625 0.41248916015625 0.8513494140625 0.398344140625 0.8621662109375 0.399176171875 0.86050205078125 0.3825349609375 0.87381513671875 0.376710546875 0.89045634765625 0.38087080078125 0.88962431640625 0.4249701171875 0.8621662109375 0.42580224609375 0.8621662109375 0.41248916015625 0.8513494140625 0.41248916015625
0 0.84360634765625 0.4377615234375 0.86802080078125 0.43696103515625 0.8728236328125 0.43455966796875 0.880428125 0.4357603515625 0.895637109375 0.43495986328125 0.8960373046875 0.45777333984375 0.8880326171875 0.4589740234375 0.88683193359375 0.4753837890625 0.865219140625 0.4773849609375 0.8628177734375 0.45817353515625 0.84320615234375 0.45617236328125 0.84360634765625 0.4377615234375
0 0.89705244140625 0.49715595703125 0.89756328125 0.52218583984375 0.87610908203125 0.52576162109375 0.8740658203125 0.51912099609375 0.86231708984375 0.520142578125 0.86231708984375 0.5278048828125 0.85466796875 0.5279296875 0.853701171875 0.5233203125 0.8546548828125 0.52320751953125 0.8531224609375 0.504307421875 0.869979296875 0.50532900390625 0.87100087890625 0.49664521484375 0.89705244140625 0.49715595703125
0 0.9984966796875 0.52561494140625 0.96595693359375 0.52605986328125 0.96748935546875 0.47993466796875 0.99200849609375 0.4804455078125 0.99193994140625 0.49446943359375 0.99116943359375 0.50473740234375 0.9984966796875 0.50450205078125 0.9984966796875 0.52561494140625
0 0.99849677734375 0.6232943359375 0.98793505859375 0.6218375 0.97795029296875 0.62433369140625 0.9646373046875 0.62266953125 0.96713349609375 0.5752419921875 0.9954236328125 0.57940234375 0.99292744140625 0.6010359375 0.99849677734375 0.602854296875 0.99849677734375 0.6232943359375
0 0.99849677734375 0.66986640625 0.99791982421875 0.67009716796875 0.9954236328125 0.67508955078125 0.9629732421875 0.672593359375 0.96130908203125 0.653455859375 0.96713349609375 0.651791796875 0.96713349609375 0.631822265625 0.99209541015625 0.63348642578125 0.99043125 0.64596728515625 0.99849677734375 0.64596728515625 0.99849677734375 0.66986640625
0 0.99849677734375 0.7109228515625 0.99240380859375 0.7093541015625 0.9780611328125 0.71261376953125 0.9761052734375 0.721741015625 0.962414453125 0.7210890625 0.962414453125 0.7113099609375 0.95719892578125 0.71261376953125 0.95719892578125 0.697619140625 0.962414453125 0.69305556640625 0.9629732421875 0.672593359375 0.98262470703125 0.68066865234375 0.99849677734375 0.6764998046875 0.99849677734375 0.7109228515625
0 0.998496875 0.7625720703125 0.9957162109375 0.7621716796875 0.99245654296875 0.76869111328125 0.99310849609375 0.77781826171875 0.97811376953125 0.77912216796875 0.9755060546875 0.769994921875 0.959859375 0.771298828125 0.959859375 0.7602158203125 0.96833466796875 0.75304443359375 0.9722462890625 0.74522109375 0.96377109375 0.7380498046875 0.96768271484375 0.72892255859375 0.97876572265625 0.7334861328125 0.993916796875 0.74730341796875 0.998496875 0.74806240234375 0.998496875 0.7625720703125
0 0.84926953125 0.62911337890625 0.8487587890625 0.64239453125 0.83036943359375 0.64188369140625 0.83190185546875 0.62400517578125 0.84262900390625 0.62298359375 0.84313974609375 0.6076591796875 0.84978037109375 0.60612666015625 0.84824794921875 0.5943779296875 0.86510478515625 0.5943779296875 0.86357236328125 0.60868076171875 0.87225625 0.61021318359375 0.87225625 0.6188970703125 0.8518236328125 0.6219619140625 0.84926953125 0.62911337890625
0 0.8528701171875 0.63266005859375 0.85475166015625 0.63015126953125 0.871372265625 0.6267017578125 0.882348046875 0.62732890625 0.88454326171875 0.65492529296875 0.8785849609375 0.6555525390625 0.8785849609375 0.667469140625 0.85381083984375 0.66778271484375 0.85412451171875 0.65743408203125 0.8528701171875 0.63266005859375
0 0.8205154296875 0.6694111328125 0.84252841796875 0.6686107421875 0.84372919921875 0.67741591796875 0.86173984375 0.67781611328125 0.87454736328125 0.6714123046875 0.8869546875 0.67821640625 0.8865544921875 0.718640234375 0.86934423828125 0.71743955078125 0.8713455078125 0.709434765625 0.85133369140625 0.71183623046875 0.85213408203125 0.68942294921875 0.8181140625 0.688222265625 0.8205154296875 0.6694111328125
0 0.82629677734375 0.7003849609375 0.84291728515625 0.70007138671875 0.84291728515625 0.71857353515625 0.82535595703125 0.7182599609375 0.82629677734375 0.7003849609375
0 0.8627107421875 0.7214875 0.89232822265625 0.72028671875 0.8871251953125 0.765913671875 0.84630107421875 0.7639125 0.84590078125 0.74710263671875 0.8471015625 0.74350048828125 0.853105078125 0.74390068359375 0.85590673828125 0.7350955078125 0.861109765625 0.73349453125 0.86151005859375 0.7278912109375 0.86391142578125 0.72829150390625 0.8627107421875 0.7214875
0 0.844449609375 0.76650703125 0.86813232421875 0.7671103515625 0.868433984375 0.77827294921875 0.8891193359375 0.7787611328125 0.88880576171875 0.79694970703125 0.84176640625 0.79444091796875 0.844449609375 0.76650703125
0 0.81744541015625 0.9274759765625 0.8350478515625 0.89748662109375 0.85134638671875 0.9013982421875 0.85656201171875 0.89227109375 0.86829697265625 0.89879052734375 0.86373330078125 0.90922158203125 0.870252734375 0.91248134765625 0.86894892578125 0.92030458984375 0.87872802734375 0.92421630859375 0.86894892578125 0.94573037109375 0.8604736328125 0.9529017578125 0.81744541015625 0.9274759765625
0 0.9984970703125 0.9083447265625 0.9821451171875 0.91704404296875 0.97798486328125 0.91121962890625 0.96800009765625 0.9137158203125 0.95302294921875 0.878769140625 0.9621755859375 0.8671203125 0.97299248046875 0.8629599609375 0.97465654296875 0.86795234375 0.9804810546875 0.86545615234375 0.9804810546875 0.858799609375 0.9912978515625 0.85380732421875 0.99849697265625 0.86550927734375 0.9984970703125 0.9083447265625
0 0.9468771484375 0.8266376953125 0.971691796875 0.8174322265625 0.9792962890625 0.8346423828125 0.98297001953125 0.8502515625 0.97249228515625 0.8538537109375 0.96568828125 0.84144638671875 0.96088544921875 0.8418466796875 0.9580837890625 0.8438478515625 0.9468771484375 0.8266376953125
0 0.83788662109375 0.8093876953125 0.8705787109375 0.80325791015625 0.89254375 0.86864208984375 0.8511677734375 0.88243408203125 0.84350556640625 0.87221787109375 0.85474345703125 0.86506640625 0.85014609375 0.84565546875 0.8445271484375 0.847187890625 0.83788662109375 0.8093876953125
0 0.919206640625 0.8951251953125 0.94522197265625 0.88672021484375 0.9500248046875 0.89672607421875 0.94682294921875 0.90192919921875 0.948423828125 0.91113466796875 0.9448216796875 0.91713818359375 0.9308134765625 0.92074033203125 0.919206640625 0.8951251953125
0 0.9583912109375 0.9990080078125 0.95475322265625 0.99435048828125 0.9715828125 0.9857314453125 0.96938759765625 0.97569638671875 0.97503232421875 0.9741283203125 0.9740916015625 0.9662884765625 0.96876044921875 0.95719423828125 0.9850673828125 0.9518630859375 0.99384814453125 0.9452775390625 0.99849716796875 0.950564453125 0.998497265625 0.9990072265625 0.9583912109375 0.9990080078125
0 0.64495078125 0.97815234375 0.6474595703125 0.94177529296875 0.680387109375 0.9420888671875 0.6860318359375 0.9405208984375 0.68979501953125 0.93048583984375 0.7070427734375 0.936444140625 0.698262109375 0.95620068359375 0.68477744140625 0.94898798828125 0.6747423828125 0.9524375 0.6747423828125 0.95870947265625 0.6844638671875 0.962158984375 0.683523046875 0.9822291015625 0.64495078125 0.97815234375
0 0.64241689453125 0.9283373046875 0.646180078125 0.88725634765625 0.6590375 0.88255234375 0.673462890625 0.88474755859375 0.67377646484375 0.9123439453125 0.67435634765625 0.929278125 0.64241689453125 0.9283373046875
0 0.6468962890625 0.87532509765625 0.646385546875 0.8395681640625 0.66222080078125 0.8380357421875 0.66856650390625 0.8370208984375 0.67396953125 0.8380357421875 0.67090458984375 0.825776171875 0.69031552734375 0.825776171875 0.6964453125 0.84723037109375 0.67674638671875 0.84562587890625 0.675069921875 0.87183505859375 0.66375322265625 0.87277109375 0.6468962890625 0.87532509765625
0 0.64979453125 0.7743591796875 0.64814716796875 0.74102119140625 0.676054296875 0.7416841796875 0.67688642578125 0.72254677734375 0.6910314453125 0.7242109375 0.6917470703125 0.77531611328125 0.64979453125 0.7743591796875
0 0.64512451171875 0.66692587890625 0.6441029296875 0.64036357421875 0.67270849609375 0.63780947265625 0.67219775390625 0.62146337890625 0.70131416015625 0.61993095703125 0.7023357421875 0.6439392578125 0.68547890625 0.6470041015625 0.68190322265625 0.6664150390625 0.64512451171875 0.66692587890625
0 0.64593408203125 0.62145859375 0.64593408203125 0.58663798828125 0.66474521484375 0.5858375 0.665545703125 0.57503115234375 0.6831560546875 0.57383046875 0.6807546875 0.5990453125 0.66914775390625 0.6006462890625 0.667546875 0.62145859375 0.64593408203125 0.62145859375
0 0.65649541015625 0.571387890625 0.65632705078125 0.530987109375 0.68360986328125 0.53192783203125 0.68423701171875 0.5244015625 0.71120625 0.52283359375 0.72124130859375 0.5479212890625 0.71904619140625 0.56736416015625 0.70587509765625 0.5686185546875 0.70430712890625 0.555133984375 0.71151982421875 0.55450673828125 0.70838388671875 0.54164931640625 0.69395849609375 0.54008134765625 0.68047392578125 0.54572607421875 0.67953310546875 0.55544755859375 0.68884736328125 0.55190615234375 0.689232421875 0.57192822265625 0.65649541015625 0.571387890625
0 0.657016796875 0.5210419921875 0.6561005859375 0.509637890625 0.65143212890625 0.50496943359375 0.65167783203125 0.48482119140625 0.65413486328125 0.484083984375 0.65413486328125 0.4776955078125 0.6624890625 0.47376416015625 0.67821455078125 0.47794130859375 0.6814087890625 0.4749927734375 0.695914453125 0.4669990234375 0.70672568359375 0.47584462890625 0.7023029296875 0.49009580078125 0.68805166015625 0.48935869140625 0.68264609375 0.49451865234375 0.6760119140625 0.49083291015625 0.6767490234375 0.50827841796875 0.68379931640625 0.5207962890625 0.657016796875 0.5210419921875
0 0.68861806640625 0.46902880859375 0.65593857421875 0.46878310546875 0.65569287109375 0.4530576171875 0.64733876953125 0.444703515625 0.65471005859375 0.4370865234375 0.65593857421875 0.4245552734375 0.71706728515625 0.4248541015625 0.7171591796875 0.4218126953125 0.7302505859375 0.4216201171875 0.72993134765625 0.44499228515625 0.71721748046875 0.44542763671875 0.6896978515625 0.44542763671875 0.6879779296875 0.4552560546875 0.68650361328125 0.46262734375 0.6884693359375 0.4687701171875 0.68861806640625 0.46902880859375
0 0.99849677734375 0.39836962890625 0.98937509765625 0.39836962890625 0.9889359375 0.3888373046875 0.97394755859375 0.38515166015625 0.975421875 0.37876318359375 0.99213017578125 0.38441455078125 0.99262158203125 0.38072880859375 0.99849677734375 0.3797505859375 0.99849677734375 0.39836962890625
0 0.65860595703125 0.33337939453125 0.681198046875 0.33390595703125 0.6861904296875 0.35886787109375 0.71281640625 0.35886787109375 0.71281640625 0.38050146484375 0.65873232421875 0.37883740234375 0.6495796875 0.36885263671875 0.64791552734375 0.3472189453125 0.65706826171875 0.34805107421875 0.65860595703125 0.33337939453125
0 0.6525822265625 0.32550625 0.65371279296875 0.301281640625 0.671393359375 0.30033369140625 0.67259404296875 0.31109775390625 0.6875431640625 0.3124810546875 0.68582978515625 0.32790771484375 0.6525822265625 0.32550625
0 0.65338271484375 0.2774779296875 0.65338271484375 0.2418568359375 0.66538984375 0.23825478515625 0.67859765625 0.241456640625 0.68019853515625 0.250662109375 0.680598828125 0.277878125 0.65338271484375 0.2774779296875
0 0.65600791015625 0.18405302734375 0.682383203125 0.18405302734375 0.6818724609375 0.1981833984375 0.6777859375 0.19562939453125 0.6777859375 0.22065927734375 0.65531005859375 0.21963759765625 0.65600791015625 0.18405302734375
0 0.51347548828125 0.2305625 0.53228662109375 0.22976201171875 0.5338875 0.24697216796875 0.54029130859375 0.2421693359375 0.5871189453125 0.24296982421875 0.5871189453125 0.25577744140625 0.581515625 0.2605802734375 0.580715234375 0.278190625 0.5242818359375 0.27859091796875 0.52468212890625 0.25417646484375 0.5142759765625 0.2553771484375 0.51147431640625 0.241769140625 0.51347548828125 0.2305625
0 0.52924404296875 0.28151953125 0.55495888671875 0.281833203125 0.56530751953125 0.28590986328125 0.58694560546875 0.28528271484375 0.5825552734375 0.30284404296875 0.58475048828125 0.30629365234375 0.5825552734375 0.3276181640625 0.53959267578125 0.32605009765625 0.5367703125 0.30942958984375 0.544923828125 0.30786162109375 0.54366943359375 0.30441201171875 0.527048828125 0.3066072265625 0.527048828125 0.30629365234375 0.523912890625 0.297512890625 0.52203134765625 0.28747783203125 0.527048828125 0.28434189453125 0.52924404296875 0.28151953125
0 0.54232255859375 0.33181533203125 0.56239267578125 0.335578515625 0.5843443359375 0.33181533203125 0.57744521484375 0.372269140625 0.54451767578125 0.37101474609375 0.53322822265625 0.37415068359375 0.5322875 0.3939072265625 0.51817568359375 0.3882625 0.5184892578125 0.3763458984375 0.50970859375 0.3650564453125 0.51002216796875 0.35345341796875 0.5282107421875 0.3547078125 0.5322875 0.35188544921875 0.54389052734375 0.35188544921875 0.54232255859375 0.33181533203125
0 0.52668662109375 0.4199865234375 0.54047861328125 0.4215189453125 0.54150029296875 0.42611630859375 0.544054296875 0.4215189453125 0.5547814453125 0.41947568359375 0.5690841796875 0.42100810546875 0.56959501953125 0.42458388671875 0.57878974609375 0.42560546875 0.57623564453125 0.4685138671875 0.5690841796875 0.4669814453125 0.534348828125 0.4669814453125 0.53894619140625 0.45165703125 0.547630078125 0.45114619140625 0.55018408203125 0.4353109375 0.5435435546875 0.43224609375 0.540989453125 0.43582177734375 0.54150029296875 0.43990830078125 0.52515419921875 0.4409298828125 0.52668662109375 0.4199865234375
0 0.53810625 0.4704201171875 0.5566083984375 0.47136083984375 0.56413466796875 0.469479296875 0.5726017578125 0.47324248046875 0.57950087890625 0.4735560546875 0.578246484375 0.50522919921875 0.5776193359375 0.5121283203125 0.56068515625 0.5143234375 0.5371654296875 0.5121283203125 0.5355974609375 0.5024068359375 0.5371654296875 0.499898046875 0.54092861328125 0.50021162109375 0.54186943359375 0.4860998046875 0.53685185546875 0.4895494140625 0.53810625 0.4704201171875
0 0.54802548828125 0.524905859375 0.56283427734375 0.52010302734375 0.57764296875 0.5245056640625 0.576842578125 0.54291650390625 0.5752416015625 0.56773115234375 0.550426953125 0.56653046875 0.55002666015625 0.5705328125 0.52641279296875 0.56773115234375 0.524011328125 0.55812548828125 0.53601845703125 0.55772529296875 0.5356181640625 0.54851982421875 0.54242216796875 0.54851982421875 0.54042099609375 0.5361125 0.5468248046875 0.53331083984375 0.54802548828125 0.524905859375
0 0.53234541015625 0.571087109375 0.53922529296875 0.57010419921875 0.54585947265625 0.572069921875 0.54684228515625 0.58238974609375 0.57092197265625 0.5801783203125 0.5748533203125 0.613103515625 0.5699390625 0.61605205078125 0.5608478515625 0.61556064453125 0.556670703125 0.611875 0.5488080078125 0.60180087890625 0.5495451171875 0.5932009765625 0.542173828125 0.58951533203125 0.53209970703125 0.59000673828125 0.53234541015625 0.571087109375
0 0.5484265625 0.6266634765625 0.5772435546875 0.62786416015625 0.57804404296875 0.65988310546875 0.57444189453125 0.66748759765625 0.54682568359375 0.6646859375 0.5480263671875 0.64667529296875 0.54762607421875 0.64107197265625 0.537219921875 0.6398712890625 0.53762021484375 0.627063671875 0.5484265625 0.6266634765625
0 0.532733203125 0.67953720703125 0.5501501953125 0.67581689453125 0.56055634765625 0.67741787109375 0.56255751953125 0.70143203125 0.57576533203125 0.70223251953125 0.574164453125 0.72304482421875 0.5341408203125 0.7222443359375 0.5309388671875 0.7142396484375 0.53013837890625 0.69823017578125 0.53440224609375 0.69838095703125 0.532733203125 0.67953720703125
0 0.50496337890625 0.8649017578125 0.4997603515625 0.8476916015625 0.50216171875 0.8476916015625 0.5037626953125 0.83928662109375 0.4997603515625 0.83968681640625 0.49855966796875 0.826879296875 0.50136123046875 0.826879296875 0.5149693359375 0.82647900390625 0.526576171875 0.82407763671875 0.526576171875 0.8344837890625 0.53297998046875 0.83768564453125 0.53097880859375 0.84328896484375 0.5301783203125 0.85129365234375 0.52177333984375 0.852094140625 0.52057265625 0.86089931640625 0.50496337890625 0.8649017578125
0 0.4993734375 0.9411712890625 0.51975712890625 0.92768671875 0.5288513671875 0.93834892578125 0.54641279296875 0.93427216796875 0.5627197265625 0.93772177734375 0.563346875 0.975666796875 0.52508828125 0.9734716796875 0.52759697265625 0.94556162109375 0.5065861328125 0.95810546875 0.4993734375 0.9411712890625
0 0.424501171875 0.88678056640625 0.42610205078125 0.8631666015625 0.437708984375 0.85476162109375 0.45051650390625 0.85836376953125 0.449716015625 0.88277822265625 0.4437125 0.8823779296875 0.424501171875 0.88678056640625
0 0.43218017578125 0.849057421875 0.4309478515625 0.83957802734375 0.42734580078125 0.8367763671875 0.42974716796875 0.82036669921875 0.4321486328125 0.81036083984375 0.453761328125 0.80916015625 0.4553939453125 0.826644140625 0.4541931640625 0.847856640625 0.44738916015625 0.8454552734375 0.43218017578125 0.849057421875
0 0.4309478515625 0.79955439453125 0.43174833984375 0.792750390625 0.428546484375 0.79114951171875 0.428546484375 0.7619322265625 0.44495615234375 0.75913056640625 0.45456181640625 0.765534375 0.46176611328125 0.7639333984375 0.4625666015625 0.750325390625 0.4797767578125 0.74912470703125 0.4785759765625 0.7719380859375 0.4573634765625 0.77273857421875 0.4553623046875 0.780743359375 0.4553623046875 0.79915419921875 0.4309478515625 0.79955439453125
0 0.42700166015625 0.74769775390625 0.4301376953125 0.7153974609375 0.44738544921875 0.7138294921875 0.451462109375 0.7169654296875 0.463065234375 0.71821982421875 0.464633203125 0.73327236328125 0.4555388671875 0.73421318359375 0.45334375 0.7508337890625 0.44079990234375 0.7536560546875 0.42700166015625 0.74769775390625
0 0.4365740234375 0.70953212890625 0.437201171875 0.708277734375 0.43281083984375 0.69228427734375 0.42936123046875 0.6913435546875 0.4299884765625 0.67660458984375 0.4346923828125 0.67597734375 0.43500595703125 0.6640607421875 0.44566826171875 0.66280634765625 0.45319453125 0.6656287109375 0.46479755859375 0.67001904296875 0.46573837890625 0.6831900390625 0.46636552734375 0.69416591796875 0.4635431640625 0.69416591796875 0.461348046875 0.69886982421875 0.4716966796875 0.6976154296875 0.4716966796875 0.708277734375 0.4365740234375 0.70953212890625
0 0.43597861328125 0.65442490234375 0.4363595703125 0.64150615234375 0.4359060546875 0.630553125 0.4366048828125 0.61544384765625 0.45052353515625 0.615366015625 0.45797587890625 0.6212390625 0.46403173828125 0.62061279296875 0.463896875 0.61028388671875 0.47327529296875 0.61028388671875 0.4742341796875 0.62814296875 0.463342578125 0.62901494140625 0.45710966796875 0.62886845703125 0.45710966796875 0.65368779296875 0.446544140625 0.6573734375 0.43597861328125 0.65442490234375
0 0.43599912109375 0.60689072265625 0.43537197265625 0.57898076171875 0.44101669921875 0.5695728515625 0.44728857421875 0.5680048828125 0.46077314453125 0.57333603515625 0.47049462890625 0.572081640625 0.471121875 0.56298740234375 0.48429287109375 0.56361455078125 0.485547265625 0.581803125 0.47143544921875 0.58305751953125 0.47143544921875 0.5792943359375 0.466104296875 0.58023515625 0.4651634765625 0.58650703125 0.459832421875 0.58776142578125 0.4588916015625 0.60312763671875 0.4557556640625 0.60845869140625 0.4476021484375 0.6081451171875 0.44227099609375 0.6090859375 0.43599912109375 0.60689072265625
0 0.4355234375 0.545820703125 0.43380390625 0.5305228515625 0.44300927734375 0.52171767578125 0.44621123046875 0.52211787109375 0.4512673828125 0.523911328125 0.46647646484375 0.5260291015625 0.46763154296875 0.512167578125 0.49573955078125 0.5142853515625 0.49471796875 0.53231279296875 0.484129296875 0.53019501953125 0.48703203125 0.53629619140625 0.48319130859375 0.53476376953125 0.46451728515625 0.53574658203125 0.46107734375 0.5465578125 0.46427158203125 0.5517177734375 0.460340234375 0.559334765625 0.4551802734375 0.557860546875 0.4551802734375 0.56080908203125 0.44633466796875 0.56252900390625 0.43675205078125 0.55663193359375 0.4355234375 0.545820703125
0 0.438022265625 0.463784765625 0.431892578125 0.4193439453125 0.4472169921875 0.415257421875 0.46393466796875 0.42310546875 0.48915791015625 0.42197548828125 0.49206025390625 0.43660322265625 0.46686787109375 0.43837568359375 0.46560625 0.447438671875 0.47275771484375 0.44897109375 0.472246875 0.463784765625 0.438022265625 0.463784765625
0 0.4373767578125 0.3341939453125 0.4485833984375 0.331792578125 0.46219140625 0.334594140625 0.46859521484375 0.3361951171875 0.47019609375 0.35220458984375 0.46219140625 0.35100390625 0.46219140625 0.36341123046875 0.47863984375 0.36721435546875 0.47671982421875 0.3850626953125 0.46531396484375 0.384583203125 0.4657935546875 0.3758185546875 0.4373767578125 0.37341708984375 0.43657626953125 0.3606095703125 0.4373767578125 0.3341939453125
0 0.4370650390625 0.2865283203125 0.43786435546875 0.2509388671875 0.44601787109375 0.2462349609375 0.46201123046875 0.255015625 0.475809375 0.2556427734375 0.47460234375 0.2491046875 0.49301279296875 0.244087109375 0.4948943359375 0.24928515625 0.49466953125 0.2585953125 0.4813240234375 0.26334365234375 0.47424140625 0.26285546875 0.46452001953125 0.261601171875 0.45776240234375 0.28746904296875 0.446778125 0.28507939453125 0.4370650390625 0.2865283203125
0 0.44100029296875 0.240590234375 0.4381779296875 0.23996298828125 0.43629638671875 0.23055517578125 0.4397458984375 0.22491044921875 0.4397458984375 0.206721875 0.4557392578125 0.20484033203125 0.47643662109375 0.2139345703125 0.48208134765625 0.2026451171875 0.49493876953125 0.20734912109375 0.4911755859375 0.22240166015625 0.48114052734375 0.22302890625 0.47235986328125 0.21769775390625 0.46796953125 0.21675693359375 0.46985107421875 0.22585126953125 0.4833357421875 0.22491044921875 0.4833357421875 0.2415310546875 0.45699365234375 0.242158203125 0.44100029296875 0.240590234375
0 0.55267294921875 0.18762705078125 0.58058291015625 0.188254296875 0.58246455078125 0.23090322265625 0.55424091796875 0.22964892578125 0.5545544921875 0.22055458984375 0.55392734375 0.19170380859375 0.55267294921875 0.18762705078125
0 0.28763671875 0.99552734375 0.2575474609375 0.9946330078125 0.258178125 0.97001259765625 0.28778046875 0.96961123046875 0.28763671875 0.99552734375
0 0.3247505859375 0.97944853515625 0.3193111328125 0.9953486328125 0.29205078125 0.9955078125 0.292822265625 0.970126953125 0.29618232421875 0.96698046875 0.320196484375 0.966180078125 0.3247505859375 0.97944853515625
0 0.10098388671875 0.9990091796875 0.10124755859375 0.966951953125 0.11549873046875 0.966951953125 0.13564697265625 0.967934765625 0.13469453125 0.999009765625 0.10098388671875 0.9990091796875
0 0.0521224609375 0.966258203125 0.0837263671875 0.96713681640625 0.08316298828125 0.99900888671875 0.05152080078125 0.99900830078125 0.0521224609375 0.966258203125
0 -0.0 0.8382037109375 -0.0 0.8071578125 0.003771484375 0.8071578125 0.00408505859375 0.80402177734375 0.00972978515625 0.80402177734375 0.0094162109375 0.78238369140625 0.03795341796875 0.78238369140625 0.0382669921875 0.8071578125 0.0160017578125 0.80998017578125 0.0160017578125 0.82973662109375 0.0062802734375 0.8319318359375 0.006907421875 0.83789013671875 -0.0 0.8382037109375
0 0.0451609375 0.84433232421875 0.039157421875 0.82472080078125 0.05316572265625 0.821919140625 0.0527654296875 0.816716015625 0.05196494140625 0.78309619140625 0.0811822265625 0.78269599609375 0.08300283203125 0.8119037109375 0.07262294921875 0.81105595703125 0.0699755859375 0.8143146484375 0.06717392578125 0.8263216796875 0.0579685546875 0.829923828125 0.05956943359375 0.83992978515625 0.0451609375 0.84433232421875
0 0.093609765625 0.84272919921875 0.090846875 0.80863154296875 0.10021279296875 0.80887138671875 0.1002939453125 0.79069853515625 0.1370345703125 0.7898998046875 0.138594921875 0.79502177734375 0.1381947265625 0.8279998046875 0.124466796875 0.828320703125 0.12218525390625 0.8166345703125 0.11938359375 0.8154337890625 0.11858310546875 0.80983046875 0.11418046875 0.81183173828125 0.1137802734375 0.8194361328125 0.10697626953125 0.81983642578125 0.10665537109375 0.84140859375 0.093609765625 0.84272919921875
0 0.15748046875 0.823583984375 0.1582462890625 0.84275087890625 0.1422529296875 0.8436916015625 0.14162578125 0.825189453125 0.1457025390625 0.8245623046875 0.15157109375 0.82406640625 0.15748046875 0.823583984375
0 0.178630078125 0.7844220703125 0.18051162109375 0.7922619140625 0.18678349609375 0.79351630859375 0.189605859375 0.81233203125 0.167340625 0.8195447265625 0.158779296875 0.81927734375 0.158612890625 0.81284140625 0.150732421875 0.813232421875 0.15103359375 0.79696591796875 0.15730556640625 0.794770703125 0.156051171875 0.78818515625 0.16828134765625 0.7828541015625 0.178630078125 0.7844220703125
0 0.20121796875 0.81747412109375 0.2001962890625 0.787846875 0.2405505859375 0.7873361328125 0.24208310546875 0.8138984375 0.2165423828125 0.8138984375 0.2114341796875 0.81696328125 0.20121796875 0.81747412109375
0 0.13899453125 0.88147373046875 0.13604599609375 0.88122802734375 0.14096015625 0.84928564453125 0.1598798828125 0.85075986328125 0.1586513671875 0.8650111328125 0.17142822265625 0.86402822265625 0.1726568359375 0.859359765625 0.19010224609375 0.860833984375 0.1873994140625 0.89031923828125 0.13899453125 0.88147373046875
0 0.19557490234375 0.8649078125 0.19165302734375 0.85781806640625 0.192859765625 0.84469453125 0.21035771484375 0.84575048828125 0.20884931640625 0.86837724609375 0.209801953125 0.8713703125 0.22391376953125 0.86854794921875 0.2236001953125 0.85318173828125 0.21983701171875 0.8465962890625 0.23677119140625 0.8465962890625 0.2364576171875 0.88548212890625 0.19819892578125 0.8867365234375 0.198826171875 0.8770150390625 0.20164853515625 0.8657255859375 0.19557490234375 0.8649078125
0 0.30047080078125 0.90247373046875 0.29952998046875 0.90184658203125 0.29890283203125 0.87832685546875 0.331516796875 0.8805220703125 0.33088955078125 0.9031009765625 0.30047080078125 0.90247373046875
0 0.25180341796875 0.81115078125 0.2530578125 0.79076708984375 0.2665423828125 0.79076708984375 0.2665423828125 0.79609814453125 0.294766015625 0.79609814453125 0.29507958984375 0.78637666015625 0.326752734375 0.78574951171875 0.32863427734375 0.807701171875 0.29413876953125 0.80989638671875 0.293198046875 0.802997265625 0.26873759765625 0.80331083984375 0.26873759765625 0.81773623046875 0.2536849609375 0.81773623046875 0.25180341796875 0.81115078125
0 0.1387662109375 0.692476953125 0.17169140625 0.69223125 0.18029130859375 0.70083115234375 0.1773427734375 0.72196220703125 0.13606337890625 0.72171650390625 0.1387662109375 0.692476953125
0 0.1941630859375 0.684508203125 0.1823865234375 0.68438095703125 0.18335673828125 0.6648966796875 0.20296826171875 0.66449638671875 0.20256806640625 0.680505859375 0.23418671875 0.68130634765625 0.23178525390625 0.720129296875 0.22137919921875 0.71972900390625 0.218977734375 0.7125248046875 0.21377470703125 0.71332529296875 0.2133744140625 0.71932880859375 0.1941630859375 0.71612685546875 0.19496357421875 0.6953146484375 0.1941630859375 0.68931103515625 0.1941630859375 0.684508203125
0 0.106998046875 0.69217236328125 0.1082798828125 0.71113671875 0.08542763671875 0.71209765625 0.08342646484375 0.6960900390625 0.08322265625 0.69177734375 0.106318359375 0.69134765625 0.106998046875 0.69217236328125
0 0.09263193359375 0.679280078125 0.09823525390625 0.6776791015625 0.09893603515625 0.68396083984375 0.08660634765625 0.686170703125 0.08342646484375 0.68128125 0.0743021484375 0.6822421875 0.0735810546875 0.666511328125 0.088751171875 0.6657513671875 0.09263193359375 0.679280078125
0 0.31799453125 0.68745673828125 0.3189353515625 0.66738662109375 0.32646162109375 0.665505078125 0.333987890625 0.66644580078125 0.33367431640625 0.68839755859375 0.32238486328125 0.689651953125 0.31799453125 0.68745673828125
0 -0.0 0.60903291015625 0.0165953125 0.60903291015625 0.01628173828125 0.6422740234375 -0.0 0.64290126953125 -0.0 0.60903291015625
0 0.031020703125 0.64196044921875 0.03039345703125 0.6262806640625 0.035724609375 0.62596708984375 0.03603818359375 0.6052697265625 0.05861708984375 0.60495615234375 0.0589306640625 0.6021337890625 0.0721017578125 0.6021337890625 0.0721017578125 0.64697802734375 0.06739775390625 0.65074111328125 0.03227509765625 0.64635078125 0.031020703125 0.64196044921875
0 0.0741736328125 0.64357978515625 0.085162109375 0.6424853515625 0.085615234375 0.62851533203125 0.08440654296875 0.6007330078125 0.09914560546875 0.59947861328125 0.09977275390625 0.60575048828125 0.11921572265625 0.60512333984375 0.1236060546875 0.63805087890625 0.11357099609375 0.63961884765625 0.11357099609375 0.64651796875 0.0897376953125 0.64745869140625 0.08848330078125 0.6606296875 0.07656669921875 0.66125693359375 0.0706083984375 0.65655302734375 0.0741736328125 0.64357978515625
0 0.12759814453125 0.617730078125 0.14520849609375 0.61692958984375 0.1464091796875 0.60172060546875 0.17722744140625 0.6009201171875 0.1800291015625 0.61492841796875 0.1800291015625 0.6485482421875 0.16762177734375 0.65535234375 0.1636193359375 0.64694736328125 0.15601484375 0.646146875 0.1496111328125 0.6445458984375 0.14921083984375 0.65335107421875 0.132801171875 0.6541515625 0.13200068359375 0.64334521484375 0.12799833984375 0.63814208984375 0.12759814453125 0.617730078125
0 0.18651201171875 0.65807373046875 0.18331015625 0.6460666015625 0.1909146484375 0.642464453125 0.18971396484375 0.6364609375 0.19251552734375 0.62805595703125 0.19131484375 0.61484814453125 0.1929158203125 0.60604296875 0.2187458984375 0.60358515625 0.22093232421875 0.62805595703125 0.20172099609375 0.6368611328125 0.2005203125 0.64886826171875 0.18651201171875 0.65807373046875
0 0.23805654296875 0.66426171875 0.2373390625 0.6643947265625 0.22977490234375 0.6519564453125 0.2336865234375 0.64804482421875 0.2336865234375 0.6408734375 0.245421484375 0.64217734375 0.24868115234375 0.638917578125 0.248029296875 0.6167515625 0.2565044921875 0.6167515625 0.2565044921875 0.6056685546875 0.272803125 0.6017568359375 0.28910166015625 0.60762431640625 0.28714580078125 0.64739287109375 0.2604162109375 0.64804482421875 0.23805654296875 0.66426171875
0 0.30921279296875 0.64978447265625 0.29445224609375 0.64921943359375 0.2940580078125 0.628140234375 0.2940580078125 0.61402841796875 0.30252509765625 0.61057890625 0.31067861328125 0.605561328125 0.32510400390625 0.60838369140625 0.32667197265625 0.612146875 0.33796142578125 0.61402841796875 0.338275 0.6162236328125 0.3363578125 0.66278095703125 0.3209716796875 0.66323349609375 0.31996806640625 0.643780859375 0.32557138671875 0.64458134765625 0.32557138671875 0.63497568359375 0.3175666015625 0.63257431640625 0.31236357421875 0.62937236328125 0.309962109375 0.6321740234375 0.30921279296875 0.64978447265625
0 0.0082728515625 0.50778046875 0.01467666015625 0.509781640625 0.02908515625 0.50697998046875 0.02988564453125 0.491370703125 0.04549482421875 0.491370703125 0.04543642578125 0.50293134765625 0.0406919921875 0.504578515625 0.03749013671875 0.53379580078125 0.00787265625 0.53539677734375 0.0082728515625 0.50778046875
0 0.04888828125 0.48338056640625 0.08553544921875 0.4838373046875 0.086510546875 0.5318091796875 0.05729326171875 0.53341015625 0.0564927734375 0.50619404296875 0.0596947265625 0.504993359375 0.05849404296875 0.500991015625 0.0500890625 0.5013912109375 0.04888828125 0.48338056640625
0 0.1094412109375 0.48887099609375 0.1193873046875 0.48867216796875 0.1183478515625 0.49872724609375 0.13009658203125 0.4992380859375 0.130607421875 0.48646767578125 0.146953515625 0.4859568359375 0.14542099609375 0.53193017578125 0.1198802734375 0.532441015625 0.11630458984375 0.538570703125 0.10762080078125 0.54010322265625 0.1094412109375 0.48887099609375
0 0.1945623046875 0.53805185546875 0.168301171875 0.539040234375 0.16765693359375 0.521896875 0.16729892578125 0.50912509765625 0.1929611328125 0.5088353515625 0.1945623046875 0.53805185546875
0 0.16181572265625 0.5089603515625 0.1619078125 0.519033203125 0.1478033203125 0.51925048828125 0.14843056640625 0.49510361328125 0.1609267578125 0.4947900390625 0.16181572265625 0.5089603515625
0 0.26014892578125 0.517337890625 0.2965705078125 0.51613720703125 0.2973708984375 0.54135205078125 0.26014892578125 0.54295302734375 0.26014892578125 0.517337890625
0 0.32108349609375 0.48136708984375 0.32057734375 0.46279150390625 0.32616044921875 0.4625990234375 0.32558291015625 0.45682333984375 0.32076982421875 0.45297294921875 0.32096240234375 0.45355048828125 0.3028654296875 0.45355048828125 0.29978515625 0.44892998046875 0.29882255859375 0.4298705078125 0.3030580078125 0.42640517578125 0.338444140625 0.4251798828125 0.3384103515625 0.48155966796875 0.32108349609375 0.48136708984375
0 0.2965279296875 0.4268490234375 0.29775654296875 0.4546142578125 0.2817853515625 0.4546142578125 0.26655126953125 0.4676369140625 0.26556845703125 0.48409951171875 0.2493515625 0.48311669921875 0.24836875 0.4659169921875 0.26040849609375 0.4656712890625 0.261571484375 0.4264955078125 0.2965279296875 0.4268490234375
0 0.20994541015625 0.4466484375 0.210345703125 0.42143359375 0.24716748046875 0.42223408203125 0.24756767578125 0.44784912109375 0.2371615234375 0.44704873046875 0.23596083984375 0.4594560546875 0.21514853515625 0.45905576171875 0.21514853515625 0.449850390625 0.20994541015625 0.4466484375
0 0.149234375 0.45723876953125 0.14683291015625 0.44603212890625 0.150034765625 0.44202978515625 0.150034765625 0.43842763671875 0.14883408203125 0.4316236328125 0.14683291015625 0.42121748046875 0.172448046875 0.42121748046875 0.1872568359375 0.4216177734375 0.18885771484375 0.43242412109375 0.18485537109375 0.43842763671875 0.1748494140625 0.43962841796875 0.17324853515625 0.4500345703125 0.1760501953125 0.4600404296875 0.1760501953125 0.47084677734375 0.1608412109375 0.471647265625 0.15323671875 0.47004638671875 0.15323671875 0.458439453125 0.149234375 0.45723876953125
0 0.11041142578125 0.44763310546875 0.1113873046875 0.4461005859375 0.11359619140625 0.43481748046875 0.11187705078125 0.4325798828125 0.11944130859375 0.4331708984375 0.12074140625 0.42667041015625 0.1274783203125 0.42596123046875 0.127596484375 0.427025 0.1318513671875 0.42785224609375 0.13244228515625 0.423124609375 0.140715625 0.42347919921875 0.14083388671875 0.42761591796875 0.14650703125 0.4265521484375 0.14650703125 0.426433984375 0.146743359375 0.44073505859375 0.1456322265625 0.4508349609375 0.11041142578125 0.44763310546875
0 0.0894466796875 0.4239798828125 0.08104169921875 0.4511958984375 0.07435654296875 0.455491015625 0.059033203125 0.452841796875 0.05942890625 0.45159619140625 0.05622705078125 0.44399169921875 0.05942890625 0.42558076171875 0.0818421875 0.4219787109375 0.0894466796875 0.4239798828125
0 -0.0 0.4792181640625 -0.0 0.4571794921875 0.00424580078125 0.4571794921875 0.0076857421875 0.424745703125 0.01628564453125 0.422534375 0.01677705078125 0.41442587890625 0.025376953125 0.41442587890625 0.03053681640625 0.4159001953125 0.0465080078125 0.4245 0.045223828125 0.4461091796875 0.02049951171875 0.45726650390625 0.0208130859375 0.4792181640625 -0.0 0.4792181640625
0 -0.0 0.31613310546875 -0.0 0.2963794921875 0.02022880859375 0.29594619140625 0.0196353515625 0.32495390625 0.04368564453125 0.32499599609375 0.04499697265625 0.34842490234375 0.00970869140625 0.3503576171875 0.00868701171875 0.31664384765625 -0.0 0.31613310546875
0 0.0489337890625 0.302884375 0.0636396484375 0.30386796875 0.0877556640625 0.30441689453125 0.08826650390625 0.32587099609375 0.07243125 0.3263818359375 0.07243125 0.33097919921875 0.0943962890625 0.32995751953125 0.0943251953125 0.35209404296875 0.0601716796875 0.3549875 0.05812841796875 0.3217845703125 0.0504662109375 0.32127373046875 0.0489337890625 0.302884375
0 0.0483341796875 0.27201865234375 0.0499021484375 0.2666875 0.0499021484375 0.25759326171875 0.05899638671875 0.2572796875 0.06213232421875 0.26386513671875 0.06244599609375 0.25508447265625 0.06056435546875 0.25257578125 0.05586044921875 0.2419134765625 0.08471123046875 0.23281923828125 0.09380556640625 0.26072919921875 0.074676171875 0.2710779296875 0.0724810546875 0.2855033203125 0.05429248046875 0.291148046875 0.0483341796875 0.27201865234375
0 0.1164310546875 0.3568314453125 0.1157791015625 0.32749404296875 0.14511650390625 0.32423427734375 0.15033203125 0.33531728515625 0.148376171875 0.3542236328125 0.1164310546875 0.3568314453125
0 0.1761189453125 0.34928408203125 0.17450908203125 0.3332546875 0.194430859375 0.33121142578125 0.197495703125 0.334787109375 0.19725 0.347809765625 0.1761189453125 0.34928408203125
0 0.1985625 0.3221849609375 0.19964892578125 0.29992265625 0.21803828125 0.29941181640625 0.22161396484375 0.31933359375 0.23693837890625 0.31780107421875 0.23744921875 0.3346580078125 0.22212470703125 0.33721201171875 0.20888232421875 0.3347162109375 0.21060234375 0.32046494140625 0.1985625 0.3221849609375
0 0.20935439453125 0.28715224609375 0.20373544921875 0.264165625 0.203224609375 0.23504921875 0.23591669921875 0.2309626953125 0.238981640625 0.2437330078125 0.2476654296875 0.23964658203125 0.25226279296875 0.24577626953125 0.25492421875 0.2661951171875 0.238981640625 0.28051171875 0.229276171875 0.2600791015625 0.21752744140625 0.26110078125 0.22059228515625 0.28255498046875 0.20935439453125 0.28715224609375
0 0.1557189453125 0.2973685546875 0.15316484375 0.28868466796875 0.14141611328125 0.26110078125 0.15367568359375 0.2447546875 0.15316484375 0.24833037109375 0.1628703125 0.24935205078125 0.17257578125 0.246287109375 0.18177041015625 0.2779576171875 0.17257578125 0.28153330078125 0.1715541015625 0.29532529296875 0.1557189453125 0.2973685546875
0 0.2518181640625 0.27772900390625 0.27327236328125 0.2807939453125 0.2712291015625 0.31808330078125 0.28961845703125 0.31910498046875 0.299834765625 0.35281875 0.28553193359375 0.36099169921875 0.273783203125 0.32983203125 0.264077734375 0.32063740234375 0.25079658203125 0.3201265625 0.2518181640625 0.27772900390625
0 0.31053408203125 0.32965673828125 0.32432607421875 0.330167578125 0.32585849609375 0.2984970703125 0.34220458984375 0.29798623046875 0.34118291015625 0.33476484375 0.34220458984375 0.3551974609375 0.317174609375 0.352643359375 0.3166638671875 0.3388513671875 0.30593671875 0.339873046875 0.3054259765625 0.33221083984375 0.31053408203125 0.32965673828125
0 0.9296380859375 0.03492939453125 0.95146376953125 0.03492939453125 0.953252734375 0.0499568359375 0.93285830078125 0.05174580078125 0.9296380859375 0.03492939453125
0 0.522994921875 0.99733671875 0.52271455078125 0.9802357421875 0.5384138671875 0.97911435546875 0.5392548828125 0.99733671875 0.5238359375 0.99845810546875 0.522994921875 0.99733671875
0 0.54013310546875 0.9990125 0.54037626953125 0.9925708984375 0.551029296875 0.99144951171875 0.552269140625 0.9990125 0.54013310546875 0.9990125
0 0.21696650390625 0.99901083984375 0.21696650390625 0.9975322265625 0.205324609375 0.9968732421875 0.203128125 0.99226044921875 0.19653837890625 0.99094248046875 0.19719736328125 0.9784220703125 0.19763671875 0.97578623046875 0.2042263671875 0.975346875 0.2103767578125 0.97315029296875 0.21367158203125 0.97402890625 0.2145501953125 0.9702947265625 0.22179892578125 0.96831787109375 0.22904755859375 0.97183232421875 0.22794931640625 0.97754345703125 0.232562109375 0.9784220703125 0.23344072265625 0.9894048828125 0.22926728515625 0.9907228515625 0.23036552734375 0.997971484375 0.22994970703125 0.99901103515625 0.21696650390625 0.99901083984375
0 0.1572376953125 0.99121904296875 0.15657880859375 0.979796875 0.15020869140625 0.9800166015625 0.1524052734375 0.9670568359375 0.1838162109375 0.96617822265625 0.18579306640625 0.99495322265625 0.16822060546875 0.995392578125 0.1666830078125 0.99297626953125 0.1585556640625 0.992756640625 0.1572376953125 0.99121904296875
0 0.00258603515625 0.996383984375 0.00390390625 0.9684875 0.019499609375 0.96475341796875 0.02433203125 0.96716962890625 0.024095703125 0.994384765625 0.02630888671875 0.99396767578125 0.03114140625 0.99286943359375 0.03189775390625 0.99900791015625 0.0004310546875 0.9990072265625 -0.0 0.99660361328125 0.00236630859375 0.99660361328125 0.00258603515625 0.996383984375
0 -0.0 0.97143955078125 0.0015048828125 0.97143955078125 0.00225 0.9834435546875 0.000925390625 0.98369189453125 0.0015876953125 0.99503359375 -0.0 0.99511640625 -0.0 0.97143955078125
0 -0.0 0.8531677734375 0.00468935546875 0.85330263671875 0.00468935546875 0.8662482421875 0.00104833984375 0.86948466796875 -0.0 0.86948466796875 -0.0 0.8531677734375
0 0.0297353515625 0.89926806640625 0.00226162109375 0.90038935546875 -0.0 0.89407353515625 -0.0 0.8759162109375 0.006466796875 0.8743173828125 0.00898994140625 0.87235498046875 0.02496953125 0.87235498046875 0.03029599609375 0.87684052734375 0.0314173828125 0.89954833984375 0.0297353515625 0.89926806640625
0 0.05889111328125 0.8989876953125 0.05833046875 0.8717943359375 0.08608447265625 0.8709533203125 0.08608447265625 0.89562353515625 0.08159892578125 0.90263212890625 0.060853515625 0.90319287109375 0.05889111328125 0.8989876953125
0 0.3213013671875 0.72296591796875 0.3068724609375 0.72296591796875 0.30484970703125 0.71608857421875 0.29905107421875 0.71622333984375 0.3001298828125 0.68992763671875 0.31712099609375 0.6904669921875 0.32642568359375 0.6904669921875 0.32669541015625 0.69869287109375 0.32790908203125 0.69909736328125 0.3280439453125 0.70273837890625 0.33451669921875 0.70300810546875 0.33289853515625 0.72053857421875 0.3280439453125 0.72053857421875 0.3268302734375 0.71689765625 0.32197568359375 0.71716728515625 0.3213013671875 0.72296591796875
0 0.236933203125 0.7019275390625 0.23514423828125 0.66793671875 0.2512451171875 0.66614775390625 0.25410751953125 0.67616611328125 0.25339189453125 0.6836798828125 0.2852359375 0.6836798828125 0.28308916015625 0.7022853515625 0.236933203125 0.7019275390625
0 0.210015625 0.53163232421875 0.2096578125 0.51338466796875 0.23148349609375 0.51266904296875 0.2325568359375 0.53234794921875 0.210015625 0.53163232421875
0 0.19785048828125 0.50408193359375 0.19749267578125 0.48547646484375 0.2135935546875 0.48547646484375 0.2139513671875 0.50336630859375 0.19785048828125 0.50408193359375
0 0.0627646484375 0.47787314453125 0.04737939453125 0.47787314453125 0.04702158203125 0.46212998046875 0.0641958984375 0.46248779296875 0.0627646484375 0.47787314453125
0 0.100854296875 0.48006962890625 0.09997568359375 0.46248779296875 0.1015396484375 0.45782529296875 0.1015396484375 0.44673359375 0.11041142578125 0.44763310546875 0.11437744140625 0.45744013671875 0.11657392578125 0.48006474609375 0.100854296875 0.48006962890625
0 0.301269921875 0.5386708984375 0.300196484375 0.51684521484375 0.3059212890625 0.51684521484375 0.30949921875 0.524001171875 0.31021484375 0.5383130859375 0.301269921875 0.5386708984375
0 0.3125845703125 0.5386349609375 0.3120451171875 0.51409228515625 0.31541640625 0.5136876953125 0.31555126953125 0.51166494140625 0.31959677734375 0.51166494140625 0.3225634765625 0.5155755859375 0.32485595703125 0.5158453125 0.32458623046875 0.51422705078125 0.3347 0.51449677734375 0.3368576171875 0.523396875 0.33699248046875 0.540253125 0.313528515625 0.5398486328125 0.3125845703125 0.5386349609375
0 0.3381240234375 0.511058984375 0.330199609375 0.51285517578125 0.319897265625 0.5110162109375 0.319897265625 0.487512890625 0.33812880859375 0.488830859375 0.33856806640625 0.51079658203125 0.3381240234375 0.511058984375
0 0.12463564453125 0.1293421875 0.10746142578125 0.1254064453125 0.11068154296875 0.11145234375 0.127140234375 0.11467255859375 0.12463564453125 0.1293421875
0 0.22393466796875 0.16371357421875 0.22429248046875 0.1390255859375 0.25184287109375 0.1383099609375 0.25076953125 0.16442919921875 0.22894384765625 0.16514482421875 0.22393466796875 0.16371357421875
0 0.203898046875 0.12686044921875 0.20568701171875 0.113621875 0.221787890625 0.1139796875 0.220714453125 0.1290072265625 0.203898046875 0.12686044921875
0 0.281309375 0.13557919921875 0.27230341796875 0.13492021484375 0.27054619140625 0.130307421875 0.2591240234375 0.1296484375 0.25868466796875 0.112515234375 0.28284697265625 0.11339384765625 0.283505859375 0.13557919921875 0.281309375 0.13557919921875
0 0.4387748046875 0.3295681640625 0.4379142578125 0.2901556640625 0.461837109375 0.29067197265625 0.4625255859375 0.3096037109375 0.4552970703125 0.3083990234375 0.45495283203125 0.33042861328125 0.4387748046875 0.3295681640625
0 0.46045625 0.5127517578125 0.4402478515625 0.51538759765625 0.43453671875 0.5114337890625 0.4334384765625 0.49473984375 0.43914951171875 0.49320224609375 0.43980849609375 0.48793046875 0.43431708984375 0.48793046875 0.43299912109375 0.481780078125 0.44354267578125 0.47694765625 0.4450802734375 0.47475107421875 0.448814453125 0.4732134765625 0.45760068359375 0.4758494140625 0.46067587890625 0.51253203125 0.46045625 0.5127517578125
0 0.48037978515625 0.62461767578125 0.480819140625 0.6138544921875 0.49224130859375 0.61429384765625 0.4924609375 0.62527666015625 0.48037978515625 0.62461767578125
0 0.53432685546875 0.89839638671875 0.5205900390625 0.89923740234375 0.5186275390625 0.87737060546875 0.53124306640625 0.87596884765625 0.53320546875 0.896433984375 0.53432685546875 0.89839638671875
0 0.5472955078125 0.82278896484375 0.5458642578125 0.7777064453125 0.57019453125 0.77877978515625 0.57055234375 0.8256513671875 0.5498 0.8245779296875 0.5472955078125 0.82278896484375
0 0.51938720703125 0.79810087890625 0.51509365234375 0.77877978515625 0.53012119140625 0.772339453125 0.53513037109375 0.790944921875 0.51938720703125 0.79810087890625
0 0.56232294921875 0.771981640625 0.5369193359375 0.77055048828125 0.5362037109375 0.76124775390625 0.541212890625 0.75981650390625 0.54443310546875 0.73799091796875 0.560891796875 0.73655966796875 0.56232294921875 0.75230283203125 0.56232294921875 0.771981640625
0 0.67439345703125 0.79153203125 0.67551484375 0.7901302734375 0.68925166015625 0.79041064453125 0.6889712890625 0.78592509765625 0.699063671875 0.78508408203125 0.6999046875 0.8024654296875 0.6749541015625 0.8019046875 0.67439345703125 0.79153203125
0 0.65219150390625 0.99901201171875 0.652554296875 0.9899408203125 0.66200986328125 0.9895384765625 0.66080283203125 0.99416572265625 0.667441796875 0.99416572265625 0.667608984375 0.9990119140625 0.65219150390625 0.99901201171875
