0 0.04234931640625 0.4400943359375 0.04291787109375 0.444642578125 0.04587060546875 0.450154296875 0.04694306640625 0.450154296875 0.0493056640625 0.45069951171875 0.05730712890625 0.462050390625 0.04570068359375 0.46916396484375 0.02841376953125 0.4792322265625 0.02681640625 0.478984375 0.02683046875 0.47897177734375 0.01807265625 0.46621025390625 0.013679296875 0.46767470703125 0.01153740234375 0.464890234375 0.01683828125 0.4624806640625 0.013115234375 0.454384765625 0.02904697265625 0.445880078125 0.03057412109375 0.4409166015625 0.03890556640625 0.43628798828125 0.04234931640625 0.4400943359375
0 0.02964912109375 0.4864314453125 0.06073134765625 0.46716044921875 0.06974521484375 0.48207998046875 0.06539365234375 0.48518818359375 0.072542578125 0.4954453125 0.03648720703125 0.51564873046875 0.02716259765625 0.49886435546875 0.0343115234375 0.49420205078125 0.02964912109375 0.4864314453125
0 -0.0 0.4323484375 -0.0 0.4211587890625 0.0246759765625 0.40686103515625 0.03990625 0.43141591796875 0.01037822265625 0.45037607421875 -0.0 0.4323484375
0 -0.0 0.38821171875 0.01193232421875 0.408104296875 -0.0 0.41742900390625 -0.0 0.38821171875
0 0.04767685546875 0.5159595703125 0.07969150390625 0.4960669921875 0.0952326171875 0.52093271484375 0.0625962890625 0.54300107421875 0.0467443359375 0.51782451171875 0.04767685546875 0.5159595703125
0 0.06725859375 0.5464201171875 0.07658330078125 0.5464201171875 0.07565078125 0.54082529296875 0.0837322265625 0.538649609375 0.08870537109375 0.53118984375 0.08963779296875 0.5296357421875 0.0905703125 0.53118984375 0.09274599609375 0.53554130859375 0.102070703125 0.53118984375 0.10642216796875 0.53833876953125 0.10113828125 0.54144697265625 0.108287109375 0.55574482421875 0.09088115234375 0.56724521484375 0.08124560546875 0.57252919921875 0.06725859375 0.547041796875 0.06725859375 0.5464201171875
0 0.076894140625 0.57936728515625 0.11605771484375 0.55605556640625 0.12631484375 0.5715966796875 0.1241390625 0.57408330078125 0.129423046875 0.58247548828125 0.10175986328125 0.600503125 0.09678671875 0.591178515625 0.08963779296875 0.595219140625 0.0877728515625 0.597394921875 0.0778265625 0.579678125 0.076894140625 0.57936728515625
0 0.10393564453125 0.60516552734375 0.1340853515625 0.5852728515625 0.14278837890625 0.59988154296875 0.13501787109375 0.605787109375 0.137815234375 0.61231435546875 0.14278837890625 0.610138671875 0.14651826171875 0.6169767578125 0.11170615234375 0.635315234375 0.10517890625 0.62443642578125 0.11294951171875 0.61915244140625 0.10393564453125 0.60516552734375
0 0.11362626953125 0.64093173828125 0.15388876953125 0.61688876953125 0.16743681640625 0.64226748046875 0.12851005859375 0.6661197265625 0.11381708984375 0.64150419921875 0.11362626953125 0.64093173828125
0 0.14110400390625 0.6665013671875 0.17163486328125 0.6476103515625 0.1804125 0.6619216796875 0.1786951171875 0.66440234375 0.18136650390625 0.6676462890625 0.18327470703125 0.6665013671875 0.18785439453125 0.67413408203125 0.15675107421875 0.693025 0.14072236328125 0.6666921875 0.14110400390625 0.6665013671875
0 0.1562408203125 0.71171435546875 0.1898095703125 0.6908892578125 0.197580078125 0.7023896484375 0.20379658203125 0.6983490234375 0.21218876953125 0.711403515625 0.17271435546875 0.73844501953125 0.1562408203125 0.71171435546875
0 0.18483642578125 0.73626923828125 0.21622939453125 0.717619921875 0.224932421875 0.73222861328125 0.2202701171875 0.73626923828125 0.22524326171875 0.74403984375 0.2003775390625 0.76206748046875 0.18483642578125 0.73626923828125
0 0.204107421875 0.763 0.23270302734375 0.74683720703125 0.23674365234375 0.75678349609375 0.2451359375 0.7729462890625 0.21374287109375 0.7950146484375 0.2044181640625 0.77698701171875 0.20939130859375 0.77325712890625 0.2044181640625 0.76331083984375 0.204107421875 0.763
0 0.21529697265625 0.79998779296875 0.25135234375 0.77791943359375 0.2612986328125 0.791284765625 0.24948740234375 0.801852734375 0.2497982421875 0.8043392578125 0.24731162109375 0.8086908203125 0.25010908203125 0.812420703125 0.229283984375 0.82423193359375 0.21529697265625 0.79998779296875
0 0.24109521484375 0.8338673828125 0.2361220703125 0.82671845703125 0.26533935546875 0.8086908203125 0.274353125 0.82640771484375 0.27310986328125 0.8285833984375 0.27621806640625 0.8369755859375 0.2451359375 0.85624658203125 0.23456796875 0.83790810546875 0.24109521484375 0.8338673828125
0 0.27839384765625 0.84194873046875 0.27839384765625 0.84257041015625 0.31165185546875 0.8475435546875 0.30947607421875 0.88515302734375 0.2740423828125 0.8808015625 0.2718666015625 0.87738251953125 0.27839384765625 0.84194873046875
0 0.31724658203125 0.852205859375 0.33123359375 0.845989453125 0.33092275390625 0.83884052734375 0.3424232421875 0.8329349609375 0.3623158203125 0.8708552734375 0.35516689453125 0.87520673828125 0.357653515625 0.879558203125 0.35578857421875 0.8808015625 0.35268037109375 0.881733984375 0.34988291015625 0.87645 0.33216611328125 0.8845314453125 0.31724658203125 0.852205859375
0 0.23974130859375 0.861332421875 0.246074609375 0.85784453125 0.25222431640625 0.86729853515625 0.24579921875 0.8712453125 0.23974130859375 0.861332421875
0 0.35631845703125 0.81353046875 0.36004833984375 0.80016513671875 0.383981640625 0.80855732421875 0.38273828125 0.8113546875 0.39113046875 0.81477373046875 0.383981640625 0.8424369140625 0.34699375 0.82844990234375 0.34948037109375 0.81632783203125 0.3507236328125 0.81259794921875 0.35631845703125 0.81353046875
0 0.3569400390625 0.79798935546875 0.3560076171875 0.797678515625 0.34885869140625 0.7802724609375 0.352277734375 0.7793400390625 0.34792626953125 0.76162314453125 0.38460322265625 0.74950107421875 0.3895763671875 0.76473134765625 0.3824275390625 0.766285546875 0.390198046875 0.7867998046875 0.3569400390625 0.79798935546875
0 0.3212224609375 0.73634111328125 0.34962958984375 0.7197455078125 0.365328125 0.7439662109375 0.33183779296875 0.76400068359375 0.31793330078125 0.7385837890625 0.3212224609375 0.73634111328125
0 0.32849697265625 0.708780078125 0.32228056640625 0.71313154296875 0.33005107421875 0.72680771484375 0.2977255859375 0.7451462890625 0.28939453125 0.73197265625 0.29995576171875 0.72678564453125 0.29778916015625 0.7228857421875 0.292294921875 0.726865234375 0.285603515625 0.7140640625 0.285603515625 0.7125099609375 0.320415625 0.69479306640625 0.32849697265625 0.708780078125
0 0.27767353515625 0.71484892578125 0.27729189453125 0.71465810546875 0.271758203125 0.70225498046875 0.27729189453125 0.69996513671875 0.2700408203125 0.68698955078125 0.29694609375 0.67000673828125 0.30973095703125 0.68832529296875 0.31240234375 0.694622265625 0.27767353515625 0.71484892578125
0 0.26164482421875 0.68546298828125 0.26164482421875 0.68584462890625 0.24752431640625 0.65817607421875 0.27519287109375 0.64176572265625 0.27958173828125 0.651306640625 0.28950419921875 0.64462802734375 0.3001900390625 0.6618015625 0.26164482421875 0.68546298828125
0 0.4201716796875 0.70515283203125 0.44574130859375 0.7219447265625 0.42417890625 0.7559103515625 0.40108994140625 0.738355078125 0.4201716796875 0.70515283203125
0 0.404524609375 0.67175966796875 0.41597373046875 0.68721591796875 0.41120322265625 0.69026904296875 0.41807265625 0.70171806640625 0.39536533203125 0.72003662109375 0.373612109375 0.69828330078125 0.404524609375 0.67175966796875
0 0.4528015625 0.71889169921875 0.46921181640625 0.71755595703125 0.47150166015625 0.71602939453125 0.47245576171875 0.71602939453125 0.47550888671875 0.71679267578125 0.477226171875 0.71812841796875 0.4774169921875 0.71831923828125 0.478752734375 0.7204181640625 0.47989765625 0.7238529296875 0.4831416015625 0.7249978515625 0.48295078125 0.72957744140625 0.4816150390625 0.73014990234375 0.48504970703125 0.74885009765625 0.47131083984375 0.75113984375 0.47188330078125 0.7517123046875 0.47131083984375 0.75266640625 0.45699951171875 0.7551470703125 0.4528015625 0.71889169921875
0 0.4974529296875 0.70267216796875 0.50470400390625 0.69026904296875 0.53447158203125 0.71240390625 0.527411328125 0.7230896484375 0.52626640625 0.72480703125 0.53065517578125 0.72843251953125 0.525121484375 0.7412173828125 0.524358203125 0.74274384765625 0.48295078125 0.7118314453125 0.49058349609375 0.69942822265625 0.49688046875 0.70362626953125 0.4974529296875 0.70267216796875
0 0.508138671875 0.68397197265625 0.50699375 0.68378115234375 0.5060396484375 0.67500361328125 0.50203251953125 0.67214130859375 0.50107841796875 0.67004228515625 0.50031513671875 0.6685158203125 0.4982162109375 0.66450859375 0.497262109375 0.65477685546875 0.53141845703125 0.649815625 0.53180009765625 0.651723828125 0.53428076171875 0.66031064453125 0.540577734375 0.66050146484375 0.54458486328125 0.6792015625 0.508138671875 0.68397197265625
0 0.47589052734375 0.62787158203125 0.50165087890625 0.6036376953125 0.5222591796875 0.62615419921875 0.49382734375 0.6522962890625 0.47283740234375 0.63092470703125 0.47589052734375 0.62787158203125
0 0.4371544921875 0.6082173828125 0.4665404296875 0.59028046875 0.4823783203125 0.61298779296875 0.45604541015625 0.63111552734375 0.4484126953125 0.6210021484375 0.44497802734375 0.6225287109375 0.4371544921875 0.6082173828125
0 0.42513291015625 0.57635078125 0.450130078125 0.5584138671875 0.4661587890625 0.58531923828125 0.4325748046875 0.606118359375 0.4243697265625 0.590662109375 0.43047587890625 0.58722744140625 0.42513291015625 0.57635078125
0 0.35018984375 0.66234609375 0.38672041015625 0.6370181640625 0.3974361328125 0.65284814453125 0.389155859375 0.65771884765625 0.39841025390625 0.667216796875 0.3725953125 0.68816103515625 0.36285380859375 0.67306171875 0.35773955078125 0.675740625 0.3504333984375 0.6647814453125 0.35018984375 0.66234609375
0 0.3509205078125 0.69327529296875 0.35676533203125 0.68913515625 0.36309736328125 0.697658984375 0.3582265625 0.7022861328125 0.3509205078125 0.69327529296875
0 0.33825654296875 0.64700322265625 0.3455626953125 0.64359365234375 0.33509052734375 0.62435419921875 0.35554765625 0.61217734375 0.36212314453125 0.6241107421875 0.37430009765625 0.643106640625 0.345319140625 0.66234609375 0.33825654296875 0.64700322265625
0 0.47629873046875 0.495442578125 0.49041923828125 0.49944970703125 0.49289990234375 0.48971806640625 0.50816533203125 0.4950609375 0.49652548828125 0.5381857421875 0.4684751953125 0.5273091796875 0.4673302734375 0.5229203125 0.47629873046875 0.495442578125
0 0.51999599609375 0.49830478515625 0.532780859375 0.5057466796875 0.530491015625 0.509372265625 0.543657421875 0.51547841796875 0.52781953125 0.54371943359375 0.50415810546875 0.52788154296875 0.51999599609375 0.49830478515625
0 0.5310634765625 0.55154296875 0.545565625 0.539903125 0.55052685546875 0.54391025390625 0.55052685546875 0.54753583984375 0.55224423828125 0.54524599609375 0.5558697265625 0.54906240234375 0.561403515625 0.54410107421875 0.57418828125 0.5566951171875 0.54995439453125 0.57844833984375 0.5303001953125 0.552687890625 0.5310634765625 0.55154296875
0 0.57800458984375 0.56356455078125 0.592316015625 0.57405947265625 0.5905986328125 0.5818830078125 0.59765888671875 0.5864626953125 0.5873546875 0.6108873046875 0.585446484375 0.6101240234375 0.58124853515625 0.60764345703125 0.58124853515625 0.6126046875 0.5627392578125 0.60420869140625 0.561021875 0.598675 0.57800458984375 0.56356455078125
0 0.60929873046875 0.57692177734375 0.62437333984375 0.57654013671875 0.62456416015625 0.579783984375 0.64345517578125 0.5799748046875 0.646508203125 0.611459765625 0.61292431640625 0.6131771484375 0.60929873046875 0.57692177734375
0 0.65872060546875 0.54352861328125 0.6806646484375 0.55306953125 0.67188701171875 0.5815013671875 0.64192861328125 0.5660451171875 0.64536328125 0.5568859375 0.65185107421875 0.54848994140625 0.65490419921875 0.5507796875 0.65872060546875 0.54352861328125
0 0.6470806640625 0.5059375 0.68333603515625 0.4979232421875 0.68810654296875 0.496969140625 0.6903962890625 0.506319140625 0.68524423828125 0.5084181640625 0.68696162109375 0.51757744140625 0.69020546875 0.51662333984375 0.6924953125 0.5257826171875 0.65585830078125 0.5370408203125 0.6470806640625 0.5059375
0 0.7062341796875 0.50460185546875 0.71214951171875 0.50231201171875 0.71711083984375 0.5087998046875 0.706043359375 0.512425390625 0.7062341796875 0.50460185546875
0 0.6330052734375 0.49375966796875 0.632108203125 0.49226455078125 0.6365935546875 0.4861345703125 0.628519921875 0.47925712890625 0.6490029296875 0.45757802734375 0.6513951171875 0.459820703125 0.6567775390625 0.45264423828125 0.66828984375 0.46400703125 0.66485107421875 0.46909033203125 0.670083984375 0.47507080078125 0.64317197265625 0.50287978515625 0.6330052734375 0.49375966796875
0 0.586507421875 0.4666982421875 0.614914453125 0.4353009765625 0.6271744140625 0.4465142578125 0.6235861328125 0.4524947265625 0.629716015625 0.4595216796875 0.60624287109375 0.48837724609375 0.59502958984375 0.4761173828125 0.58546083984375 0.468641796875 0.586507421875 0.4666982421875
0 0.57454658203125 0.41466845703125 0.57454658203125 0.41436943359375 0.58710546875 0.4228916015625 0.5821716796875 0.43201171875 0.5939830078125 0.438440625 0.57813486328125 0.46595068359375 0.565875 0.4577275390625 0.56781865234375 0.45279375 0.55795087890625 0.4465142578125 0.57454658203125 0.41466845703125
0 0.56303427734375 0.40898701171875 0.5501763671875 0.45174716796875 0.53507578125 0.44636474609375 0.5353748046875 0.4417298828125 0.527301171875 0.44068330078125 0.5281982421875 0.43948720703125 0.5238625 0.43694560546875 0.53133798828125 0.40584736328125 0.536869921875 0.40853857421875 0.5386640625 0.40315615234375 0.54554150390625 0.405996875 0.54823271484375 0.4012125 0.56303427734375 0.40898701171875
0 0.51354619140625 0.39926884765625 0.52072275390625 0.40016591796875 0.51623740234375 0.4399357421875 0.50203388671875 0.43694560546875 0.50233291015625 0.42767587890625 0.4891759765625 0.42618076171875 0.4873818359375 0.42618076171875 0.48992353515625 0.3991193359375 0.49022255859375 0.3979232421875 0.49201669921875 0.39837177734375 0.49351181640625 0.38835458984375 0.51414423828125 0.39134482421875 0.51354619140625 0.39926884765625
0 0.403655859375 0.40928603515625 0.43624921875 0.40794052734375 0.43609970703125 0.4393376953125 0.4027587890625 0.43754365234375 0.403655859375 0.40928603515625
0 0.38825625 0.4429259765625 0.43161435546875 0.45727900390625 0.42234462890625 0.48643359375 0.3909474609375 0.47507080078125 0.39483466796875 0.4649041015625 0.382873828125 0.45787705078125 0.387658203125 0.4435240234375 0.38825625 0.4429259765625
0 0.382475390625 0.4820736328125 0.41720419921875 0.50497177734375 0.4101439453125 0.5168025390625 0.40556435546875 0.5114595703125 0.40441943359375 0.514321875 0.4070908203125 0.516993359375 0.40022138671875 0.5265341796875 0.3656833984375 0.5028728515625 0.3819029296875 0.4816919921875 0.382475390625 0.4820736328125
0 0.36129462890625 0.50707080078125 0.38686416015625 0.5427537109375 0.37503349609375 0.55210380859375 0.3672099609375 0.5454251953125 0.35976806640625 0.55038642578125 0.34297607421875 0.52367197265625 0.34278525390625 0.52214541015625 0.36129462890625 0.50707080078125
0 0.309010546875 0.545234375 0.3332443359375 0.53550263671875 0.34450263671875 0.5561109375 0.3341984375 0.56259873046875 0.3332443359375 0.56355283203125 0.335343359375 0.5694681640625 0.3196962890625 0.5748111328125 0.309010546875 0.545234375
0 0.27256435546875 0.54809658203125 0.29737060546875 0.5400822265625 0.307865625 0.57843662109375 0.2929818359375 0.58244384765625 0.2906919921875 0.575765234375 0.2809603515625 0.57919990234375 0.27256435546875 0.54809658203125
0 0.2345916015625 0.56278955078125 0.26226015625 0.554966015625 0.27180107421875 0.5898857421875 0.2605427734375 0.59332041015625 0.25806220703125 0.58931328125 0.25329169921875 0.59179384765625 0.25291005859375 0.5906490234375 0.2445140625 0.59408369140625 0.2342099609375 0.56278955078125 0.2345916015625 0.56278955078125
0 0.19776376953125 0.5746203125 0.22047109375 0.56278955078125 0.23974365234375 0.601334765625 0.22600478515625 0.60896748046875 0.2210435546875 0.599808203125 0.21150263671875 0.6053419921875 0.19776376953125 0.5746203125
0 0.25519990234375 0.4734869140625 0.27771640625 0.46470927734375 0.2952716796875 0.50268203125 0.27103779296875 0.512413671875 0.25329169921875 0.47444091796875 0.25519990234375 0.4734869140625
0 0.18421572265625 0.4990564453125 0.19833623046875 0.49104208984375 0.201580078125 0.498483984375 0.20959443359375 0.49390439453125 0.22772216796875 0.52462607421875 0.2055873046875 0.53798330078125 0.18421572265625 0.4990564453125
0 0.292409375 0.46432763671875 0.3048125 0.4570765625 0.3099646484375 0.46337353515625 0.3187421875 0.4568857421875 0.34040703125 0.48600390625 0.31361796875 0.5018337890625 0.29267373046875 0.46554677734375 0.292409375 0.46432763671875
0 0.31994990234375 0.4173263671875 0.35258388671875 0.42195361328125 0.34941787109375 0.453369921875 0.321167578125 0.4467943359375 0.321167578125 0.43778349609375 0.3192193359375 0.43729638671875 0.31994990234375 0.4173263671875
0 0.15854541015625 0.519418359375 0.16541484375 0.51579287109375 0.161980078125 0.51044990234375 0.1768638671875 0.502435546875 0.1946099609375 0.5350654296875 0.1825884765625 0.54307978515625 0.18525986328125 0.54594208984375 0.1768638671875 0.551094140625 0.17495576171875 0.54689609375 0.17171181640625 0.5478501953125 0.15701884765625 0.520181640625 0.15854541015625 0.519418359375
0 0.1238166015625 0.4167583984375 0.1478595703125 0.45549443359375 0.13011357421875 0.46789755859375 0.12629716796875 0.461409765625 0.12057265625 0.46579853515625 0.103971484375 0.43698505859375 0.11351240234375 0.4322146484375 0.1095052734375 0.42439111328125 0.1238166015625 0.4167583984375
0 0.136410546875 0.4156134765625 0.1478595703125 0.41007978515625 0.1470962890625 0.405691015625 0.15530146484375 0.4009205078125 0.17610068359375 0.43793916015625 0.163506640625 0.44633515625 0.15911787109375 0.44022900390625 0.1505310546875 0.445953515625 0.13450234375 0.4161859375 0.136410546875 0.4156134765625
0 0.20720390625 0.42305537109375 0.1955640625 0.430115625 0.1925109375 0.42477275390625 0.19060283203125 0.42610849609375 0.1925109375 0.4291615234375 0.19060283203125 0.429733984375 0.182779296875 0.433550390625 0.1686587890625 0.4047369140625 0.1934650390625 0.39328779296875 0.20720390625 0.42305537109375
0 0.208348828125 0.3745876953125 0.20567744140625 0.36771826171875 0.2131193359375 0.36504677734375 0.21617236328125 0.3707712890625 0.2213244140625 0.36886318359375 0.237734765625 0.4037828125 0.22895712890625 0.40798076171875 0.21426416015625 0.4152318359375 0.206822265625 0.4013021484375 0.197472265625 0.37821318359375 0.2066314453125 0.374778515625 0.208348828125 0.3745876953125
0 0.23029287109375 0.35054462890625 0.2564349609375 0.345392578125 0.2665482421875 0.38145712890625 0.239261328125 0.3881357421875 0.23029287109375 0.35054462890625
0 0.28295859375 0.3324169921875 0.2947892578125 0.33737822265625 0.29307197265625 0.3463466796875 0.31158125 0.35264365234375 0.3008955078125 0.384891796875 0.28849228515625 0.38222041015625 0.29020966796875 0.37725908203125 0.268265625 0.36771826171875 0.28295859375 0.3324169921875
0 0.30719248046875 0.3847009765625 0.33333447265625 0.36771826171875 0.34936318359375 0.39405107421875 0.32035888671875 0.41179716796875 0.30719248046875 0.3847009765625
0 0.3898166015625 0.4047369140625 0.3856185546875 0.3913796875 0.39248798828125 0.3883265625 0.3882900390625 0.3719162109375 0.42301884765625 0.36199375 0.4293158203125 0.3761142578125 0.4180576171875 0.38069384765625 0.41901171875 0.38603671875 0.42664443359375 0.3858458984375 0.4300791015625 0.3915705078125 0.3898166015625 0.4047369140625
0 0.39725849609375 0.31963212890625 0.4142412109375 0.3463466796875 0.3894349609375 0.36485595703125 0.370734765625 0.33966806640625 0.39725849609375 0.31963212890625
0 0.39038896484375 0.3150525390625 0.36233876953125 0.34004970703125 0.3423029296875 0.31829638671875 0.370353125 0.29120029296875 0.38180224609375 0.30493916015625 0.37951240234375 0.30799228515625 0.38161142578125 0.31028212890625 0.3842828125 0.30856474609375 0.39038896484375 0.3150525390625
0 0.36176630859375 0.29253603515625 0.33467021484375 0.31638828125 0.31692412109375 0.29482587890625 0.34726416015625 0.26543994140625 0.35871328125 0.27822470703125 0.353751953125 0.283567578125 0.36176630859375 0.29253603515625
0 0.30814658203125 0.21849873046875 0.3306630859375 0.2558990234375 0.311199609375 0.270401171875 0.28811064453125 0.23376416015625 0.3001322265625 0.227085546875 0.2982240234375 0.22365078125 0.30814658203125 0.21849873046875
0 0.26311357421875 0.24960205078125 0.26158701171875 0.24578564453125 0.27456259765625 0.2373896484375 0.29097294921875 0.26410419921875 0.2667390625 0.27936962890625 0.253954296875 0.254944921875 0.26311357421875 0.24960205078125
0 0.24288681640625 0.257998046875 0.2657849609375 0.29368095703125 0.24288681640625 0.30799228515625 0.2217060546875 0.2728818359375 0.23162861328125 0.267348046875 0.23048369140625 0.26505830078125 0.24288681640625 0.257998046875
0 0.21350087890625 0.28070537109375 0.2274306640625 0.3030310546875 0.20396005859375 0.31848720703125 0.18793134765625 0.29024619140625 0.20033447265625 0.2818501953125 0.20357841796875 0.2864298828125 0.21350087890625 0.28070537109375
0 0.14995859375 0.31810556640625 0.16388828125 0.342339453125 0.14003603515625 0.3560783203125 0.13011357421875 0.33470673828125 0.139463671875 0.3289822265625 0.1381279296875 0.32535673828125 0.14995859375 0.31810556640625
0 0.1182828125 0.33756904296875 0.1381279296875 0.36905400390625 0.11599306640625 0.38451015625 0.09614794921875 0.35340693359375 0.1087419921875 0.346919140625 0.10969609375 0.3465375 0.1079787109375 0.343102734375 0.1182828125 0.33756904296875
0 0.08584384765625 0.357795703125 0.09901025390625 0.37916728515625 0.0740130859375 0.39424189453125 0.062182421875 0.3728703125 0.075348828125 0.36600087890625 0.0743947265625 0.36447431640625 0.08584384765625 0.357795703125
0 -0.0 0.30703818359375 0.0148595703125 0.32421181640625 -0.0 0.33566083984375 -0.0 0.30703818359375
0 0.0055095703125 0.28871962890625 0.02859853515625 0.27517158203125 0.0461537109375 0.30608408203125 0.02287392578125 0.31925048828125 0.0055095703125 0.28871962890625
0 0.05359560546875 0.3007412109375 0.03871181640625 0.27421748046875 0.06027421875 0.26066943359375 0.08069169921875 0.29406259765625 0.06714365234375 0.3026494140625 0.0631365234375 0.29539833984375 0.05359560546875 0.3007412109375
0 0.1077765625 0.27330517578125 0.097161328125 0.280481640625 0.09417109375 0.2771923828125 0.0829578125 0.28421943359375 0.0697560546875 0.2600107421875 0.07712890625 0.25550166015625 0.07460693359375 0.24998359375 0.088918359375 0.2412060546875 0.1077765625 0.27330517578125
0 0.1557248046875 0.20783154296875 0.17202138671875 0.2339958984375 0.1503423828125 0.2481994140625 0.13479326171875 0.22293212890625 0.1557248046875 0.20783154296875
0 0.20222255859375 0.2162041015625 0.18951416015625 0.22487578125 0.1847298828125 0.218297265625 0.176058203125 0.22412822265625 0.16050908203125 0.19945888671875 0.18159013671875 0.18495634765625 0.20222255859375 0.2162041015625
0 0.2083525390625 0.1623802734375 0.22943359375 0.19362802734375 0.2189677734375 0.20035595703125 0.2219580078125 0.20514033203125 0.20880107421875 0.21291484375 0.18547744140625 0.17553720703125 0.2083525390625 0.1623802734375
0 0.21822021484375 0.15714736328125 0.22838701171875 0.1511669921875 0.2319751953125 0.15610078125 0.24288955078125 0.150269921875 0.2609802734375 0.18032158203125 0.23810517578125 0.1937775390625 0.21822021484375 0.15714736328125
0 0.2515611328125 0.14593408203125 0.27383828125 0.1315810546875 0.28699521484375 0.15355908203125 0.2769779296875 0.1593900390625 0.27563232421875 0.16252978515625 0.272044140625 0.16312783203125 0.26412001953125 0.16776259765625 0.2515611328125 0.14593408203125
0 0.295666796875 0.1191716796875 0.322877734375 0.12141435546875 0.3213826171875 0.14832626953125 0.30762763671875 0.14713017578125 0.30762763671875 0.14982138671875 0.2926765625 0.14892431640625 0.295666796875 0.1191716796875
0 0.358461328125 0.12275986328125 0.37735087890625 0.142387109375 0.35053720703125 0.1720984375 0.336483203125 0.1596890625 0.34123173828125 0.15388515625 0.3347439453125 0.14682490234375 0.358461328125 0.12275986328125
0 0.37863203125 0.155793359375 0.39885869140625 0.17735576171875 0.36890029296875 0.20521513671875 0.350009375 0.18479765625 0.37863203125 0.155793359375
0 0.3942791015625 0.18804150390625 0.41317001953125 0.2101763671875 0.390653515625 0.23116640625 0.38015859375 0.2164734375 0.38321162109375 0.2143744140625 0.37710546875 0.20445185546875 0.3942791015625 0.18804150390625
0 0.4240466796875 0.20864990234375 0.44331923828125 0.229258203125 0.41355166015625 0.2576900390625 0.4043923828125 0.2460501953125 0.409926171875 0.2399439453125 0.40133935546875 0.2283041015625 0.4240466796875 0.20864990234375
0 0.450188671875 0.2302123046875 0.46984287109375 0.2534919921875 0.4379763671875 0.284213671875 0.42748134765625 0.2693298828125 0.437785546875 0.259407421875 0.43015283203125 0.24814912109375 0.450188671875 0.2302123046875
0 0.482627734375 0.2546369140625 0.4933134765625 0.26589521484375 0.4828185546875 0.27371875 0.49121455078125 0.28535859375 0.46068369140625 0.30997412109375 0.44274677734375 0.2851677734375 0.482627734375 0.2546369140625
0 0.4959849609375 0.29375458984375 0.51315859375 0.32314052734375 0.481101171875 0.33821513671875 0.476521484375 0.3273384765625 0.47079697265625 0.3296283203125 0.4645 0.3156986328125 0.4959849609375 0.29375458984375
0 0.5219361328125 0.332872265625 0.52556171875 0.35080908203125 0.53281279296875 0.34966416015625 0.5362474609375 0.36111328125 0.48720732421875 0.3752337890625 0.4828185546875 0.3593958984375 0.48720732421875 0.3586326171875 0.48453583984375 0.3477560546875 0.48835224609375 0.3458478515625 0.48816142578125 0.34184072265625 0.5219361328125 0.332872265625
0 0.198399609375 0.0285453125 0.244915234375 0.0283017578125 0.2451587890625 0.05801328125 0.19352890625 0.05703916015625 0.19401591796875 0.04315751953125 0.1979125 0.04291396484375 0.198399609375 0.0285453125
0 0.1772119140625 0.0748173828125 0.17477646484375 0.07067724609375 0.18914521484375 0.06166630859375 0.20521865234375 0.08845546875 0.18305673828125 0.10331123046875 0.16771396484375 0.0806623046875 0.1772119140625 0.0748173828125
0 0.15237109375 0.07920107421875 0.15943369140625 0.0877248046875 0.1633302734375 0.085289453125 0.1772119140625 0.10525947265625 0.15115341796875 0.1213330078125 0.1353234375 0.08918603515625 0.15237109375 0.07920107421875
0 0.1253384765625 0.0935697265625 0.14579560546875 0.12449892578125 0.12314658203125 0.14130302734375 0.10707314453125 0.114757421875 0.11267451171875 0.110373828125 0.11486630859375 0.10525947265625 0.11876298828125 0.10574658203125 0.11535341796875 0.10087587890625 0.1253384765625 0.0935697265625
0 0.07492626953125 0.12790849609375 0.0895384765625 0.11962822265625 0.094652734375 0.129126171875 0.10439423828125 0.12279423828125 0.1194935546875 0.1508009765625 0.09513984375 0.1646826171875 0.07492626953125 0.12790849609375
0 -0.0 0.171840625 0.0036763671875 0.16954599609375 0.02395634765625 0.2029755859375 -0.0 0.2169052734375 -0.0 0.171840625
0 0.00869091796875 0.16500283203125 0.00850009765625 0.16462119140625 0.02204814453125 0.156416015625 0.02491044921875 0.1611865234375 0.03712275390625 0.154889453125 0.05410556640625 0.18293974609375 0.02929921875 0.19935 0.00869091796875 0.16500283203125
0 0.0886435546875 0.02169873046875 0.09799365234375 0.03601005859375 0.09379560546875 0.0386814453125 0.10028349609375 0.04898564453125 0.07013427734375 0.0715021484375 0.062883203125 0.05909892578125 0.06956181640625 0.0545193359375 0.061356640625 0.04078046875 0.0886435546875 0.02169873046875
0 0.6294634765625 0.4269486328125 0.6348212890625 0.4215908203125 0.64188388671875 0.427679296875 0.6370130859375 0.4349853515625 0.6294634765625 0.4269486328125
0 0.3603927734375 0.395131640625 0.3670701171875 0.3924373046875 0.36871015625 0.39864599609375 0.36179853515625 0.40145751953125 0.36004140625 0.3957173828125 0.3603927734375 0.395131640625
0 0.07803876953125 0.0191166015625 0.04197421875 0.04182392578125 0.02728125 0.01663603515625 0.03533310546875 0.01272197265625 0.06306318359375 0.01327763671875 0.06410908203125 0.01453701171875 0.066790234375 0.01335234375 0.07411962890625 0.01349921875 0.07803876953125 0.0191166015625
0 0.205162109375 0.073982421875 0.21174052734375 0.07039423828125 0.2190666015625 0.08250458984375 0.21203955078125 0.08698994140625 0.2045640625 0.07443095703125 0.205162109375 0.073982421875
0 0.1952197265625 0.14938896484375 0.2021037109375 0.14553388671875 0.20706015625 0.15443720703125 0.1984322265625 0.15921015625 0.19393466796875 0.1502150390625 0.1952197265625 0.14938896484375
0 0.7324009765625 0.7317439453125 0.74750029296875 0.75755888671875 0.67833564453125 0.7965248046875 0.6644541015625 0.77217109375 0.73264453125 0.73247451171875 0.7324009765625 0.7317439453125
0 0.7588322265625 0.7134169921875 0.77054677734375 0.7058025390625 0.78565859375 0.72946591796875 0.76738388671875 0.74153193359375 0.7642208984375 0.735791796875 0.76949248046875 0.7318087890625 0.758480859375 0.713885546875 0.7588322265625 0.7134169921875
0 0.76652607421875 0.74202724609375 0.75956279296875 0.74684208984375 0.7455224609375 0.7263556640625 0.7531369140625 0.721552734375 0.76652607421875 0.74202724609375
0 0.8290837890625 0.80292919921875 0.84361123046875 0.83979521484375 0.79520419921875 0.85701220703125 0.7809064453125 0.82126767578125 0.8281513671875 0.80292919921875 0.8290837890625 0.80292919921875
0 0.843044921875 0.8409212890625 0.850052734375 0.837269921875 0.85980869140625 0.8572525390625 0.85098984375 0.86181376953125 0.843044921875 0.8409212890625
0 0.59695908203125 0.9671720703125 0.61024638671875 0.9607080078125 0.61401708984375 0.96914716796875 0.60019111328125 0.97668857421875 0.59642041015625 0.96753115234375 0.59695908203125 0.9671720703125
0 0.796691796875 0.85740302734375 0.805766015625 0.854408203125 0.80607353515625 0.86236962890625 0.79761337890625 0.86547333984375 0.79655927734375 0.85734921875 0.796691796875 0.85740302734375
