0 0.10744169921875 0.0337677734375 0.1210716796875 0.03526474609375 0.11920390625 0.0480544921875 0.1189767578125 0.059596875 0.1045607421875 0.0589490234375 0.103975 0.0457115234375 0.10744169921875 0.0337677734375
0 0.0856626953125 0.2159392578125 0.0972060546875 0.21663056640625 0.098328515625 0.20879443359375 0.12896455078125 0.2108990234375 0.1285001953125 0.2183478515625 0.1269736328125 0.23170517578125 0.12220322265625 0.23132353515625 0.1216544921875 0.23614150390625 0.1143796875 0.2357123046875 0.1141888671875 0.2387654296875 0.0937712890625 0.23666640625 0.0946541015625 0.2320384765625 0.0837544921875 0.23086982421875 0.0856626953125 0.2159392578125
0 0.088638671875 0.24737509765625 0.09644052734375 0.24719150390625 0.0964615234375 0.2515537109375 0.09812509765625 0.251484765625 0.09829716796875 0.25586767578125 0.0886595703125 0.2563265625 0.0886595703125 0.25403193359375 0.087558203125 0.25403193359375 0.087558203125 0.2512783203125 0.0887513671875 0.2511865234375 0.088638671875 0.24737509765625
0 0.09672060546875 0.28807890625 0.105982421875 0.28761884765625 0.116947265625 0.2890330078125 0.1186 0.29180537109375 0.11529150390625 0.33954541015625 0.11236767578125 0.3415078125 0.09116318359375 0.3393138671875 0.09672060546875 0.28807890625
0 0.0090029296875 0.400341015625 0.02598564453125 0.40186748046875 0.02426826171875 0.41999521484375 0.0070947265625 0.41808701171875 0.0090029296875 0.400341015625
0 0.0305919921875 0.4271025390625 0.04504052734375 0.4298326171875 0.04752705078125 0.41491318359375 0.05964912109375 0.4173998046875 0.057107421875 0.43085576171875 0.0568083984375 0.43235087890625 0.0633869140625 0.43369638671875 0.06592861328125 0.4362380859375 0.06114423828125 0.46105693359375 0.05845302734375 0.46329951171875 0.05396767578125 0.462551953125 0.05366875 0.46449560546875 0.0432029296875 0.462551953125 0.033188671875 0.46013818359375 0.03489345703125 0.450640234375 0.031483984375 0.44966611328125 0.03245810546875 0.443577734375 0.02734384765625 0.44236005859375 0.0305919921875 0.4271025390625
0 0.063438671875 0.82657177734375 0.0637376953125 0.8193953125 0.06717646484375 0.8193953125 0.0673259765625 0.8146109375 0.08108095703125 0.815208984375 0.08108095703125 0.81804970703125 0.0831740234375 0.81804970703125 0.0835146484375 0.82318251953125 0.0836921875 0.8275744140625 0.0895412109375 0.82795634765625 0.0900138671875 0.82203095703125 0.1027599609375 0.82193701171875 0.1063482421875 0.82193701171875 0.1057501953125 0.8368880859375 0.10155615234375 0.8371748046875 0.09938564453125 0.8397455078125 0.09319130859375 0.8394296875 0.08302451171875 0.838831640625 0.0815294921875 0.83703759765625 0.07599755859375 0.8368880859375 0.074651953125 0.83539296875 0.074651953125 0.83315029296875 0.067026953125 0.83285126953125 0.06642890625 0.83285126953125 0.06642890625 0.8267212890625 0.063438671875 0.82657177734375
0 0.32624619140625 0.9230341796875 0.3331236328125 0.9230341796875 0.3331236328125 0.9318552734375 0.32624619140625 0.9318552734375 0.32624619140625 0.9230341796875
0 0.31398623046875 0.9384337890625 0.32056474609375 0.93858330078125 0.32878779296875 0.93918134765625 0.33297412109375 0.93918134765625 0.33267509765625 0.9638505859375 0.31338818359375 0.96340205078125 0.31338818359375 0.961159375 0.31368720703125 0.9538333984375 0.31398623046875 0.9384337890625
0 0.53502783203125 0.9638400390625 0.55162890625 0.9634583984375 0.55162890625 0.9604052734375 0.57395458984375 0.95964208984375 0.57414541015625 0.9634583984375 0.58006083984375 0.96364921875 0.58006083984375 0.9770064453125 0.56078818359375 0.9777697265625 0.56078818359375 0.97433505859375 0.53502783203125 0.9752890625 0.53502783203125 0.9638400390625
0 0.14288935546875 0.02433251953125 0.1737802734375 0.02865205078125 0.17260224609375 0.04723896484375 0.1409259765625 0.04318125 0.13817724609375 0.03257880859375 0.14288935546875 0.02433251953125
0 0.1558802734375 0.09177724609375 0.17024716796875 0.0939490234375 0.16857666015625 0.1079818359375 0.15354150390625 0.106144140625 0.1558802734375 0.09177724609375
0 0.00060888671875 0.19101298828125 0.007762109375 0.19133515625 0.00742802734375 0.20469970703125 0.00060888671875 0.2046921875 0.00060888671875 0.19101298828125
0 0.20223505859375 0.84003271484375 0.200564453125 0.82733642578125 0.21192431640625 0.82599990234375 0.213594921875 0.83886337890625 0.20223505859375 0.84003271484375
0 0.522709765625 0.971153125 0.521707421875 0.92972294921875 0.5305615234375 0.9293888671875 0.5330673828125 0.971153125 0.522709765625 0.971153125
0 0.518305859375 0.68682021484375 0.51979833984375 0.66869716796875 0.54346484375 0.66976318359375 0.542185546875 0.69833359375 0.5283267578125 0.69748076171875 0.52875322265625 0.68724658203125 0.518305859375 0.68682021484375
0 0.85451884765625 0.22014560546875 0.8709361328125 0.22058955078125 0.87072294921875 0.23698935546875 0.853452734375 0.2361365234375 0.85451884765625 0.22014560546875
