0 0.99962861328125 0.911962890625 0.99279267578125 0.9159291015625 0.98985556640625 0.9107890625 0.99150771484375 0.90987119140625 0.99150771484375 0.906750390625 0.9996287109375 0.9021189453125 0.99962861328125 0.911962890625
0 0.97112412109375 0.926632421875 0.989281640625 0.92850673828125 0.9877587890625 0.94033837890625 0.969601171875 0.9378783203125 0.97112412109375 0.926632421875
0 0.92691689453125 0.9907294921875 0.9302072265625 0.96779560546875 0.93374755859375 0.9680748046875 0.9383671875 0.94272138671875 0.98682255859375 0.95009423828125 0.98340791015625 0.974541796875 0.962869140625 0.9721736328125 0.9594697265625 0.99489931640625 0.92691689453125 0.9907294921875
0 0.64570771484375 0.9474125 0.6577380859375 0.9434623046875 0.6593541015625 0.9472330078125 0.67138447265625 0.94202578125 0.6728208984375 0.945796484375 0.681798828125 0.9450783203125 0.69329052734375 0.9763212890625 0.6606109375 0.98871083984375 0.64570771484375 0.9474125
0 0.70735908203125 0.91498193359375 0.70253828125 0.9080451171875 0.70648857421875 0.90158095703125 0.712773046875 0.89673291015625 0.7292923828125 0.91917763671875 0.7228283203125 0.92348701171875 0.7271376953125 0.9295919921875 0.71833935546875 0.9360560546875 0.70702724609375 0.94359755859375 0.69589462890625 0.934260546875 0.6951763671875 0.92402568359375 0.70735908203125 0.91498193359375
0 0.7145943359375 0.87755439453125 0.7148869140625 0.8735265625 0.723178515625 0.86773974609375 0.72948349609375 0.87534033203125 0.7370841796875 0.8699853515625 0.742352734375 0.87654951171875 0.749078125 0.87236279296875 0.76954775390625 0.90001474609375 0.7505146484375 0.912224609375 0.733444140625 0.8895697265625 0.731129296875 0.89133349609375 0.7274916015625 0.8906720703125 0.723302734375 0.88516044921875 0.7185626953125 0.88405810546875 0.7145943359375 0.87755439453125
0 0.67996025390625 0.88569130859375 0.69338623046875 0.876740625 0.700701953125 0.88729228515625 0.68663310546875 0.89643701171875 0.67996025390625 0.88569130859375
0 0.56378427734375 0.9455498046875 0.5746669921875 0.94149033203125 0.5819220703125 0.96092373046875 0.57129853515625 0.9648103515625 0.56378427734375 0.9455498046875
0 0.578119140625 0.93929365234375 0.5811251953125 0.93832490234375 0.5776080078125 0.9273619140625 0.5867064453125 0.924464453125 0.59050498046875 0.93571943359375 0.594162890625 0.9345939453125 0.60684375 0.97733701171875 0.59170302734375 0.98234091796875 0.578119140625 0.93929365234375
0 0.53001455078125 0.99901083984375 0.528037109375 0.99464150390625 0.5523986328125 0.98681494140625 0.555044140625 0.99342890625 0.578633984375 0.986153515625 0.58405888671875 0.99901064453125 0.53001455078125 0.99901083984375
0 0.99962900390625 0.6959525390625 0.945341796875 0.68869345703125 0.9457638671875 0.66688681640625 0.9519541015625 0.6497228515625 0.9996291015625 0.6544693359375 0.99962900390625 0.6959525390625
0 0.3932986328125 0.94354169921875 0.41308515625 0.93676474609375 0.4180916015625 0.95090576171875 0.4207986328125 0.9499583984375 0.43317353515625 0.9854791015625 0.4104861328125 0.9935 0.3932986328125 0.94354169921875
0 0.3494142578125 0.8532279296875 0.371019921875 0.84584228515625 0.38413759765625 0.88651826171875 0.38854697265625 0.8851955078125 0.38634228515625 0.87814052734375 0.4049716796875 0.8722982421875 0.41445166015625 0.9015099609375 0.37256318359375 0.9150685546875 0.36220126953125 0.88266015625 0.35371337890625 0.8851955078125 0.34963466796875 0.87218798828125 0.35492587890625 0.87053447265625 0.3494142578125 0.8532279296875
0 0.0144025390625 0.9990048828125 0.00507294921875 0.9736736328125 0.09108115234375 0.94350791015625 0.088208203125 0.93452998046875 0.10760048828125 0.92752724609375 0.12591533203125 0.977623828125 0.07725517578125 0.99452353515625 0.07869169921875 0.99847373046875 0.07697490234375 0.99900625 0.0144025390625 0.9990048828125
0 0.2009615234375 0.977326953125 0.1975849609375 0.968604296875 0.19814775390625 0.95889677734375 0.1913947265625 0.9394818359375 0.18689267578125 0.94102939453125 0.1836568359375 0.93104052734375 0.189425 0.92893017578125 0.18562646484375 0.91739375 0.1836568359375 0.91162548828125 0.1928015625 0.90853037109375 0.19448984375 0.9126103515625 0.1996953125 0.91289169921875 0.2054634765625 0.9144392578125 0.21784404296875 0.9498927734375 0.23177216796875 0.9508775390625 0.23655556640625 0.965087109375 0.2009615234375 0.977326953125
0 0.23036865234375 0.90959326171875 0.25977255859375 0.899463671875 0.26178134765625 0.90202099609375 0.27033193359375 0.8993435546875 0.27698251953125 0.917222265625 0.26255859375 0.9224908203125 0.27048642578125 0.947416015625 0.2499458984375 0.95388759765625 0.2451625 0.93939677734375 0.25205625 0.937005078125 0.2486796875 0.9271568359375 0.237424609375 0.93067412109375 0.23036865234375 0.90959326171875
0 0.28565615234375 0.89198798828125 0.29316826171875 0.8891181640625 0.2919697265625 0.88575234375 0.29774326171875 0.8838966796875 0.2988064453125 0.8869294921875 0.31601865234375 0.88180478515625 0.32221328125 0.8986119140625 0.29190732421875 0.9080291015625 0.285013671875 0.9019884765625 0.28565615234375 0.89198798828125
0 0.80708466796875 0.8352525390625 0.79662099609375 0.83865537109375 0.7915501953125 0.82300224609375 0.78383388671875 0.82542744140625 0.77589716796875 0.800073828125 0.77986552734375 0.79676689453125 0.778322265625 0.792247265625 0.77027529296875 0.7946724609375 0.76399072265625 0.77528017578125 0.7806896484375 0.770073046875 0.78194658203125 0.77384375 0.78535810546875 0.77150947265625 0.78158740234375 0.7600177734375 0.8016978515625 0.7535537109375 0.806905078125 0.7691751953125 0.8142669921875 0.7686365234375 0.82001279296875 0.78533544921875 0.82755419921875 0.78282158203125 0.8347365234375 0.80472763671875 0.82737470703125 0.8108326171875 0.83294091796875 0.82753154296875 0.82683603515625 0.82968623046875 0.8320431640625 0.8465646484375 0.8148056640625 0.85213095703125 0.81211220703125 0.8508740234375 0.80708466796875 0.8352525390625
0 0.69071787109375 0.801054296875 0.7152998046875 0.7926765625 0.7167328125 0.80061337890625 0.7192681640625 0.79973154296875 0.725110546875 0.8197939453125 0.700418359375 0.8277306640625 0.69865458984375 0.81913251953125 0.69446572265625 0.8204552734375 0.68972578125 0.811746875 0.69071787109375 0.801054296875
0 0.649821484375 0.784188671875 0.66293916015625 0.78231474609375 0.6648130859375 0.79554267578125 0.65114423828125 0.7974166015625 0.649821484375 0.784188671875
0 0.67782685546875 0.74658173828125 0.6872529296875 0.74362724609375 0.6890818359375 0.74841064453125 0.69259912109375 0.75023955078125 0.6993521484375 0.7478478515625 0.70680859375 0.76923251953125 0.68795634765625 0.7755634765625 0.67782685546875 0.74658173828125
0 0.76395224609375 0.71271943359375 0.76873564453125 0.7100462890625 0.77985 0.7092021484375 0.781971875 0.7176568359375 0.7879529296875 0.716558984375 0.79349677734375 0.72102001953125 0.7957080078125 0.730530859375 0.77170078125 0.73694443359375 0.7690169921875 0.7265068359375 0.76479638671875 0.72749169921875 0.76282666015625 0.7194724609375 0.76553544921875 0.7181955078125 0.76395224609375 0.71271943359375
0 0.73725087890625 0.64372998046875 0.76024111328125 0.63649541015625 0.76616650390625 0.65355341796875 0.74084892578125 0.66109482421875 0.73564169921875 0.65283515625 0.73725087890625 0.64372998046875
0 0.578510546875 0.6747806640625 0.61855185546875 0.66203203125 0.6257341796875 0.6833994140625 0.5867701171875 0.69650712890625 0.57904921875 0.68788837890625 0.578510546875 0.6747806640625
0 0.5294912109375 0.66705966796875 0.545471875 0.66167294921875 0.55014033203125 0.67621708984375 0.562709375 0.6720873046875 0.57204638671875 0.70117568359375 0.544933203125 0.7099740234375 0.536853125 0.69668671875 0.53559619140625 0.68573369140625 0.5294912109375 0.66705966796875
0 0.496273046875 0.7063828125 0.50345537109375 0.72792978515625 0.46431171875 0.7412169921875 0.46090009765625 0.73134130859375 0.45820673828125 0.73241865234375 0.45448603515625 0.7212701171875 0.4562134765625 0.72066552734375 0.45370869140625 0.7132376953125 0.4658869140625 0.708919140625 0.46485048828125 0.7061552734375 0.45724990234375 0.7088328125 0.45319052734375 0.697 0.4707236328125 0.6910404296875 0.47832421875 0.712978515625 0.496273046875 0.7063828125
0 0.43394423828125 0.63845 0.44254248046875 0.63492255859375 0.4396763671875 0.62863935546875 0.45224296875 0.624340234375 0.46028994140625 0.643520703125 0.4750611328125 0.63833984375 0.48332861328125 0.6563078125 0.46370712890625 0.66435478515625 0.4654708984375 0.66799248046875 0.44926669921875 0.67361435546875 0.44651083984375 0.67229150390625 0.43394423828125 0.63845
0 0.41043515625 0.58588994140625 0.43575283203125 0.57691201171875 0.44383291015625 0.59827939453125 0.418515234375 0.6074369140625 0.41043515625 0.58588994140625
0 0.0006255859375 0.84552421875 0.01771845703125 0.879386328125 0.00956015625 0.885278515625 0.0107654296875 0.88931865234375 0.00062548828125 0.892848828125 0.0006255859375 0.84552421875
0 0.03525615234375 0.86467021484375 0.0529431640625 0.85886748046875 0.053328515625 0.85421064453125 0.081181640625 0.84573095703125 0.0871703125 0.8651501953125 0.044077734375 0.87954404296875 0.038082421875 0.878939453125 0.03525615234375 0.86467021484375
0 0.1436033203125 0.808283203125 0.1457826171875 0.80766708984375 0.1410708984375 0.78985302734375 0.15992314453125 0.78492890625 0.16217412109375 0.7930888671875 0.17089677734375 0.792807421875 0.1766650390625 0.8139107421875 0.16991201171875 0.81559892578125 0.1748361328125 0.83374775390625 0.15190390625 0.8400787109375 0.1436033203125 0.808283203125
0 0.18200458984375 0.8116900390625 0.2062154296875 0.80293798828125 0.2147751953125 0.82635634765625 0.18846650390625 0.8360638671875 0.1831203125 0.82424609375 0.18200458984375 0.8116900390625
0 0.2189796875 0.80061103515625 0.24594130859375 0.792360546875 0.25283505859375 0.813323046875 0.22540087890625 0.822045703125 0.2189796875 0.80061103515625
0 0.25532451171875 0.78675302734375 0.2567560546875 0.78627099609375 0.25504306640625 0.78126611328125 0.26854912109375 0.77648271484375 0.2776939453125 0.80279150390625 0.262640234375 0.80813759765625 0.25532451171875 0.78675302734375
0 0.31289580078125 0.74445283203125 0.3305216796875 0.73915068359375 0.32606240234375 0.7252173828125 0.3233849609375 0.72616748046875 0.31846181640625 0.7109662109375 0.33271298828125 0.706388671875 0.3377224609375 0.72176259765625 0.33590869140625 0.72228076171875 0.33781220703125 0.7281880859375 0.34463544921875 0.7259423828125 0.3468322265625 0.73224287109375 0.35509189453125 0.72954951171875 0.3633515625 0.75468759765625 0.320616796875 0.768333984375 0.31289580078125 0.74445283203125
0 0.29824990234375 0.629046484375 0.29719267578125 0.625434765625 0.30953876953125 0.62199970703125 0.3087943359375 0.6198341796875 0.314000390625 0.61876845703125 0.3203130859375 0.6359068359375 0.3166177734375 0.6369107421875 0.32944501953125 0.67332255859375 0.29508662109375 0.68509072265625 0.28997548828125 0.66980361328125 0.30299130859375 0.665388671875 0.291965234375 0.6314345703125 0.29824990234375 0.629046484375
0 0.5059615234375 0.8501361328125 0.5054228515625 0.834694140625 0.51009130859375 0.834694140625 0.509373046875 0.81566103515625 0.5302017578125 0.8149427734375 0.53092001953125 0.84995654296875 0.5059615234375 0.8501361328125
0 0.11927509765625 0.73072392578125 0.15149267578125 0.72101650390625 0.15585400390625 0.7342412109375 0.14670927734375 0.73719560546875 0.15360302734375 0.75914296875 0.13024873046875 0.7656146484375 0.11927509765625 0.73072392578125
0 0.10195888671875 0.69160830078125 0.1100607421875 0.68547724609375 0.12364072265625 0.68438388671875 0.131990625 0.71250703125 0.1168224609375 0.7173701171875 0.11533583984375 0.7134193359375 0.1116779296875 0.712153125 0.108172265625 0.69918369140625 0.10387919921875 0.70081103515625 0.10195888671875 0.69160830078125
0 0.02414267578125 0.7767333984375 0.05579755859375 0.771105859375 0.06058095703125 0.79783662109375 0.0330060546875 0.80262001953125 0.0323025390625 0.7976958984375 0.027519140625 0.79868076171875 0.02414267578125 0.7767333984375
0 0.00481767578125 0.724821875 0.02780107421875 0.71781904296875 0.03390595703125 0.7179986328125 0.03857451171875 0.73703173828125 0.00930654296875 0.7445732421875 0.00266298828125 0.73415888671875 0.00481767578125 0.724821875
0 0.00062587890625 0.64342177734375 0.01351572265625 0.638457421875 0.01843984375 0.6519634765625 0.01253095703125 0.65435517578125 0.01576669921875 0.6632185546875 0.00062587890625 0.669568359375 0.00062587890625 0.64342177734375
0 0.0675400390625 0.6136962890625 0.07992060546875 0.6111478515625 0.08132744140625 0.617776171875 0.10130517578125 0.6136962890625 0.10552587890625 0.63353330078125 0.07302685546875 0.64000498046875 0.0675400390625 0.6136962890625
0 0.14791943359375 0.5894763671875 0.16629345703125 0.58313740234375 0.167200390625 0.58590849609375 0.17403486328125 0.58359365234375 0.17315302734375 0.58083779296875 0.1797669921875 0.57852294921875 0.18057255859375 0.58097177734375 0.19092001953125 0.578430078125 0.19690537109375 0.5953306640625 0.1790671875 0.60091494140625 0.1824587890625 0.61225 0.17520361328125 0.615445703125 0.17943583984375 0.6294376953125 0.1704533203125 0.63410166015625 0.16518466796875 0.632287890625 0.1559884765625 0.60746630859375 0.15430908203125 0.60801513671875 0.14600849609375 0.60154345703125 0.14791943359375 0.5894763671875
0 0.2500134765625 0.5437759765625 0.25942587890625 0.5417072265625 0.26034375 0.5450115234375 0.264290625 0.54418544921875 0.26309453125 0.53910205078125 0.28791328125 0.5331216796875 0.2962859375 0.56691103515625 0.2722146484375 0.57259248046875 0.26832744140625 0.5564453125 0.2639916015625 0.5573423828125 0.26503818359375 0.5615287109375 0.254721875 0.56377138671875 0.2500134765625 0.5437759765625
0 0.3842775390625 0.51462548828125 0.41198857421875 0.5055408203125 0.413705859375 0.51031123046875 0.432978515625 0.5036326171875 0.43622236328125 0.51317353515625 0.44576328125 0.51012041015625 0.45358681640625 0.532827734375 0.40969873046875 0.54790234375 0.40588232421875 0.53721650390625 0.39328837890625 0.54141455078125 0.3842775390625 0.51462548828125
0 0.475305078125 0.49184619140625 0.49127841796875 0.48644853515625 0.49988193359375 0.4833220703125 0.512141796875 0.4800328125 0.5220095703125 0.47166025390625 0.531727734375 0.46448369140625 0.54338955078125 0.4785376953125 0.528484375 0.4930001953125 0.53012548828125 0.50079345703125 0.5121037109375 0.5095607421875 0.479226171875 0.5154056640625 0.475305078125 0.49184619140625
0 0.5562302734375 0.451182421875 0.56727177734375 0.4469861328125 0.56671943359375 0.44527236328125 0.57972685546875 0.4409365234375 0.5816705078125 0.442431640625 0.59916328125 0.436451171875 0.6066388671875 0.45768173828125 0.602153515625 0.4593263671875 0.60648935546875 0.47128720703125 0.59437890625 0.4753240234375 0.59138876953125 0.4729318359375 0.5876509765625 0.4635126953125 0.56328076171875 0.4717357421875 0.5562302734375 0.451182421875
0 0.6007130859375 0.507485546875 0.6187314453125 0.50235751953125 0.62634873046875 0.52524951171875 0.6228685546875 0.5302994140625 0.62945263671875 0.55098291015625 0.61583017578125 0.55497802734375 0.6007130859375 0.507485546875
0 0.5951654296875 0.5631091796875 0.5923806640625 0.55250234375 0.611970703125 0.5448796875 0.6152775390625 0.5555787109375 0.61168388671875 0.55694736328125 0.6136447265625 0.563025390625 0.606530078125 0.5653658203125 0.6049017578125 0.5596318359375 0.5951654296875 0.5631091796875
0 0.89343544921875 0.4372603515625 0.917096875 0.44088583984375 0.9119447265625 0.48687294921875 0.8882833984375 0.48401064453125 0.89343544921875 0.4372603515625
0 0.90622021484375 0.41417138671875 0.912135546875 0.41512548828125 0.91041826171875 0.42848271484375 0.91786015625 0.42924599609375 0.9169060546875 0.43706953125 0.903548828125 0.43554296875 0.90622021484375 0.41417138671875
0 0.7908689453125 0.346479296875 0.8530654296875 0.3253982421875 0.858746875 0.342891015625 0.7974474609375 0.36352353515625 0.79370966796875 0.35993525390625 0.7908689453125 0.346479296875
0 0.7612658203125 0.35574892578125 0.77920712890625 0.35021708984375 0.78369248046875 0.35096455078125 0.7887357421875 0.36734599609375 0.76605791015625 0.37550439453125 0.76081728515625 0.3662146484375 0.7612658203125 0.35574892578125
0 0.87607275390625 0.21394921875 0.8964560546875 0.21148916015625 0.9009076171875 0.24803857421875 0.88052431640625 0.2506158203125 0.87607275390625 0.21394921875
0 0.85433896484375 0.06335478515625 0.8779328125 0.060999609375 0.8793095703125 0.07265654296875 0.87361875 0.0732990234375 0.877816796875 0.10898203125 0.8598798828125 0.11108095703125 0.85433896484375 0.06335478515625
0 0.8668703125 0.14957802734375 0.866541796875 0.1408060546875 0.88430478515625 0.13956689453125 0.88764658203125 0.17654208984375 0.86972900390625 0.1782498046875 0.8686275390625 0.17195283203125 0.8662845703125 0.172304296875 0.86335595703125 0.16070693359375 0.86394169921875 0.15016376953125 0.8668703125 0.14957802734375
0 0.7424193359375 0.212565625 0.76207353515625 0.21027587890625 0.76302763671875 0.216763671875 0.78153701171875 0.2146646484375 0.78184130859375 0.21790859375 0.8019544921875 0.2154279296875 0.80481669921875 0.23737197265625 0.78191865234375 0.23985263671875 0.77733896484375 0.243859765625 0.768561328125 0.244623046875 0.76092861328125 0.2478669921875 0.74680810546875 0.24882099609375 0.7424193359375 0.212565625
0 0.61056318359375 0.24151669921875 0.6486603515625 0.2364751953125 0.65353115234375 0.2744669921875 0.61480869140625 0.27933779296875 0.61056318359375 0.24151669921875
0 0.72517314453125 0.1077509765625 0.737837109375 0.10614716796875 0.736967578125 0.0969033203125 0.75590205078125 0.0944783203125 0.75725947265625 0.10346845703125 0.7895705078125 0.0983380859375 0.79281435546875 0.11970966796875 0.72908125 0.12944140625 0.72526494140625 0.11913720703125 0.72517314453125 0.1077509765625
0 0.754808984375 0.036644140625 0.76179052734375 0.0347041015625 0.761641015625 0.03171396484375 0.777040625 0.03051787109375 0.7773396484375 0.033208984375 0.78652509765625 0.03263125 0.78871328125 0.05244228515625 0.75605478515625 0.0550783203125 0.754808984375 0.036644140625
0 0.705238671875 0.040721875 0.7489359375 0.03690556640625 0.7510349609375 0.0607578125 0.7073376953125 0.06457412109375 0.705238671875 0.040721875
0 0.6485658203125 0.055796484375 0.688255859375 0.05121689453125 0.6903548828125 0.0722068359375 0.65066474609375 0.076595703125 0.6485658203125 0.055796484375
0 0.5800603515625 0.0782126953125 0.6207310546875 0.0733419921875 0.623653515625 0.0947732421875 0.58200869140625 0.0998875 0.57932978515625 0.0899025390625 0.5800603515625 0.0782126953125
0 0.61510224609375 0.10888623046875 0.6430607421875 0.105746484375 0.64500439453125 0.1214451171875 0.6366318359375 0.1226412109375 0.63737939453125 0.12757509765625 0.67520556640625 0.122940234375 0.6786443359375 0.1519453125 0.6632447265625 0.15358994140625 0.66399228515625 0.15927138671875 0.64171513671875 0.16166357421875 0.64111708984375 0.1558326171875 0.620933203125 0.15867333984375 0.61510224609375 0.10888623046875
0 0.50177119140625 0.15248388671875 0.51809462890625 0.15064580078125 0.51733134765625 0.142822265625 0.5390845703125 0.14015078125 0.5409927734375 0.1542712890625 0.53450498046875 0.1550345703125 0.53603154296875 0.1689642578125 0.50359248046875 0.172971484375 0.50177119140625 0.15248388671875
0 0.433483984375 0.183872265625 0.43127744140625 0.157677734375 0.47280048828125 0.15426103515625 0.47420625 0.17101279296875 0.46132021484375 0.17546435546875 0.4450369140625 0.1768701171875 0.44550556640625 0.18272734375 0.433483984375 0.183872265625
0 0.372924609375 0.17012197265625 0.40434716796875 0.16617177734375 0.40578369140625 0.1871833984375 0.37579755859375 0.19130986328125 0.37130859375 0.1814341796875 0.372924609375 0.17012197265625
0 0.290713671875 0.18183759765625 0.31252041015625 0.1794458984375 0.3102693359375 0.156513671875 0.33643740234375 0.153840625 0.341080078125 0.1987201171875 0.29296474609375 0.2037849609375 0.290713671875 0.18183759765625
0 0.16283349609375 0.19842998046875 0.19012705078125 0.19322451171875 0.18984560546875 0.1906921875 0.20363310546875 0.18900390625 0.203914453125 0.1912548828125 0.21924951171875 0.1908328125 0.22206328125 0.2181263671875 0.1642404296875 0.2241759765625 0.16283349609375 0.19842998046875
0 0.14436689453125 0.1942857421875 0.15505927734375 0.19400439453125 0.15857646484375 0.1961146484375 0.158013671875 0.2055408203125 0.14521103515625 0.206103515625 0.1436634765625 0.2038525390625 0.14436689453125 0.1942857421875
0 0.08229296875 0.214301171875 0.128701171875 0.20861708984375 0.13128291015625 0.22748818359375 0.0845744140625 0.232975 0.08229296875 0.214301171875
0 0.0455318359375 0.2156853515625 0.056664453125 0.2146080078125 0.0593578125 0.2325638671875 0.0482251953125 0.23400029296875 0.0455318359375 0.2156853515625
0 0.006926953125 0.209041796875 0.020932421875 0.205809765625 0.02362578125 0.214428515625 0.00944072265625 0.21801962890625 0.00674736328125 0.21424892578125 0.006926953125 0.209041796875
0 0.00062568359375 0.227113671875 0.01230986328125 0.22364169921875 0.01850009765625 0.24446357421875 0.00062578125 0.24962890625 0.00062568359375 0.227113671875
0 0.05950166015625 0.502276953125 0.080689453125 0.49599248046875 0.083921484375 0.49760849609375 0.092540234375 0.52490126953125 0.0683 0.531544921875 0.05950166015625 0.502276953125
0 0.09161171875 0.504311328125 0.1119017578125 0.4974880859375 0.1140564453125 0.49874501953125 0.12182978515625 0.4965857421875 0.12606201171875 0.49762216796875 0.12977587890625 0.5085912109375 0.0964369140625 0.51964658203125 0.09161171875 0.504311328125
0 0.11980556640625 0.48260087890625 0.12896083984375 0.48018251953125 0.1320701171875 0.49365634765625 0.12593779296875 0.49598837890625 0.12265576171875 0.49495185546875 0.11980556640625 0.48260087890625
0 0.1798818359375 0.42882158203125 0.21607607421875 0.41606884765625 0.21573779296875 0.414309375 0.22391728515625 0.41137626953125 0.2237765625 0.40335703125 0.24178466796875 0.39744814453125 0.2502259765625 0.42671123046875 0.2032361328125 0.4438751953125 0.20351748046875 0.44795517578125 0.19085556640625 0.45400478515625 0.1867755859375 0.4533013671875 0.18452451171875 0.44317177734375 0.1798818359375 0.4385291015625 0.1798818359375 0.42882158203125
0 0.31492509765625 0.39577451171875 0.33719208984375 0.38761728515625 0.34645166015625 0.411096875 0.367065234375 0.4034908203125 0.373789453125 0.4214587890625 0.3549396484375 0.42807275390625 0.3567033203125 0.433033203125 0.3309087890625 0.4411904296875 0.32264140625 0.41881318359375 0.3362 0.41374248046875 0.33355439453125 0.40679775390625 0.3207673828125 0.41153779296875 0.31492509765625 0.39577451171875
0 0.4001400390625 0.38578701171875 0.43281953125 0.37465439453125 0.43694931640625 0.39584228515625 0.40570634765625 0.40715439453125 0.3990626953125 0.3972787109375 0.4001400390625 0.38578701171875
0 0.511958203125 0.35206884765625 0.53314609375 0.3459638671875 0.5295548828125 0.33501083984375 0.53682578125 0.331046875 0.54751064453125 0.32908544921875 0.55164052734375 0.339679296875 0.553615625 0.3400384765625 0.560618359375 0.36086708984375 0.518422265625 0.37523173828125 0.512496875 0.364637890625 0.511958203125 0.35206884765625
0 0.6792349609375 0.23577412109375 0.6931630859375 0.2346486328125 0.69527333984375 0.25223466796875 0.6814859375 0.2537822265625 0.6792349609375 0.23577412109375
0 0.54587216796875 0.31700390625 0.5558626953125 0.31394931640625 0.561591796875 0.33044931640625 0.551279296875 0.3336576171875 0.54587216796875 0.31700390625
0 0.47946240234375 0.264633203125 0.43507490234375 0.27121005859375 0.43117900390625 0.2604392578125 0.432408984375 0.2518412109375 0.47689443359375 0.24546728515625 0.47946240234375 0.264633203125
0 0.52834560546875 0.2432517578125 0.54255390625 0.24164765625 0.54736640625 0.24348095703125 0.54874140625 0.2556267578125 0.49837109375 0.25950986328125 0.49707900390625 0.2414595703125 0.52811640625 0.23866845703125 0.52834560546875 0.2432517578125
0 0.37184365234375 0.26610771484375 0.415280859375 0.26016533203125 0.41790615234375 0.278941015625 0.37557177734375 0.28484970703125 0.36748955078125 0.275503515625 0.37184365234375 0.26610771484375
0 0.30004443359375 0.2681330078125 0.32664306640625 0.26579873046875 0.32769638671875 0.27495615234375 0.3461908203125 0.27334013671875 0.34762724609375 0.2875251953125 0.32805546875 0.28932080078125 0.328594140625 0.2982986328125 0.3077654296875 0.3008125 0.3039947265625 0.29973515625 0.303096875 0.29093681640625 0.2991466796875 0.29147548828125 0.2966328125 0.28285673828125 0.30004443359375 0.2681330078125
0 0.30609482421875 0.31645048828125 0.31722744140625 0.31609130859375 0.33320810546875 0.3193234375 0.33374677734375 0.33261064453125 0.32961689453125 0.332790234375 0.329796484375 0.34051123046875 0.30340146484375 0.34122939453125 0.3030423828125 0.33332890625 0.30693583984375 0.3331083984375 0.30609482421875 0.31645048828125
0 0.18143447265625 0.299663671875 0.205940234375 0.29725361328125 0.20450380859375 0.2841458984375 0.22587119140625 0.28181162109375 0.22820537109375 0.30425634765625 0.21887197265625 0.30551328125 0.2220892578125 0.32803427734375 0.18552919921875 0.3318365234375 0.18143447265625 0.316042578125 0.18143447265625 0.299663671875
0 0.00599833984375 0.4055990234375 0.0395755859375 0.39662109375 0.0444236328125 0.41601337890625 0.01030771484375 0.42552998046875 0.00599833984375 0.4055990234375
0 0.04765576171875 0.40111005859375 0.06083271484375 0.397049609375 0.0656115234375 0.41116533203125 0.05232421875 0.4152951171875 0.04765576171875 0.40111005859375
0 0.00062587890625 0.36473662109375 0.0073482421875 0.3604462890625 0.01814111328125 0.359390234375 0.024784765625 0.38003935546875 0.00216044921875 0.3866830078125 0.00062587890625 0.381418359375 0.00062587890625 0.36473662109375
0 0.00062587890625 0.32050498046875 0.0182875 0.31484599609375 0.02363681640625 0.33371552734375 0.00062587890625 0.34128740234375 0.00062587890625 0.32050498046875
0 0.00062548828125 0.14398935546875 0.00081826171875 0.14392900390625 0.00787080078125 0.1664 0.0006255859375 0.168860546875 0.00062548828125 0.14398935546875
0 0.0763615234375 0.1414099609375 0.1040134765625 0.138507421875 0.10311572265625 0.1245314453125 0.121071484375 0.12309501953125 0.12412392578125 0.15990439453125 0.07815712890625 0.163316015625 0.0763615234375 0.1414099609375
0 0.17804912109375 0.108324609375 0.20049384765625 0.10565537109375 0.202289453125 0.1209177734375 0.20534189453125 0.12055859375 0.21018994140625 0.16167734375 0.1846927734375 0.1647298828125 0.17804912109375 0.108324609375
0 0.00062529296875 0.0506486328125 0.01510615234375 0.04934365234375 0.01870712890625 0.06979658203125 0.000625390625 0.06979658203125 0.00062529296875 0.0506486328125
0 0.0581009765625 5.859375e-06 0.0597923828125 0.00908017578125 0.027699609375 0.0177419921875 0.02954013671875 0.02660537109375 0.0406544921875 0.02351015625 0.043784375 0.04190986328125 0.015474609375 0.048651953125 0.0141630859375 0.03956025390625 0.0050603515625 0.04236240234375 0.00112109375 0.04137763671875 0.00062529296875 0.03951083984375 0.0006251953125 0.02297158203125 0.0101251953125 0.0202744140625 0.00796123046875 0.00714833984375 0.03706767578125 5.37109375e-06 0.0581009765625 5.859375e-06
0 0.1551326171875 0.021804296875 0.1651060546875 0.02012666015625 0.16308671875 0.00267421875 0.18464287109375 0.000371484375 0.191976171875 0.0496421875 0.170663671875 0.05262138671875 0.1686375 0.041782421875 0.15842939453125 0.04322998046875 0.1551326171875 0.021804296875
0 0.2840330078125 9.66796875e-06 0.2861421875 0.01821396484375 0.28375048828125 0.0184953125 0.2862828125 0.042834375 0.26335068359375 0.04480400390625 0.260958984375 0.01877666015625 0.26250654296875 0.01863603515625 0.260678515625 9.375e-06 0.2840330078125 9.66796875e-06
0 0.34201796875 1.015625e-05 0.34356484375 0.023620703125 0.3047349609375 0.02657509765625 0.30192119140625 0.015038671875 0.30206181640625 0.00603466796875 0.307625390625 0.00585087890625 0.30756611328125 9.86328125e-06 0.3222013671875 1.005859375e-05 0.3224126953125 0.003033203125 0.3320630859375 0.00244990234375 0.3318884765625 1.005859375e-05 0.34201796875 1.015625e-05
0 0.3859080078125 1.044921875e-05 0.38634833984375 0.00776044921875 0.3665064453125 0.008973046875 0.36595595703125 1.03515625e-05 0.3859080078125 1.044921875e-05
0 0.47728818359375 1.083984375e-05 0.47761796875 0.00434912109375 0.442123046875 0.00919931640625 0.43937041015625 1.07421875e-05 0.47728818359375 1.083984375e-05
0 0.46752568359375 0.088326171875 0.49535966796875 0.0859220703125 0.49552265625 0.08846689453125 0.5021349609375 0.0879041015625 0.50185361328125 0.08199521484375 0.519017578125 0.08058837890625 0.5211279296875 0.103942578125 0.46879189453125 0.10802255859375 0.46232021484375 0.10126953125 0.46752568359375 0.088326171875
0 0.86253056640625 7.421875e-06 0.86652548828125 0.01988974609375 0.8551509765625 0.02081201171875 0.84746552734375 0.01435615234375 0.8456220703125 7.8125e-06 0.86253056640625 7.421875e-06
0 0.9996287109375 0.8663908203125 0.97240830078125 0.88640751953125 0.95857451171875 0.86611787109375 0.9677970703125 0.86150654296875 0.9647228515625 0.85720263671875 0.99331279296875 0.83660556640625 0.99962880859375 0.849671484375 0.9996287109375 0.8663908203125
0 0.3702939453125 0.368826953125 0.36621484375 0.3588556640625 0.3838912109375 0.35409658203125 0.38774365234375 0.3652009765625 0.3702939453125 0.368826953125
