0 0.99858525390625 0.54132392578125 0.989164453125 0.54339072265625 0.98863623046875 0.55950263671875 0.98467431640625 0.562936328125 0.95773310546875 0.562936328125 0.95271455078125 0.5605591796875 0.95033740234375 0.55633310546875 0.95086572265625 0.48026376953125 0.95192216796875 0.421098828125 0.95165810546875 0.417929296875 0.964336328125 0.4174009765625 0.96407216796875 0.41475966796875 0.955091796875 0.41528798828125 0.95377109375 0.4113259765625 0.95403525390625 0.3833283203125 0.96169501953125 0.38147939453125 0.9653927734375 0.38306416015625 0.9985853515625 0.38357080078125 0.99858525390625 0.54132392578125
0 0.902905078125 0.01314296875 0.90247939453125 0.01314296875 0.890155859375 0.01281865234375 0.88383193359375 0.01168359375 0.875380859375 0.011982421875 0.8747109375 8.7890625e-06 0.90343212890625 8.30078125e-06 0.902905078125 0.01314296875
0 0.92420791015625 0.01281865234375 0.90442529296875 0.01314296875 0.90339296875 0.01314296875 0.903919921875 8.30078125e-06 0.9215873046875 8.0078125e-06 0.92420791015625 0.01281865234375
0 0.87490234375 0.0121484375 0.8736498046875 0.01277734375 0.85885859375 0.01251328125 0.85489658203125 0.010928515625 0.8544830078125 9.08203125e-06 0.874213671875 8.7890625e-06 0.87490234375 0.0121484375
0 0.9154310546875 0.08126953125 0.9183365234375 0.08708037109375 0.9230908203125 0.1005509765625 0.9201853515625 0.1079466796875 0.91437451171875 0.11005966796875 0.889810546875 0.1079466796875 0.8893703125 0.10865224609375 0.888125 0.108603515625 0.8882162109375 0.1042328125 0.8884375 0.07796875 0.915595703125 0.077041015625 0.9154310546875 0.08126953125
0 0.91199736328125 0.04614033203125 0.9162234375 0.04983818359375 0.9162234375 0.0604033203125 0.91560546875 0.076552734375 0.8884375 0.07748046875 0.888540625 0.06497705078125 0.886591796875 0.045810546875 0.88848984375 0.04534794921875 0.91199736328125 0.04614033203125
0 0.8880521484375 0.0649998046875 0.8877279296875 0.10422587890625 0.886015234375 0.10518857421875 0.8753126953125 0.107044140625 0.86989638671875 0.1055328125 0.868974609375 0.101923828125 0.87200517578125 0.09601015625 0.87183896484375 0.09368359375 0.872880859375 0.049189453125 0.88611328125 0.045927734375 0.8880521484375 0.0649998046875
0 0.86735947265625 0.045876171875 0.8723779296875 0.04930986328125 0.872392578125 0.049306640625 0.87135029296875 0.0936953125 0.8715083984375 0.095908984375 0.8687890625 0.10123046875 0.86866103515625 0.10077509765625 0.8570994140625 0.10001279296875 0.85641572265625 0.1014908203125 0.85486513671875 0.10064990234375 0.8534375 0.045986328125 0.85415302734375 0.0464044921875 0.865246484375 0.04429140625 0.86735947265625 0.045876171875
0 0.852939453125 0.045693359375 0.85486328125 0.1098828125 0.82749658203125 0.10941455078125 0.82318359375 0.1090625 0.822880859375 0.046748046875 0.82404228515625 0.04693271484375 0.83355087890625 0.04614033203125 0.83645634765625 0.0434990234375 0.8478138671875 0.042706640625 0.852939453125 0.045693359375
0 0.8108357421875 0.0448197265625 0.822392578125 0.046669921875 0.8226953125 0.1054560546875 0.79446337890625 0.106746484375 0.793408203125 0.106201171875 0.79146484375 0.04580078125 0.79472392578125 0.04772509765625 0.8013271484375 0.04429140625 0.8108357421875 0.0448197265625
0 0.79291015625 0.105947265625 0.790270703125 0.10458662109375 0.786205078125 0.1095416015625 0.76498759765625 0.1095416015625 0.7625736328125 0.107762890625 0.76066787109375 0.10687353515625 0.76041376953125 0.10306201171875 0.76168427734375 0.1009021484375 0.763844140625 0.09797998046875 0.76829091796875 0.0958201171875 0.76841796875 0.08425849609375 0.768037109375 0.08318359375 0.792158203125 0.08259765625 0.79291015625 0.105947265625
0 0.78891298828125 0.04429140625 0.790966796875 0.0455078125 0.7921484375 0.082109375 0.76787109375 0.0826953125 0.766726171875 0.07942060546875 0.7643490234375 0.07757177734375 0.7630283203125 0.07070439453125 0.76408486328125 0.06066748046875 0.76590595703125 0.0444095703125 0.783967578125 0.039509375 0.78891298828125 0.04429140625
0 0.66565771484375 0.24686328125 0.66592177734375 0.2505611328125 0.667770703125 0.254523046875 0.667770703125 0.26191875 0.66645009765625 0.272748046875 0.66592177734375 0.27723818359375 0.66512939453125 0.280671875 0.646376171875 0.280671875 0.637131640625 0.27935126953125 0.633962109375 0.27169150390625 0.633962109375 0.24466796875 0.666015625 0.24380859375 0.66565771484375 0.24686328125
0 0.665849609375 0.2116796875 0.66750654296875 0.21569599609375 0.6685630859375 0.218865625 0.6685630859375 0.22837421875 0.66645009765625 0.23339267578125 0.6661859375 0.24237314453125 0.66607421875 0.2433203125 0.633962109375 0.2441796875 0.633962109375 0.23233623046875 0.6360751953125 0.21569599609375 0.63422626953125 0.2167525390625 0.63237734375 0.21463955078125 0.63237734375 0.21305478515625 0.635546875 0.21094169921875 0.635009765625 0.209873046875 0.665849609375 0.2116796875
0 0.6661859375 0.17686904296875 0.66750654296875 0.19086787109375 0.66750654296875 0.202225390625 0.6656640625 0.211181640625 0.634765625 0.209375 0.6344904296875 0.2088287109375 0.6349986328125 0.20721708984375 0.633925390625 0.20000869140625 0.63192275390625 0.1898447265625 0.6353564453125 0.187467578125 0.6353564453125 0.175053515625 0.6659955078125 0.17478935546875 0.6661859375 0.17686904296875
0 0.72331162109375 0.22708701171875 0.7138029296875 0.22629462890625 0.694521484375 0.22550224609375 0.6776171875 0.22603046875 0.67550419921875 0.2204837890625 0.67180634765625 0.2128240234375 0.671278125 0.198296875 0.6707498046875 0.181392578125 0.67629658203125 0.1742611328125 0.71776484375 0.1729404296875 0.72251923828125 0.17690244140625 0.7198779296875 0.18905234375 0.72410400390625 0.20173056640625 0.72357568359375 0.22708701171875 0.72331162109375 0.22708701171875
0 0.67339111328125 0.23316201171875 0.67629658203125 0.22999248046875 0.67893779296875 0.23236962890625 0.71882138671875 0.23263369140625 0.7278017578125 0.236595703125 0.7267453125 0.24848154296875 0.72199091796875 0.2545564453125 0.7230474609375 0.2638009765625 0.725160546875 0.26934775390625 0.725424609375 0.27806396484375 0.72093447265625 0.28255419921875 0.69663447265625 0.2822900390625 0.67814541015625 0.28176181640625 0.6752400390625 0.27542275390625 0.672862890625 0.27093251953125 0.67101396484375 0.26723466796875 0.671278125 0.24187822265625 0.67339111328125 0.23316201171875
0 0.56677685546875 0.32014912109375 0.5743306640625 0.32104365234375 0.58859375 0.32296875 0.58834140625 0.34198330078125 0.5859642578125 0.34330400390625 0.5629849609375 0.3422474609375 0.55717412109375 0.3398703125 0.55479697265625 0.33247470703125 0.55241982421875 0.32270185546875 0.553017578125 0.319638671875 0.56677685546875 0.32014912109375
0 0.5727466796875 0.3020318359375 0.588837890625 0.30486328125 0.588603515625 0.322470703125 0.5743919921875 0.3205591796875 0.5668146484375 0.3196619140625 0.553115234375 0.31916015625 0.5553251953125 0.30791064453125 0.554853515625 0.301943359375 0.5727466796875 0.3020318359375
0 0.589111328125 0.284755859375 0.58884765625 0.304375 0.57279052734375 0.30154375 0.554814453125 0.301455078125 0.5537404296875 0.28783681640625 0.554169921875 0.284052734375 0.589111328125 0.284755859375
0 0.58962890625 0.26814453125 0.5891337890625 0.28334658203125 0.58912109375 0.284267578125 0.554228515625 0.283564453125 0.55615234375 0.266630859375 0.58962890625 0.26814453125
0 0.5666828125 0.24451953125 0.58728486328125 0.2453119140625 0.5920392578125 0.247425 0.5952087890625 0.25059453125 0.59864248046875 0.26168798828125 0.59468056640625 0.26485751953125 0.589662109375 0.26723466796875 0.5896484375 0.26765625 0.556201171875 0.26615234375 0.55638173828125 0.264593359375 0.55638173828125 0.25059453125 0.556117578125 0.25112275390625 0.5553251953125 0.24425546875 0.56034365234375 0.24425546875 0.5666828125 0.24451953125
0 0.656591796875 0.306103515625 0.6583328125 0.32823916015625 0.6575 0.33625 0.6337109375 0.336083984375 0.633447265625 0.304130859375 0.656591796875 0.306103515625
0 0.63310546875 0.321669921875 0.633310546875 0.345859375 0.61692607421875 0.34242890625 0.61100068359375 0.34206982421875 0.60938466796875 0.345122265625 0.605434375 0.33793994140625 0.603818359375 0.33039853515625 0.60238193359375 0.3242935546875 0.6021875 0.318955078125 0.63310546875 0.321669921875
0 0.63294921875 0.3025390625 0.63310546875 0.321181640625 0.602177734375 0.31845703125 0.60184326171875 0.3092107421875 0.601982421875 0.3001953125 0.63294921875 0.3025390625
0 0.632939453125 0.302041015625 0.6019921875 0.29970703125 0.6020228515625 0.29771904296875 0.6020228515625 0.29017763671875 0.602275390625 0.287568359375 0.6328125 0.287255859375 0.632939453125 0.302041015625
0 0.63265625 0.268134765625 0.6328125 0.286767578125 0.60232421875 0.287080078125 0.6032796875 0.27742900390625 0.603046875 0.267333984375 0.63265625 0.268134765625
0 0.63182529296875 0.247459375 0.63248046875 0.247919921875 0.632646484375 0.267646484375 0.60302734375 0.266845703125 0.60292060546875 0.2621666015625 0.6041775390625 0.25121357421875 0.60651171875 0.24816103515625 0.607133203125 0.24701845703125 0.63182529296875 0.247459375
0 0.6827494140625 0.3145783203125 0.68263916015625 0.3143578125 0.6845130859375 0.3106099609375 0.71460673828125 0.3117123046875 0.716811328125 0.312594140625 0.71692158203125 0.33122353515625 0.7136146484375 0.33155419921875 0.71350439453125 0.33574306640625 0.712291796875 0.338388671875 0.71207138671875 0.34312861328125 0.70986669921875 0.344010546875 0.699945703125 0.34390029296875 0.698733203125 0.34224677734375 0.6950955078125 0.34081376953125 0.6901349609375 0.34004208984375 0.69024521484375 0.34136494140625 0.68539501953125 0.34169560546875 0.68539501953125 0.33971142578125 0.6814265625 0.33993193359375 0.6814265625 0.337286328125 0.68285966796875 0.33519189453125 0.68462333984375 0.33133369140625 0.68230849609375 0.32372763671875 0.6827494140625 0.3145783203125
0 0.60370673828125 0.39003310546875 0.605741015625 0.38942783203125 0.60757001953125 0.3904126953125 0.6095396484375 0.39111611328125 0.6105244140625 0.39449267578125 0.61150927734375 0.4061697265625 0.64133515625 0.40546630859375 0.64203857421875 0.40504423828125 0.64232001953125 0.3939298828125 0.64288271484375 0.389990625 0.669701953125 0.38942783203125 0.67044033203125 0.43541884765625 0.670158984375 0.44906552734375 0.67691201171875 0.44948759765625 0.678178125 0.45300478515625 0.677626953125 0.4553197265625 0.6760837890625 0.45631181640625 0.6700208984375 0.45631181640625 0.6697583984375 0.47041728515625 0.66539111328125 0.4727365234375 0.6455158203125 0.47295703125 0.64224228515625 0.4705318359375 0.6413603515625 0.46303603515625 0.64036826171875 0.4549890625 0.61115654296875 0.45576064453125 0.61017177734375 0.47167197265625 0.6048732421875 0.47339794921875 0.5991412109375 0.47394912109375 0.59285791015625 0.47284677734375 0.592196484375 0.47086259765625 0.59087373046875 0.47141376953125 0.59010205078125 0.47196484375 0.58194482421875 0.4688783203125 0.58161416015625 0.45432763671875 0.5694884765625 0.4553197265625 0.56728388671875 0.45410712890625 0.566401953125 0.43856435546875 0.56591015625 0.42942177734375 0.5501162109375 0.42825185546875 0.54631396484375 0.4262044921875 0.54455908203125 0.3992962890625 0.548361328125 0.39198427734375 0.581119140625 0.39022939453125 0.60370673828125 0.39003310546875
0 0.33546875 0.43437041015625 0.33959375 0.4368912109375 0.34211455078125 0.44605791015625 0.34692705078125 0.44743291015625 0.3487603515625 0.46003701171875 0.34692705078125 0.46393291015625 0.34142705078125 0.4643912109375 0.3466978515625 0.46943291015625 0.34646875 0.4797453125 0.35031669921875 0.48147861328125 0.3510201171875 0.48499580078125 0.3518642578125 0.49582880859375 0.34961328125 0.498501953125 0.3501759765625 0.50300390625 0.3508794921875 0.5086314453125 0.355662890625 0.50919423828125 0.35805458984375 0.5117265625 0.35819521484375 0.5284685546875 0.35664765625 0.52959404296875 0.3518642578125 0.53100087890625 0.35369326171875 0.5380353515625 0.3553814453125 0.54042705078125 0.35889873046875 0.540286328125 0.3614310546875 0.54127109375 0.36283798828125 0.545491796875 0.364526171875 0.5564654296875 0.36410419921875 0.5602640625 0.3562255859375 0.5642033203125 0.35650703125 0.57250390625 0.3283693359375 0.57264462890625 0.32597763671875 0.566454296875 0.3258369140625 0.53775390625 0.32203837890625 0.53761328125 0.32020947265625 0.52959404296875 0.3214755859375 0.508209375 0.31866181640625 0.50806875 0.3161294921875 0.5069431640625 0.31500400390625 0.483026171875 0.3162701171875 0.48133798828125 0.3165515625 0.473459375 0.3126123046875 0.47331875 0.310642578125 0.4698015625 0.31036123046875 0.46192294921875 0.3105904296875 0.4367146484375 0.31173623046875 0.43350634765625 0.33511123046875 0.433735546875 0.33546875 0.43437041015625
0 0.386562109375 0.4600056640625 0.43547666015625 0.44818994140625 0.43776357421875 0.46851806640625 0.4772763671875 0.45809990234375 0.48604287109375 0.4935470703125 0.488202734375 0.5082849609375 0.48096083984375 0.5146375 0.47396162109375 0.516162109375 0.46078603515625 0.5173435546875 0.45727314453125 0.503312890625 0.45549716796875 0.4912572265625 0.4311595703125 0.49819658203125 0.42267470703125 0.50133388671875 0.4192365234375 0.4886025390625 0.41331748046875 0.47786328125 0.40051552734375 0.48132919921875 0.39130625 0.479934375 0.38605390625 0.4600056640625 0.386562109375 0.4600056640625
2 0.5358140625 0.6415287109375 0.5371625 0.6459111328125 0.5492982421875 0.6566984375 0.5506466796875 0.6674857421875 0.54356748046875 0.67422783203125 0.536151171875 0.678947265625 0.534802734375 0.6867005859375 0.5273865234375 0.69580244140625 0.50581181640625 0.72647880859375 0.5034521484375 0.73086123046875 0.491653515625 0.7372662109375 0.48491142578125 0.7372662109375 0.47547255859375 0.7099607421875 0.443110546875 0.71838837890625 0.4545720703125 0.7470421875 0.4545720703125 0.746705078125 0.4589544921875 0.7810896484375 0.4586173828125 0.78749462890625 0.44917841796875 0.79760771484375 0.44344765625 0.8009787109375 0.4356943359375 0.81008056640625 0.42895224609375 0.82086787109375 0.42794091796875 0.838734375 0.42996357421875 0.85457822265625 0.425244140625 0.86435419921875 0.423221484375 0.86839951171875 0.421650390625 0.87591796875 0.40674052734375 0.8803181640625 0.4053265625 0.88229775390625 0.40506240234375 0.90211171875 0.4024890625 0.90597177734375 0.39253701171875 0.91304814453125 0.38737138671875 0.9120154296875 0.3882490234375 0.903263671875 0.38470693359375 0.903263671875 0.35696943359375 0.90247119140625 0.34830791015625 0.9027505859375 0.3608283203125 0.91962587890625 0.38685751953125 0.91431376953125 0.391787109375 0.9136328125 0.392726171875 0.91646220703125 0.40845888671875 0.91374970703125 0.40620908203125 0.88224921875 0.4223931640625 0.8770767578125 0.43030068359375 0.87884970703125 0.44041376953125 0.880872265625 0.445807421875 0.89098544921875 0.44917841796875 0.906155078125 0.44243642578125 0.929415234375 0.4356943359375 0.9415509765625 0.41917626953125 0.94728173828125 0.353441015625 0.9607658203125 0.3440021484375 0.94694462890625 0.29141396484375 0.8694107421875 0.305572265625 0.721759375 0.34602470703125 0.72007392578125 0.34737314453125 0.7109720703125 0.3628798828125 0.70422998046875 0.3649025390625 0.68265537109375 0.3652396484375 0.68332958984375 0.51963310546875 0.64018037109375 0.53008330078125 0.63748349609375 0.5358140625 0.6415287109375
1 0.22211064453125 0.8532228515625 0.227921484375 0.86590107421875 0.2424486328125 0.85982607421875 0.246410546875 0.863523828125 0.24825947265625 0.869598828125 0.26516376953125 0.86242734375 0.2675083984375 0.86239111328125 0.27203115234375 0.866429296875 0.27634326171875 0.87733037109375 0.21578525390625 0.9046583984375 0.21781357421875 0.91006728515625 0.2470201171875 0.899219140625 0.27956591796875 0.88547490234375 0.2855017578125 0.900501953125 0.2910484375 0.89838896484375 0.29765166015625 0.91159541015625 0.29897236328125 0.91687802734375 0.29421796875 0.91925517578125 0.30451904296875 0.9380083984375 0.304783203125 0.94381923828125 0.30082119140625 0.9443474609375 0.30055712890625 0.949630078125 0.30531142578125 0.952535546875 0.30848095703125 0.96310068359375 0.3179896484375 0.96230830078125 0.33119609375 0.98792890625 0.33595048828125 0.98291044921875 0.32878779296875 0.99901123046875 0.07452119140625 0.9990080078125 0.07540263671875 0.9943970703125 0.07521044921875 0.99419560546875 0.0931244140625 0.98667724609375 0.0959794921875 0.99110078125 0.15349296875 0.9660048828125 0.15937099609375 0.96835107421875 0.17870107421875 0.96083984375 0.21976103515625 0.939133203125 0.2182701171875 0.93631708984375 0.20897783203125 0.93974814453125 0.20636748046875 0.939487109375 0.204937890625 0.93591318359375 0.20291162109375 0.93638076171875 0.19978134765625 0.9369251953125 0.196591796875 0.93470703125 0.180661328125 0.8989736328125 0.17016640625 0.902840234375 0.1835546875 0.933271484375 0.18340400390625 0.933507421875 0.18921572265625 0.9451310546875 0.18947265625 0.9475716796875 0.1795861328125 0.959676171875 0.17712099609375 0.96134560546875 0.168188671875 0.96475234375 0.15962109375 0.96779501953125 0.15532236328125 0.96171513671875 0.14944443359375 0.9639111328125 0.141751953125 0.9654119140625 0.13845546875 0.95928994140625 0.12620986328125 0.92663505859375 0.1152052734375 0.93137548828125 0.13223046875 0.96850673828125 0.11432041015625 0.97554560546875 0.11085537109375 0.9776234375 0.11329443359375 0.9830318359375 0.095684375 0.99016572265625 0.09356962890625 0.98329697265625 0.090796875 0.98410859375 0.09065263671875 0.9841830078125 0.084021484375 0.9867125 0.0710859375 0.95130146484375 0.0637755859375 0.95000185546875 0.06147880859375 0.945080078125 0.05759794921875 0.94581923828125 0.0748759765625 0.9898697265625 0.07321630859375 0.991206640625 0.07301318359375 0.99271123046875 0.06801640625 0.9932615234375 0.0683134765625 0.99900791015625 0.02787353515625 0.99900712890625 0.0131841796875 0.962044140625 -0.0 0.96619130859375 -0.0 0.9317345703125 0.05518076171875 0.91212373046875 0.0591427734375 0.91476494140625 0.1531728515625 0.87593798828125 0.15845546875 0.8740890625 0.15871953125 0.881748828125 0.1793216796875 0.8732966796875 0.1764162109375 0.86669345703125 0.1764162109375 0.86141083984375 0.2223748046875 0.844770703125 0.22211064453125 0.8532228515625
0 0.10280244140625 0.6834111328125 0.15826962890625 0.68526005859375 0.159326171875 0.7264642578125 0.15589248046875 0.72936962890625 0.1548359375 0.7325392578125 0.134762109375 0.73702939453125 0.128687109375 0.7343880859375 0.12736650390625 0.742576171875 0.1215556640625 0.74600986328125 0.10359482421875 0.74600986328125 0.1030666015625 0.7380859375 0.0969916015625 0.73306748046875 0.0930296875 0.72593603515625 0.100953515625 0.68314697265625 0.10280244140625 0.6834111328125
0 -0.0 0.61630341796875 -0.0 0.41287021484375 -0.0 0.37784912109375 0.02107001953125 0.3831986328125 0.02962890625 0.38525712890625 0.02711015625 0.41614501953125 0.053048046875 0.41901875 0.1111302734375 0.4194490234375 0.108548828125 0.41385595703125 0.1132814453125 0.4142861328125 0.1498517578125 0.41299541015625 0.26644658203125 0.39578583984375 0.27935380859375 0.47451962890625 0.28360830078125 0.51982373046875 0.2880984375 0.52827587890625 0.286513671875 0.54808564453125 0.18138193359375 0.55532900390625 0.18345146484375 0.5590541015625 0.18220966796875 0.630245703125 0.191315625 0.64493935546875 0.19400595703125 0.6594259765625 0.1855208984375 0.6708083984375 0.16488671875 0.67965751953125 0.13523505859375 0.67801025390625 0.1269984375 0.6736173828125 0.1280966796875 0.646162109375 0.109976171875 0.6543986328125 0.1050341796875 0.619255859375 0.086913671875 0.6181576171875 -0.0 0.61630341796875
0 0.06389306640625 0.71375 0.06438916015625 0.71821484375 0.06719384765625 0.72382421875 0.07009892578125 0.7338025390625 0.069462890625 0.752412109375 -0.0 0.820576171875 -0.0 0.71267138671875 0.059453125 0.7121875 0.06389306640625 0.71375
0 0.07047431640625 0.6291662109375 0.071530859375 0.63973134765625 0.07971884765625 0.6399955078125 0.079912109375 0.712294921875 0.061962890625 0.71185546875 0.06195693359375 0.711675 -0.0 0.712183203125 -0.0 0.62890205078125 0.07047431640625 0.6291662109375
0 0.76589658203125 0.11852548828125 0.76502646484375 0.11646865234375 0.76562373046875 0.113780859375 0.78861923828125 0.11328310546875 0.789415625 0.12084873046875 0.790709765625 0.131998046875 0.79698125 0.14503876953125 0.79897216796875 0.149020703125 0.801361328125 0.1525048828125 0.80633876953125 0.15578994140625 0.8074337890625 0.15648681640625 0.80942470703125 0.1562876953125 0.81042021484375 0.15837822265625 0.81252900390625 0.159894921875 0.8133568359375 0.1737607421875 0.8133568359375 0.1857640625 0.81045947265625 0.186591796875 0.79617978515625 0.184729296875 0.7939033203125 0.1820388671875 0.7917263671875 0.17766142578125 0.78228251953125 0.1784814453125 0.77907080078125 0.17806220703125 0.77750947265625 0.17324736328125 0.77750947265625 0.165925390625 0.7682412109375 0.164033984375 0.76679248046875 0.162171484375 0.7682412109375 0.15368642578125 0.76327431640625 0.15410029296875 0.764723046875 0.14478740234375 0.7657578125 0.13526767578125 0.765391015625 0.13020126953125 0.76589658203125 0.11852548828125
0 0.8230220703125 0.1611046875 0.822866015625 0.1610267578125 0.8206041015625 0.15626884765625 0.8268439453125 0.1519009765625 0.854611328125 0.1504189453125 0.8722388671875 0.150575 0.8713029296875 0.16165068359375 0.8720048828125 0.17202451171875 0.87231689453125 0.183490234375 0.871146875 0.1841921875 0.86771494140625 0.184426171875 0.86389306640625 0.18271025390625 0.86319111328125 0.1759244140625 0.862255078125 0.1763923828125 0.85094541015625 0.17631435546875 0.85055537109375 0.17888828125 0.83869970703125 0.17990224609375 0.83604775390625 0.1773283203125 0.8270779296875 0.17670439453125 0.8237240234375 0.17561240234375 0.82356806640625 0.17101044921875 0.8230220703125 0.1611046875
0 0.9140818359375 0.11501591796875 0.9170005859375 0.16220234375 0.91083876953125 0.16641826171875 0.9110009765625 0.17825546875 0.88521865234375 0.1785796875 0.88408359375 0.16933701171875 0.88165126953125 0.1617158203125 0.878083984375 0.1573376953125 0.88067841796875 0.13560927734375 0.87986767578125 0.13252841796875 0.87921904296875 0.11566455078125 0.8848943359375 0.11371865234375 0.9140818359375 0.11550234375 0.9140818359375 0.11501591796875
0 0.777294921875 0.275615234375 0.75958935546875 0.2757888671875 0.76248671875 0.2161865234375 0.7631076171875 0.2161865234375 0.776142578125 0.2160546875 0.777294921875 0.275615234375
0 0.794052734375 0.275458984375 0.777783203125 0.275615234375 0.776630859375 0.216044921875 0.793505859375 0.215869140625 0.794052734375 0.275458984375
0 0.8079791015625 0.27533203125 0.794541015625 0.275458984375 0.793994140625 0.215869140625 0.8079791015625 0.21572265625 0.8079791015625 0.27533203125
0 0.82477939453125 0.27516796875 0.8084673828125 0.275322265625 0.8084673828125 0.21572265625 0.82312373046875 0.21556572265625 0.82477939453125 0.27516796875
0 0.85944736328125 0.34914697265625 0.83981474609375 0.34927626953125 0.83957998046875 0.2908115234375 0.85705517578125 0.29012685546875 0.85944736328125 0.34914697265625
0 0.8389453125 0.3506640625 0.823857421875 0.350576171875 0.82515654296875 0.29246279296875 0.83957998046875 0.2908115234375 0.8389453125 0.3506640625
0 0.82365048828125 0.352405078125 0.80645078125 0.35433603515625 0.80617490234375 0.2924689453125 0.82456845703125 0.291897265625 0.82365048828125 0.352405078125
0 0.82406669921875 0.21323505859375 0.85033544921875 0.2121 0.85309208984375 0.2121 0.85487578125 0.220694140625 0.85552431640625 0.266096875 0.8527677734375 0.26933984375 0.82682333984375 0.2683669921875 0.82422890625 0.26755625 0.8234181640625 0.21372158203125 0.82406669921875 0.21323505859375
0 0.859416015625 0.263178125 0.857956640625 0.2625294921875 0.857956640625 0.25280029296875 0.8688208984375 0.2521517578125 0.86930732421875 0.24453056640625 0.897359765625 0.2448548828125 0.897359765625 0.2714478515625 0.874009765625 0.271934375 0.86784794921875 0.271934375 0.86768583984375 0.26301591796875 0.859416015625 0.263178125
0 0.19948994140625 0.3550677734375 0.160662890625 0.35850146484375 0.1569650390625 0.360350390625 0.15009775390625 0.3529546875 0.14986328125 0.33681640625 0.198876953125 0.33388671875 0.19948994140625 0.3550677734375
0 0.198857421875 0.3333984375 0.14986328125 0.336328125 0.149560546875 0.31533203125 0.19828125 0.313486328125 0.198857421875 0.3333984375
0 0.198271484375 0.312998046875 0.14955078125 0.31484375 0.149248046875 0.29337890625 0.197646484375 0.29142578125 0.198271484375 0.312998046875
0 0.19479453125 0.2742291015625 0.197138671875 0.27396484375 0.197626953125 0.2909375 0.14923828125 0.292890625 0.14892578125 0.2710546875 0.1947265625 0.269931640625 0.19479453125 0.2742291015625
0 0.194716796875 0.269443359375 0.14892578125 0.27056640625 0.148623046875 0.24970703125 0.19435546875 0.24765625 0.194716796875 0.269443359375
0 0.19435546875 0.24716796875 0.14861328125 0.24921875 0.148310546875 0.227763671875 0.194013671875 0.226318359375 0.19435546875 0.24716796875
0 0.195673828125 0.223115234375 0.19395849609375 0.2232322265625 0.19400390625 0.225830078125 0.14830078125 0.227275390625 0.14798466796875 0.20477802734375 0.147109375 0.20482421875 0.14755859375 0.20126953125 0.19499970703125 0.1997595703125 0.195673828125 0.223115234375
0 0.15612724609375 0.3701896484375 0.1623357421875 0.372880078125 0.1633705078125 0.39916298828125 0.1577828125 0.39667958984375 0.15385068359375 0.4004046875 0.1368806640625 0.407648046875 0.12529130859375 0.40226728515625 0.0959041015625 0.40578544921875 0.082866015625 0.39254052734375 0.082080078125 0.379912109375 0.09373447265625 0.378910546875 0.09913212890625 0.3737205078125 0.10211787109375 0.37292431640625 0.1057501953125 0.37373154296875 0.11143701171875 0.37689091796875 0.115234375 0.37435546875 0.1151505859375 0.374742578125 0.1296373046875 0.3691548828125 0.146400390625 0.36770625 0.15612724609375 0.3701896484375
0 0.09734736328125 0.35946552734375 0.1260546875 0.3587890625 0.1163923828125 0.36232548828125 0.11680625 0.36729228515625 0.115390625 0.373671875 0.11141396484375 0.37631943359375 0.105925390625 0.37327021484375 0.10210732421875 0.37242177734375 0.0988845703125 0.37328125 0.09352060546875 0.3784388671875 0.08205078125 0.379423828125 0.0807421875 0.358349609375 0.09734736328125 0.35946552734375
0 0.1292234375 0.3538404296875 0.12720703125 0.35828125 0.09735810546875 0.35897685546875 0.080703125 0.3578515625 0.079541015625 0.339111328125 0.12857421875 0.336572265625 0.1292234375 0.3538404296875
0 0.1285546875 0.336083984375 0.07951171875 0.338623046875 0.078291015625 0.318974609375 0.127744140625 0.314404296875 0.1285546875 0.336083984375
0 0.127724609375 0.313916015625 0.07826171875 0.318486328125 0.076796875 0.2948828125 0.1269921875 0.294501953125 0.127724609375 0.313916015625
0 0.12697265625 0.294013671875 0.076767578125 0.29439453125 0.07556640625 0.275146484375 0.12619140625 0.273232421875 0.12697265625 0.294013671875
0 0.126171875 0.272744140625 0.075537109375 0.274658203125 0.074560546875 0.2590234375 0.08562021484375 0.254946875 0.097403515625 0.2528796875 0.10318291015625 0.251434765625 0.12533203125 0.2504296875 0.126171875 0.272744140625
0 0.1253125 0.24994140625 0.1031119140625 0.25094921875 0.097301953125 0.2524017578125 0.08549267578125 0.25447353515625 0.07453125 0.258515625 0.0728125 0.230927734375 0.124580078125 0.230556640625 0.1253125 0.24994140625
0 0.12384267578125 0.204627734375 0.12363564453125 0.20545556640625 0.124560546875 0.230068359375 0.072783203125 0.230439453125 0.07148369140625 0.20959462890625 0.0988013671875 0.20793896484375 0.1039751953125 0.19883310546875 0.1234287109375 0.19883310546875 0.12384267578125 0.204627734375
0 0.16523310546875 0.37143134765625 0.17289033203125 0.37143134765625 0.17558076171875 0.36584365234375 0.17951279296875 0.36232548828125 0.183444921875 0.36129072265625 0.19048125 0.362532421875 0.1927578125 0.3660505859375 0.193585546875 0.37619130859375 0.19255078125 0.380951171875 0.1927578125 0.3834345703125 0.19751767578125 0.3819859375 0.20062197265625 0.38488330078125 0.2002080078125 0.39150576171875 0.2002080078125 0.39916298828125 0.1786849609375 0.40164638671875 0.1633705078125 0.39916298828125 0.16378447265625 0.3701896484375 0.16523310546875 0.37143134765625
0 0.2922265625 0.203525390625 0.291884765625 0.226689453125 0.28195419921875 0.2286341796875 0.281747265625 0.2319455078125 0.26270771484375 0.23215244140625 0.26167294921875 0.23008291015625 0.2618798828125 0.2267716796875 0.25380869140625 0.22801337890625 0.24677236328125 0.22946201171875 0.235625 0.23005859375 0.23556640625 0.20318359375 0.2922265625 0.203525390625
0 0.33638271484375 0.20379990234375 0.343212109375 0.2056625 0.34859287109375 0.20773203125 0.35583623046875 0.20773203125 0.35480146484375 0.214975390625 0.355849609375 0.214814453125 0.354345703125 0.22892578125 0.3539736328125 0.2296689453125 0.34466083984375 0.2307037109375 0.31858486328125 0.22904814453125 0.31775703125 0.22594384765625 0.3111345703125 0.2247021484375 0.31072060546875 0.22801337890625 0.30720244140625 0.22946201171875 0.2925087890625 0.22656474609375 0.292373046875 0.226591796875 0.29271484375 0.20353515625 0.33638271484375 0.20379990234375
0 0.35894052734375 0.2257369140625 0.3566640625 0.22635771484375 0.35494140625 0.227880859375 0.35634765625 0.21474609375 0.35894052734375 0.2143544921875 0.35894052734375 0.2257369140625
0 0.20365234375 0.22546875 0.2040634765625 0.22778525390625 0.20631181640625 0.22901962890625 0.2081107421875 0.22947978515625 0.2101919921875 0.23035400390625 0.212939453125 0.23095498046875 0.214169921875 0.230537109375 0.21566904296875 0.231265625 0.21770185546875 0.23215498046875 0.21795595703125 0.2584544921875 0.2170666015625 0.264298828125 0.211222265625 0.264298828125 0.2008041015625 0.26277421875 0.19661142578125 0.26188486328125 0.19534091796875 0.26366357421875 0.19508681640625 0.2360935546875 0.194959765625 0.22859755859375 0.1957220703125 0.2251671875 0.201748046875 0.224755859375 0.20365234375 0.22546875
0 0.20393310546875 0.20466142578125 0.20393310546875 0.20310673828125 0.2342490234375 0.20310673828125 0.23519912109375 0.20466142578125 0.23554462890625 0.2287587890625 0.2349400390625 0.22936337890625 0.2317443359375 0.22944970703125 0.22483466796875 0.22849970703125 0.22474833984375 0.22936337890625 0.22163896484375 0.2307453125 0.21326103515625 0.229881640625 0.2081107421875 0.22947978515625 0.20557412109375 0.2276359375 0.2046240234375 0.22590859375 0.2030693359375 0.223490234375 0.20393310546875 0.20466142578125
0 0.290464453125 0.23692548828125 0.30842021484375 0.2362072265625 0.30913837890625 0.23692548828125 0.30949755859375 0.23979833984375 0.30931796875 0.2421326171875 0.3193732421875 0.2426712890625 0.3188345703125 0.23584814453125 0.3349947265625 0.23495029296875 0.3360720703125 0.23746416015625 0.33786767578125 0.2383619140625 0.33894501953125 0.23584814453125 0.35690078125 0.23495029296875 0.35815771484375 0.252187890625 0.35815771484375 0.2550607421875 0.35348916015625 0.25524033203125 0.35115498046875 0.2518287109375 0.35115498046875 0.25811328125 0.3428953125 0.25990888671875 0.2906439453125 0.26116572265625 0.2901052734375 0.23872099609375 0.290464453125 0.23692548828125
0 0.303392578125 0.27319609375 0.32835107421875 0.2757099609375 0.32763291015625 0.26367958984375 0.34576826171875 0.26278173828125 0.3452294921875 0.274812109375 0.344511328125 0.2794806640625 0.34109970703125 0.28181494140625 0.3398427734375 0.28630380859375 0.346666015625 0.28504697265625 0.34756376953125 0.28738115234375 0.35007763671875 0.2902541015625 0.34917978515625 0.30785078125 0.34702509765625 0.30982587890625 0.3342765625 0.307312109375 0.33032626953125 0.30533701171875 0.30087880859375 0.30605517578125 0.2949533203125 0.3037208984375 0.2949533203125 0.2907927734375 0.298005859375 0.2880994140625 0.30249482421875 0.27391435546875 0.303392578125 0.27319609375
0 0.35456650390625 0.33586181640625 0.35510517578125 0.3644115234375 0.35277099609375 0.36620703125 0.334580078125 0.36564453125 0.33279296875 0.332451171875 0.35169365234375 0.33227060546875 0.35456650390625 0.33586181640625
0 0.334091796875 0.365634765625 0.313017578125 0.36498046875 0.313486328125 0.332626953125 0.332294921875 0.332451171875 0.334091796875 0.365634765625
0 0.312529296875 0.3649609375 0.294773828125 0.3644115234375 0.2917212890625 0.36207724609375 0.2922599609375 0.33334794921875 0.29423515625 0.33280927734375 0.312998046875 0.33263671875 0.312529296875 0.3649609375
0 0.39499609375 0.21195234375 0.3949779296875 0.2098021484375 0.3941337890625 0.20670703125 0.39861171875 0.20562041015625 0.4465537109375 0.20741591796875 0.45014482421875 0.21046845703125 0.44943759765625 0.2578537109375 0.44790166015625 0.2709046875 0.43212099609375 0.272910546875 0.4254751953125 0.26970224609375 0.4176560546875 0.26843603515625 0.411860546875 0.2680470703125 0.409964453125 0.2712701171875 0.3964189453125 0.2704462890625 0.39725146484375 0.24639541015625 0.41098115234375 0.247432421875 0.41126689453125 0.23395224609375 0.39522529296875 0.23303564453125 0.39499609375 0.23028564453125 0.39499609375 0.21195234375
0 0.48275361328125 0.28060302734375 0.512298046875 0.28060302734375 0.512157421875 0.30494208984375 0.509484375 0.3052234375 0.48584873046875 0.304238671875 0.48120595703125 0.30311318359375 0.4788142578125 0.3012841796875 0.4797265625 0.295791015625 0.480750390625 0.29523681640625 0.48037109375 0.280322265625 0.48275361328125 0.28060302734375
0 0.4802546875 0.2949509765625 0.479833984375 0.295185546875 0.48008046875 0.29368701171875 0.4778294921875 0.295656640625 0.47163916015625 0.29579736328125 0.47087900390625 0.29579736328125 0.47070322265625 0.2836609375 0.4799609375 0.283525390625 0.4802546875 0.2949509765625
0 0.47332744140625 0.2611880859375 0.4730859375 0.2771875 0.47012568359375 0.2774234375 0.47039072265625 0.29579736328125 0.45672626953125 0.29579736328125 0.45222421875 0.29453115234375 0.45222421875 0.26175078125 0.45208349609375 0.2596404296875 0.47192060546875 0.2596404296875 0.47332744140625 0.2611880859375
0 0.4821908203125 0.232065625 0.4803619140625 0.23220625 0.479236328125 0.20969619140625 0.51483046875 0.2099775390625 0.51497119140625 0.2134947265625 0.51497119140625 0.21898154296875 0.51286083984375 0.22967392578125 0.51145400390625 0.23445732421875 0.4852859375 0.233050390625 0.4821908203125 0.232065625
0 0.4526462890625 0.2405068359375 0.45123935546875 0.2403662109375 0.453068359375 0.2064603515625 0.4778294921875 0.20716376953125 0.47628193359375 0.24275791015625 0.47332744140625 0.2438833984375 0.45588212890625 0.24233583984375 0.4526462890625 0.2405068359375
0 0.514521484375 0.188037109375 0.513986328125 0.2004107421875 0.51286083984375 0.20322451171875 0.50934365234375 0.20575693359375 0.4840197265625 0.20547548828125 0.48259765625 0.205244140625 0.480546875 0.18193359375 0.48078388671875 0.1821212890625 0.4865521484375 0.18409091796875 0.49063212890625 0.1839501953125 0.49599609375 0.174970703125 0.514521484375 0.188037109375
0 0.513986328125 0.132176953125 0.5142677734375 0.13203623046875 0.51581533203125 0.14497958984375 0.51511181640625 0.15581259765625 0.51539326171875 0.16467587890625 0.51468974609375 0.18423154296875 0.51455078125 0.1874609375 0.496240234375 0.17455078125 0.49625966796875 0.17452412109375 0.48697265625 0.165322265625 0.5126953125 0.131064453125 0.513986328125 0.132176953125
0 0.47501572265625 0.17761923828125 0.48001953125 0.1815234375 0.482099609375 0.20515625 0.46952890625 0.2030837890625 0.4613689453125 0.2030837890625 0.4526462890625 0.20491279296875 0.447862890625 0.20406865234375 0.445048828125 0.203876953125 0.462314453125 0.17044921875 0.47501572265625 0.17761923828125
0 0.49119482421875 0.11248056640625 0.51232421875 0.1307421875 0.48662109375 0.16498046875 0.46587099609375 0.144416796875 0.4553193359375 0.1413216796875 0.44814423828125 0.1361162109375 0.4778294921875 0.099115234375 0.48345703125 0.0970048828125 0.49119482421875 0.11248056640625
0 0.44110986328125 0.15848564453125 0.461884765625 0.17021484375 0.44451171875 0.203837890625 0.4395623046875 0.203505859375 0.4309802734375 0.19984794921875 0.42549345703125 0.19506455078125 0.4226796875 0.1978783203125 0.41930322265625 0.2004107421875 0.41212802734375 0.19759697265625 0.4100177734375 0.19323564453125 0.40720400390625 0.1918287109375 0.404853515625 0.192119140625 0.429482421875 0.153037109375 0.44110986328125 0.15848564453125
0 0.39805927734375 0.12851904296875 0.4087515625 0.13850791015625 0.4231017578125 0.1500443359375 0.429033203125 0.152822265625 0.40421875 0.192197265625 0.39932548828125 0.19281357421875 0.3952455078125 0.18803017578125 0.3927130859375 0.18465361328125 0.39285380859375 0.18071435546875 0.38764833984375 0.17536826171875 0.38413115234375 0.1717103515625 0.3844125 0.16805244140625 0.3796291015625 0.1629876953125 0.37583046875 0.1577822265625 0.374765625 0.156533203125 0.391341015625 0.13122919921875 0.397490234375 0.127314453125 0.39805927734375 0.12851904296875
0 0.3891958984375 0.11754541015625 0.39412001953125 0.12148466796875 0.39651171875 0.125283203125 0.397275390625 0.126875 0.39099013671875 0.13087373046875 0.374443359375 0.156142578125 0.3710470703125 0.1521546875 0.366123046875 0.14849677734375 0.36204306640625 0.14202509765625 0.3623244140625 0.128800390625 0.36288720703125 0.128659765625 0.37723740234375 0.1109330078125 0.3891958984375 0.11754541015625
0 0.401275 0.27488173828125 0.401275 0.27259482421875 0.41042265625 0.2729759765625 0.41207431640625 0.27030791015625 0.42325478515625 0.2704349609375 0.427193359375 0.2734841796875 0.43545166015625 0.27386533203125 0.44104189453125 0.27386533203125 0.442439453125 0.279328515625 0.442439453125 0.28402939453125 0.44091484375 0.28707861328125 0.44091484375 0.3009271484375 0.4243982421875 0.3009271484375 0.4243982421875 0.3034681640625 0.42249248046875 0.29851318359375 0.41537763671875 0.296607421875 0.41537763671875 0.3004189453125 0.41334482421875 0.30207060546875 0.4015291015625 0.30105419921875 0.401275 0.2968615234375 0.401275 0.2892384765625 0.40114794921875 0.28352119140625 0.401275 0.27488173828125
0 0.39514755859375 0.3045802734375 0.39514755859375 0.3040720703125 0.39883203125 0.30216630859375 0.41166416015625 0.30292861328125 0.42055771484375 0.30470732421875 0.4265291015625 0.3040720703125 0.43351689453125 0.306358984375 0.4336439453125 0.30877294921875 0.43354833984375 0.32856875 0.43309404296875 0.33051630859375 0.43148408203125 0.336851171875 0.41916015625 0.3376134765625 0.40759853515625 0.33697822265625 0.39679921875 0.33697822265625 0.39476640625 0.33443720703125 0.39514755859375 0.3045802734375
0 0.44291708984375 0.33745126953125 0.44291708984375 0.33635927734375 0.45633271484375 0.33581328125 0.45765869140625 0.3568728515625 0.45539677734375 0.35702880859375 0.44291708984375 0.356716796875 0.44291708984375 0.33745126953125
0 0.4005640625 0.3467330078125 0.40009609375 0.3438470703125 0.4011880859375 0.33877724609375 0.433947265625 0.33830927734375 0.4343373046875 0.343301171875 0.433947265625 0.35819873046875 0.43207529296875 0.36709052734375 0.40446396484375 0.36685654296875 0.4018900390625 0.3640486328125 0.40072001953125 0.36053876953125 0.4005640625 0.3467330078125
2 0.8645298828125 0.91849462890625 0.864783984375 0.91569951171875 0.8670708984375 0.91544541015625 0.90861650390625 0.93170791015625 0.91103046875 0.93310546875 0.913571484375 0.93513828125 0.90099345703125 0.96715517578125 0.89311630859375 0.97986025390625 0.87634560546875 0.9749052734375 0.8652921875 0.9738888671875 0.8630052734375 0.98087666015625 0.84191484375 0.975667578125 0.84712392578125 0.95699111328125 0.85474697265625 0.9348841796875 0.85855849609375 0.93475712890625 0.8645298828125 0.91849462890625
2 0.73379462890625 0.92433896484375 0.73561982421875 0.920519140625 0.7371130859375 0.9202205078125 0.74119453125 0.91663681640625 0.731140234375 0.8951345703125 0.7283529296875 0.89155078125 0.72934833984375 0.88667294921875 0.753140234375 0.87671826171875 0.7566244140625 0.87671826171875 0.765185546875 0.88886298828125 0.76389140625 0.89403955078125 0.75652490234375 0.89612998046875 0.75144794921875 0.89712548828125 0.74925791015625 0.89603046875 0.74985517578125 0.898519140625 0.75254296875 0.90369560546875 0.75682353515625 0.900410546875 0.76389140625 0.89742412109375 0.768968359375 0.90190380859375 0.77374658203125 0.91106220703125 0.77633486328125 0.920021484375 0.77285068359375 0.93425673828125 0.77165615234375 0.938238671875 0.76558369140625 0.94441064453125 0.77445087890625 0.96436005859375 0.76504912109375 0.968552734375 0.75259814453125 0.97401591796875 0.7451021484375 0.9545771484375 0.740782421875 0.95470419921875 0.73658974609375 0.96054853515625 0.7323970703125 0.956355859375 0.72337646484375 0.9616919921875 0.71791328125 0.95216318359375 0.7085115234375 0.93374072265625 0.710290234375 0.93005625 0.71448291015625 0.923449609375 0.7278232421875 0.9158265625 0.73379462890625 0.92433896484375
2 0.79425341796875 0.92201240234375 0.7953484375 0.92101689453125 0.82322177734375 0.91753271484375 0.8256109375 0.919324609375 0.8256109375 0.923804296875 0.82979189453125 0.92798525390625 0.83128515625 0.92270927734375 0.834470703125 0.920021484375 0.84681455078125 0.92101689453125 0.8485068359375 0.92629296875 0.84342998046875 0.94839248046875 0.83984619140625 0.962826953125 0.8346697265625 0.96710751953125 0.82322177734375 0.96581337890625 0.81983720703125 0.9612341796875 0.81615390625 0.95854638671875 0.8082896484375 0.9529716796875 0.8038099609375 0.95476357421875 0.79495029296875 0.9555599609375 0.794751171875 0.95127939453125 0.79236201171875 0.9454060546875 0.78917646484375 0.94560517578125 0.78638916015625 0.93395810546875 0.792162890625 0.93395810546875 0.79704072265625 0.931867578125 0.79425341796875 0.92201240234375
2 0.896882421875 0.9990083984375 0.8970484375 0.997767578125 0.89933798828125 0.9880119140625 0.9068041015625 0.97964990234375 0.9092927734375 0.9728806640625 0.9129759765625 0.9659123046875 0.92731083984375 0.95416572265625 0.93398056640625 0.96362275390625 0.9356728515625 0.96710693359375 0.93646923828125 0.96949609375 0.94035166015625 0.9716861328125 0.95448740234375 0.979550390625 0.95120234375 0.9874146484375 0.9451298828125 0.99637392578125 0.94065029296875 0.99448251953125 0.93762939453125 0.99900771484375 0.896882421875 0.9990083984375
0 0.78093583984375 0.2826146484375 0.79465732421875 0.2849015625 0.80532958984375 0.28960244140625 0.80532958984375 0.289475390625 0.80558291015625 0.29128056640625 0.80575693359375 0.33829716796875 0.80100986328125 0.3476646484375 0.77712431640625 0.3456318359375 0.77026357421875 0.33711943359375 0.76187822265625 0.33508662109375 0.7569232421875 0.3283529296875 0.7574314453125 0.31374208984375 0.7645462890625 0.3054837890625 0.76975537109375 0.3054837890625 0.7655626953125 0.29976650390625 0.75857490234375 0.298623046875 0.76111591796875 0.28388515625 0.76467333984375 0.27981953125 0.78093583984375 0.2826146484375
2 0.2305046875 0.83061650390625 0.2310673828125 0.82935029296875 0.28818681640625 0.82949091796875 0.28804619140625 0.8595982421875 0.2561099609375 0.86241201171875 0.24105625 0.85833203125 0.23894599609375 0.85945751953125 0.22895712890625 0.86072373046875 0.2305046875 0.83061650390625
0 0.23974013671875 0.0537205078125 0.24370205078125 0.0658705078125 0.2378912109375 0.08541611328125 0.21517607421875 0.0859443359375 0.199677734375 0.083154296875 0.222578125 0.0434765625 0.23974013671875 0.0537205078125
0 0.222158203125 0.043232421875 0.199169921875 0.083056640625 0.184931640625 0.080498046875 0.207998046875 0.03478515625 0.222158203125 0.043232421875
0 0.207578125 0.03453125 0.18443359375 0.080400390625 0.16974580078125 0.07775634765625 0.1642578125 0.07421875 0.196259765625 0.027783203125 0.207578125 0.03453125
0 0.19583984375 0.027529296875 0.16384765625 0.073955078125 0.150283203125 0.0651953125 0.177744140625 0.01673828125 0.19583984375 0.027529296875
0 0.17732421875 0.016494140625 0.149873046875 0.064921875 0.132607421875 0.053779296875 0.1640625 0.008583984375 0.17732421875 0.016494140625
0 0.163642578125 0.008330078125 0.132197265625 0.053515625 0.12352314453125 0.04790966796875 0.120353515625 0.03945751953125 0.12017578125 0.03359375 0.12844990234375 0.0280140625 0.14429677734375 0.006092578125 0.15171875 0.001220703125 0.163642578125 0.008330078125
0 0.15125 0.000947265625 0.1439537109375 0.00573369140625 0.12810498046875 0.02765771484375 0.120166015625 0.033017578125 0.1192970703125 0.00380009765625 0.12035107421875 8.7890625e-06 0.1496873046875 9.27734375e-06 0.15125 0.000947265625
0 0.28384970703125 0.03787275390625 0.27671826171875 0.04711728515625 0.26905849609375 0.0526640625 0.24125 0.0428125 0.2651171875 0.007353515625 0.28384970703125 0.03787275390625
0 0.26484375 0.00689453125 0.240771484375 0.04263671875 0.2355140625 0.04077822265625 0.22838251953125 0.03021298828125 0.220888671875 0.02455078125 0.24023857421875 1.044921875e-05 0.260612890625 1.064453125e-05 0.26484375 0.00689453125
0 0.220498046875 0.0242578125 0.209697265625 0.01609375 0.21774072265625 1.015625e-05 0.2396109375 1.044921875e-05 0.220498046875 0.0242578125
0 0.209306640625 0.015791015625 0.198466796875 0.00759765625 0.20393974609375 9.9609375e-06 0.21719658203125 1.015625e-05 0.209306640625 0.015791015625
0 0.198076171875 0.0073046875 0.1948380859375 0.00485654296875 0.1871783203125 0.0059130859375 0.1795310546875 9.66796875e-06 0.20333857421875 9.9609375e-06 0.198076171875 0.0073046875
0 0.31316796875 1.11328125e-05 0.31290400390625 0.0288923828125 0.3094703125 0.03760869140625 0.3010181640625 0.04315537109375 0.28781162109375 0.04024990234375 0.28596279296875 0.03391083984375 0.280151953125 0.02228916015625 0.27671826171875 0.01304462890625 0.27143994140625 1.07421875e-05 0.31316796875 1.11328125e-05
0 0.37338466796875 1.15234375e-05 0.36388095703125 0.02228916015625 0.3551646484375 0.0426271484375 0.3475048828125 0.0426271484375 0.33720390625 0.04077822265625 0.33060068359375 0.0344390625 0.3290158203125 0.01938369140625 0.326638671875 0.0135728515625 0.33270859375 1.123046875e-05 0.37338466796875 1.15234375e-05
0 0.471887109375 1.181640625e-05 0.41617861328125 0.0288923828125 0.39901015625 0.04157060546875 0.3979537109375 0.05081513671875 0.3810494140625 0.05794658203125 0.37550263671875 0.051343359375 0.363616796875 0.041834765625 0.3612396484375 0.0349673828125 0.3720689453125 0.01383701171875 0.37550263671875 0.00538486328125 0.390262109375 1.162109375e-05 0.471887109375 1.181640625e-05
0 0.403065625 0.0535712890625 0.414448046875 0.0463279296875 0.430797265625 0.03804990234375 0.43928232421875 0.0372220703125 0.44073095703125 0.04218896484375 0.44590478515625 0.04570712890625 0.4537689453125 0.06019375 0.45418291015625 0.07033447265625 0.44797431640625 0.0802681640625 0.43866142578125 0.0813029296875 0.42893466796875 0.0802681640625 0.4096880859375 0.08068203125 0.3989265625 0.07675 0.3989265625 0.0649537109375 0.40223779296875 0.0577103515625 0.403065625 0.0535712890625
0 0.4016169921875 0.1111041015625 0.40037529296875 0.10613720703125 0.40513515625 0.0926853515625 0.41092978515625 0.092064453125 0.42376083984375 0.0924783203125 0.42748603515625 0.0966173828125 0.43265986328125 0.09785908203125 0.43659189453125 0.0955826171875 0.4446630859375 0.09330615234375 0.44797431640625 0.09785908203125 0.4516994140625 0.10820673828125 0.453355078125 0.1121388671875 0.445076953125 0.12662548828125 0.43762666015625 0.13490361328125 0.42955556640625 0.1326271484375 0.4200357421875 0.1274533203125 0.41341328125 0.12310732421875 0.40534208984375 0.11855439453125 0.4016169921875 0.1111041015625
0 0.48941728515625 0.0833873046875 0.51444638671875 0.0833873046875 0.5145734375 0.0945677734375 0.5143193359375 0.09698173828125 0.51152412109375 0.09774404296875 0.489290234375 0.0981251953125 0.48687626953125 0.09825224609375 0.48763857421875 0.0838955078125 0.48941728515625 0.0833873046875
0 0.5997345703125 0.173466796875 0.5997345703125 0.17781279296875 0.591042578125 0.179675390625 0.554205078125 0.17988232421875 0.5541015625 0.162099609375 0.5995703125 0.161923828125 0.5997345703125 0.173466796875
0 0.5995703125 0.161435546875 0.554091796875 0.161611328125 0.55399814453125 0.1453212890625 0.55710234375 0.14387265625 0.599320703125 0.14366572265625 0.5995703125 0.161435546875
0 0.5551771484375 0.0438984375 0.5749869140625 0.04204951171875 0.60536181640625 0.04416259765625 0.60456943359375 0.06555703125 0.60641826171875 0.11468515625 0.60615419921875 0.137928515625 0.60483349609375 0.14056982421875 0.59162705078125 0.13977744140625 0.576043359375 0.14215458984375 0.55174345703125 0.13977744140625 0.5472533203125 0.113100390625 0.54989462890625 0.0869515625 0.55068701171875 0.04653974609375 0.5551771484375 0.0438984375
0 0.6135498046875 0.0539353515625 0.62385087890625 0.04970927734375 0.63098232421875 0.04204951171875 0.65396162109375 0.04284189453125 0.6597724609375 0.05208642578125 0.6597724609375 0.08985703125 0.65792353515625 0.0985732421875 0.65475400390625 0.10332763671875 0.6489431640625 0.10332763671875 0.6383779296875 0.10279931640625 0.6196248046875 0.10253525390625 0.61539873046875 0.09593193359375 0.60721064453125 0.08721572265625 0.606682421875 0.07189619140625 0.609851953125 0.05578427734375 0.6135498046875 0.0539353515625
0 0.66875283203125 0.045219140625 0.71259833984375 0.045219140625 0.717352734375 0.045483203125 0.71471142578125 0.13740029296875 0.71497548828125 0.1463806640625 0.708372265625 0.14796552734375 0.65026376953125 0.14506005859375 0.6552822265625 0.111515625 0.66162138671875 0.093290625 0.66109306640625 0.04574736328125 0.66875283203125 0.045219140625
0 0.56706298828125 0.19815009765625 0.58924990234375 0.1978859375 0.591362890625 0.2092435546875 0.5905705078125 0.226940234375 0.59004228515625 0.2324869140625 0.5781564453125 0.23512822265625 0.5689119140625 0.236184765625 0.56019560546875 0.2287890625 0.5596673828125 0.21373369140625 0.56495 0.1986783203125 0.56706298828125 0.19815009765625
0 0.80848310546875 0.119583984375 0.8229697265625 0.11627275390625 0.82938525390625 0.11585888671875 0.83207568359375 0.123723046875 0.8424232421875 0.11854921875 0.84697626953125 0.11937705078125 0.85049443359375 0.125792578125 0.86642978515625 0.11689365234375 0.86953408203125 0.115651953125 0.873880078125 0.1160658203125 0.87863994140625 0.1284830078125 0.8794677734375 0.1375888671875 0.87594951171875 0.142141796875 0.86994794921875 0.1458669921875 0.8608419921875 0.14917822265625 0.85608212890625 0.14710869140625 0.8527708984375 0.14524609375 0.84283720703125 0.148350390625 0.82793662109375 0.1487642578125 0.82628095703125 0.13841669921875 0.81614033203125 0.14338349609375 0.80330927734375 0.1437974609375 0.8035162109375 0.129931640625 0.804137109375 0.12061875 0.80848310546875 0.119583984375
0 0.12035263671875 8.7890625e-06 0.11741044921875 0.0268787109375 0.07808955078125 0.02605087890625 0.07871015625 8.10546875e-06 0.12035263671875 8.7890625e-06
0 0.07808955078125 0.0299830078125 0.07850341796875 0.02625791015625 0.11492705078125 0.029569140625 0.1155478515625 0.05854248046875 0.07995205078125 0.058128515625 0.07808955078125 0.05750771484375 0.07808955078125 0.0299830078125
0 0.078296484375 0.06247451171875 0.07788251953125 0.05999111328125 0.07498525390625 0.05833544921875 0.1147201171875 0.0608189453125 0.11430615234375 0.07365 0.1147201171875 0.07592646484375 0.1124435546875 0.07675419921875 0.07746865234375 0.07592646484375 0.07891728515625 0.06495791015625 0.078296484375 0.06247451171875
0 0.116650390625 0.143134765625 0.11596181640625 0.16036298828125 0.0797451171875 0.1570517578125 0.080390625 0.14048828125 0.116650390625 0.143134765625
0 0.117373046875 0.125146484375 0.116669921875 0.142646484375 0.08041015625 0.14 0.0810546875 0.123369140625 0.117373046875 0.125146484375
0 0.117392578125 0.124658203125 0.08107421875 0.122880859375 0.0816015625 0.109169921875 0.118046875 0.10822265625 0.117392578125 0.124658203125
0 0.11806640625 0.107734375 0.081201171875 0.108701171875 0.07788251953125 0.1059345703125 0.0777734375 0.091611328125 0.11875 0.090732421875 0.11806640625 0.107734375
0 0.11876953125 0.090244140625 0.0777734375 0.091123046875 0.0776755859375 0.07903076171875 0.119273046875 0.07778896484375 0.11876953125 0.090244140625
0 0.0757529296875 8.0078125e-06 0.07491181640625 0.01723662109375 0.03159462890625 0.0151236328125 0.03251455078125 7.2265625e-06 0.0757529296875 8.0078125e-06
0 0.0181240234375 0.02965068359375 0.0165392578125 0.02251923828125 0.054309765625 0.02014208984375 0.052725 0.0600255859375 0.0273685546875 0.06240283203125 0.01865224609375 0.0616103515625 0.0181240234375 0.02965068359375
0 0.06797666015625 0.0937142578125 0.0625958984375 0.09806025390625 0.048447265625 0.097998046875 0.049677734375 0.06201171875 0.0708740234375 0.06122275390625 0.06797666015625 0.0937142578125
0 0.047958984375 0.097998046875 0.03228515625 0.0979296875 0.032900390625 0.062626953125 0.049189453125 0.062021484375 0.047958984375 0.097998046875
0 0.031796875 0.097919921875 0.01623857421875 0.0978533203125 0.01644560546875 0.06577568359375 0.014996875 0.06329228515625 0.032412109375 0.062646484375 0.031796875 0.097919921875
0 0.07025322265625 0.1582833984375 0.0872232421875 0.15952509765625 0.0892927734375 0.17028662109375 0.07873818359375 0.16925185546875 0.07418525390625 0.1725630859375 0.07480615234375 0.18870537109375 0.046867578125 0.1911888671875 0.0433494140625 0.1624224609375 0.0412798828125 0.15849033203125 0.037958984375 0.15779296875 0.070166015625 0.155703125 0.07025322265625 0.1582833984375
0 0.07015625 0.15521484375 0.036181640625 0.157412109375 0.02948359375 0.15600693359375 0.029296875 0.14099609375 0.069658203125 0.14017578125 0.07015625 0.15521484375
0 0.069150390625 0.1244921875 0.0696484375 0.139697265625 0.029287109375 0.1405078125 0.0290625 0.122958984375 0.069150390625 0.1244921875
0 0.069130859375 0.12400390625 0.029052734375 0.122470703125 0.0288626953125 0.10778701171875 0.02617236328125 0.10364794921875 0.068390625 0.10116455078125 0.069130859375 0.12400390625
0 0.018974609375 0.1281640625 0.01830810546875 0.12827529296875 0.01934287109375 0.1558 0.0206228515625 0.16107177734375 -0.0 0.16325029296875 -0.0 0.125712890625 0.018974609375 0.1281640625
0 0.02348193359375 0.10261318359375 0.0257583984375 0.1061314453125 0.02720712890625 0.11647900390625 0.02555146484375 0.12703359375 0.019853515625 0.1280078125 0.01988583984375 0.12778525390625 -0.0 0.12521484375 -0.0 0.10240625 0.02348193359375 0.10261318359375
0 0.01127177734375 0.1675962890625 0.04355634765625 0.1665615234375 0.04562587890625 0.18932626953125 0.0400380859375 0.19243056640625 0.010030078125 0.193672265625 0.0083744140625 0.17421875 0.01127177734375 0.1675962890625
0 -0.0 0.16780322265625 0.00485625 0.169044921875 0.00609794921875 0.169044921875 0.00713271484375 0.191602734375 -0.0 0.19284443359375 -0.0 0.16780322265625
0 0.022451171875 0.242705078125 -0.0 0.2428236328125 -0.0 0.2157625 0.023818359375 0.215078125 0.022451171875 0.242705078125
0 0.04654296875 0.242587890625 0.02294921875 0.242705078125 0.024306640625 0.215068359375 0.048115234375 0.214384765625 0.04654296875 0.242587890625
0 0.07080234375 0.24245751953125 0.04703125 0.242578125 0.048603515625 0.214375 0.0699916015625 0.21375654296875 0.07080234375 0.24245751953125
0 0.0730724609375 0.2471599609375 0.07420751953125 0.2729421875 0.02134580078125 0.2734287109375 0.02264296875 0.2471599609375 0.0730724609375 0.2471599609375
0 -0.0 0.24786875 0.0187513671875 0.24991650390625 0.01923779296875 0.27261787109375 -0.0 0.2683734375 -0.0 0.24786875
0 -0.0 0.27154296875 0.01946015625 0.27551826171875 0.01818125 0.29939150390625 -0.0 0.30046630859375 -0.0 0.27154296875
0 -0.0 0.3159494140625 0.0772884765625 0.31493974609375 0.07777490234375 0.3554779296875 -0.0 0.35908701171875 -0.0 0.3159494140625
0 -0.0 0.02630400390625 0.009617578125 0.025476171875 0.011687109375 0.03044296875 0.01230791015625 0.06148583984375 -0.0 0.0629345703125 -0.0 0.02630400390625
0 0.0249302734375 7.03125e-06 0.02120693359375 0.01450771484375 0.017895703125 0.01947451171875 -0.0 0.0207162109375 -0.0 6.54296875e-06 0.0249302734375 7.03125e-06
0 0.11840498046875 0.1181783203125 0.16672646484375 0.094017578125 0.16915869140625 0.09482841796875 0.19104931640625 0.13309638671875 0.18715771484375 0.1399068359375 0.12424248046875 0.17687763671875 0.11596181640625 0.16036298828125 0.11889140625 0.12142138671875 0.11840498046875 0.1181783203125
0 0.181279296875 0.199912109375 0.17840146484375 0.2000654296875 0.1372958984375 0.20150654296875 0.14921396484375 0.1796341796875 0.1503490234375 0.1781748046875 0.165146484375 0.170341796875 0.181279296875 0.199912109375
0 0.1994140625 0.198310546875 0.19688681640625 0.19909248046875 0.181767578125 0.199892578125 0.181811328125 0.19986396484375 0.165576171875 0.1701171875 0.1724017578125 0.1664998046875 0.180078125 0.163974609375 0.1994140625 0.198310546875
0 0.227158203125 0.1897265625 0.199892578125 0.1981640625 0.180556640625 0.163818359375 0.20045419921875 0.15725712890625 0.20748046875 0.1531640625 0.227158203125 0.1897265625
0 0.252666015625 0.17732421875 0.233046875 0.18790400390625 0.22763671875 0.189580078125 0.207900390625 0.152919921875 0.2191017578125 0.14639287109375 0.230029296875 0.13765625 0.252666015625 0.17732421875
0 0.263984375 0.159912109375 0.25380234375 0.1767154296875 0.253095703125 0.177099609375 0.23041015625 0.13734375 0.243154296875 0.1271484375 0.263984375 0.159912109375
0 0.28120615234375 0.13147490234375 0.2642578125 0.159443359375 0.24353515625 0.126845703125 0.26207216796875 0.1120166015625 0.28120615234375 0.13147490234375
0 0.263855859375 0.184823046875 0.30293466796875 0.18368798828125 0.30747490234375 0.18433662109375 0.30666416015625 0.20120048828125 0.30666416015625 0.2028220703125 0.2601263671875 0.20265986328125 0.26336943359375 0.1867689453125 0.263855859375 0.184823046875
0 0.3420734375 0.18554580078125 0.34518134765625 0.18832646484375 0.35485751953125 0.18668642578125 0.369912109375 0.185 0.3731466796875 0.2028220703125 0.3702279296875 0.2065515625 0.34859287109375 0.20773203125 0.34622939453125 0.20492998046875 0.33893251953125 0.2029841796875 0.3277439453125 0.20265986328125 0.32787109375 0.18431640625 0.3420734375 0.18554580078125
0 0.35869140625 0.1544140625 0.36617412109375 0.16439189453125 0.36982421875 0.184521484375 0.354789453125 0.186202734375 0.345331640625 0.18780576171875 0.342277734375 0.18507333984375 0.327880859375 0.183828125 0.32810546875 0.15220703125 0.35869140625 0.1544140625
0 0.35206689453125 0.131961328125 0.35514775390625 0.14850087890625 0.35790439453125 0.15336552734375 0.35830078125 0.153896484375 0.32810546875 0.151708984375 0.32823046875 0.1340693359375 0.32887900390625 0.1311505859375 0.35206689453125 0.131961328125
2 0.66598828125 0.94528583984375 0.6695056640625 0.9504021484375 0.67163017578125 0.9559583984375 0.67542236328125 0.958596484375 0.67920146484375 0.96117314453125 0.68142578125 0.957580078125 0.68314853515625 0.95601396484375 0.68478544921875 0.95541865234375 0.68780048828125 0.95700556640625 0.6901712890625 0.95751357421875 0.6948787109375 0.955832421875 0.69651376953125 0.95190810546875 0.70051845703125 0.9491849609375 0.70484375 0.945498046875 0.70620771484375 0.94736904296875 0.71431533203125 0.95126064453125 0.71382880859375 0.95807109375 0.70782919921875 0.9632599609375 0.7156125 0.97298916015625 0.72534169921875 0.97850234375 0.7277740234375 0.98271826171875 0.72323369140625 0.99212314453125 0.71564052734375 0.99901083984375 0.659013671875 0.999011328125 0.66031845703125 0.99066376953125 0.66226435546875 0.98142109375 0.65561611328125 0.97688076171875 0.65123798828125 0.95612529296875 0.661591796875 0.942919921875 0.66598828125 0.94528583984375
2 0.6899923828125 0.93520751953125 0.69826220703125 0.93650478515625 0.70455078125 0.945107421875 0.700221875 0.94879619140625 0.6961189453125 0.9515861328125 0.69451103515625 0.95544521484375 0.690137890625 0.95700703125 0.68796845703125 0.9565421875 0.6848216796875 0.9548859375 0.6828912109375 0.95558798828125 0.68104658203125 0.95726484375 0.6790548828125 0.9604822265625 0.67569931640625 0.9581943359375 0.67203251953125 0.95564345703125 0.669941015625 0.9501734375 0.66632373046875 0.9449119140625 0.66189453125 0.942529296875 0.66242646484375 0.941855859375 0.66518310546875 0.91980302734375 0.6794525390625 0.91445205078125 0.6899923828125 0.93520751953125
0 0.998585546875 0.17926845703125 0.97568583984375 0.18125380859375 0.96433515625 0.18011875 0.96287578125 0.1587146484375 0.95444384765625 0.16066044921875 0.95590322265625 0.1413642578125 0.96320009765625 0.13860771484375 0.9619029296875 0.11558203125 0.99858564453125 0.11573818359375 0.998585546875 0.17926845703125
0 0.526394140625 1.181640625e-05 0.5194232421875 0.00490283203125 0.51421416015625 0.008333203125 0.51345185546875 0.0182431640625 0.51167314453125 0.02294404296875 0.509005078125 0.02624736328125 0.50341484375 0.02624736328125 0.49998447265625 0.02497685546875 0.49388603515625 0.01405048828125 0.49337783203125 0.00795205078125 0.49693525390625 0.00680859375 0.4980787109375 0.00464873046875 0.502767578125 1.181640625e-05 0.526394140625 1.181640625e-05
0 0.66403701171875 0.1531591796875 0.66350869140625 0.15051787109375 0.689129296875 0.15078193359375 0.69256298828125 0.1563287109375 0.7028640625 0.152630859375 0.7115802734375 0.1550080078125 0.7129009765625 0.1719123046875 0.67629658203125 0.1742611328125 0.67196083984375 0.1787796875 0.6730173828125 0.1750818359375 0.6659955078125 0.17478935546875 0.65716962890625 0.1734970703125 0.65188701171875 0.16451669921875 0.66350869140625 0.16081884765625 0.66403701171875 0.1531591796875
0 0.61328544921875 1.15234375e-05 0.614632421875 0.01090546875 0.58665283203125 0.00955712890625 0.58698955078125 1.171875e-05 0.61328544921875 1.15234375e-05
0 0.71508935546875 0.0001181640625 0.71374091796875 0.00922001953125 0.6985712890625 0.00652314453125 0.6989083984375 0.01596201171875 0.68542421875 0.015625 0.682053125 0.00888291015625 0.6756482421875 0.0115796875 0.6738013671875 0.0115796875 0.67361328125 5.859375e-05 0.71508935546875 0.0001181640625
0 0.673125 5.859375e-05 0.6733130859375 0.0115796875 0.636544140625 0.0115796875 0.6375544921875 1.142578125e-05 0.644462890625 1.142578125e-05 0.673125 5.859375e-05
0 0.99858583984375 0.01298701171875 0.966475390625 0.012194140625 0.96357802734375 0.0152984375 0.9546791015625 0.01384970703125 0.95323125 7.421875e-06 0.99858583984375 6.4453125e-06 0.99858583984375 0.01298701171875
2 0.9556322265625 0.99900732421875 0.96721640625 0.9896263671875 0.97092451171875 0.9906376953125 0.9759810546875 0.97715361328125 0.9800263671875 0.97445673828125 0.99249912109375 0.97445673828125 0.9985669921875 0.97681650390625 0.99858583984375 0.976785546875 0.99858583984375 0.9990064453125 0.9556322265625 0.99900732421875
0 -0.0 0.0773728515625 0.01403310546875 0.07706201171875 0.014965625 0.09477890625 -0.0 0.0954005859375 -0.0 0.0773728515625
