2 0.83109560546875 0.8821943359375 0.81621181640625 0.87685146484375 0.820028125 0.86502080078125 0.83472109375 0.869600390625 0.83109560546875 0.8821943359375
3 0.76276044921875 0.5450419921875 0.74596416015625 0.54975009765625 0.74315263671875 0.54061279296875 0.7600138671875 0.53521435546875 0.76276044921875 0.5450419921875
3 0.77597685546875 0.35416767578125 0.764730859375 0.35135615234375 0.76765947265625 0.339055859375 0.77878837890625 0.3418673828125 0.77597685546875 0.35416767578125
2 0.722834765625 0.33788525390625 0.711940234375 0.33472236328125 0.7168603515625 0.31785341796875 0.7276376953125 0.32171923828125 0.722834765625 0.33788525390625
2 0.7276376953125 0.32171923828125 0.7168603515625 0.31785341796875 0.7200232421875 0.3103560546875 0.73080068359375 0.3146904296875 0.7276376953125 0.32171923828125
3 0.48800390625 0.89014248046875 0.47818271484375 0.8808720703125 0.48304736328125 0.87591552734375 0.4924095703125 0.88454345703125 0.48800390625 0.89014248046875
1 0.41585751953125 0.88442431640625 0.4058599609375 0.877953515625 0.411640234375 0.86901806640625 0.422417578125 0.876046875 0.41585751953125 0.88442431640625
3 0.37609140625 0.86607451171875 0.36765693359375 0.86082763671875 0.37351416015625 0.84967412109375 0.38241728515625 0.854828515625 0.37609140625 0.86607451171875
3 0.3933208984375 0.76562626953125 0.3843501953125 0.75501103515625 0.39466640625 0.74723642578125 0.40348759765625 0.7569546875 0.3933208984375 0.76562626953125
3 0.3621607421875 0.711330859375 0.34136162109375 0.70121748046875 0.3455595703125 0.69053173828125 0.36654951171875 0.7008359375 0.3621607421875 0.711330859375
3 0.53558408203125 0.45000703125 0.52241123046875 0.4456642578125 0.5292328125 0.4257990234375 0.54283828125 0.430882421875 0.53558408203125 0.45000703125
3 0.61635224609375 0.27122060546875 0.60783017578125 0.2619509765625 0.619791015625 0.25223271484375 0.62771513671875 0.261651953125 0.61635224609375 0.27122060546875
3 0.8448259765625 0.07361025390625 0.849634765625 0.064884765625 0.8590294921875 0.06987255859375 0.85409560546875 0.07929169921875 0.8448259765625 0.07361025390625
3 0.2188583984375 0.3153978515625 0.220194140625 0.29975087890625 0.232215625 0.30127734375 0.2308798828125 0.3184509765625 0.218667578125 0.3176876953125 0.2188583984375 0.3153978515625
2 0.1607365234375 0.4993421875 0.16149970703125 0.48235947265625 0.1742845703125 0.48312275390625 0.17333046875 0.5002962890625 0.1607365234375 0.4993421875
2 0.2756107421875 0.62387958984375 0.2790455078125 0.60766005859375 0.2903037109375 0.60956826171875 0.28667822265625 0.62597861328125 0.2756107421875 0.62387958984375
