3 0.74552939453125 0.05508466796875 0.759053125 0.053337890625 0.76153251953125 0.06708701171875 0.74795244140625 0.0683830078125 0.7455265625 0.0561982421875 0.74563037109375 0.05547177734375 0.74552939453125 0.05508466796875
3 0.71329775390625 0.047918359375 0.72561591796875 0.044298046875 0.72742607421875 0.0495078125 0.72883896484375 0.0553798828125 0.71652080078125 0.0604130859375 0.71316533203125 0.04831572265625 0.71329775390625 0.047918359375
3 0.7543548828125 0.08056025390625 0.76063740234375 0.0787373046875 0.762232421875 0.083945703125 0.75731708984375 0.08847041015625 0.7542572265625 0.080820703125 0.7543548828125 0.08056025390625
3 0.72012919921875 0.06867841796875 0.7272255859375 0.06623701171875 0.72882060546875 0.06936201171875 0.73077373046875 0.07336591796875 0.72406806640625 0.0757748046875 0.7228310546875 0.07486337890625 0.71993388671875 0.0689388671875 0.72012919921875 0.06867841796875
3 0.6555302734375 0.04511171875 0.66386357421875 0.03749453125 0.6693974609375 0.04351669921875 0.66936484375 0.04452578125 0.66077109375 0.0525662109375 0.6555953125 0.04537216796875 0.6555302734375 0.04511171875
3 0.66786591796875 0.02992216796875 0.67274873046875 0.02533232421875 0.67834765625 0.02595078125 0.6827421875 0.03119169921875 0.6827748046875 0.0350328125 0.6785623046875 0.0407126953125 0.671661328125 0.041363671875 0.6677224609375 0.0370994140625 0.6677224609375 0.030133203125 0.66786591796875 0.02992216796875
3 0.4306537109375 0.06119775390625 0.4477435546875 0.06578759765625 0.44546484375 0.0783201171875 0.44429296875 0.0783201171875 0.4273333984375 0.07399072265625 0.4304583984375 0.0613279296875 0.4306537109375 0.06119775390625
3 0.39502529296875 0.22550888671875 0.4029189453125 0.21425 0.40383291015625 0.214582421875 0.41388701171875 0.221562109375 0.405785546875 0.23402578125 0.395021484375 0.22594892578125 0.39502529296875 0.22550888671875
3 0.4768951171875 0.27428779296875 0.4826283203125 0.26656025390625 0.49505048828125 0.2744955078125 0.4877384765625 0.28529736328125 0.47672890625 0.277362109375 0.47681201171875 0.27486943359375 0.4768951171875 0.27428779296875
1 0.594763671875 0.912251953125 0.605482421875 0.91216884765625 0.60570654296875 0.93232021484375 0.59301123046875 0.9318970703125 0.5945771484375 0.91244765625 0.594763671875 0.912251953125
1 0.42645400390625 0.99167451171875 0.44331630859375 0.9712115234375 0.4522158203125 0.97884765625 0.4515794921875 0.98340771484375 0.43886533203125 0.99900341796875 0.43664951171875 0.99900341796875 0.42645556640625 0.99176484375 0.42645400390625 0.99167451171875
3 2.6953125e-05 0.8783634765625 0.00713486328125 0.8784982421875 0.00875908203125 0.895551953125 2.6953125e-05 0.8961591796875 2.6953125e-05 0.8783634765625
2 0.07763505859375 0.83022822265625 0.08453779296875 0.82413759765625 0.08440244140625 0.82217509765625 0.09401201171875 0.8131068359375 0.103486328125 0.822107421875 0.08785380859375 0.8395671875 0.0779734375 0.83043125 0.07763505859375 0.83022822265625
3 0.050565234375 0.81130673828125 0.058670703125 0.8023548828125 0.0637814453125 0.8056751953125 0.0662228515625 0.80824677734375 0.05641748046875 0.8181771484375 0.0505642578125 0.811658984375 0.050565234375 0.81130673828125
3 2.705078125e-05 0.7617376953125 0.003991796875 0.7602685546875 0.01201943359375 0.77394443359375 2.705078125e-05 0.78158125 2.705078125e-05 0.7617376953125
1 0.10614287109375 0.7186734375 0.11913115234375 0.7103400390625 0.12641689453125 0.72095732421875 0.1130548828125 0.7296001953125 0.106051953125 0.71878271484375 0.10614287109375 0.7186734375
3 0.13443994140625 0.69686279296875 0.14430234375 0.68981064453125 0.151513671875 0.69903681640625 0.1419693359375 0.70704345703125 0.13454599609375 0.6971279296875 0.13443994140625 0.69686279296875
3 0.1670021484375 0.73007333984375 0.16804384765625 0.72421396484375 0.1759271484375 0.717398828125 0.18390615234375 0.72661474609375 0.1733267578125 0.73638037109375 0.167239453125 0.72996767578125 0.1670021484375 0.73007333984375
1 0.2213140625 0.678587890625 0.231908203125 0.6823685546875 0.22513623046875 0.70160419921875 0.21325419921875 0.6973666015625 0.22077392578125 0.67871259765625 0.2213140625 0.678587890625
3 0.24323193359375 0.69094453125 0.25066865234375 0.69343720703125 0.2472203125 0.7042806640625 0.23862041015625 0.7019541015625 0.2427333984375 0.6912353515625 0.24323193359375 0.69094453125
2 0.21933828125 0.61786962890625 0.22994306640625 0.62073291015625 0.2286705078125 0.6290576171875 0.22368623046875 0.641041015625 0.21292236328125 0.63759453125 0.21859599609375 0.61824072265625 0.21933828125 0.61786962890625
3 0.44350546875 0.50261259765625 0.4539271484375 0.506469921875 0.4489919921875 0.520426171875 0.43858359375 0.5160462890625 0.44025615234375 0.50958828125 0.442878515625 0.5035326171875 0.44350546875 0.50261259765625
1 0.4982716796875 0.474487109375 0.5092400390625 0.45725478515625 0.522283984375 0.4651552734375 0.51808623046875 0.47220654296875 0.51702568359375 0.47321396484375 0.51395029296875 0.4726837890625 0.51182939453125 0.4739033203125 0.513101953125 0.475441015625 0.509814453125 0.48164482421875 0.498544921875 0.47448427734375 0.4982716796875 0.474487109375
3 0.64870283203125 0.1146640625 0.66365556640625 0.10967978515625 0.667208203125 0.119383203125 0.65188427734375 0.12526884765625 0.6486498046875 0.11492919921875 0.64870283203125 0.1146640625
3 0.50596806640625 0.5361029296875 0.51465107421875 0.53614443359375 0.51411103515625 0.5447859375 0.50555263671875 0.5443705078125 0.50592646484375 0.5363521484375 0.50596806640625 0.5361029296875
3 0.5046326171875 0.4941494140625 0.51032431640625 0.48779287109375 0.5170546875 0.49348466796875 0.5166392578125 0.495146484375 0.5116953125 0.50087978515625 0.504591015625 0.4947310546875 0.5046326171875 0.4941494140625
3 0.44621064453125 0.411755859375 0.45785048828125 0.40180791015625 0.46434716796875 0.408169140625 0.4650916015625 0.411214453125 0.464685546875 0.4129740234375 0.45466982421875 0.4211625 0.4462783203125 0.4121619140625 0.44621064453125 0.411755859375
3 0.09858779296875 0.81107841796875 0.10039951171875 0.8002083984375 0.11398701171875 0.8015671875 0.1099107421875 0.8151546875 0.09858779296875 0.81107841796875
2 0.1094578125 0.822854296875 0.11625166015625 0.82828935546875 0.10809912109375 0.8387064453125 0.10085244140625 0.83463017578125 0.1094578125 0.822854296875
3 0.75785810546875 2.63671875e-06 0.7538828125 0.00469150390625 0.748881640625 2.63671875e-06 0.75785810546875 2.63671875e-06
