0 0.3042361328125 0.84356171875 0.33949697265625 0.8430931640625 0.34851708984375 0.84051591796875 0.35671728515625 0.8354787109375 0.36550322265625 0.8283328125 0.3725658203125 0.8178607421875 0.37597529296875 0.79667294921875 0.3757318359375 0.7879056640625 0.37646240234375 0.7637955078125 0.38474267578125 0.76306484375 0.38449912109375 0.72604716796875 0.53733818359375 0.729748046875 0.53090361328125 0.88096064453125 0.4449142578125 0.87979072265625 0.4215158203125 0.90611396484375 0.41478876953125 0.9075763671875 0.4121564453125 0.959637890625 0.385540625 0.95993037109375 0.38700302734375 0.9508634765625 0.38173837890625 0.9508634765625 0.382030859375 0.9461837890625 0.3115072265625 0.94742080078125 0.3115072265625 0.92542080078125 0.29867392578125 0.92565 0.2970697265625 0.88646259765625 0.303715625 0.8862333984375 0.3042361328125 0.84356171875
0 0.5019583984375 0.6818326171875 0.52097470703125 0.68217099609375 0.52083935546875 0.69753291015625 0.52652392578125 0.69766826171875 0.52679462890625 0.68217099609375 0.5421564453125 0.68271240234375 0.5426978515625 0.7281212890625 0.52580009765625 0.72782451171875 0.52596630859375 0.7105 0.5208146484375 0.71054150390625 0.52048232421875 0.7274505859375 0.5028669921875 0.72707666015625 0.5019583984375 0.6818326171875
0 0.5030095703125 0.659517578125 0.5440150390625 0.66030693359375 0.546632421875 0.66234267578125 0.546383203125 0.6787947265625 0.5020955078125 0.67900244140625 0.5030095703125 0.659517578125
0 0.6724314453125 0.87859853515625 0.68484892578125 0.87836416015625 0.685200390625 0.88679873046875 0.69199482421875 0.88621298828125 0.6911748046875 0.87145263671875 0.70382646484375 0.8716869140625 0.70722373046875 0.87414697265625 0.7074580078125 0.9098763671875 0.6878947265625 0.91022783203125 0.68754326171875 0.91456220703125 0.67278291015625 0.91385927734375 0.6724314453125 0.87859853515625
0 0.7143294921875 0.87354794921875 0.72897265625 0.87425078125 0.72979267578125 0.87893662109375 0.73869580078125 0.87963955078125 0.7426787109375 0.87893662109375 0.74291298828125 0.8803423828125 0.7493560546875 0.88104521484375 0.74853603515625 0.90634873046875 0.71468095703125 0.90634873046875 0.7143294921875 0.87354794921875
0 0.75302529296875 0.87344658203125 0.7709486328125 0.8741494140625 0.770362890625 0.885746875 0.7872318359375 0.885746875 0.78664609375 0.91971904296875 0.75466533203125 0.91913330078125 0.75302529296875 0.87344658203125
0 0.7907869140625 0.88088564453125 0.8082263671875 0.8796005859375 0.809603125 0.88813681640625 0.8252068359375 0.88776962890625 0.8250595703125 0.9117669921875 0.79145146484375 0.911036328125 0.7907869140625 0.88088564453125
0 0.80300654296875 0.9128853515625 0.816407421875 0.91361962890625 0.81585673828125 0.9263779296875 0.80172158203125 0.9264697265625 0.80300654296875 0.9128853515625
0 0.8299654296875 0.88968515625 0.8403373046875 0.889042578125 0.84070439453125 0.89335654296875 0.84309091796875 0.893173046875 0.84254013671875 0.889134375 0.85116806640625 0.88849189453125 0.85181064453125 0.89197978515625 0.85318740234375 0.89170439453125 0.8564 0.88821650390625 0.8642935546875 0.88895078125 0.86585400390625 0.89555947265625 0.86759794921875 0.8959265625 0.8684240234375 0.90446279296875 0.86585400390625 0.90455458984375 0.86585400390625 0.913549609375 0.83235185546875 0.91272353515625 0.83235185546875 0.90024052734375 0.8296900390625 0.90051591796875 0.8299654296875 0.88968515625
0 0.86404833984375 0.872940625 0.8719419921875 0.86119189453125 0.8824056640625 0.86862666015625 0.8860771484375 0.86523056640625 0.8822220703125 0.8605494140625 0.8898404296875 0.85164609375 0.91572421875 0.87514345703125 0.9087484375 0.88312890625 0.912328125 0.88670859375 0.90048759765625 0.89955869140625 0.86404833984375 0.872940625
0 0.874421875 0.8237759765625 0.87957626953125 0.82178447265625 0.87676484375 0.81147568359375 0.8784048828125 0.8107728515625 0.87641337890625 0.80491552734375 0.888713671875 0.80128408203125 0.892930859375 0.81147568359375 0.89503955078125 0.81112431640625 0.89281376953125 0.80268974609375 0.90476259765625 0.79636396484375 0.9165943359375 0.82729033203125 0.90733984375 0.829867578125 0.90534833984375 0.8265875 0.8958595703125 0.8304533203125 0.8964453125 0.83560771484375 0.88789365234375 0.838536328125 0.8849650390625 0.83057041015625 0.87793623046875 0.8336162109375 0.874421875 0.8237759765625
0 0.84585009765625 0.76560029296875 0.8759564453125 0.78610078125 0.8629533203125 0.8097642578125 0.84631865234375 0.798283984375 0.84198427734375 0.8030869140625 0.8335498046875 0.79734677734375 0.8390556640625 0.79090380859375 0.83308125 0.78703798828125 0.84585009765625 0.76560029296875
0 0.7925310546875 0.76790771484375 0.82208642578125 0.76781591796875 0.8257578125 0.7716708984375 0.82529892578125 0.79186396484375 0.8153859375 0.79232294921875 0.81455986328125 0.78690751953125 0.808685546875 0.787458203125 0.80785947265625 0.794617578125 0.79335712890625 0.79434228515625 0.7925310546875 0.76790771484375
0 0.79079296875 0.79888955078125 0.7857587890625 0.79917724609375 0.7855900390625 0.81352392578125 0.7663173828125 0.81428720703125 0.76536328125 0.8020748046875 0.7542958984375 0.80150234375 0.754105078125 0.78127568359375 0.7646 0.78032158203125 0.7647908203125 0.78413798828125 0.769561328125 0.78432880859375 0.769561328125 0.7780318359375 0.783109375 0.7772685546875 0.7829185546875 0.77020830078125 0.78940634765625 0.77039912109375 0.79079296875 0.79888955078125
0 0.71392509765625 0.7703544921875 0.74808154296875 0.77169013671875 0.74674580078125 0.814242578125 0.73338857421875 0.81309765625 0.73281611328125 0.80050361328125 0.71297099609375 0.7993587890625 0.71392509765625 0.7703544921875
0 0.6732216796875 0.780476171875 0.7062634765625 0.77957919921875 0.70671201171875 0.811275390625 0.69490068359375 0.8127705078125 0.693555078125 0.80544453125 0.6738197265625 0.806042578125 0.6732216796875 0.780476171875
0 0.67156064453125 0.69942548828125 0.685913671875 0.6992759765625 0.68636220703125 0.71318046875 0.69174453125 0.71332998046875 0.69159501953125 0.70630302734375 0.7049015625 0.70630302734375 0.705948046875 0.74263408203125 0.6905484375 0.74323212890625 0.6898009765625 0.7526513671875 0.67171015625 0.75250185546875 0.67156064453125 0.69942548828125
0 0.95777998046875 0.999008203125 0.9569392578125 0.97001796875 0.9787009765625 0.970235546875 0.98366318359375 0.97268076171875 0.99843828125 0.97181298828125 0.99843828125 0.9861650390625 0.99170927734375 0.98697255859375 0.99184736328125 0.9990076171875 0.95777998046875 0.999008203125
0 0.947176953125 0.96908212890625 0.94435263671875 0.939373046875 0.9936912109375 0.93922353515625 0.995186328125 0.97032177734375 0.97969033203125 0.96998369140625 0.97940859375 0.96818046875 0.95692529296875 0.96812412109375 0.95647451171875 0.9693638671875 0.947176953125 0.96908212890625
0 0.98649599609375 0.9053435546875 0.9865876953125 0.9170921875 0.9935634765625 0.91727578125 0.9936552734375 0.93379736328125 0.9451001953125 0.93480703125 0.94243837890625 0.93030947265625 0.94271376953125 0.90460927734375 0.98640419921875 0.903416015625 0.98649599609375 0.9053435546875
0 0.944097265625 0.8653265625 0.97710869140625 0.865708203125 0.97825361328125 0.878874609375 0.97500966796875 0.8786837890625 0.97539130859375 0.88459912109375 0.98168828125 0.88478994140625 0.98073427734375 0.90024619140625 0.94505126953125 0.89929208984375 0.944097265625 0.8653265625
0 0.9600517578125 0.81647109375 0.96648076171875 0.81751767578125 0.98188037109375 0.82693681640625 0.98815986328125 0.836655078125 0.99234609375 0.83800068359375 0.99638291015625 0.8424859375 0.990551953125 0.85041005859375 0.98217939453125 0.85280224609375 0.97889013671875 0.8587826171875 0.9518287109375 0.8439810546875 0.94554921875 0.83441240234375 0.9600517578125 0.81647109375
0 0.99843798828125 0.83060224609375 0.98216455078125 0.80133623046875 0.9929521484375 0.794791796875 0.99647607421875 0.80061708984375 0.998437890625 0.79983642578125 0.99843798828125 0.83060224609375
0 0.998437890625 0.7718955078125 0.98498623046875 0.76593017578125 0.990920703125 0.74854013671875 0.99124521484375 0.74476279296875 0.99843779296875 0.72909482421875 0.998437890625 0.7718955078125
0 0.98469765625 0.6898462890625 0.99112275390625 0.69966748046875 0.98212763671875 0.70838720703125 0.985156640625 0.7215126953125 0.95137568359375 0.74013125 0.9464013671875 0.731069140625 0.94862548828125 0.7284884765625 0.94045654296875 0.7129765625 0.98469765625 0.6898462890625
0 0.83335712890625 0.71679365234375 0.841205859375 0.71222490234375 0.848703125 0.71445068359375 0.849757421875 0.717496484375 0.8624091796875 0.7146849609375 0.86604072265625 0.7149193359375 0.87494375 0.74115986328125 0.84097158203125 0.75217158203125 0.83335712890625 0.71679365234375
0 0.7542578125 0.70114462890625 0.769059375 0.7021912109375 0.769657421875 0.71265703125 0.7859541015625 0.713853125 0.78520654296875 0.74465224609375 0.75410830078125 0.7465958984375 0.7542578125 0.70114462890625
0 0.792941015625 0.70877421875 0.79961826171875 0.7073685546875 0.8064126953125 0.7093599609375 0.80734990234375 0.72189453125 0.8130900390625 0.72166025390625 0.81320712890625 0.71287431640625 0.8196501953125 0.71182001953125 0.8250388671875 0.71310869140625 0.827850390625 0.72880615234375 0.82597607421875 0.75258671875 0.8086384765625 0.751532421875 0.8096927734375 0.7466123046875 0.7913009765625 0.74801806640625 0.792941015625 0.70877421875
0 0.74899619140625 0.735080859375 0.71535625 0.7364263671875 0.71475830078125 0.733884765625 0.7134126953125 0.7003943359375 0.72836376953125 0.70144091796875 0.72866279296875 0.70293603515625 0.7298587890625 0.70293603515625 0.7304568359375 0.70173994140625 0.736736328125 0.70233798828125 0.736736328125 0.70532822265625 0.74226826171875 0.70607578125 0.74660400390625 0.70353408203125 0.74839814453125 0.70353408203125 0.74899619140625 0.735080859375
0 0.86778330078125 0.70142333984375 0.870325 0.69469541015625 0.87481025390625 0.69050908203125 0.88153828125 0.69439638671875 0.88527607421875 0.68721982421875 0.88931279296875 0.68841591796875 0.89439619140625 0.68527626953125 0.9054599609375 0.69065859375 0.9018716796875 0.69708759765625 0.90351630859375 0.7015728515625 0.89977861328125 0.70889892578125 0.90232021484375 0.71248720703125 0.903366796875 0.71861708984375 0.90381533203125 0.7247470703125 0.89947958984375 0.72758779296875 0.895741796875 0.72743828125 0.89409716796875 0.7283353515625 0.882136328125 0.7163744140625 0.88138876953125 0.71338427734375 0.86778330078125 0.70142333984375
0 0.90479306640625 0.62244677734375 0.9196705078125 0.65149892578125 0.879723828125 0.66813359375 0.87421806640625 0.6534904296875 0.88499541015625 0.6485703125 0.8826525390625 0.64505595703125 0.87082080078125 0.649507421875 0.86554921875 0.63392705078125 0.8934298828125 0.62572685546875 0.90479306640625 0.62244677734375
0 0.83271591796875 0.6103302734375 0.84602236328125 0.5925384765625 0.84961064453125 0.59238896484375 0.853198828125 0.60195771484375 0.85364736328125 0.60225673828125 0.8540958984375 0.5949306640625 0.86202001953125 0.59866845703125 0.86785087890625 0.60076162109375 0.86934599609375 0.60121015625 0.86934599609375 0.6043498046875 0.87218671875 0.607041015625 0.87233623046875 0.6103302734375 0.871588671875 0.6121244140625 0.8733828125 0.6133205078125 0.865159765625 0.62677646484375 0.85723564453125 0.63470048828125 0.847966015625 0.63096279296875 0.84034091796875 0.62318818359375 0.83271591796875 0.6103302734375
0 0.78640712890625 0.59570234375 0.80393837890625 0.59625302734375 0.804213671875 0.589001953125 0.82156142578125 0.58909365234375 0.81954208984375 0.6180982421875 0.8059576171875 0.6180064453125 0.804948046875 0.6393009765625 0.78484677734375 0.6395763671875 0.78640712890625 0.59570234375
0 0.6992189453125 0.6069484375 0.69898466796875 0.6139771484375 0.69746171875 0.61421142578125 0.6969931640625 0.64302919921875 0.68469287109375 0.6424435546875 0.68469287109375 0.638460546875 0.668681640625 0.636923828125 0.668837890625 0.61048828125 0.67532119140625 0.61104853515625 0.6763755859375 0.60647978515625 0.6992189453125 0.6069484375
0 0.7063556640625 0.5990947265625 0.72181884765625 0.59839189453125 0.7222875 0.601671875 0.7413822265625 0.60202333984375 0.74255361328125 0.6252181640625 0.73505634765625 0.62556962890625 0.73552490234375 0.6405642578125 0.7265046875 0.64021279296875 0.725567578125 0.629083984375 0.70705859375 0.62884970703125 0.7063556640625 0.5990947265625
0 0.74770126953125 0.60823740234375 0.7561357421875 0.60765166015625 0.75730712890625 0.6020287109375 0.7701931640625 0.60214580078125 0.77312177734375 0.60823740234375 0.781790625 0.60894033203125 0.78097060546875 0.64420107421875 0.7679673828125 0.64420107421875 0.767498828125 0.63646953125 0.74816982421875 0.63611806640625 0.74770126953125 0.60823740234375
0 0.94408232421875 0.64671337890625 0.960365625 0.645893359375 0.96387998046875 0.6442533203125 0.97571162109375 0.645776171875 0.98238896484375 0.6506962890625 0.981100390625 0.6594822265625 0.98660615234375 0.66006796875 0.9924634765625 0.6665109375 0.9924634765625 0.674125390625 0.98719189453125 0.68490283203125 0.94958818359375 0.68431708984375 0.9477138671875 0.6790455078125 0.94806533203125 0.67318828125 0.94138798828125 0.67283681640625 0.94408232421875 0.64671337890625
0 0.99843779296875 0.6424037109375 0.99336259765625 0.64665029296875 0.987412109375 0.63871630859375 0.98597939453125 0.61947021484375 0.9709263671875 0.614513671875 0.9570666015625 0.62736376953125 0.94348212890625 0.611117578125 0.948622265625 0.60707900390625 0.9466029296875 0.60423359375 0.95807626953125 0.59633994140625 0.971811328125 0.60931650390625 0.986923046875 0.61388515625 0.9984376953125 0.61030244140625 0.99843779296875 0.6424037109375
0 0.66315654296875 0.5315880859375 0.67926484375 0.5324330078125 0.67926484375 0.53872998046875 0.68384443359375 0.53834833984375 0.68632509765625 0.54197392578125 0.68823330078125 0.54159228515625 0.68975986328125 0.5440728515625 0.6952935546875 0.5444544921875 0.6952935546875 0.58509873046875 0.662663671875 0.58509873046875 0.66315654296875 0.5315880859375
0 0.69915107421875 0.53847080078125 0.69891298828125 0.53611923828125 0.70235029296875 0.53611923828125 0.710408203125 0.53634462890625 0.710858984375 0.5455294921875 0.71818427734375 0.5455859375 0.7179025390625 0.5317240234375 0.72004384765625 0.5310478515625 0.726016796875 0.5303716796875 0.73046845703125 0.53144228515625 0.7339056640625 0.53442880859375 0.7350396484375 0.57325791015625 0.69905927734375 0.574267578125 0.69915107421875 0.53847080078125
0 0.73716650390625 0.53183974609375 0.7452400390625 0.530045703125 0.75137001953125 0.53228828125 0.752117578125 0.53782021484375 0.75450966796875 0.537670703125 0.7540611328125 0.528849609375 0.77170341796875 0.52870009765625 0.77155390625 0.56383505859375 0.73821298828125 0.564881640625 0.73716650390625 0.53183974609375
0 0.77439921875 0.534143359375 0.7831330078125 0.53053203125 0.79130205078125 0.53319384765625 0.79166923828125 0.54420830078125 0.795799609375 0.544391796875 0.796075 0.53732431640625 0.80929228515625 0.53658994140625 0.81084541015625 0.575932421875 0.79100029296875 0.57707734375 0.79042783203125 0.56505576171875 0.77497158203125 0.5633384765625 0.77439921875 0.534143359375
0 0.81351982421875 0.53292880859375 0.8247177734375 0.53072587890625 0.83609931640625 0.5332958984375 0.83619111328125 0.53861953125 0.8492248046875 0.538711328125 0.85060166015625 0.566614453125 0.84179013671875 0.56744052734375 0.8420654296875 0.5755177734375 0.826553515625 0.5755177734375 0.8266453125 0.56597197265625 0.813152734375 0.56606376953125 0.81351982421875 0.53292880859375
0 0.8525068359375 0.53580400390625 0.8698712890625 0.5363763671875 0.870825390625 0.53294169921875 0.87788564453125 0.53370498046875 0.8799845703125 0.537712109375 0.8843734375 0.537712109375 0.88647236328125 0.543055078125 0.88685400390625 0.5705328125 0.87654990234375 0.5707236328125 0.87693154296875 0.56404501953125 0.8540333984375 0.565953125 0.8525068359375 0.53580400390625
0 0.88992109375 0.535121875 0.904124609375 0.53557041015625 0.90547021484375 0.539308203125 0.92655126953125 0.541700390625 0.92505615234375 0.56935986328125 0.88992109375 0.56846279296875 0.88992109375 0.535121875
0 0.9292857421875 0.5359525390625 0.9390150390625 0.53668681640625 0.9398412109375 0.541092578125 0.941126171875 0.541184375 0.941034375 0.53521826171875 0.9653853515625 0.5367447265625 0.96385888671875 0.56746640625 0.9533638671875 0.5682296875 0.9526005859375 0.57528994140625 0.9371443359375 0.57490830078125 0.93580859375 0.5672755859375 0.9270310546875 0.5672037109375 0.9292857421875 0.5359525390625
0 0.9668013671875 0.5379693359375 0.9737810546875 0.53381474609375 0.980262109375 0.53539345703125 0.982588671875 0.53784462890625 0.983502734375 0.54756630859375 0.98720029296875 0.54727548828125 0.98749111328125 0.5401296875 0.99152099609375 0.53784462890625 0.9978359375 0.53817705078125 0.9984376953125 0.53861533203125 0.9984376953125 0.57834306640625 0.98397294921875 0.5787240234375 0.967653125 0.57028271484375 0.9668013671875 0.5379693359375
0 0.5777126953125 0.5275154296875 0.5943578125 0.528397265625 0.59479873046875 0.53214521484375 0.61419970703125 0.5337986328125 0.61497138671875 0.559813671875 0.60482998046875 0.5595931640625 0.603837890625 0.567750390625 0.59138154296875 0.56786064453125 0.59138154296875 0.56003408203125 0.5805787109375 0.561026171875 0.57826376953125 0.55838056640625 0.5777126953125 0.5275154296875
0 0.53906962890625 0.5264318359375 0.55472265625 0.5269830078125 0.5543919921875 0.5398802734375 0.56023427734375 0.53977001953125 0.56034453125 0.53216396484375 0.57258037109375 0.5324947265625 0.57346220703125 0.57008408203125 0.56221845703125 0.57085576171875 0.56221845703125 0.5651236328125 0.56243896484375 0.56247802734375 0.56023427734375 0.56027333984375 0.557588671875 0.560934765625 0.557478515625 0.565454296875 0.5387388671875 0.56611572265625 0.53940029296875 0.52819560546875 0.53906962890625 0.5264318359375
0 0.50156376953125 0.52639560546875 0.5137419921875 0.5262228515625 0.517196875 0.5293322265625 0.5176287109375 0.53909208984375 0.5216880859375 0.5384875 0.52272451171875 0.5374509765625 0.5319662109375 0.53762373046875 0.53334814453125 0.56949443359375 0.50104560546875 0.5692353515625 0.50156376953125 0.52639560546875
0 0.46272412109375 0.52696240234375 0.47819990234375 0.5275251953125 0.47960673828125 0.53441884765625 0.4841087890625 0.536669921875 0.48776669921875 0.5355443359375 0.50022724609375 0.53493974609375 0.4991826171875 0.561415625 0.4606587890625 0.56023818359375 0.46272412109375 0.52696240234375
0 0.42375078125 0.53552255859375 0.424828125 0.52995625 0.433985546875 0.52851982421875 0.433985546875 0.52474912109375 0.4408087890625 0.52151708984375 0.450684375 0.526185546875 0.4510435546875 0.53031533203125 0.45625068359375 0.53031533203125 0.45894404296875 0.531572265625 0.4596623046875 0.53318828125 0.45876611328125 0.55071494140625 0.45511826171875 0.55544853515625 0.45457958984375 0.570172265625 0.43357138671875 0.57142919921875 0.432853125 0.5599375 0.42872333984375 0.56011708984375 0.424773046875 0.55652587890625 0.42375078125 0.53552255859375
0 0.38599951171875 0.52467080078125 0.40165263671875 0.5259935546875 0.40253447265625 0.53029267578125 0.42160478515625 0.532387109375 0.422045703125 0.554874609375 0.4200615234375 0.56016572265625 0.384897265625 0.55928388671875 0.38599951171875 0.52467080078125
0 0.34802333984375 0.53416669921875 0.3504484375 0.5340564453125 0.34978701171875 0.52766298828125 0.35761357421875 0.52634013671875 0.3591568359375 0.53372578125 0.35959775390625 0.53383603515625 0.36047958984375 0.5266708984375 0.3834212890625 0.52607919921875 0.38382734375 0.55294560546875 0.3826091796875 0.553283984375 0.3828798828125 0.55795341796875 0.37225517578125 0.55849482421875 0.3712400390625 0.54949423828125 0.36839775390625 0.54976494140625 0.36833017578125 0.5545697265625 0.36765341796875 0.555246484375 0.36751806640625 0.5561939453125 0.3495845703125 0.55605859375 0.34809580078125 0.55294560546875 0.34802333984375 0.53416669921875
0 0.3087646484375 0.52521533203125 0.3262115234375 0.52573359375 0.32595244140625 0.53471611328125 0.32595244140625 0.5373072265625 0.32655703125 0.5373072265625 0.3287162109375 0.53557978515625 0.33001181640625 0.53316142578125 0.3453857421875 0.5333341796875 0.3461873046875 0.5492443359375 0.3379373046875 0.549015234375 0.332208203125 0.558640234375 0.3331248046875 0.56620263671875 0.32854150390625 0.5678068359375 0.325333203125 0.56414013671875 0.325333203125 0.56391103515625 0.31456240234375 0.56528603515625 0.31043740234375 0.5588693359375 0.3087646484375 0.52521533203125
0 0.272480859375 0.524194921875 0.2793041015625 0.52186064453125 0.28756376953125 0.52545185546875 0.28864111328125 0.5283248046875 0.30587861328125 0.5294021484375 0.3062376953125 0.559926953125 0.298516796875 0.560465625 0.2970802734375 0.5563357421875 0.2868455078125 0.5574130859375 0.28594775390625 0.566391015625 0.27050576171875 0.566391015625 0.272480859375 0.524194921875
0 0.23381123046875 0.52519599609375 0.2383001953125 0.52411865234375 0.24763720703125 0.52501640625 0.2485349609375 0.525555078125 0.24817587890625 0.5329169921875 0.25787197265625 0.5339943359375 0.26738857421875 0.5323783203125 0.26972275390625 0.53489208984375 0.27026142578125 0.54081748046875 0.26810673828125 0.54871806640625 0.259667578125 0.55195009765625 0.25787197265625 0.556977734375 0.2576923828125 0.5598505859375 0.25194658203125 0.5641599609375 0.24440517578125 0.564519140625 0.2339908203125 0.563441796875 0.23434990234375 0.55859375 0.23057919921875 0.5555412109375 0.23381123046875 0.52519599609375
0 0.19299560546875 0.53241337890625 0.20392548828125 0.53078291015625 0.2042068359375 0.5231857421875 0.2293900390625 0.5237484375 0.23009345703125 0.52768779296875 0.23093759765625 0.54907236328125 0.22947119140625 0.5493001953125 0.22968330078125 0.557837109375 0.22262265625 0.558987890625 0.22298173828125 0.5679658203125 0.2120287109375 0.56724755859375 0.2120287109375 0.55755146484375 0.19568896484375 0.5577310546875 0.19461162109375 0.55378076171875 0.19299560546875 0.53241337890625
0 0.15677509765625 0.52386123046875 0.17146025390625 0.5244703125 0.17078349609375 0.53340322265625 0.18131923828125 0.53373408203125 0.1836109375 0.5582548828125 0.1554234375 0.55848408203125 0.15677509765625 0.52386123046875
0 0.96896318359375 0.4354126953125 0.9984376953125 0.4358423828125 0.9984376953125 0.43759375 0.99677451171875 0.4569189453125 0.981832421875 0.4570052734375 0.981055078125 0.46875166015625 0.96974052734375 0.4690107421875 0.96896318359375 0.4354126953125
0 0.92857177734375 0.42437255859375 0.96120068359375 0.4248134765625 0.9613109375 0.4686861328125 0.947311328125 0.4697884765625 0.94664990234375 0.46030849609375 0.92724892578125 0.46063916015625 0.92857177734375 0.42437255859375
0 0.88908349609375 0.42590048828125 0.906041796875 0.4247546875 0.906729296875 0.4352962890625 0.92002099609375 0.4350671875 0.92025009765625 0.4552337890625 0.90764599609375 0.4559212890625 0.90787509765625 0.46600458984375 0.89183349609375 0.46600458984375 0.88908349609375 0.42590048828125
0 0.8525763671875 0.435194921875 0.88633330078125 0.43393798828125 0.88735654296875 0.4424240234375 0.887712890625 0.45601357421875 0.8710140625 0.456911328125 0.8685001953125 0.4669666015625 0.85036484375 0.46983955078125 0.8525763671875 0.435194921875
0 0.8173015625 0.4261146484375 0.84531259765625 0.42629423828125 0.84656943359375 0.4672333984375 0.83005009765625 0.4677720703125 0.82987060546875 0.458794140625 0.82627939453125 0.46005107421875 0.826458984375 0.4656173828125 0.8164037109375 0.46651513671875 0.8173015625 0.4261146484375
0 0.81013701171875 0.4253865234375 0.809712890625 0.46626796875 0.7962109375 0.466162109375 0.7962142578125 0.465973046875 0.7941015625 0.4658984375 0.79428291015625 0.45168642578125 0.77901201171875 0.45269384765625 0.77911806640625 0.4250154296875 0.81013701171875 0.4253865234375
0 0.74148974609375 0.42709521484375 0.77099541015625 0.42655380859375 0.7694681640625 0.4666271484375 0.75686396484375 0.4673146484375 0.75548896484375 0.45814794921875 0.74082236328125 0.4556271484375 0.74148974609375 0.42709521484375
0 0.70136416015625 0.4335970703125 0.73185283203125 0.43342431640625 0.72986640625 0.46408583984375 0.7167380859375 0.46460400390625 0.7167380859375 0.4576080078125 0.700500390625 0.45847177734375 0.70136416015625 0.4335970703125
0 0.6609603515625 0.43004521484375 0.69373115234375 0.43142021484375 0.69258525390625 0.46510771484375 0.68639775390625 0.46739931640625 0.6822728515625 0.46785771484375 0.68066865234375 0.4598369140625 0.66210615234375 0.46189931640625 0.6609603515625 0.43004521484375
0 0.57710068359375 0.4320060546875 0.5935611328125 0.43073984375 0.5934205078125 0.43425712890625 0.59553076171875 0.43481982421875 0.59581220703125 0.43918115234375 0.59721904296875 0.44002529296875 0.60115830078125 0.44185419921875 0.60031416015625 0.43313154296875 0.60748935546875 0.43214677734375 0.60861484375 0.439321875 0.61199130859375 0.46520849609375 0.604394140625 0.46661533203125 0.6021431640625 0.4605658203125 0.5934205078125 0.460987890625 0.588777734375 0.4615505859375 0.5786482421875 0.4642236328125 0.57710068359375 0.4320060546875
0 0.66238720703125 0.3654896484375 0.6647021484375 0.3638361328125 0.669001171875 0.3626236328125 0.6750640625 0.3646078125 0.67616630859375 0.37155244140625 0.67748916015625 0.37144228515625 0.68112685546875 0.37122177734375 0.681347265625 0.3598677734375 0.69104775390625 0.357332421875 0.697000390625 0.3604189453125 0.69578779296875 0.397787890625 0.6804654296875 0.39734697265625 0.6793630859375 0.40186650390625 0.66150537109375 0.40175625 0.66040302734375 0.38334736328125 0.66271796875 0.3811427734375 0.66238720703125 0.3654896484375
0 0.580296875 0.35977763671875 0.58845673828125 0.35626044921875 0.59535048828125 0.35794873046875 0.59591328125 0.36132529296875 0.60322900390625 0.36048115234375 0.60801240234375 0.36146591796875 0.61476552734375 0.3628728515625 0.6146248046875 0.3924173828125 0.58057822265625 0.39382421875 0.580296875 0.35977763671875
0 0.70036337890625 0.3598796875 0.7196541015625 0.36098203125 0.7193234375 0.369359765625 0.722740625 0.369359765625 0.722189453125 0.36054111328125 0.7365197265625 0.36098203125 0.7392755859375 0.38854033203125 0.6993712890625 0.38831982421875 0.70036337890625 0.3598796875
0 0.7408908203125 0.3599890625 0.75622587890625 0.3598484375 0.7573513671875 0.37054072265625 0.77353046875 0.36969658203125 0.77550009765625 0.40149208984375 0.768184375 0.402617578125 0.769169140625 0.4082451171875 0.756929296875 0.40922998046875 0.7565072265625 0.40360244140625 0.74201630859375 0.4038837890625 0.7408908203125 0.3599890625
0 0.776778515625 0.35909296875 0.786474609375 0.3587337890625 0.79419560546875 0.362325 0.79491376953125 0.3662751953125 0.80335302734375 0.36591611328125 0.80496904296875 0.36950732421875 0.8121513671875 0.370405078125 0.81179228515625 0.3863857421875 0.80496904296875 0.386565234375 0.8051486328125 0.3966205078125 0.77767626953125 0.3955431640625 0.776778515625 0.35909296875
0 0.81582421875 0.36560810546875 0.8291115234375 0.365428515625 0.82893193359375 0.37332900390625 0.83306181640625 0.37314951171875 0.83360048828125 0.36273515625 0.84168056640625 0.35842578125 0.85083798828125 0.361119140625 0.8494015625 0.4002626953125 0.8339595703125 0.4008013671875 0.8334208984375 0.40529033203125 0.81564462890625 0.40529033203125 0.81582421875 0.36560810546875
0 0.85370712890625 0.362837890625 0.86228916015625 0.36199375 0.864821484375 0.35960205078125 0.878749609375 0.35974267578125 0.88325166015625 0.36396337890625 0.88845712890625 0.36494814453125 0.889160546875 0.3989947265625 0.87143388671875 0.4002609375 0.87143388671875 0.3921009765625 0.85412919921875 0.39224169921875 0.85370712890625 0.362837890625
0 0.9297455078125 0.3622185546875 0.949301171875 0.3622185546875 0.9500046875 0.37417705078125 0.95295908203125 0.37403642578125 0.95366259765625 0.36109306640625 0.96463623046875 0.361796484375 0.96505830078125 0.40611328125 0.94761298828125 0.4065353515625 0.94803505859375 0.40104853515625 0.93030830078125 0.4007671875 0.9297455078125 0.3622185546875
0 0.8922521484375 0.36111015625 0.9209271484375 0.362578515625 0.9232591796875 0.365860546875 0.9242091796875 0.37950703125 0.9233455078125 0.39609013671875 0.8913021484375 0.39678115234375 0.8922521484375 0.36119658203125 0.8922521484375 0.36111015625
0 0.981448046875 0.3609169921875 0.9855279296875 0.36485625 0.986794140625 0.369217578125 0.9962203125 0.3682328125 0.997205078125 0.364012109375 0.99843779296875 0.36320546875 0.9984376953125 0.38586142578125 0.995516796875 0.385678125 0.995376171875 0.40678134765625 0.98313623046875 0.4060779296875 0.98215146484375 0.40115380859375 0.9672384765625 0.40115380859375 0.9669921875 0.366484375 0.9708984375 0.3657421875 0.9715998046875 0.36640380859375 0.97174052734375 0.35993212890625 0.97694599609375 0.35993212890625 0.981448046875 0.3609169921875
0 0.663236328125 0.27402001953125 0.67209970703125 0.27359794921875 0.67224033203125 0.26656357421875 0.67519482421875 0.26529736328125 0.67617958984375 0.2571375 0.682369921875 0.2575595703125 0.68208857421875 0.26881455078125 0.68265126953125 0.26881455078125 0.6833546875 0.2577001953125 0.69784560546875 0.2585443359375 0.6971421875 0.29779638671875 0.68222919921875 0.2975150390625 0.6832140625 0.2923095703125 0.67308447265625 0.29343505859375 0.67181826171875 0.29048056640625 0.663376953125 0.2914654296875 0.663236328125 0.27402001953125
0 0.5405470703125 0.4350279296875 0.55574140625 0.4343244140625 0.5575703125 0.42714931640625 0.5736087890625 0.4272900390625 0.57431220703125 0.4682302734375 0.55911787109375 0.4682302734375 0.55869580078125 0.45838212890625 0.5388587890625 0.4585228515625 0.537451953125 0.44276572265625 0.53998427734375 0.44178095703125 0.5405470703125 0.4350279296875
0 0.383706640625 0.35652353515625 0.39355478515625 0.353709765625 0.399323046875 0.35596083984375 0.40087060546875 0.36215107421875 0.40044853515625 0.36988896484375 0.404528515625 0.3705923828125 0.40607607421875 0.3653869140625 0.40565400390625 0.3618697265625 0.40818642578125 0.36046279296875 0.4153615234375 0.36144765625 0.4171904296875 0.3618697265625 0.41916005859375 0.3635580078125 0.41916005859375 0.379737109375 0.421833203125 0.38086259765625 0.42000419921875 0.39858935546875 0.40551328125 0.397182421875 0.4049505859375 0.40562373046875 0.3828625 0.40520166015625 0.383706640625 0.35652353515625
0 0.422296484375 0.359722265625 0.433325390625 0.3590330078125 0.4379384765625 0.3545259765625 0.44080185546875 0.354419921875 0.44785400390625 0.35537431640625 0.451565625 0.35844970703125 0.45204287109375 0.3594572265625 0.45776943359375 0.3618962890625 0.4592541015625 0.3621083984375 0.45962529296875 0.3764248046875 0.45511826171875 0.37934111328125 0.455065234375 0.38681748046875 0.4506642578125 0.39206689453125 0.4485962890625 0.39132451171875 0.44732373046875 0.3912185546875 0.44652841796875 0.38676455078125 0.43698408203125 0.3891505859375 0.430462109375 0.3885142578125 0.42307802734375 0.38891884765625 0.422296484375 0.359722265625
0 0.50006943359375 0.3581408203125 0.51313193359375 0.3567658203125 0.514277734375 0.360432421875 0.51519443359375 0.36066162109375 0.51588193359375 0.359057421875 0.51954853515625 0.35722412109375 0.52573603515625 0.35791162109375 0.52642353515625 0.36616162109375 0.53879853515625 0.36639072265625 0.536965234375 0.39114072265625 0.503277734375 0.39251572265625 0.50006943359375 0.3581408203125
0 0.54030400390625 0.3583125 0.5478333984375 0.358524609375 0.5497421875 0.3571990234375 0.55880927734375 0.35799443359375 0.5660736328125 0.3576232421875 0.57408017578125 0.36780380859375 0.572913671875 0.37681787109375 0.5609302734375 0.380264453125 0.5597107421875 0.38954365234375 0.53987978515625 0.38901337890625 0.54030400390625 0.3583125
0 0.71211083984375 0.2593912109375 0.7211791015625 0.25993251953125 0.7228708984375 0.26602314453125 0.7362025390625 0.26669990234375 0.73780673828125 0.29827255859375 0.71901513671875 0.29827255859375 0.70114013671875 0.297355859375 0.6995359375 0.26664765625 0.7064109375 0.26664765625 0.71211083984375 0.2593912109375
0 0.74105126953125 0.26705185546875 0.747663671875 0.26705185546875 0.75019599609375 0.26142431640625 0.76848544921875 0.26086162109375 0.770314453125 0.265504296875 0.77453505859375 0.265504296875 0.77397236328125 0.2906875 0.74048857421875 0.2911095703125 0.74105126953125 0.26705185546875
0 0.81589404296875 0.26893603515625 0.84825234375 0.26781044921875 0.849237109375 0.29327509765625 0.816175390625 0.29299365234375 0.81589404296875 0.26893603515625
0 0.7773587890625 0.25745908203125 0.7949447265625 0.25745908203125 0.7949447265625 0.26435283203125 0.7974771484375 0.264212109375 0.7973365234375 0.26013212890625 0.81112392578125 0.2602728515625 0.813515625 0.26350869140625 0.81421904296875 0.3002283203125 0.80493359375 0.30135380859375 0.80465224609375 0.2923498046875 0.778765625 0.2924904296875 0.7773587890625 0.25745908203125
0 0.74135458984375 0.20365859375 0.75176884765625 0.20383818359375 0.75176884765625 0.2067111328125 0.7560783203125 0.20635205078125 0.75733515625 0.19791279296875 0.75948984375 0.1939625 0.77403408203125 0.194501171875 0.7760091796875 0.19899013671875 0.77690703125 0.20222216796875 0.77618876953125 0.20383818359375 0.7749318359375 0.2050951171875 0.77367490234375 0.23867236328125 0.757873828125 0.23849287109375 0.74081591796875 0.23059228515625 0.74243193359375 0.2191005859375 0.745484375 0.2196392578125 0.745484375 0.218382421875 0.743868359375 0.2164072265625 0.74225234375 0.2164072265625 0.74135458984375 0.20365859375
0 0.77971630859375 0.1940740234375 0.79195625 0.195340234375 0.79617685546875 0.202374609375 0.811933984375 0.202233984375 0.8133408203125 0.2070173828125 0.81348154296875 0.20842421875 0.81348154296875 0.21770966796875 0.80658779296875 0.2175689453125 0.8056029296875 0.231075 0.77929423828125 0.2322005859375 0.77577705078125 0.22474404296875 0.77648046875 0.20687666015625 0.7763177734375 0.204793359375 0.77781513671875 0.20316572265625 0.776578125 0.1989990234375 0.776862109375 0.19368193359375 0.77971630859375 0.1940740234375
0 0.70199677734375 0.19336923828125 0.70873369140625 0.191728125 0.71365673828125 0.191728125 0.7177162109375 0.19302373046875 0.71832080078125 0.20623837890625 0.72203466796875 0.205979296875 0.72160283203125 0.198810546875 0.72713056640625 0.19751494140625 0.73239912109375 0.19621943359375 0.737322265625 0.20019248046875 0.73680400390625 0.2335314453125 0.7216892578125 0.23448154296875 0.72194833984375 0.22860830078125 0.71590244140625 0.22774462890625 0.71598876953125 0.23448154296875 0.70061484375 0.2350861328125 0.70199677734375 0.19336923828125
0 0.66271083984375 0.19591865234375 0.67395244140625 0.19511552734375 0.678702734375 0.1942517578125 0.68120751953125 0.19364716796875 0.6853533203125 0.1966701171875 0.68828984375 0.1990021484375 0.69191748046875 0.20047041015625 0.7006408203125 0.21403056640625 0.69960439453125 0.220162890625 0.69718603515625 0.225690625 0.69070830078125 0.22707255859375 0.684921484375 0.2245677734375 0.66522900390625 0.22586337890625 0.66427890625 0.2241359375 0.66272421875 0.2205947265625 0.66271083984375 0.19591865234375
0 0.8152529296875 0.20065439453125 0.81905322265625 0.19745869140625 0.8201759765625 0.1951267578125 0.8233716796875 0.19478125 0.8237171875 0.19650869140625 0.8257037109375 0.19650869140625 0.826135546875 0.19296748046875 0.83261337890625 0.19227646484375 0.83226787109375 0.19374482421875 0.835636328125 0.1935720703125 0.83658642578125 0.1960767578125 0.8497146484375 0.19478125 0.8533421875 0.2015181640625 0.844532421875 0.2086869140625 0.8377091796875 0.20972333984375 0.83883203125 0.22604736328125 0.821298828125 0.22820654296875 0.81542568359375 0.2216423828125 0.81638095703125 0.21721533203125 0.81511142578125 0.2167921875 0.81463681640625 0.203586328125 0.8152529296875 0.20065439453125
0 0.85516767578125 0.194612109375 0.86343525390625 0.1919947265625 0.87037333984375 0.195069140625 0.87145361328125 0.19631552734375 0.8716197265625 0.20715888671875 0.87598203125 0.20686806640625 0.87519267578125 0.20067783203125 0.87764384765625 0.19938984375 0.8802197265625 0.199722265625 0.88464228515625 0.198394140625 0.88877216796875 0.20001015625 0.89092685546875 0.2084494140625 0.890747265625 0.23825595703125 0.8553744140625 0.24023115234375 0.85516767578125 0.194612109375
0 0.8939068359375 0.196639453125 0.90195390625 0.193222265625 0.9090087890625 0.1937734375 0.91033154296875 0.19906455078125 0.9286302734375 0.1980724609375 0.92881884765625 0.23022568359375 0.8934009765625 0.2303701171875 0.892913671875 0.21356494140625 0.894769140625 0.21083056640625 0.8939068359375 0.196639453125
0 0.9298765625 0.19699501953125 0.9473744140625 0.19646484375 0.94753349609375 0.20961474609375 0.9508740234375 0.209773828125 0.95034375 0.20303974609375 0.9570248046875 0.20213837890625 0.96565849609375 0.2030158203125 0.9659509765625 0.20915791015625 0.96624345703125 0.23840595703125 0.953666796875 0.24074580078125 0.95044951171875 0.2346037109375 0.94547734375 0.23431123046875 0.94226005859375 0.24133076171875 0.93143828125 0.24103828125 0.9298765625 0.19699501953125
0 0.8771943359375 0.2596884765625 0.88778828125 0.2613044921875 0.88778828125 0.29937080078125 0.8739623046875 0.29883212890625 0.8755783203125 0.29236806640625 0.85385185546875 0.2932658203125 0.853672265625 0.2589703125 0.8771943359375 0.2596884765625
0 0.89280966796875 0.26583134765625 0.91011435546875 0.26751953125 0.91194326171875 0.2678009765625 0.9118025390625 0.27638291015625 0.91377216796875 0.2766642578125 0.91447568359375 0.268363671875 0.92530859375 0.268223046875 0.9265748046875 0.2775083984375 0.92770029296875 0.28552763671875 0.926012109375 0.29017041015625 0.922635546875 0.2914365234375 0.89280966796875 0.290873828125 0.89280966796875 0.26583134765625
0 0.99843779296875 0.30527802734375 0.99173291015625 0.3050560546875 0.98999169921875 0.3045095703125 0.98638896484375 0.30153115234375 0.9835751953125 0.30153115234375 0.98301240234375 0.295762890625 0.97006904296875 0.29337119140625 0.97119462890625 0.28774365234375 0.96950634765625 0.27648857421875 0.97049111328125 0.27592587890625 0.9740083984375 0.27677001953125 0.97428974609375 0.2752224609375 0.9696470703125 0.274941015625 0.96824013671875 0.25862119140625 0.998437890625 0.26022646484375 0.99843779296875 0.30527802734375
0 0.9353681640625 0.26151240234375 0.94953291015625 0.2618578125 0.9505693359375 0.26842197265625 0.96663427734375 0.2693720703125 0.96473408203125 0.30236552734375 0.95074208984375 0.30150185546875 0.9521240234375 0.29476494140625 0.9306177734375 0.29519677734375 0.9304451171875 0.27161767578125 0.93424541015625 0.27075400390625 0.9353681640625 0.26151240234375
0 0.4994056640625 0.42340732421875 0.508180078125 0.42399228515625 0.50935 0.43452158203125 0.5345033203125 0.4318892578125 0.5321634765625 0.467571875 0.51900185546875 0.46844931640625 0.51783193359375 0.46523203125 0.517539453125 0.46084482421875 0.49911318359375 0.45850498046875 0.4994056640625 0.42340732421875
0 0.4605912109375 0.4231427734375 0.47480263671875 0.42354873046875 0.47602080078125 0.42666171875 0.48921708984375 0.42666171875 0.491050390625 0.465823046875 0.4832587890625 0.46673974609375 0.482112890625 0.45871884765625 0.46011298828125 0.458260546875 0.4612587890625 0.42823974609375 0.4605912109375 0.4231427734375
0 0.41938203125 0.43256171875 0.42812578125 0.429730078125 0.4287107421875 0.42358798828125 0.439825 0.42358798828125 0.4415798828125 0.432069921875 0.45269423828125 0.43294736328125 0.4553265625 0.4583931640625 0.45327919921875 0.46044052734375 0.454156640625 0.4689224609375 0.4345603515625 0.46746005859375 0.43415322265625 0.46166328125 0.4190513671875 0.46133251953125 0.41938203125 0.43256171875
0 0.22301171875 0.43195166015625 0.256050390625 0.43195166015625 0.2562298828125 0.46463115234375 0.24042880859375 0.46499033203125 0.2411470703125 0.45960361328125 0.22372998046875 0.4605013671875 0.221395703125 0.45493505859375 0.22301171875 0.43195166015625
0 0.25993134765625 0.4316767578125 0.27132705078125 0.43195810546875 0.27259326171875 0.42886298828125 0.2944 0.43012919921875 0.294540625 0.44715244140625 0.28595869140625 0.4520765625 0.2852552734375 0.46108056640625 0.260494140625 0.4591109375 0.25993134765625 0.4316767578125
0 0.3002986328125 0.431251171875 0.31035380859375 0.43143076171875 0.3105333984375 0.42101640625 0.3240001953125 0.4222732421875 0.325975390625 0.432328515625 0.334594140625 0.432328515625 0.33441455078125 0.46033955078125 0.30011904296875 0.4617759765625 0.3002986328125 0.431251171875
0 0.3795111328125 0.42867705078125 0.39944248046875 0.42895595703125 0.40069931640625 0.45732607421875 0.39154189453125 0.4587625 0.39046455078125 0.45319619140625 0.37753642578125 0.45211884765625 0.3795111328125 0.42867705078125
0 0.34043974609375 0.42779658203125 0.35915126953125 0.42821865234375 0.35957333984375 0.42737451171875 0.3626685546875 0.4237166015625 0.37082841796875 0.42343525390625 0.3706876953125 0.414571875 0.37730009765625 0.41527529296875 0.3768015625 0.4583146484375 0.36373427734375 0.459704296875 0.36053857421875 0.45987705078125 0.360711328125 0.45512666015625 0.3411916015625 0.45434931640625 0.34043974609375 0.42779658203125
0 0.344999609375 0.3559873046875 0.3604322265625 0.355656640625 0.36120380859375 0.36480595703125 0.379833203125 0.3643650390625 0.380933984375 0.3802556640625 0.3766697265625 0.38214365234375 0.3734470703125 0.381883203125 0.3716787109375 0.3918294921875 0.3600015625 0.39239228515625 0.3595794921875 0.39464326171875 0.34593271484375 0.39506533203125 0.345229296875 0.3908447265625 0.344999609375 0.3559873046875
0 0.307005859375 0.35538212890625 0.3213705078125 0.3573572265625 0.32280693359375 0.36831025390625 0.3272958984375 0.3702853515625 0.32819365234375 0.36831025390625 0.32855283203125 0.3589732421875 0.34255830078125 0.35933232421875 0.34255830078125 0.39991240234375 0.3267572265625 0.4006306640625 0.3240638671875 0.3947052734375 0.30736494140625 0.3957826171875 0.30826279296875 0.388959375 0.30754453125 0.386266015625 0.307005859375 0.35538212890625
0 0.26893662109375 0.35558095703125 0.2747048828125 0.3547369140625 0.2772373046875 0.35600302734375 0.28103583984375 0.35712861328125 0.28019169921875 0.35431484375 0.28708544921875 0.35642509765625 0.3021390625 0.35712861328125 0.30489228515625 0.38661533203125 0.2887982421875 0.38782783203125 0.28780615234375 0.38352880859375 0.26840517578125 0.38385947265625 0.26893662109375 0.35558095703125
0 0.22687734375 0.3531216796875 0.22723642578125 0.3525830078125 0.24267841796875 0.3515056640625 0.243576171875 0.358867578125 0.2444740234375 0.3683841796875 0.2477060546875 0.36820458984375 0.2482447265625 0.36084267578125 0.258838671875 0.35922666015625 0.26153203125 0.39926806640625 0.2428580078125 0.399986328125 0.24267841796875 0.3947791015625 0.22813427734375 0.3963951171875 0.22687734375 0.3531216796875
0 0.2337109375 0.25233154296875 0.26166923828125 0.2525607421875 0.26327333984375 0.29381064453125 0.24860673828125 0.29381064453125 0.24791923828125 0.28533154296875 0.2295859375 0.28556064453125 0.23073173828125 0.2683732421875 0.2339400390625 0.26791484375 0.2337109375 0.25233154296875
0 0.27003447265625 0.264305859375 0.27847373046875 0.2639466796875 0.278294140625 0.2520958984375 0.2894267578125 0.2520958984375 0.29014501953125 0.26197158203125 0.3012775390625 0.263228515625 0.3027140625 0.2953693359375 0.28709248046875 0.2953693359375 0.2878107421875 0.2910599609375 0.2824240234375 0.2878279296875 0.269675390625 0.28872568359375 0.27003447265625 0.264305859375
0 0.34348193359375 0.2533744140625 0.34132724609375 0.29575009765625 0.32947646484375 0.2955705078125 0.3271421875 0.29539091796875 0.3271421875 0.25247666015625 0.34348193359375 0.2533744140625
0 0.34695419921875 0.2569638671875 0.3553955078125 0.25626044921875 0.3549734375 0.24838193359375 0.362711328125 0.2482412109375 0.36439951171875 0.25330595703125 0.38029736328125 0.254009375 0.3832517578125 0.29030693359375 0.34639150390625 0.2934021484375 0.34695419921875 0.2569638671875
0 0.3841626953125 0.265659375 0.394634765625 0.2648876953125 0.39507578125 0.26069892578125 0.41469716796875 0.25959658203125 0.4155791015625 0.26466728515625 0.4178939453125 0.26466728515625 0.419878125 0.2839580078125 0.4189962890625 0.29112314453125 0.3847138671875 0.2939892578125 0.3841626953125 0.265659375
0 0.42588486328125 0.26334599609375 0.43344736328125 0.26334599609375 0.43550986328125 0.257616796875 0.45132236328125 0.2573876953125 0.4552181640625 0.26220009765625 0.4593431640625 0.26495009765625 0.46163486328125 0.27388759765625 0.4577390625 0.2963458984375 0.4453640625 0.2990958984375 0.4433015625 0.29313759765625 0.4323015625 0.2942833984375 0.43253076171875 0.2812208984375 0.42657236328125 0.280304296875 0.42588486328125 0.26334599609375
0 0.502608984375 0.19061787109375 0.51910888671875 0.19107626953125 0.5193380859375 0.2032220703125 0.52392138671875 0.20299287109375 0.52529638671875 0.19680537109375 0.54110888671875 0.19680537109375 0.5388171875 0.235076171875 0.5227755859375 0.23484697265625 0.5220880859375 0.23072197265625 0.50581728515625 0.231638671875 0.502608984375 0.19061787109375
0 0.54185537109375 0.192206640625 0.5760275390625 0.1914349609375 0.57724013671875 0.22384345703125 0.54328837890625 0.22439462890625 0.54185537109375 0.192206640625
0 0.5793298828125 0.205163671875 0.58200732421875 0.20490458984375 0.5814890625 0.1915171875 0.59565380859375 0.1915171875 0.59669033203125 0.19808134765625 0.607659375 0.19885869140625 0.6089548828125 0.22571982421875 0.58079814453125 0.227447265625 0.5793298828125 0.205163671875
0 0.46399619140625 0.25311025390625 0.497912890625 0.2556310546875 0.49562119140625 0.3000892578125 0.48164208984375 0.30054765625 0.481412890625 0.29000595703125 0.46262119140625 0.28908935546875 0.46399619140625 0.25311025390625
0 0.501773046875 0.25794208984375 0.5200716796875 0.2559578125 0.52139453125 0.25915458984375 0.53870107421875 0.25772158203125 0.538811328125 0.28219326171875 0.53616572265625 0.28296494140625 0.5357248046875 0.29619287109375 0.52073310546875 0.296303125 0.52161494140625 0.28395703125 0.51676474609375 0.28406728515625 0.5166544921875 0.29079150390625 0.5015525390625 0.290130078125 0.501773046875 0.25794208984375
0 0.496848828125 0.388907421875 0.488566796875 0.38954677734375 0.48849912109375 0.39428388671875 0.48470947265625 0.39455458984375 0.48443876953125 0.398208984375 0.4750998046875 0.398208984375 0.4748291015625 0.3911708984375 0.46986005859375 0.38728466796875 0.4635755859375 0.38782333984375 0.46393466796875 0.38459130859375 0.4646529296875 0.38153876953125 0.4624982421875 0.3811796875 0.46177998046875 0.370944921875 0.46321640625 0.3700470703125 0.4624982421875 0.368790234375 0.46177998046875 0.35729853515625 0.46878271484375 0.35640068359375 0.47363076171875 0.3576576171875 0.47668330078125 0.36448076171875 0.47991533203125 0.36430126953125 0.48260869140625 0.36106923828125 0.48853408203125 0.36591728515625 0.49645869140625 0.36483994140625 0.496848828125 0.388907421875
0 0.54759609375 0.2638466796875 0.55828837890625 0.2630025390625 0.5596953125 0.25667158203125 0.5736234375 0.25892265625 0.5784068359375 0.26018876953125 0.57728134765625 0.278196875 0.57531162109375 0.2786189453125 0.57573369140625 0.29578291015625 0.564056640625 0.29536083984375 0.56349384765625 0.28677890625 0.54914365234375 0.2881857421875 0.54759609375 0.2638466796875
0 0.58064775390625 0.26260703125 0.580978515625 0.25885908203125 0.595639453125 0.25874892578125 0.59541904296875 0.2623865234375 0.59486787109375 0.2629376953125 0.59938740234375 0.265473046875 0.61459951171875 0.2656935546875 0.61823720703125 0.29611787109375 0.5996078125 0.2976611328125 0.5987259765625 0.29292109375 0.58141943359375 0.293472265625 0.58064775390625 0.26260703125
0 0.46310810546875 0.20856015625 0.46634013671875 0.20838056640625 0.46634013671875 0.203712109375 0.4745998046875 0.2044302734375 0.4745998046875 0.199402734375 0.47962734375 0.1990435546875 0.48034560546875 0.19814580078125 0.48680966796875 0.1995822265625 0.4934533203125 0.20191650390625 0.49381240234375 0.2038916015625 0.502591015625 0.20536240234375 0.5031296875 0.22768173828125 0.493972265625 0.2262453125 0.49002197265625 0.2262453125 0.48643076171875 0.2258861328125 0.48373740234375 0.22875908203125 0.4823009765625 0.23199111328125 0.4790689453125 0.234325390625 0.46542255859375 0.23468447265625 0.46614072265625 0.22552705078125 0.462549609375 0.2258861328125 0.46310810546875 0.20856015625
0 0.4155083984375 0.217166015625 0.426421484375 0.2027255859375 0.42774423828125 0.20294599609375 0.4345787109375 0.19511943359375 0.4458224609375 0.203607421875 0.44317685546875 0.208126953125 0.44460986328125 0.2123158203125 0.4463736328125 0.21352841796875 0.44791689453125 0.21198515625 0.45166474609375 0.2143 0.45078291015625 0.21760703125 0.4582787109375 0.223890234375 0.45100341796875 0.235023828125 0.44405869140625 0.230614453125 0.4383265625 0.2376693359375 0.42884658203125 0.229953125 0.42576005859375 0.2325986328125 0.42046884765625 0.23006328125 0.41958701171875 0.22675634765625 0.4171619140625 0.22620517578125 0.4155083984375 0.217166015625
0 0.3816771484375 0.19047705078125 0.40967412109375 0.164168359375 0.4155830078125 0.17162490234375 0.4138947265625 0.17429794921875 0.4172712890625 0.18006611328125 0.414316796875 0.18344267578125 0.42500908203125 0.1975115234375 0.40221767578125 0.21833330078125 0.3816771484375 0.19047705078125
0 0.30547490234375 0.1906865234375 0.31642783203125 0.17973349609375 0.3246875 0.18781357421875 0.32917646484375 0.18512021484375 0.32145546875 0.17739921875 0.33025380859375 0.1678826171875 0.35952177734375 0.19733017578125 0.34964609375 0.2068466796875 0.353416796875 0.2109765625 0.34138642578125 0.22264775390625 0.33599970703125 0.215824609375 0.33079248046875 0.22085224609375 0.30547490234375 0.1906865234375
0 0.2778162109375 0.21298095703125 0.29313857421875 0.1995326171875 0.297768359375 0.203831640625 0.306697265625 0.19776884765625 0.3215787109375 0.21375263671875 0.296555859375 0.23579921875 0.2778162109375 0.21298095703125
0 0.13766337890625 0.40220830078125 0.1413212890625 0.4068509765625 0.141743359375 0.4050220703125 0.13977373046875 0.4023490234375 0.13878896484375 0.398550390625 0.14948125 0.38996845703125 0.16143974609375 0.4024896484375 0.16580107421875 0.3988318359375 0.17564921875 0.40741376953125 0.17114716796875 0.4112123046875 0.1735388671875 0.41571435546875 0.1508880859375 0.436817578125 0.1482150390625 0.434988671875 0.145119921875 0.43738037109375 0.14188408203125 0.43470732421875 0.13724130859375 0.4362548828125 0.1316138671875 0.43090869140625 0.13541240234375 0.42781357421875 0.13231728515625 0.42387431640625 0.13414619140625 0.41824677734375 0.128659375 0.4110716796875 0.13203583984375 0.4102275390625 0.13766337890625 0.40220830078125
0 0.1800375 0.43176845703125 0.18721259765625 0.43078369140625 0.18847880859375 0.42346787109375 0.19720146484375 0.422764453125 0.19776416015625 0.42698505859375 0.20887861328125 0.42698505859375 0.20887861328125 0.42600029296875 0.2143654296875 0.4267037109375 0.21591298828125 0.4379587890625 0.2147875 0.440209765625 0.21295849609375 0.45216826171875 0.21295849609375 0.4622978515625 0.201703515625 0.46173505859375 0.2005779296875 0.45681103515625 0.19818623046875 0.4566703125 0.19903037109375 0.460046875 0.1814443359375 0.46187578125 0.1800375 0.43176845703125
0 0.15256787109375 0.31636298828125 0.17204697265625 0.3310296875 0.1793802734375 0.32530048828125 0.18946357421875 0.3360712890625 0.16723447265625 0.3573837890625 0.13950537109375 0.32942548828125 0.15256787109375 0.31636298828125
0 0.192633984375 0.3403328125 0.19963671875 0.34697646484375 0.19963671875 0.347335546875 0.20215048828125 0.346796875 0.20699853515625 0.3498494140625 0.210948828125 0.360443359375 0.20520302734375 0.36744609375 0.19083837890625 0.37965595703125 0.1739599609375 0.35541572265625 0.1820400390625 0.345180859375 0.18868369140625 0.3444626953125 0.192633984375 0.3403328125
0 0.35509189453125 0.148840234375 0.374162109375 0.16780029296875 0.36798916015625 0.1755166015625 0.36721748046875 0.179815625 0.362808203125 0.18246123046875 0.359501171875 0.1884138671875 0.35619423828125 0.188193359375 0.35509189453125 0.184225 0.33260439453125 0.1626193359375 0.3423048828125 0.15269833984375 0.3473755859375 0.1564462890625 0.35509189453125 0.148840234375
0 0.36181533203125 0.13470869140625 0.36603603515625 0.128377734375 0.36913115234375 0.12725224609375 0.37743173828125 0.11993642578125 0.38080830078125 0.12246884765625 0.387701953125 0.117826171875 0.404021875 0.13414599609375 0.4044439453125 0.13892939453125 0.40092666015625 0.143009375 0.40556943359375 0.14891826171875 0.39825361328125 0.15890712890625 0.38826474609375 0.152716796875 0.38348134765625 0.15764091796875 0.36181533203125 0.13470869140625
0 0.38835244140625 0.10668193359375 0.39679365234375 0.09838134765625 0.4073453125 0.10654130859375 0.41845966796875 0.0968337890625 0.43618642578125 0.11667080078125 0.43688984375 0.119766015625 0.430840234375 0.12595625 0.4337947265625 0.1298955078125 0.42619755859375 0.13749267578125 0.41930380859375 0.13186513671875 0.41606796875 0.13453828125 0.38835244140625 0.10668193359375
0 0.41581533203125 0.07983623046875 0.424397265625 0.07153564453125 0.42875859375 0.07547490234375 0.431291015625 0.07449013671875 0.429602734375 0.07055078125 0.42946201171875 0.0701287109375 0.43931025390625 0.0616875 0.45985068359375 0.08250927734375 0.4525349609375 0.0909505859375 0.4477515625 0.0861671875 0.44324951171875 0.09123203125 0.44493779296875 0.09545263671875 0.4360744140625 0.1038939453125 0.41581533203125 0.07983623046875
0 0.4961099609375 0.09331279296875 0.5108822265625 0.093453515625 0.511304296875 0.085715625 0.5281869140625 0.08670048828125 0.52804619140625 0.1338310546875 0.51327392578125 0.133408984375 0.5135552734375 0.12848486328125 0.511304296875 0.1296103515625 0.508771875 0.1239828125 0.4970947265625 0.1239828125 0.4961099609375 0.09331279296875
0 0.5635283203125 0.111819921875 0.5695779296875 0.11069443359375 0.569015234375 0.106614453125 0.5999666015625 0.10169033203125 0.6036916015625 0.13490439453125 0.57653876953125 0.13743671875 0.5741470703125 0.1356078125 0.57245888671875 0.12463408203125 0.56612783203125 0.12533759765625 0.566690625 0.12421201171875 0.56486171875 0.12378994140625 0.5635283203125 0.111819921875
0 0.55053720703125 0.108958203125 0.5459732421875 0.09217880859375 0.5521634765625 0.08852099609375 0.55146005859375 0.075718359375 0.5904306640625 0.0661515625 0.598590625 0.0996353515625 0.55053720703125 0.108958203125
0 0.549862109375 0.0352123046875 0.563790234375 0.02972548828125 0.5737791015625 0.0308509765625 0.57729638671875 0.03971435546875 0.58165771484375 0.03844814453125 0.58995830078125 0.06109892578125 0.55999169921875 0.07052509765625 0.55394208984375 0.05589345703125 0.54831455078125 0.05701904296875 0.5432498046875 0.04717080078125 0.5519724609375 0.04407568359375 0.549862109375 0.0352123046875
0 0.56770908203125 1.15234375e-05 0.57012822265625 0.00469609375 0.57178173828125 0.0050267578125 0.5735455078125 0.01527841796875 0.5742068359375 0.02034912109375 0.57233291015625 0.0246482421875 0.567151953125 0.0269630859375 0.54874306640625 0.03346689453125 0.53529921875 1.142578125e-05 0.56770908203125 1.15234375e-05
0 0.65548935546875 0.048145703125 0.6615943359375 0.04617060546875 0.6562076171875 0.02803525390625 0.68062744140625 0.02175078125 0.69229873046875 0.05748271484375 0.66177392578125 0.06430595703125 0.65548935546875 0.048145703125
0 0.70882568359375 0.0224498046875 0.715471484375 0.016720703125 0.72280478515625 0.017408203125 0.72692978515625 0.02978310546875 0.73220068359375 0.0286373046875 0.72761728515625 0.016720703125 0.7363255859375 0.014658203125 0.7370130859375 0.01786650390625 0.73999228515625 0.0169498046875 0.7425130859375 0.0155748046875 0.752596484375 0.04880390625 0.72142978515625 0.05842890625 0.70882568359375 0.0224498046875
0 0.74788681640625 0.0070884765625 0.762377734375 0.003993359375 0.76476943359375 0.01018359375 0.7810892578125 0.0035712890625 0.79178154296875 0.0280509765625 0.75956396484375 0.03944677734375 0.74788681640625 0.0070884765625
0 0.8232708984375 1.005859375e-05 0.82883359375 0.015476171875 0.82649931640625 0.016553515625 0.8284744140625 0.02427451171875 0.8144689453125 0.0309181640625 0.8090822265625 0.01996513671875 0.795794921875 0.0244541015625 0.78448759765625 1.044921875e-05 0.8232708984375 1.005859375e-05
0 0.86105302734375 9.5703125e-06 0.86399775390625 0.0029083984375 0.85569716796875 0.00586279296875 0.861183984375 0.01360068359375 0.8407841796875 0.0226046875 0.83600078125 0.0134599609375 0.8329056640625 0.0143041015625 0.82475146484375 1.005859375e-05 0.86105302734375 9.5703125e-06
0 0.66752607421875 0.06800185546875 0.682421875 0.06318935546875 0.70281767578125 0.05883525390625 0.70694267578125 0.06112685546875 0.71106767578125 0.08404345703125 0.7019009765625 0.08564765625 0.70281767578125 0.09206435546875 0.6684427734375 0.10146015625 0.663171875 0.08587685546875 0.675546875 0.08381435546875 0.67577607421875 0.08335595703125 0.667984375 0.08106435546875 0.66752607421875 0.06800185546875
0 0.6735875 0.1052484375 0.6983486328125 0.0987767578125 0.70510166015625 0.1335267578125 0.6731654296875 0.14239013671875 0.6688041015625 0.123397265625 0.6748537109375 0.12184970703125 0.6696482421875 0.10665537109375 0.6735875 0.1052484375
0 0.72811220703125 0.10085283203125 0.743765234375 0.10063232421875 0.74365498046875 0.0936876953125 0.7518123046875 0.0937978515625 0.7519224609375 0.085089453125 0.75963876953125 0.0847587890625 0.760630859375 0.10096298828125 0.76338671875 0.1016244140625 0.7637173828125 0.13061572265625 0.729104296875 0.131166796875 0.72811220703125 0.10085283203125
0 0.7677560546875 0.10182802734375 0.7796068359375 0.10057119140625 0.78050458984375 0.09751865234375 0.78804599609375 0.09644130859375 0.78840517578125 0.0976982421875 0.79863994140625 0.0982369140625 0.79917861328125 0.13163466796875 0.76865380859375 0.13217333984375 0.7677560546875 0.10182802734375
0 0.84729794921875 0.08114287109375 0.86004658203125 0.081501953125 0.86022607421875 0.093352734375 0.87818193359375 0.09407099609375 0.87818193359375 0.0958666015625 0.88231171875 0.0964052734375 0.88213212890625 0.1034080078125 0.87782275390625 0.1039466796875 0.877463671875 0.135548828125 0.86381728515625 0.1359080078125 0.86327861328125 0.12603232421875 0.85645537109375 0.12549365234375 0.85645537109375 0.11777265625 0.8453228515625 0.1179521484375 0.84550234375 0.1104107421875 0.85052998046875 0.11005166015625 0.8508890625 0.1082560546875 0.844425 0.10753779296875 0.8447841796875 0.082040625 0.84729794921875 0.08114287109375
0 0.80462275390625 0.09937060546875 0.84060185546875 0.09868310546875 0.84128935546875 0.13580810546875 0.82478935546875 0.13626640625 0.8250185546875 0.12480810546875 0.80531025390625 0.12457890625 0.80462275390625 0.09937060546875
0 0.8990978515625 0.11108212890625 0.939412890625 0.10809580078125 0.94202587890625 0.13870546875 0.89835126953125 0.14467802734375 0.8990978515625 0.11108212890625
0 0.90391591796875 0.06890546875 0.930224609375 0.06538828125 0.93557080078125 0.1023892578125 0.9098248046875 0.10604716796875 0.909262109375 0.1032333984375 0.9071517578125 0.10056025390625 0.90391591796875 0.06890546875
0 0.888351953125 0.03489677734375 0.91888125 0.02870654296875 0.92380537109375 0.06092412109375 0.92338330078125 0.06458203125 0.89412021484375 0.06922470703125 0.893557421875 0.0668330078125 0.888351953125 0.03489677734375
0 0.92668115234375 8.69140625e-06 0.911379296875 0.0040095703125 0.91320830078125 0.01160673828125 0.92080546875 0.01048125 0.92404130859375 0.02201767578125 0.88858779296875 0.02933349609375 0.88408583984375 0.014842578125 0.8795837890625 0.01554609375 0.876488671875 0.01273232421875 0.874800390625 0.004291015625 0.8822568359375 0.0021806640625 0.88197666015625 9.375e-06 0.92668115234375 8.69140625e-06
0 0.44308134765625 0.0537580078125 0.45250048828125 0.0449369140625 0.4635642578125 0.05450556640625 0.47328251953125 0.04568447265625 0.48778505859375 0.05988798828125 0.4695447265625 0.0815669921875 0.44308134765625 0.0537580078125
0 0.4813345703125 0.041788671875 0.49229375 0.0305859375 0.480116796875 0.01816552734375 0.491806640625 0.0089111328125 0.52078759765625 0.036430859375 0.49838212890625 0.05688798828125 0.4813345703125 0.041788671875
0 0.129346484375 0.217253125 0.1376451171875 0.20923564453125 0.1674126953125 0.236141015625 0.1580626953125 0.245491015625 0.15004833984375 0.23843076171875 0.14604111328125 0.24262880859375 0.15042998046875 0.2481625 0.1418431640625 0.25674931640625 0.12859736328125 0.24397666015625 0.129346484375 0.217253125
0 0.1799373046875 0.218148828125 0.17287705078125 0.22444580078125 0.17135048828125 0.22406416015625 0.1660076171875 0.22921630859375 0.15436767578125 0.218912109375 0.16390859375 0.2074630859375 0.15589423828125 0.19658642578125 0.17135048828125 0.18189345703125 0.1973017578125 0.21032529296875 0.18413525390625 0.22272841796875 0.1799373046875 0.218148828125
0 0.17597109375 0.184408203125 0.201029296875 0.16213681640625 0.22026875 0.18161982421875 0.19517294921875 0.20648681640625 0.17597109375 0.184408203125
0 0.19711298828125 0.15121015625 0.20847578125 0.1404453125 0.2053361328125 0.13640859375 0.209073828125 0.13296982421875 0.21071845703125 0.1337173828125 0.216250390625 0.12908251953125 0.21998818359375 0.1325212890625 0.2241744140625 0.13027861328125 0.249890234375 0.15838662109375 0.24181669921875 0.16646025390625 0.23090244140625 0.1591341796875 0.22880927734375 0.16197490234375 0.23209853515625 0.16825439453125 0.22223076171875 0.1769259765625 0.19711298828125 0.15121015625
0 0.23705556640625 0.13654326171875 0.24182607421875 0.1317728515625 0.23075859375 0.12089619140625 0.23610146484375 0.1163166015625 0.24049033203125 0.12127783203125 0.244306640625 0.1186064453125 0.2448791015625 0.11459921875 0.2423984375 0.11154619140625 0.25346591796875 0.10219609375 0.26777724609375 0.115744140625 0.2639609375 0.11994208984375 0.2776998046875 0.1323453125 0.26930380859375 0.1416953125 0.259762890625 0.13558916015625 0.2479322265625 0.1476107421875 0.23705556640625 0.13654326171875
0 0.25901904296875 0.10399140625 0.28380146484375 0.0812283203125 0.2952748046875 0.08847939453125 0.30362734375 0.10408310546875 0.28012998046875 0.128039453125 0.2595736328125 0.10532607421875 0.25901904296875 0.10399140625
0 0.285490234375 0.07744091796875 0.2986080078125 0.067519921875 0.2998205078125 0.0627798828125 0.30996201171875 0.054071484375 0.32352060546875 0.06685849609375 0.29794658203125 0.08978701171875 0.285490234375 0.07744091796875
0 0.312121484375 0.04775087890625 0.33471923828125 0.02592470703125 0.35863984375 0.05193974609375 0.3493802734375 0.06296298828125 0.33582158203125 0.05392392578125 0.3263416015625 0.06152998046875 0.312121484375 0.04775087890625
0 0.3717765625 0.0378916015625 0.36243955078125 0.0465103515625 0.35328212890625 0.036455078125 0.35543681640625 0.03376171875 0.3545390625 0.03340263671875 0.3509478515625 0.03447998046875 0.337121875 0.01796064453125 0.3434064453125 0.0132921875 0.34197001953125 0.0075462890625 0.347169921875 1.044921875e-05 0.371955859375 1.064453125e-05 0.3717765625 0.0075462890625 0.37590634765625 0.01149658203125 0.3606439453125 0.02586123046875 0.35992578125 0.02747724609375 0.36208046875 0.02747724609375 0.3717765625 0.0378916015625
0 0.98881103515625 0.60998642578125 0.98742841796875 0.61270751953125 0.97935546875 0.61101474609375 0.9783380859375 0.604369921875 0.9973310546875 0.6018375 0.9984376953125 0.60102080078125 0.9984376953125 0.60878466796875 0.98881103515625 0.60998642578125
0 0.9066833984375 0.79910029296875 0.91479765625 0.79611376953125 0.9207142578125 0.81301845703125 0.91276904296875 0.81566689453125 0.9066833984375 0.79910029296875
0 0.981789453125 0.74296669921875 0.9878115234375 0.74514775390625 0.9892763671875 0.74671025390625 0.98882275390625 0.7514638671875 0.985207421875 0.7570943359375 0.981203515625 0.7563130859375 0.9791201171875 0.75527138671875 0.975832421875 0.75217900390625 0.981789453125 0.74296669921875
0 0.92012060546875 0.6181259765625 0.92715869140625 0.61778759765625 0.92756474609375 0.62705888671875 0.9216771484375 0.62847998046875 0.92052666015625 0.62611142578125 0.9200529296875 0.62428427734375 0.92012060546875 0.6181259765625
0 0.72590703125 0.39298564453125 0.73521328125 0.39315185546875 0.73571181640625 0.39992373046875 0.72686259765625 0.40283193359375 0.72511767578125 0.399009765625 0.72590703125 0.39298564453125
0 0.31699853515625 0.022506640625 0.3258892578125 0.02271435546875 0.32526611328125 0.03451328125 0.3163337890625 0.0343470703125 0.31699853515625 0.022506640625
0 0.30130556640625 0.92883154296875 0.3099677734375 0.92829013671875 0.31030615234375 0.94189248046875 0.30238837890625 0.94229853515625 0.30130556640625 0.92883154296875
0 0.29096513671875 0.92358037109375 0.29736318359375 0.92337265625 0.29765400390625 0.93139091796875 0.29100673828125 0.93201416015625 0.29096513671875 0.92358037109375
0 0.392696875 1.083984375e-05 0.3808814453125 0.007411328125 0.374585546875 1.064453125e-05 0.392696875 1.083984375e-05
