1 0.6238689453125 0.18726865234375 0.6184466796875 0.2223951171875 0.57836953125 0.2136724609375 0.58119853515625 0.1999990234375 0.5844990234375 0.1990560546875 0.5854419921875 0.1922193359375 0.58355595703125 0.1912763671875 0.5859134765625 0.1773671875 0.62174716796875 0.18632568359375 0.6238689453125 0.18726865234375
1 0.6344775390625 0.1771314453125 0.6165607421875 0.17383095703125 0.62151142578125 0.138940234375 0.63872109375 0.1445982421875 0.6344775390625 0.1771314453125
3 0.7181681640625 0.14059052734375 0.7176966796875 0.1304533203125 0.740328515625 0.131160546875 0.7405642578125 0.13941181640625 0.7200541015625 0.14011904296875 0.7181681640625 0.14059052734375
4 0.91534365234375 0.11865869140625 0.94151162109375 0.11865869140625 0.94151162109375 0.137754296875 0.91463642578125 0.1370470703125 0.91534365234375 0.11865869140625
4 0.93962568359375 0.1841966796875 0.95707099609375 0.1856111328125 0.95707099609375 0.206828515625 0.93962568359375 0.2061212890625 0.93962568359375 0.1841966796875
2 0.99848173828125 0.16913798828125 0.975459375 0.1695802734375 0.9742806640625 0.1535494140625 0.97970283203125 0.1540208984375 0.97899560546875 0.1283244140625 0.9984818359375 0.12766826171875 0.99848173828125 0.16913798828125
2 0.92579033203125 0.2241251953125 0.959287109375 0.22581337890625 0.9583986328125 0.25584501953125 0.92454638671875 0.2550453125 0.92579033203125 0.2241251953125
2 0.93507451171875 0.30559873046875 0.9447513671875 0.306294921875 0.9444728515625 0.32056640625 0.93472646484375 0.3203576171875 0.93507451171875 0.30559873046875
4 0.88545810546875 0.34161142578125 0.8857572265625 0.33460224609375 0.90088681640625 0.33455947265625 0.90092958984375 0.34208154296875 0.88545810546875 0.34161142578125
4 0.88870625 0.33122587890625 0.89050126953125 0.3175921875 0.8985361328125 0.31840419921875 0.89729677734375 0.32601171875 0.8997328125 0.3264818359375 0.89922001953125 0.3293453125 0.8968693359375 0.329430859375 0.895886328125 0.33220888671875 0.88913359375 0.3320806640625 0.88870625 0.33122587890625
2 0.90830654296875 0.35048916015625 0.928270703125 0.34716171875 0.9313798828125 0.3543619140625 0.932198046875 0.36478037109375 0.912833984375 0.367616796875 0.90830654296875 0.35048916015625
2 0.956581640625 0.37865234375 0.96492724609375 0.3782705078125 0.96514541015625 0.38383427734375 0.96307265625 0.38421611328125 0.96312724609375 0.3876525390625 0.95690888671875 0.38830712890625 0.956581640625 0.37865234375
2 0.88584716796875 0.39835341796875 0.88771298828125 0.3862697265625 0.92645205078125 0.39062333984375 0.92627431640625 0.4018185546875 0.88584716796875 0.39835341796875
4 0.540615625 0.34055888671875 0.5272345703125 0.342146484375 0.5226986328125 0.31311630859375 0.54844013671875 0.30869375 0.55150185546875 0.325590234375 0.55637802734375 0.32513662109375 0.5585326171875 0.3378373046875 0.540615625 0.34055888671875
4 0.54016201171875 0.342940234375 0.560558984375 0.34042158203125 0.56480244140625 0.369654296875 0.544999609375 0.3743693359375 0.54016201171875 0.342940234375
