0 0.3612533203125 0.9976359375 0.3612533203125 0.9748728515625 0.38594384765625 0.97615791015625 0.38621923828125 0.99745234375 0.3612533203125 0.9976359375
0 0.3223869140625 0.973116796875 0.3402853515625 0.97320859375 0.3403771484375 0.9678849609375 0.3487296875 0.96751787109375 0.34836259765625 0.969904296875 0.3503818359375 0.969904296875 0.35019833984375 0.9960634765625 0.3225705078125 0.99652236328125 0.3223869140625 0.973116796875
0 0.69621416015625 0.99901201171875 0.6957765625 0.98506748046875 0.70526533203125 0.984716015625 0.70538251953125 0.9858875 0.72447724609375 0.98612177734375 0.7248232421875 0.99901171875 0.69621416015625 0.99901201171875
0 0.64839111328125 0.93691396484375 0.64779306640625 0.93135107421875 0.65926083984375 0.9313341796875 0.6575349609375 0.945799609375 0.65680390625 0.94975830078125 0.654245703125 0.95686337890625 0.6571029296875 0.958537890625 0.66444755859375 0.95816181640625 0.6649515625 0.97323955078125 0.65826513671875 0.97275244140625 0.65756103515625 0.9990123046875 0.63637431640625 0.99901240234375 0.63659033203125 0.99126123046875 0.63366787109375 0.98882587890625 0.63415498046875 0.95619189453125 0.6234392578125 0.9557048828125 0.62346728515625 0.93641455078125 0.63809853515625 0.9371279296875 0.64839111328125 0.93691396484375
1 0.79976005859375 0.896694921875 0.8001392578125 0.88008798828125 0.81252890625 0.8808802734375 0.81252890625 0.89774931640625 0.79976005859375 0.896694921875
1 0.7580087890625 0.785105859375 0.8537419921875 0.78852490234375 0.85343115234375 0.87369013671875 0.75769794921875 0.87213603515625 0.7580087890625 0.785105859375
1 0.814903125 0.7720234375 0.81689453125 0.7692119140625 0.82650048828125 0.76909482421875 0.82638330078125 0.772140625 0.8350521484375 0.772960546875 0.835520703125 0.7823322265625 0.83306064453125 0.78256650390625 0.8328263671875 0.78514375 0.82263466796875 0.78479228515625 0.82275185546875 0.786315234375 0.8163087890625 0.78549521484375 0.814903125 0.7720234375
1 0.84068564453125 0.74959228515625 0.87327890625 0.75048935546875 0.87193330078125 0.78368076171875 0.85249697265625 0.78278369140625 0.84262919921875 0.78218564453125 0.8424796875 0.77755078125 0.83948955078125 0.77710224609375 0.84068564453125 0.74959228515625
1 0.86009951171875 0.740773828125 0.86028310546875 0.726455078125 0.87763076171875 0.72673046875 0.87808974609375 0.73251298828125 0.877080078125 0.73251298828125 0.87698828125 0.74205888671875 0.86009951171875 0.740773828125
1 0.84886318359375 0.71554375 0.84826513671875 0.68414658203125 0.86650546875 0.68534267578125 0.86650546875 0.703134375 0.87398095703125 0.7046294921875 0.87398095703125 0.71569326171875 0.86545888671875 0.71569326171875 0.84886318359375 0.71554375
1 0.818083203125 0.667371484375 0.844845703125 0.668567578125 0.84499521484375 0.6764916015625 0.84873291015625 0.67723916015625 0.84873291015625 0.68082744140625 0.84320107421875 0.682173046875 0.8415564453125 0.7126732421875 0.81509306640625 0.711178125 0.818083203125 0.667371484375
1 0.78358232421875 0.62977490234375 0.80891435546875 0.62993984375 0.8079125 0.6602705078125 0.80193798828125 0.6601515625 0.80135234375 0.66659638671875 0.78627353515625 0.66664697265625 0.78418037109375 0.66320830078125 0.7834328125 0.65872294921875 0.78358232421875 0.62977490234375
1 0.72797470703125 0.67790888671875 0.73166123046875 0.67692919921875 0.73193466796875 0.67343349609375 0.73850732421875 0.67349052734375 0.738790625 0.67698037109375 0.74700390625 0.677867578125 0.7454517578125 0.6864822265625 0.74940185546875 0.6864822265625 0.74937041015625 0.68198115234375 0.75684599609375 0.6827287109375 0.75722763671875 0.6883275390625 0.77344169921875 0.6881111328125 0.7741892578125 0.73296435546875 0.73965224609375 0.7301236328125 0.7356154296875 0.72160146484375 0.73696103515625 0.69678271484375 0.7279904296875 0.69364296875 0.72797470703125 0.67790888671875
0 0.665537109375 0.69994140625 0.6656490234375 0.716976171875 0.66329296875 0.71694228515625 0.65806923828125 0.717116796875 0.65813154296875 0.7231134765625 0.656441015625 0.72316982421875 0.6565537109375 0.72683251953125 0.65136962890625 0.72683251953125 0.65148232421875 0.7330873046875 0.6514138671875 0.73714482421875 0.6468302734375 0.7374349609375 0.6467130859375 0.73509208984375 0.636112109375 0.735083203125 0.6358185546875 0.7275947265625 0.63538408203125 0.71857900390625 0.63888955078125 0.71837578125 0.63913720703125 0.71510908203125 0.63645615234375 0.7151951171875 0.63499853515625 0.69994833984375 0.6501103515625 0.696433984375 0.665537109375 0.69994140625
0 0.67705380859375 0.70053408203125 0.677746484375 0.721312109375 0.6655974609375 0.7214140625 0.666025390625 0.699970703125 0.67705380859375 0.70053408203125
0 0.678329296875 0.6685193359375 0.69797158203125 0.6688865234375 0.69833876953125 0.6725580078125 0.7041212890625 0.67264970703125 0.7043966796875 0.68504091796875 0.70338701171875 0.68531630859375 0.70393779296875 0.6895384765625 0.6778703125 0.68880419921875 0.678329296875 0.6685193359375
0 0.6784181640625 0.66113134765625 0.67777568359375 0.6429576171875 0.69714267578125 0.64332470703125 0.69741796875 0.66259990234375 0.68768857421875 0.66259990234375 0.68796396484375 0.66113134765625 0.6784181640625 0.66113134765625
0 0.66468359375 0.58637626953125 0.66453408203125 0.61538134765625 0.673654296875 0.6164279296875 0.67320576171875 0.62106279296875 0.6733552734375 0.6273421875 0.66214189453125 0.6273421875 0.661693359375 0.642741796875 0.6461443359375 0.64214375 0.6461328125 0.642138671875 0.64624892578125 0.637164453125 0.643533984375 0.6371990234375 0.64361259765625 0.6258029296875 0.645247265625 0.6258470703125 0.6455462890625 0.6240529296875 0.64121044921875 0.62360439453125 0.64061240234375 0.61059697265625 0.64464921875 0.6073078125 0.64509775390625 0.58518017578125 0.6486859375 0.58488115234375 0.65361982421875 0.58413359375 0.66468359375 0.58637626953125
0 0.46475302734375 0.80978564453125 0.494859375 0.81119140625 0.4943908203125 0.816697265625 0.50669111328125 0.816462890625 0.50551962890625 0.8608611328125 0.45479560546875 0.85828388671875 0.455615625 0.8279431640625 0.4519841796875 0.827591796875 0.45315556640625 0.8137685546875 0.46264443359375 0.81365146484375 0.46252724609375 0.8095513671875 0.46475302734375 0.80978564453125
0 0.49409365234375 0.71886279296875 0.49485693359375 0.69863603515625 0.52481533203125 0.69901767578125 0.5218626953125 0.73573017578125 0.48995126953125 0.735205078125 0.48955458984375 0.74829609375 0.4719587890625 0.74843955078125 0.4723404296875 0.71752705078125 0.48321708984375 0.71695458984375 0.48378955078125 0.72096171875 0.486842578125 0.7215341796875 0.4881783203125 0.71848115234375 0.49409365234375 0.71886279296875
0 0.43819970703125 0.70060498046875 0.4511599609375 0.7027462890625 0.449751171875 0.7203271484375 0.437748828125 0.72015810546875 0.43797421875 0.7163263671875 0.43645283203125 0.71581923828125 0.43819970703125 0.70060498046875
0 0.49198134765625 0.6211927734375 0.51889326171875 0.62044521484375 0.52158447265625 0.66604599609375 0.49078525390625 0.66544794921875 0.49198134765625 0.6211927734375
0 0.4439083984375 0.577625390625 0.4462771484375 0.57625986328125 0.45211796875 0.57642314453125 0.4519271484375 0.5674427734375 0.470265625 0.56837529296875 0.4696439453125 0.5515908203125 0.46467080078125 0.55003671875 0.46404912109375 0.53573896484375 0.49761796875 0.5348064453125 0.494758984375 0.567804296875 0.48407958984375 0.5695873046875 0.4847248046875 0.57627978515625 0.49513349609375 0.5759708984375 0.49818076171875 0.58076513671875 0.50326416015625 0.58076513671875 0.503413671875 0.60124814453125 0.47216591796875 0.60139765625 0.47096982421875 0.57777490234375 0.463793359375 0.57747587890625 0.463793359375 0.59790771484375 0.46364384765625 0.602170703125 0.4460015625 0.6021765625 0.4439083984375 0.577625390625
0 0.503987109375 0.37049638671875 0.50495498046875 0.38193779296875 0.50397529296875 0.39164208984375 0.49764619140625 0.3921552734375 0.4972904296875 0.3954568359375 0.499444140625 0.395679296875 0.4992775390625 0.40941728515625 0.4922583984375 0.4102580078125 0.4998755859375 0.4110619140625 0.5111359375 0.41028154296875 0.51206845703125 0.41338984375 0.530844921875 0.41280703125 0.53258271484375 0.42240361328125 0.52936337890625 0.43327705078125 0.52734404296875 0.43428671875 0.52823115234375 0.4401205078125 0.5225654296875 0.44013505859375 0.52288251953125 0.43528916015625 0.5111359375 0.435458203125 0.51091796875 0.4396484375 0.47283388671875 0.43998828125 0.4723103515625 0.43634892578125 0.43736328125 0.436328125 0.4348845703125 0.4323576171875 0.430712890625 0.43298828125 0.430322265625 0.40872744140625 0.44959326171875 0.39256474609375 0.45021484375 0.38261845703125 0.4486607421875 0.37888857421875 0.449282421875 0.3708072265625 0.4464849609375 0.3708072265625 0.446484375 0.370771484375 0.500654296875 0.37021484375 0.503987109375 0.37049638671875
0 0.50915693359375 0.30065185546875 0.51067568359375 0.30222958984375 0.530791015625 0.301982421875 0.531045703125 0.30869267578125 0.534814453125 0.308349609375 0.53501748046875 0.31904150390625 0.53282666015625 0.32065458984375 0.53247587890625 0.32621796875 0.5287380859375 0.3259189453125 0.52828955078125 0.32277919921875 0.518421875 0.32337724609375 0.51857138671875 0.325021875 0.51677724609375 0.325021875 0.516627734375 0.32307822265625 0.50900263671875 0.32277919921875 0.50900263671875 0.32487236328125 0.50601240234375 0.325021875 0.50406884765625 0.3223306640625 0.4927974609375 0.322940625 0.49248662109375 0.33319775390625 0.49777060546875 0.334441015625 0.495594921875 0.35433359375 0.503987109375 0.35402275390625 0.500361328125 0.369736328125 0.446416015625 0.370283203125 0.44504501953125 0.35486083984375 0.45389755859375 0.35474677734375 0.4561755859375 0.3478771484375 0.44878662109375 0.3472201171875 0.44430927734375 0.3443873046875 0.4439984375 0.33350849609375 0.43668818359375 0.32470322265625 0.4348453125 0.320387109375 0.4272140625 0.32045400390625 0.4272140625 0.31641328125 0.42690322265625 0.3055345703125 0.4389111328125 0.30605 0.4393361328125 0.3002505859375 0.50915693359375 0.30065185546875
0 0.45521416015625 0.2498904296875 0.46951201171875 0.24647138671875 0.46826865234375 0.23963330078125 0.47728251953125 0.2405658203125 0.47635009765625 0.235903515625 0.47852578125 0.23559267578125 0.4782150390625 0.233727734375 0.47642724609375 0.23314150390625 0.47608095703125 0.2267060546875 0.4760392578125 0.2247138671875 0.47666083984375 0.2216056640625 0.47076982421875 0.22196650390625 0.4529712890625 0.20921337890625 0.4533287109375 0.17032001953125 0.47546875 0.172428515625 0.47757724609375 0.19432060546875 0.488161328125 0.19394248046875 0.48785048828125 0.21134853515625 0.4988919921875 0.211567578125 0.4990400390625 0.225507421875 0.5018375 0.22564638671875 0.50171435546875 0.230357421875 0.495579296875 0.23066953125 0.49603828125 0.25157177734375 0.4813232421875 0.25144453125 0.4845080078125 0.25552119140625 0.4791474609375 0.25610693359375 0.47852578125 0.2772427734375 0.4570791015625 0.27972939453125 0.45521416015625 0.2498904296875
0 0.65928056640625 0.19143837890625 0.67244697265625 0.19182001953125 0.67301943359375 0.24658466796875 0.65298359375 0.24620302734375 0.6522203125 0.2101384765625 0.65470087890625 0.20479560546875 0.65489169921875 0.1943005859375 0.65928056640625 0.19143837890625
0 0.7665626953125 0.1814150390625 0.7785115234375 0.18118076171875 0.77874580078125 0.18282080078125 0.802994921875 0.184109375 0.8046349609375 0.21175576171875 0.77675439453125 0.21163857421875 0.77710576171875 0.18891240234375 0.76574267578125 0.188678125 0.7665626953125 0.1814150390625
0 0.86112939453125 0.092910546875 0.8905830078125 0.0926115234375 0.8893869140625 0.1271484375 0.86262451171875 0.12789599609375 0.86352158203125 0.12266318359375 0.85963427734375 0.12266318359375 0.86112939453125 0.092910546875
0 0.65507216796875 0.075375 0.65999228515625 0.07525791015625 0.660109375 0.07619501953125 0.66678671875 0.076429296875 0.66655244140625 0.07303212890625 0.70169609375 0.07338359375 0.7021646484375 0.07724931640625 0.7054447265625 0.07724931640625 0.7055619140625 0.07994365234375 0.715870703125 0.07947509765625 0.716925 0.1020841796875 0.70673330078125 0.10126416015625 0.70157890625 0.102787109375 0.7011103515625 0.1208275390625 0.6693638671875 0.120241796875 0.6660837890625 0.11075302734375 0.6651466796875 0.09704697265625 0.65359638671875 0.09653486328125 0.65507216796875 0.075375
0 0.6955375 0.028135546875 0.70017236328125 0.028135546875 0.700321875 0.0299296875 0.71048857421875 0.0302287109375 0.71078759765625 0.0498146484375 0.69299580078125 0.04996416015625 0.6934443359375 0.040544921875 0.69135126953125 0.0390498046875 0.6906037109375 0.0344150390625 0.689706640625 0.03306943359375 0.6852212890625 0.03351796875 0.6852212890625 0.03576064453125 0.68088544921875 0.03665771484375 0.68148349609375 0.03949833984375 0.674905078125 0.0432361328125 0.6662333984375 0.04009638671875 0.665336328125 0.03336845703125 0.661299609375 0.0332189453125 0.6592064453125 0.03187333984375 0.6562162109375 0.03037822265625 0.65546865234375 0.00825068359375 0.65875791015625 0.008101171875 0.6586083984375 0.00436337890625 0.66488779296875 0.00346630859375 0.665334765625 1.220703125e-05 0.69254833984375 1.201171875e-05 0.69329482421875 0.0088486328125 0.69508896484375 0.01019423828125 0.694939453125 0.02619189453125 0.6955375 0.028135546875
0 0.52293564453125 1.279296875e-05 0.52464716796875 0.00378955078125 0.52541044921875 0.00359873046875 0.52579208984375 0.01027734375 0.5206400390625 0.0135212890625 0.5296083984375 0.012948828125 0.530944140625 0.02954990234375 0.52521962890625 0.0375642578125 0.5198767578125 0.038518359375 0.515487890625 0.042334765625 0.5048021484375 0.0429072265625 0.5044205078125 0.04557861328125 0.49507041015625 0.04653271484375 0.4916357421875 0.04596025390625 0.4887734375 0.04748681640625 0.4859111328125 0.04786845703125 0.48209482421875 0.04691435546875 0.48018662109375 0.02420703125 0.48304892578125 0.0224896484375 0.4855294921875 0.01905498046875 0.48476630859375 0.01485693359375 0.48304892578125 0.00417119140625 0.49430712890625 0.00340791015625 0.49774189453125 0.012185546875 0.49659697265625 0.00302626953125 0.49965009765625 0.00169052734375 0.49870322265625 1.279296875e-05 0.52293564453125 1.279296875e-05
0 0.46938271484375 0.0528810546875 0.49229775390625 0.05349697265625 0.4932349609375 0.06337607421875 0.50105849609375 0.06375771484375 0.50105849609375 0.05898720703125 0.51708720703125 0.05955966796875 0.5214759765625 0.06375771484375 0.51861376953125 0.08093125 0.51651474609375 0.0818853515625 0.51250751953125 0.082839453125 0.51269833984375 0.09028134765625 0.51327080078125 0.114515234375 0.51689638671875 0.115278515625 0.51594228515625 0.129971484375 0.511171875 0.13359697265625 0.4653755859375 0.13226123046875 0.4646123046875 0.13092548828125 0.46175 0.1274908203125 0.45316318359375 0.11985810546875 0.45430810546875 0.1112712890625 0.465184765625 0.10363857421875 0.4756796875 0.099440625 0.4766337890625 0.09123544921875 0.47319912109375 0.09009052734375 0.47071845703125 0.0841751953125 0.467474609375 0.08474765625 0.4623224609375 0.0849384765625 0.4630857421875 0.066619921875 0.47145751953125 0.0678783203125 0.4720681640625 0.0632119140625 0.47124814453125 0.060634765625 0.46820234375 0.05969755859375 0.46938271484375 0.0528810546875
0 0.42517685546875 0.06067890625 0.43771142578125 0.06103037109375 0.43817998046875 0.08164794921875 0.43372841796875 0.08235087890625 0.42892548828125 0.08387373046875 0.42552822265625 0.08621669921875 0.4220138671875 0.094533984375 0.4069021484375 0.09441689453125 0.407370703125 0.0600931640625 0.41369658203125 0.059741796875 0.4134623046875 0.05552451171875 0.42552822265625 0.05646171875 0.42517685546875 0.06067890625
0 0.26118916015625 0.316430078125 0.27774970703125 0.3166736328125 0.27726259765625 0.36659873046875 0.2565619140625 0.36659873046875 0.25558779296875 0.3417580078125 0.26143271484375 0.3417580078125 0.26118916015625 0.316430078125
0 0.07610068359375 0.94550263671875 0.081252734375 0.94550263671875 0.08735888671875 0.94989140625 0.0957548828125 0.95733330078125 0.1115927734375 0.9395873046875 0.12495 0.9516087890625 0.11331015625 0.96840078125 0.11712646484375 0.97240791015625 0.136062109375 0.9990099609375 0.1016986328125 0.99900947265625 0.08983955078125 0.9829029296875 0.08392421875 0.99168046875 0.0558740234375 0.96954560546875 0.07610068359375 0.94550263671875
0 0.16362548828125 0.8332666015625 0.16422353515625 0.85210498046875 0.14882392578125 0.85150693359375 0.14882392578125 0.85972998046875 0.14284345703125 0.85943095703125 0.14314248046875 0.86914921875 0.1450861328125 0.8716908203125 0.144787109375 0.875578125 0.11234375 0.87625 0.10845703125 0.871640625 0.10740947265625 0.83849951171875 0.1332748046875 0.83849951171875 0.135966015625 0.84089169921875 0.13940478515625 0.8444798828125 0.14344150390625 0.84477890625 0.1432919921875 0.84343330078125 0.14777734375 0.84343330078125 0.1480763671875 0.83311708984375 0.16362548828125 0.8332666015625
0 0.165076953125 0.78967431640625 0.1634892578125 0.80813857421875 0.14872890625 0.808021484375 0.1473232421875 0.80556142578125 0.14099736328125 0.8052099609375 0.141348828125 0.80931005859375 0.1416154296875 0.81323291015625 0.15114892578125 0.81398046875 0.15579775390625 0.819655859375 0.1538833984375 0.82207890625 0.15410087890625 0.83035087890625 0.1090625 0.830537109375 0.10932021484375 0.8023984375 0.11189736328125 0.80161083984375 0.11147666015625 0.794783984375 0.12834560546875 0.79419833984375 0.13191240234375 0.7963962890625 0.13581513671875 0.798323046875 0.14721064453125 0.7985974609375 0.147387890625 0.79028466796875 0.165076953125 0.78967431640625
0 0.10982236328125 0.74961357421875 0.1225912109375 0.74930068359375 0.1227083984375 0.7507583984375 0.12950283203125 0.75078505859375 0.13057568359375 0.7501970703125 0.158871484375 0.751080859375 0.15890634765625 0.76554541015625 0.15293193359375 0.765896875 0.1543376953125 0.77023125 0.15890634765625 0.7762056640625 0.15351767578125 0.78639736328125 0.114508203125 0.786631640625 0.11345390625 0.77304267578125 0.1150939453125 0.77304267578125 0.1155625 0.7685912109375 0.11802255859375 0.7684740234375 0.1173197265625 0.76718544921875 0.10935380859375 0.76671689453125 0.10982236328125 0.74961357421875
0 0.1122169921875 0.70526279296875 0.15496015625 0.70526279296875 0.1551509765625 0.710033203125 0.157631640625 0.7140404296875 0.1570591796875 0.72148232421875 0.14904482421875 0.72167314453125 0.14904482421875 0.7272068359375 0.16144794921875 0.7268251953125 0.16182958984375 0.72892421875 0.16507353515625 0.73083232421875 0.16469189453125 0.7434263671875 0.14656416015625 0.7438080078125 0.14465595703125 0.73579365234375 0.13530595703125 0.73579365234375 0.13397021484375 0.73541201171875 0.13282529296875 0.7399916015625 0.13187119140625 0.7403732421875 0.113552734375 0.7396099609375 0.11317109375 0.73178642578125 0.110499609375 0.73064150390625 0.1099271484375 0.727016015625 0.107446484375 0.7251078125 0.1076373046875 0.710796484375 0.11164453125 0.7102240234375 0.1122169921875 0.70526279296875
0 0.11121884765625 0.6562072265625 0.114048046875 0.6577228515625 0.13615986328125 0.658466015625 0.1396453125 0.659326171875 0.140778125 0.66204208984375 0.1396453125 0.6744267578125 0.1399443359375 0.68040712890625 0.14158896484375 0.68339736328125 0.145315234375 0.6833720703125 0.15060986328125 0.68238935546875 0.16117119140625 0.68145244140625 0.16284365234375 0.70110771484375 0.14692392578125 0.70200478515625 0.14505009765625 0.69477255859375 0.109744140625 0.69645703125 0.10769375 0.65657373046875 0.11121884765625 0.6562072265625
0 0.16710419921875 0.6193775390625 0.1676099609375 0.63863701171875 0.152535546875 0.63863701171875 0.14947314453125 0.64080634765625 0.14969638671875 0.648583984375 0.14579169921875 0.64824638671875 0.14485947265625 0.65762705078125 0.114241015625 0.6572396484375 0.11143623046875 0.65277734375 0.11125263671875 0.6268279296875 0.11310849609375 0.62579501953125 0.13990029296875 0.62570322265625 0.1409369140625 0.6291494140625 0.142680859375 0.6287822265625 0.14943359375 0.62794326171875 0.1499158203125 0.63018193359375 0.15058779296875 0.61950693359375 0.16710419921875 0.6193775390625
0 0.161894140625 0.58850966796875 0.15935244140625 0.59209794921875 0.1449994140625 0.5919484375 0.14873720703125 0.59957353515625 0.1645853515625 0.59957353515625 0.16682802734375 0.61467412109375 0.15053134765625 0.61527216796875 0.150680859375 0.6088431640625 0.14873720703125 0.60689951171875 0.14200927734375 0.60779658203125 0.13722490234375 0.60794609375 0.1355802734375 0.61018876953125 0.1154296875 0.6098046875 0.115805078125 0.603515625 0.1119869140625 0.603515625 0.11210712890625 0.5816322265625 0.11928359375 0.57819345703125 0.158305859375 0.577744921875 0.161894140625 0.58850966796875
0 0.1151326171875 0.572403125 0.1124611328125 0.572403125 0.114178515625 0.55465703125 0.12123876953125 0.55408466796875 0.12123876953125 0.55255810546875 0.12047548828125 0.54893251953125 0.11456015625 0.54759677734375 0.1147509765625 0.53500283203125 0.144709375 0.53576611328125 0.14699921875 0.53748349609375 0.15787578125 0.53843759765625 0.1581705078125 0.5458359375 0.1552212890625 0.5473927734375 0.1547224609375 0.55480439453125 0.159783984375 0.555038671875 0.16452880859375 0.56014365234375 0.17222841796875 0.55981904296875 0.17395283203125 0.56947060546875 0.17403828125 0.57344970703125 0.1654306640625 0.573955859375 0.163053515625 0.57187197265625 0.1151326171875 0.572403125
0 0.1245857421875 0.49433984375 0.1329583984375 0.493741796875 0.15852470703125 0.4946388671875 0.15882373046875 0.50450654296875 0.16286044921875 0.50809482421875 0.1622625 0.52962431640625 0.11412001953125 0.53052138671875 0.1145685546875 0.516168359375 0.12189453125 0.51601884765625 0.12294111328125 0.5100384765625 0.1245857421875 0.49433984375
0 0.1598869140625 0.44896845703125 0.1601859375 0.46496611328125 0.157195703125 0.467358203125 0.15704619140625 0.47109599609375 0.16915654296875 0.47169404296875 0.17005361328125 0.48769169921875 0.1551025390625 0.4878412109375 0.1178744140625 0.4884392578125 0.11720634765625 0.45564150390625 0.1194568359375 0.45564150390625 0.1196875 0.448115234375 0.1598869140625 0.44896845703125
0 0.11799521484375 0.40607099609375 0.13612294921875 0.40683427734375 0.13535966796875 0.42553447265625 0.1445189453125 0.42648857421875 0.14509140625 0.4287783203125 0.16837109375 0.4276333984375 0.172569140625 0.4449978515625 0.1565404296875 0.4461427734375 0.1538689453125 0.43717431640625 0.1437556640625 0.43831923828125 0.11704111328125 0.43851005859375 0.11799521484375 0.40607099609375
0 0.1198609375 0.36351064453125 0.1491650390625 0.36366015625 0.148866015625 0.36605234375 0.1523046875 0.36605234375 0.15275322265625 0.36366015625 0.15634150390625 0.364258203125 0.1570890625 0.40223388671875 0.1189638671875 0.40043974609375 0.118066796875 0.38608671875 0.11821630859375 0.38190048828125 0.12001044921875 0.3817509765625 0.1201599609375 0.37711611328125 0.1171697265625 0.3769666015625 0.118066796875 0.36410869140625 0.1198609375 0.36351064453125
0 0.12338203125 0.32209189453125 0.16105869140625 0.323287890625 0.16434794921875 0.32702568359375 0.1644974609375 0.33390322265625 0.162404296875 0.33390322265625 0.16225478515625 0.33749140625 0.15462978515625 0.33689345703125 0.15418125 0.34631259765625 0.16135771484375 0.34631259765625 0.16061015625 0.360665625 0.15836748046875 0.3582734375 0.15403173828125 0.3582734375 0.15403173828125 0.360067578125 0.14236982421875 0.36051611328125 0.14236982421875 0.35872197265625 0.11665400390625 0.35961904296875 0.1171025390625 0.34093017578125 0.12024228515625 0.34093017578125 0.1200927734375 0.3310625 0.122783984375 0.33031494140625 0.12338203125 0.32209189453125
0 0.15246552734375 0.27764150390625 0.15204072265625 0.28180126953125 0.1592171875 0.28195078125 0.15876865234375 0.2952572265625 0.1583201171875 0.2970513671875 0.15906767578125 0.29839697265625 0.15800595703125 0.31028603515625 0.1558765625 0.31028603515625 0.155263671875 0.318369140625 0.15029296875 0.318212890625 0.150032421875 0.31284248046875 0.1444650390625 0.3118599609375 0.144580078125 0.318037109375 0.11855029296875 0.31723525390625 0.1200056640625 0.27638193359375 0.15246552734375 0.27764150390625
0 0.1194140625 0.23822822265625 0.13376708984375 0.238377734375 0.13586025390625 0.2353875 0.14243876953125 0.2362845703125 0.14303681640625 0.2392748046875 0.16067900390625 0.23912529296875 0.16187509765625 0.23733115234375 0.1700982421875 0.23703212890625 0.169201171875 0.2501890625 0.17413505859375 0.25123564453125 0.174433984375 0.275605859375 0.1357107421875 0.2759048828125 0.13556123046875 0.27455927734375 0.11926455078125 0.274409765625 0.1194140625 0.23822822265625
0 0.15247275390625 0.1919234375 0.152470703125 0.1978853515625 0.14095283203125 0.198365234375 0.1409865234375 0.2037984375 0.148369140625 0.2042232421875 0.1490380859375 0.21539404296875 0.1652576171875 0.21443994140625 0.16582998046875 0.21634814453125 0.17269951171875 0.21596650390625 0.1746076171875 0.2335216796875 0.16163203125 0.2337125 0.1618228515625 0.23085029296875 0.159723828125 0.22913291015625 0.158960546875 0.2222634765625 0.1505646484375 0.22512578125 0.1486564453125 0.22684306640625 0.1454125 0.22627060546875 0.12232353515625 0.22627060546875 0.1211787109375 0.1917326171875 0.15247275390625 0.1919234375
0 0.1301314453125 0.14689931640625 0.13568408203125 0.1472822265625 0.13721142578125 0.1476640625 0.1431857421875 0.1480375 0.1439501953125 0.14994853515625 0.1551169921875 0.150175 0.15559736328125 0.17506064453125 0.15930947265625 0.1759734375 0.15887666015625 0.191805859375 0.11975244140625 0.19093056640625 0.12086611328125 0.14581533203125 0.1257626953125 0.145093359375 0.12576171875 0.145068359375 0.1301314453125 0.14689931640625
0 0.1767712890625 0.10873212890625 0.17523037109375 0.1499015625 0.1575880859375 0.1499015625 0.157587890625 0.150068359375 0.1442865234375 0.14947470703125 0.1435244140625 0.14756943359375 0.13728642578125 0.1471794921875 0.13576064453125 0.146798046875 0.1302458984375 0.1464177734375 0.1257421875 0.144521484375 0.1251646484375 0.12984326171875 0.126372265625 0.126241015625 0.12758095703125 0.10793876953125 0.1767712890625 0.10873212890625
0 0.105821875 0.07368828125 0.1280990234375 0.05171015625 0.1315376953125 0.05275673828125 0.14305 0.06411962890625 0.152020703125 0.05694306640625 0.15979521484375 0.06411962890625 0.1575525390625 0.06845537109375 0.16039326171875 0.07353876953125 0.1499275390625 0.0857986328125 0.1511236328125 0.08834033203125 0.1321357421875 0.10523505859375 0.12899599609375 0.10553408203125 0.12794951171875 0.1023943359375 0.1206234375 0.0935732421875 0.11867978515625 0.09476923828125 0.105821875 0.07922021484375 0.105821875 0.07368828125
0 0.063403515625 0.0729861328125 0.06363779296875 0.069003125 0.06211484375 0.06818310546875 0.06258349609375 0.041942578125 0.067737890625 0.03889677734375 0.0704322265625 0.0369052734375 0.074180859375 0.0379595703125 0.080858203125 0.03456240234375 0.08413828125 0.0359681640625 0.0889412109375 0.03385947265625 0.093978515625 0.037491015625 0.1020615234375 0.037491015625 0.104873046875 0.02741650390625 0.12291337890625 0.035265234375 0.115767578125 0.05084560546875 0.1042873046875 0.04475400390625 0.10393583984375 0.0488541015625 0.10159296875 0.048502734375 0.10077294921875 0.0445197265625 0.09901572265625 0.04416826171875 0.0986642578125 0.04733125 0.09925 0.04932275390625 0.09796142578125 0.0729861328125 0.09292412109375 0.07486044921875 0.063403515625 0.0729861328125
0 0.06032255859375 0.01999189453125 0.06062158203125 0.03942822265625 0.0562857421875 0.038381640625 0.054192578125 0.03479345703125 0.05120234375 0.034344921875 0.04925869140625 0.03883017578125 0.04836162109375 0.04720283203125 0.054192578125 0.05632294921875 0.0538935546875 0.0754603515625 0.04582001953125 0.076357421875 0.039391015625 0.0748623046875 0.03221455078125 0.078749609375 0.024169921875 0.07802734375 0.0235396484375 0.07255947265625 0.021484375 0.07275390625 0.02144970703125 0.0313546875 0.02593505859375 0.03180322265625 0.0290748046875 0.0292615234375 0.03445712890625 0.02941103515625 0.039391015625 0.0334478515625 0.03924150390625 0.03598955078125 0.0432783203125 0.03598955078125 0.044175390625 0.02776640625 0.039391015625 0.0280654296875 0.03924150390625 0.0189453125 0.06032255859375 0.01999189453125
0 -0.0 0.73460849609375 0.00339921875 0.73497998046875 0.0043208984375 0.7300583984375 0.00845478515625 0.73093544921875 0.0081958984375 0.736676953125 0.01099189453125 0.7373921875 0.01069287109375 0.754493359375 0.0096462890625 0.75972626953125 0.0050115234375 0.76002529296875 0.0044134765625 0.75404482421875 -0.0 0.7541943359375 -0.0 0.73460849609375
0 0.01394033203125 0.72044091796875 0.01768896484375 0.71739521484375 0.0213205078125 0.71727802734375 0.02167197265625 0.72114384765625 0.03280078125 0.721378125 0.03467509765625 0.7186837890625 0.04556962890625 0.71903525390625 0.04603818359375 0.7240724609375 0.04779541015625 0.7240724609375 0.0496697265625 0.72372099609375 0.04943544921875 0.73801279296875 0.05212978515625 0.73812998046875 0.04943544921875 0.76718203125 0.04053232421875 0.76636201171875 0.040298046875 0.77163359375 0.02413203125 0.77116494140625 0.0235462890625 0.76542490234375 0.018626171875 0.76530771484375 0.018626171875 0.76413623046875 0.01710322265625 0.76284765625 0.0180404296875 0.73789560546875 0.01546318359375 0.73754423828125 0.0159318359375 0.73215546875 0.014057421875 0.73156982421875 0.01394033203125 0.72044091796875
0 -0.0 0.60298134765625 0.0131423828125 0.60527119140625 0.0116158203125 0.64629697265625 0.00799033203125 0.64591533203125 0.00665458984375 0.65030419921875 -0.0 0.64954091796875 -0.0 0.60298134765625
0 0.01589404296875 0.6059390625 0.02667138671875 0.60570478515625 0.0280771484375 0.611562109375 0.0358087890625 0.6121478515625 0.0356916015625 0.59082734375 0.0422517578125 0.5912958984375 0.04260322265625 0.59317021484375 0.04482900390625 0.59317021484375 0.0444775390625 0.59164736328125 0.050334765625 0.5914130859375 0.05244345703125 0.61296787109375 0.0443052734375 0.61288955078125 0.04357099609375 0.6118798828125 0.04173525390625 0.6123388671875 0.03989951171875 0.61344033203125 0.0404099609375 0.61515498046875 0.04279638671875 0.615500390625 0.043891796875 0.61519365234375 0.0472890625 0.6196451171875 0.04963193359375 0.6251509765625 0.0489291015625 0.640028515625 0.041783203125 0.64119990234375 0.0411974609375 0.64518291015625 0.0335830078125 0.646354296875 0.03334873046875 0.6503373046875 0.01683115234375 0.64881435546875 0.01636259765625 0.6424884765625 0.01460537109375 0.6394427734375 0.01530830078125 0.61191357421875 0.016596875 0.61015634765625 0.01589404296875 0.6059390625
0 -0.0 0.5179341796875 0.0084365234375 0.51778466796875 0.0096326171875 0.53049306640625 0.01232373046875 0.53243671875 0.01142666015625 0.55770400390625 0.00200751953125 0.55725546875 -0.0 0.55725546875 -0.0 0.5179341796875
0 0.0372818359375 0.584767578125 0.0372818359375 0.5624904296875 0.01321064453125 0.56144384765625 0.01380869140625 0.529598046875 0.02741416015625 0.52780390625 0.02801220703125 0.52541181640625 0.0486447265625 0.52660791015625 0.04879423828125 0.537970703125 0.0532794921875 0.53812021484375 0.0532794921875 0.58940234375 0.0378798828125 0.58775771484375 0.0372818359375 0.584767578125
0 -0.0 0.41655498046875 0.008670703125 0.41655498046875 0.014651171875 0.42238583984375 0.01330556640625 0.457819921875 0.01210947265625 0.46081015625 -0.0 0.46081015625 -0.0 0.41655498046875
0 0.04425419921875 0.417003515625 0.04425419921875 0.4189470703125 0.05382294921875 0.419844140625 0.05412197265625 0.42956240234375 0.05053369140625 0.4300109375 0.04933759765625 0.44406494140625 0.04706494140625 0.4521107421875 0.03434580078125 0.4531236328125 0.03377333984375 0.45980234375 0.019610546875 0.459373828125 0.01984365234375 0.41763154296875 0.04425419921875 0.417003515625
0 -0.0 0.3760171875 -0.0 0.3371443359375 0.00231474609375 0.337443359375 0.00410888671875 0.3353501953125 0.00814560546875 0.33445322265625 0.01023876953125 0.3353501953125 0.01651826171875 0.3359482421875 0.01756484375 0.364205859375 0.01861142578125 0.36510283203125 0.018162890625 0.37586767578125 -0.0 0.3760171875
0 0.0587224609375 0.377874609375 0.04642216796875 0.37799169921875 0.044079296875 0.382091796875 0.0400962890625 0.38314609375 0.039744921875 0.397320703125 0.01865869140625 0.3967349609375 0.01795576171875 0.38033466796875 0.018308203125 0.378058984375 0.0274455078125 0.37841044921875 0.02703857421875 0.33378740234375 0.0296484375 0.333779296875 0.02996982421875 0.33486845703125 0.0481751953125 0.33486845703125 0.0490234375 0.3337109375 0.0586615234375 0.33367255859375 0.0587224609375 0.377874609375
0 -0.0 0.2233482421875 0.005523828125 0.223157421875 0.0053330078125 0.2244931640625 0.005523828125 0.2244931640625 0.0184994140625 0.22430234375 0.0165912109375 0.2659005859375 -0.0 0.26456494140625 -0.0 0.2233482421875
0 0.02804033203125 0.2681904296875 0.02727705078125 0.23498818359375 0.0316658203125 0.23327080078125 0.03071171875 0.2275462890625 0.02136171875 0.2248748046875 0.0215525390625 0.20884609375 0.034221484375 0.21072724609375 0.03504150390625 0.20732998046875 0.045049609375 0.20711318359375 0.04523310546875 0.2185759765625 0.04406171875 0.22209033203125 0.04312451171875 0.22537041015625 0.0412501953125 0.22712763671875 0.04177919921875 0.23174423828125 0.05494560546875 0.23174423828125 0.05609052734375 0.23498818359375 0.062005859375 0.23536982421875 0.062005859375 0.271052734375 0.02804033203125 0.2681904296875
0 -0.0 0.13977802734375 0.0140072265625 0.14037607421875 0.01430625 0.143216796875 0.0205857421875 0.14381484375 0.02013720703125 0.1783517578125 0.018492578125 0.18866806640625 -0.0 0.188817578125 -0.0 0.13977802734375
0 0.02342646484375 0.1459080078125 0.02895830078125 0.14605751953125 0.032098046875 0.14620703125 0.03404169921875 0.143216796875 0.036882421875 0.14306728515625 0.0406201171875 0.14276826171875 0.0418162109375 0.14276826171875 0.042115234375 0.14261875 0.04316181640625 0.14097412109375 0.04645107421875 0.140824609375 0.04764716796875 0.14187119140625 0.050487890625 0.14217021484375 0.0519830078125 0.14127314453125 0.05975751953125 0.14246923828125 0.06035556640625 0.153233984375 0.06454189453125 0.15428056640625 0.06364482421875 0.1819400390625 0.02312744140625 0.18059443359375 0.02342646484375 0.1459080078125
0 -0.0 0.0386228515625 0.0023501953125 0.03817431640625 -0.0 0.0214291015625 0.014460546875 0.01799033203125 0.0171517578125 0.0286056640625 0.0171517578125 0.0326423828125 0.01730126953125 0.034735546875 0.0083306640625 0.03667919921875 0.01057333984375 0.04251015625 0.0095267578125 0.05028466796875 0.012068359375 0.05417197265625 0.01117138671875 0.0582087890625 0.0083306640625 0.06060087890625 0.00788212890625 0.07196376953125 -0.0 0.0730103515625 -0.0 0.0386228515625
0 0.65193095703125 0.34633544921875 0.6547078125 0.3483189453125 0.65510458984375 0.3423685546875 0.68882373046875 0.3439552734375 0.68406337890625 0.38719521484375 0.629716015625 0.384418359375 0.6309060546875 0.34435205078125 0.65193095703125 0.34633544921875
0 0.311234765625 0.8145353515625 0.31196533203125 0.7904251953125 0.32682109375 0.79066875 0.3270646484375 0.81380478515625 0.311234765625 0.8145353515625
0 0.358371484375 0.1540873046875 0.386134765625 0.14970361328125 0.39271025390625 0.1920791015625 0.36275517578125 0.19378388671875 0.358371484375 0.1540873046875
0 0.02748662109375 8.0078125e-06 0.02651376953125 0.00590927734375 -0.0 0.0029869140625 -0.0 7.51953125e-06 0.02748662109375 8.0078125e-06
0 0.12231796875 0.00013681640625 0.14489404296875 0.00013681640625 0.12590625 0.00611728515625 0.12231796875 0.00013681640625
0 0.16419814453125 0.0015771484375 0.17488388671875 0.00863740234375 0.169159375 0.016079296875 0.16133583984375 0.00806494140625 0.16419814453125 0.0015771484375
0 0.1540005859375 0.09216142578125 0.16201494140625 0.09082568359375 0.16449560546875 0.099794140625 0.15724453125 0.10189306640625 0.1540005859375 0.09216142578125
0 -0.0 0.954744140625 -0.0 0.929659765625 0.0123595703125 0.93964482421875 -0.0 0.954744140625
1 0.9075341796875 0.08338525390625 0.9197111328125 0.08338525390625 0.91995458984375 0.11309677734375 0.9160580078125 0.1111484375 0.911430859375 0.1092001953125 0.90631650390625 0.1118791015625 0.9075341796875 0.08338525390625
1 0.9114392578125 0.10999833984375 0.91254296875 0.11013076171875 0.9150154296875 0.1112345703125 0.919033203125 0.11339794921875 0.91951884765625 0.1170625 0.9172671875 0.12090361328125 0.9130287109375 0.12324365234375 0.90856943359375 0.12258134765625 0.90574375 0.11869609375 0.90574375 0.1145017578125 0.90618525390625 0.11260322265625 0.9090109375 0.1111462890625 0.9114392578125 0.10999833984375
