1 0.1266181640625 0.01773095703125 0.1838994140625 0.0157474609375 0.18267890625 0.15444970703125 0.12521455078125 0.15347314453125 0.1266181640625 0.01773095703125
1 0.12331064453125 3.41796875e-06 0.1240234375 0.0390625 6.904296875e-05 0.03996044921875 6.89453125e-05 1.07421875e-06 0.12331064453125 3.41796875e-06
1 6.923828125e-05 0.3402263671875 0.00631064453125 0.33993642578125 0.00631064453125 0.33620654296875 0.0373927734375 0.33682822265625 0.03770361328125 0.3439771484375 0.04827158203125 0.34428798828125 0.04764990234375 0.33744990234375 0.06101533203125 0.33776064453125 0.06256943359375 0.33527412109375 0.07904296875 0.33620654296875 0.09551650390625 0.3386931640625 0.09458408203125 0.342423046875 0.1026654296875 0.3427337890625 0.1026654296875 0.34677451171875 0.11354423828125 0.3480177734375 0.1123009765625 0.37568095703125 0.1048412109375 0.3766134765625 0.10453037109375 0.38687060546875 6.923828125e-05 0.39199951171875 6.923828125e-05 0.3402263671875
1 0.1238013671875 0.34832861328125 0.1278419921875 0.34832861328125 0.12753125 0.340247265625 0.13281513671875 0.340247265625 0.13343681640625 0.33527412109375 0.180992578125 0.3355849609375 0.1822359375 0.342423046875 0.1900064453125 0.3427337890625 0.1900064453125 0.3343416015625 0.23662978515625 0.33527412109375 0.23662978515625 0.338071484375 0.2493734375 0.3411796875 0.2493734375 0.34553125 0.254657421875 0.34739619140625 0.25558994140625 0.37319443359375 0.2509275390625 0.3744376953125 0.2493734375 0.37847841796875 0.244089453125 0.3806541015625 0.24346787109375 0.384383984375 0.2363189453125 0.3850056640625 0.23694052734375 0.3874921875 0.13499091796875 0.38780302734375 0.134680078125 0.38314072265625 0.12970693359375 0.3828298828125 0.128463671875 0.37630263671875 0.1238013671875 0.375991796875 0.1238013671875 0.34832861328125
1 6.9140625e-05 0.18887734375 0.00457802734375 0.18862734375 0.00384736328125 0.19374169921875 0.01505009765625 0.194472265625 0.01505009765625 0.1883837890625 0.02941884765625 0.1888708984375 0.02820107421875 0.18521787109375 0.04817119140625 0.18473076171875 0.05036298828125 0.18716611328125 0.0627833984375 0.18765322265625 0.06789765625 0.19033212890625 0.0703330078125 0.19081923828125 0.07447314453125 0.19325458984375 0.0742296875 0.197151171875 0.081779296875 0.2000736328125 0.0812921875 0.2295416015625 0.0766650390625 0.230272265625 0.0766650390625 0.231976953125 0.06984599609375 0.23173349609375 0.0686283203125 0.23611708984375 0.05669501953125 0.23733486328125 0.05596435546875 0.2407443359375 0.049632421875 0.2412314453125 0.0359943359375 0.24050078125 6.923828125e-05 0.24001025390625 6.9140625e-05 0.18887734375
1 0.089816015625 0.19909951171875 0.09736572265625 0.1915498046875 0.10223642578125 0.1866791015625 0.1141697265625 0.1830259765625 0.133165625 0.18229541015625 0.136331640625 0.1857048828125 0.14826494140625 0.1859484375 0.14899560546875 0.19325458984375 0.1580064453125 0.19301103515625 0.15922412109375 0.18497431640625 0.20598330078125 0.183756640625 0.20744453125 0.1883837890625 0.21450712890625 0.1893580078125 0.21694248046875 0.197151171875 0.22473564453125 0.19763828125 0.226683984375 0.22004365234375 0.21913427734375 0.22345322265625 0.21816015625 0.23075927734375 0.21450712890625 0.2322205078125 0.20744453125 0.232951171875 0.20793154296875 0.23611708984375 0.13438330078125 0.23660419921875 0.133652734375 0.2385525390625 0.1002880859375 0.23684775390625 0.09687861328125 0.22637568359375 0.08932900390625 0.22613212890625 0.089816015625 0.19909951171875
1 0.2530990234375 0.005209375 0.2530990234375 0.004416015625 0.27167490234375 0.00333515625 0.2709361328125 0.01909375 0.253495703125 0.01909375 0.2530990234375 0.005209375
0 0.499664453125 0.0928345703125 0.51592900390625 0.092437890625 0.51553232421875 0.0841072265625 0.53457373046875 0.0841072265625 0.53338359375 0.0920412109375 0.53893740234375 0.092437890625 0.53814404296875 0.1146529296875 0.49688759765625 0.11306611328125 0.499664453125 0.0928345703125
0 0.5004578125 0.03610703125 0.52068935546875 0.03610703125 0.52187939453125 0.03055322265625 0.53060673828125 0.03055322265625 0.532590234375 0.02460283203125 0.54885478515625 0.02539619140625 0.5512349609375 0.03094990234375 0.55758212890625 0.03055322265625 0.55797880859375 0.05752861328125 0.49887109375 0.0555451171875 0.5004578125 0.03610703125
0 0.6059791015625 0.00238779296875 0.63771484375 0.00278447265625 0.63771484375 0.0051646484375 0.64802890625 0.0043712890625 0.6484255859375 0.02499951171875 0.605582421875 0.0242060546875 0.6059791015625 0.00238779296875
1 0.610739453125 0.03055322265625 0.633351171875 0.03094990234375 0.6345412109375 0.03372685546875 0.6345412109375 0.03967724609375 0.6389048828125 0.03888388671875 0.63969833984375 0.0424541015625 0.64921904296875 0.04047060546875 0.648822265625 0.059512109375 0.63771484375 0.0607021484375 0.63771484375 0.06308232421875 0.63057431640625 0.0642724609375 0.63255771484375 0.07101630859375 0.60875595703125 0.0690328125 0.610739453125 0.03055322265625
0 0.4219119140625 0.0329333984375 0.462375 0.033330078125 0.46158154296875 0.04999140625 0.444126953125 0.0511814453125 0.43976328125 0.0563384765625 0.438969921875 0.0591154296875 0.420721875 0.05792529296875 0.4171515625 0.04800791015625 0.4219119140625 0.0321400390625 0.4219119140625 0.0329333984375
1 0.6091525390625 0.0813556640625 0.64846103515625 0.081928125 0.64827021484375 0.09356796875 0.63510380859375 0.09356796875 0.63395888671875 0.10120068359375 0.6087708984375 0.10158232421875 0.6091525390625 0.0813556640625
0 0.73078955078125 0.0003138671875 0.73172197265625 0.02331474609375 0.7093427734375 0.02424716796875 0.7093427734375 0.0167875 0.6932455078125 0.0108818359375 0.69518408203125 0.0018353515625 0.73078955078125 0.0003138671875
0 0.7081076171875 0.03285185546875 0.73137001953125 0.03155947265625 0.73007763671875 0.076145703125 0.71004609375 0.07679189453125 0.7097685546875 0.06235478515625 0.69335830078125 0.06235478515625 0.6935490234375 0.03621279296875 0.709959375 0.03716689453125 0.7081076171875 0.03285185546875
0 0.71027490234375 0.08405390625 0.732551953125 0.08354765625 0.7305267578125 0.1260765625 0.71078115234375 0.1265828125 0.71078115234375 0.1113939453125 0.6940734375 0.11190029296875 0.6945796875 0.09316728515625 0.707743359375 0.09266103515625 0.7092623046875 0.08354765625 0.71027490234375 0.08405390625
0 0.7092623046875 0.1321521484375 0.73153935546875 0.1326583984375 0.7310330078125 0.17417470703125 0.70622451171875 0.1751873046875 0.70673076171875 0.16101103515625 0.6925544921875 0.16101103515625 0.6920482421875 0.1458220703125 0.70875595703125 0.14480947265625 0.7092623046875 0.13518984375 0.7092623046875 0.1321521484375
1 0.7816626953125 0.07392802734375 0.8479875 0.0729154296875 0.8479875 0.10835615234375 0.78065009765625 0.10936875 0.7816626953125 0.07392802734375
1 0.9102619140625 0.09114208984375 0.91076826171875 0.09114208984375 0.94519638671875 0.09367353515625 0.946208984375 0.09772392578125 0.94266494140625 0.13367099609375 0.9482341796875 0.13569619140625 0.94469013671875 0.173162109375 0.9264634765625 0.173162109375 0.89760458984375 0.17012431640625 0.9016548828125 0.130633203125 0.90773046875 0.12911435546875 0.9102619140625 0.09114208984375
1 0.90835595703125 0.013470703125 0.9080451171875 0.01191650390625 0.94410048828125 0.00476767578125 0.96088486328125 0.0653779296875 0.9161265625 0.07532421875 0.90835595703125 0.04206630859375 0.914883203125 0.0395796875 0.90835595703125 0.013470703125
0 0.85335595703125 3.80859375e-06 0.8558419921875 0.01788896484375 0.78373125 0.01664560546875 0.78373125 0.00079375 0.85301904296875 3.80859375e-06 0.85335595703125 3.80859375e-06
1 0.774150390625 0.13107861328125 0.83794375 0.1285470703125 0.83845 0.1665193359375 0.773644140625 0.16803818359375 0.774150390625 0.13107861328125
3 0.17277275390625 0.55158447265625 0.17308359375 0.5503412109375 0.19639521484375 0.5494087890625 0.1967060546875 0.59323466796875 0.17339443359375 0.59199140625 0.17277275390625 0.55158447265625
1 0.29979248046875 5.6640625e-06 0.301501171875 0.00606708984375 0.30526376953125 0.00709326171875 0.3049216796875 0.02453818359375 0.2751626953125 0.01906533203125 0.2717431640625 5.37109375e-06 0.29979248046875 5.6640625e-06
2 0.99906982421875 0.08328505859375 0.982734375 0.01836171875 0.9990697265625 0.014176953125 0.99906982421875 0.08328505859375
0 0.999069921875 0.16340419921875 0.9854447265625 0.16823173828125 0.981477734375 0.1392728515625 0.9775107421875 0.119834765625 0.99906982421875 0.11636982421875 0.999069921875 0.16340419921875
