2 0.755815625 0.00699033203125 0.769491796875 0.0194232421875 0.7648294921875 0.02346396484375 0.76980263671875 0.028437109375 0.743071875 0.05050546875 0.7362337890625 0.04335654296875 0.73250400390625 0.0458431640625 0.723179296875 0.03372109375 0.755815625 0.00699033203125
1 0.20113212890625 0.100081640625 0.2139900390625 0.09454970703125 0.2223626953125 0.112491015625 0.2098037109375 0.11817236328125 0.20113212890625 0.100081640625
0 0.247417578125 0.152712109375 0.2610556640625 0.1641583984375 0.251801171875 0.17536103515625 0.23962431640625 0.16391484375 0.247417578125 0.152712109375
0 0.34931630859375 0.2051732421875 0.36267353515625 0.215858984375 0.356758203125 0.22311005859375 0.34397333984375 0.21070693359375 0.34931630859375 0.2051732421875
4 0.01350654296875 0.38303212890625 0.0224771484375 0.38886298828125 0.013955078125 0.40097333984375 0.009170703125 0.40127236328125 0.00333974609375 0.39753466796875 0.01350654296875 0.38303212890625
1 0.118082421875 0.47414365234375 0.13163046875 0.49093564453125 0.10835078125 0.511734765625 0.09919150390625 0.49895 0.09900068359375 0.49532451171875 0.09766494140625 0.49208056640625 0.118082421875 0.47414365234375
0 0.20973427734375 0.5512884765625 0.22576298828125 0.54308330078125 0.230342578125 0.5518609375 0.214123046875 0.55968447265625 0.20973427734375 0.5512884765625
1 0.35237490234375 0.62366494140625 0.36568134765625 0.62396396484375 0.36568134765625 0.6377189453125 0.34968369140625 0.63547626953125 0.35237490234375 0.62366494140625
1 0.37373369140625 0.5776486328125 0.391076953125 0.56329560546875 0.3991505859375 0.5724158203125 0.38091025390625 0.58736689453125 0.37373369140625 0.5776486328125
1 0.31544296875 0.5912318359375 0.32704033203125 0.58186015625 0.33418623046875 0.59076318359375 0.32399453125 0.59896337890625 0.31544296875 0.5912318359375
1 0.327508984375 0.60189208984375 0.33746630859375 0.5934576171875 0.3442607421875 0.60072060546875 0.33266337890625 0.609155078125 0.327508984375 0.60189208984375
1 0.31358720703125 0.5729408203125 0.3258130859375 0.56215322265625 0.33264521484375 0.56855380859375 0.31926865234375 0.5806359375 0.31358720703125 0.5729408203125
1 0.33908388671875 0.60767314453125 0.3507984375 0.60123017578125 0.35607001953125 0.607907421875 0.34447265625 0.61587333984375 0.33908388671875 0.60767314453125
1 0.239726953125 0.52307451171875 0.25220107421875 0.51394677734375 0.25770107421875 0.5190673828125 0.24548291015625 0.5294955078125 0.239726953125 0.52307451171875
2 0.258246875 0.415574609375 0.26890712890625 0.4097173828125 0.2740615234375 0.41252880859375 0.27804453125 0.42682060546875 0.26527568359375 0.43220927734375 0.258246875 0.415574609375
0 0.59504091796875 0.38823515625 0.605154296875 0.4000658203125 0.5980939453125 0.40636279296875 0.5891255859375 0.39548623046875 0.59504091796875 0.38823515625
1 0.688322265625 0.390380078125 0.7058150390625 0.37976484375 0.71164599609375 0.3885859375 0.691910546875 0.40054677734375 0.688322265625 0.390380078125
1 0.66694228515625 0.37333583984375 0.685481640625 0.3666078125 0.68996689453125 0.37602705078125 0.670680078125 0.3835025390625 0.66694228515625 0.37333583984375
1 0.67109638671875 0.38522099609375 0.68447294921875 0.37997099609375 0.687205859375 0.387378515625 0.6741888671875 0.392125 0.67109638671875 0.38522099609375
1 0.73937919921875 0.39475791015625 0.7452365234375 0.40143515625 0.73141337890625 0.4123296875 0.72637607421875 0.40588671875 0.73937919921875 0.39475791015625
1 0.70442578125 0.39860576171875 0.71391455078125 0.3956771484375 0.722934765625 0.40668876953125 0.7156716796875 0.41219462890625 0.70442578125 0.39860576171875
1 0.47977509765625 0.47021552734375 0.484708984375 0.4782890625 0.4796255859375 0.4821763671875 0.47813046875 0.480083203125 0.471551953125 0.48621318359375 0.4666181640625 0.4803822265625 0.47977509765625 0.47021552734375
1 0.25878544921875 0.49436416015625 0.271819140625 0.4836251953125 0.2783359375 0.49124345703125 0.264843359375 0.5022578125 0.25878544921875 0.49436416015625
1 0.7072828125 0.42665322265625 0.72067734375 0.41837294921875 0.73796845703125 0.425435546875 0.71848544921875 0.44004775390625 0.7072828125 0.42665322265625
1 0.67577431640625 0.4000814453125 0.68188056640625 0.39512021484375 0.6872234375 0.40408857421875 0.68188056640625 0.40752333984375 0.67577431640625 0.4000814453125
2 0.639184375 0.47443046875 0.65209912109375 0.4639419921875 0.657525 0.4708421875 0.64556416015625 0.4804109375 0.639184375 0.47443046875
1 0.65819326171875 0.35681181640625 0.6747107421875 0.3521259765625 0.67834228515625 0.36325478515625 0.6612390625 0.36922919921875 0.65819326171875 0.35681181640625
0 0.4654189453125 0.30324697265625 0.473619140625 0.29891259765625 0.4730333984375 0.29668681640625 0.47818779296875 0.2943439453125 0.48334228515625 0.30558984375 0.46963623046875 0.3137900390625 0.4654189453125 0.30324697265625
1 0.30962255859375 0.38458125 0.32055400390625 0.3742251953125 0.32817724609375 0.3842935546875 0.31523212890625 0.39731064453125 0.3068177734375 0.38846484375 0.30962255859375 0.38458125
1 0.36080048828125 0.45045009765625 0.36772353515625 0.446035546875 0.3639837890625 0.43992255859375 0.3729734375 0.43488837890625 0.3755625 0.44021025390625 0.37714462890625 0.43963486328125 0.37541865234375 0.436758203125 0.38054580078125 0.4335583984375 0.38188154296875 0.436420703125 0.38703359375 0.431841015625 0.39657451171875 0.44462587890625 0.370432421875 0.465425 0.36080048828125 0.45045009765625
1 0.3955955078125 0.47745380859375 0.402357421875 0.47356572265625 0.40900654296875 0.48303232421875 0.40275185546875 0.4876529296875 0.3955955078125 0.47745380859375
1 0.44712265625 0.4905912109375 0.45594375 0.5027015625 0.45220595703125 0.50524326171875 0.451159375 0.503299609375 0.44757119140625 0.5059908203125 0.44039462890625 0.49597353515625 0.44712265625 0.4905912109375
1 0.20578984375 0.27676865234375 0.21571240234375 0.2721890625 0.22506240234375 0.29241572265625 0.21494912109375 0.29623203125 0.20578984375 0.27676865234375
0 0.29338701171875 0.24362666015625 0.30280615234375 0.2394404296875 0.31043125 0.2524478515625 0.29996552734375 0.25723212890625 0.29338701171875 0.24362666015625
1 0.26719033203125 0.1778583984375 0.28675361328125 0.15735791015625 0.302146875 0.16924638671875 0.296654296875 0.1760529296875 0.28924765625 0.17080185546875 0.273984765625 0.18594140625 0.26719033203125 0.1778583984375
1 0.19419091796875 0.07349443359375 0.2054369140625 0.06705146484375 0.21035703125 0.07513447265625 0.19817392578125 0.08169462890625 0.19419091796875 0.07349443359375
4 0.34076884765625 0.07605546875 0.3545919921875 0.0700810546875 0.3590435546875 0.08038984375 0.344283203125 0.08695 0.34076884765625 0.07605546875
2 0.4826529296875 0.15698740234375 0.48834365234375 0.15313232421875 0.494860546875 0.16368779296875 0.48834365234375 0.1680935546875 0.4826529296875 0.15698740234375
2 0.46256689453125 0.16902138671875 0.4688236328125 0.16434677734375 0.47529619140625 0.17074736328125 0.46867978515625 0.17650078125 0.46256689453125 0.16902138671875
0 0.3137462890625 0.3548984375 0.32835849609375 0.3417474609375 0.33469052734375 0.350027734375 0.318860546875 0.36196103515625 0.3137462890625 0.3548984375
3 0.135159765625 0.4292845703125 0.14270947265625 0.42246552734375 0.15439921875 0.4356166015625 0.1461189453125 0.44194853515625 0.135159765625 0.4292845703125
1 0.3553634765625 0.3222296875 0.36656611328125 0.31467998046875 0.36802734375 0.31735888671875 0.3736287109375 0.3134623046875 0.38361376953125 0.32831806640625 0.36656611328125 0.338303125 0.3553634765625 0.3222296875
1 0.6882478515625 0.9487095703125 0.700841796875 0.938023828125 0.71248173828125 0.9530984375 0.703894921875 0.96015869140625 0.69607138671875 0.95901376953125 0.6882478515625 0.9487095703125
1 0.74682890625 0.9487095703125 0.75598818359375 0.94107685546875 0.76533828125 0.951190234375 0.75560654296875 0.95844130859375 0.74682890625 0.9487095703125
1 0.3737373046875 0.46502685546875 0.38170322265625 0.4596380859375 0.38053173828125 0.4576466796875 0.39740068359375 0.44569775390625 0.407006640625 0.458115234375 0.38978623046875 0.47193837890625 0.38720908203125 0.46877548828125 0.38064892578125 0.47369560546875 0.3737373046875 0.46502685546875
2 0.250333984375 0.38821298828125 0.26017412109375 0.38329287109375 0.2639228515625 0.390555859375 0.2536140625 0.39594462890625 0.250333984375 0.38821298828125
1 0.5987271484375 0.427298046875 0.60904345703125 0.439707421875 0.5987271484375 0.44807998046875 0.5893080078125 0.43477353515625 0.5987271484375 0.427298046875
1 0.4064685546875 0.4638197265625 0.411516796875 0.4605154296875 0.4164732421875 0.4669404296875 0.425284765625 0.4605154296875 0.4378595703125 0.47639443359375 0.4197775390625 0.4886021484375 0.40481630859375 0.46473759765625 0.4064685546875 0.4638197265625
1 0.35566845703125 0.54665810546875 0.37044609375 0.53389970703125 0.39192421875 0.5541845703125 0.37182294921875 0.57116513671875 0.352823046875 0.54904453125 0.35566845703125 0.54665810546875
1 0.36593076171875 0.4927890625 0.3782275390625 0.48787041015625 0.38468330078125 0.50662294921875 0.3773052734375 0.50969716796875 0.3748458984375 0.50416357421875 0.36746787109375 0.50600810546875 0.36593076171875 0.4927890625
1 0.42649228515625 0.49340390625 0.44309296875 0.501396875 0.439711328125 0.50754521484375 0.4234181640625 0.500474609375 0.42649228515625 0.49340390625
