2 0.104010546875 0.84531611328125 0.09485126953125 0.78578095703125 0.1309158203125 0.78120126953125 0.131869921875 0.78845234375 0.148852734375 0.78539931640625 0.149616015625 0.78997890625 0.15915693359375 0.7882615234375 0.15820283203125 0.78387275390625 0.178238671875 0.78062880859375 0.1784294921875 0.78482685546875 0.20399912109375 0.77910234375 0.204953125 0.78578095703125 0.2089603515625 0.78539931640625 0.211441015625 0.79837490234375 0.21258583984375 0.79837490234375 0.21487568359375 0.81096884765625 0.18358154296875 0.8176474609375 0.18587138671875 0.83634765625 0.104010546875 0.84531611328125
1 0.04293583984375 0.6284607421875 0.03976982421875 0.60532470703125 0.07240380859375 0.60045400390625 0.07459560546875 0.62724306640625 0.04293583984375 0.6284607421875
1 0.75737724609375 0.80879375 0.7951255859375 0.78760595703125 0.8048669921875 0.808306640625 0.76906708984375 0.82827666015625 0.75737724609375 0.80879375
1 0.71646298828125 0.85311748046875 0.70915693359375 0.83947939453125 0.7208466796875 0.83217333984375 0.72815283203125 0.8460548828125 0.71646298828125 0.85311748046875
1 0.73229296875 0.84483720703125 0.74446982421875 0.83728759765625 0.7534806640625 0.8540916015625 0.74179091796875 0.8626154296875 0.73229296875 0.84483720703125
2 0.7510759765625 0.73896044921875 0.725277734375 0.75232578125 0.71315576171875 0.728081640625 0.72403447265625 0.72217607421875 0.72683193359375 0.7265275390625 0.7411296875 0.7212435546875 0.73507138671875 0.70671806640625 0.75110009765625 0.69736806640625 0.76980029296875 0.7307611328125 0.7510759765625 0.73896044921875
2 0.73590419921875 0.6600142578125 0.71447294921875 0.67535703125 0.69718173828125 0.6398005859375 0.7229966796875 0.6244578125 0.73590419921875 0.6600142578125
2 0.5928681640625 0.56075166015625 0.58638037109375 0.54815771484375 0.5932498046875 0.543578125 0.5924865234375 0.5407158203125 0.621681640625 0.52277890625 0.64114501953125 0.55521796875 0.61462138671875 0.57449052734375 0.60202744140625 0.554073046875 0.5928681640625 0.56075166015625
1 0.99855478515625 0.82599208984375 0.98686181640625 0.82276533203125 0.98495361328125 0.8178041015625 0.9985546875 0.80921396484375 0.99855478515625 0.82599208984375
1 0.98237041015625 0.79309619140625 0.96946298828125 0.76825546875 0.98699765625 0.75827041015625 0.9985546875 0.7811578125 0.9985546875 0.7833857421875 0.98237041015625 0.79309619140625
1 0.99855458984375 0.735426171875 0.995057421875 0.73791279296875 0.9895515625 0.72596396484375 0.99855458984375 0.72101787109375 0.99855458984375 0.735426171875
2 0.578125390625 0.48964111328125 0.56570498046875 0.46723564453125 0.56326962890625 0.469183984375 0.55498935546875 0.45530234375 0.57958662109375 0.441420703125 0.59760830078125 0.4769771484375 0.578125390625 0.48964111328125
1 0.89015693359375 0.66654716796875 0.87489150390625 0.62991015625 0.899888671875 0.61712529296875 0.89798046875 0.6119732421875 0.911146875 0.60300478515625 0.916108203125 0.6152171875 0.90275087890625 0.6285744140625 0.90675810546875 0.63563466796875 0.915344921875 0.629146875 0.9256490234375 0.6526173828125 0.89015693359375 0.66654716796875
1 0.94922021484375 0.6807443359375 0.93262451171875 0.69076162109375 0.9267935546875 0.678202734375 0.9439873046875 0.66758740234375 0.94922021484375 0.6807443359375
2 0.7909865234375 0.51370224609375 0.81083154296875 0.50168076171875 0.82743271484375 0.5348830078125 0.81025908203125 0.54575966796875 0.80663359375 0.536600390625 0.8041529296875 0.5377453125 0.8007181640625 0.52973095703125 0.79632939453125 0.53240244140625 0.7904140625 0.5198083984375 0.79308544921875 0.5179001953125 0.7909865234375 0.51370224609375
2 0.80835087890625 0.4888958984375 0.82876845703125 0.47515703125 0.83850009765625 0.4900408203125 0.815601953125 0.5032072265625 0.80835087890625 0.4888958984375
2 0.83583525390625 0.55492861328125 0.862358984375 0.53737333984375 0.87037333984375 0.55149384765625 0.8436587890625 0.56885830078125 0.83583525390625 0.55492861328125
2 0.8153970703125 0.3346328125 0.79192646484375 0.35810341796875 0.78200400390625 0.34665439453125 0.77494375 0.350470703125 0.769219140625 0.34341044921875 0.77895087890625 0.33367880859375 0.77723349609375 0.33062568359375 0.77418046875 0.33062568359375 0.769219140625 0.325664453125 0.76807431640625 0.3228021484375 0.76444873046875 0.31478779296875 0.77971416015625 0.30352958984375 0.7875376953125 0.3119255859375 0.79211728515625 0.3077275390625 0.8153970703125 0.3346328125
1 0.95103017578125 0.69129384765625 0.9549509765625 0.6966849609375 0.95887177734375 0.69423447265625 0.96622333984375 0.705016796875 0.94269833984375 0.71383857421875 0.93828740234375 0.70452666015625 0.94416865234375 0.70305634765625 0.93926767578125 0.697665234375 0.95103017578125 0.69129384765625
2 0.99855458984375 0.38816650390625 0.986362890625 0.39990986328125 0.98260986328125 0.3942802734375 0.9669720703125 0.4042884765625 0.953836328125 0.393029296875 0.9938689453125 0.35987724609375 0.99261796875 0.35362216796875 0.98698837890625 0.34236298828125 0.99855458984375 0.33124248046875 0.99855458984375 0.38816650390625
2 0.93287001953125 0.1930404296875 0.9676673828125 0.22342685546875 0.95541484375 0.23273876953125 0.95051376953125 0.2283279296875 0.9441423828125 0.23322890625 0.93336015625 0.2209763671875 0.92257783203125 0.23273876953125 0.90983515625 0.21999609375 0.93287001953125 0.1930404296875
2 0.77311123046875 0.36116865234375 0.78928466796875 0.37342119140625 0.77703212890625 0.384203515625 0.764289453125 0.369500390625 0.77311123046875 0.36116865234375
2 0.72949208984375 0.36557958984375 0.75056650390625 0.38812431640625 0.72704150390625 0.40478779296875 0.7138087890625 0.381262890625 0.72949208984375 0.36557958984375
2 0.51829140625 0.8051087890625 0.52328349609375 0.81624501953125 0.52481953125 0.8239251953125 0.5021630859375 0.82584521484375 0.499091015625 0.80856484375 0.51829140625 0.8051087890625
