0 0.99842197265625 0.7501046875 0.98647529296875 0.75171845703125 0.98087783203125 0.714991015625 0.998421875 0.71174287109375 0.99842197265625 0.7501046875
0 0.86653798828125 0.87568037109375 0.88118642578125 0.86298505859375 0.92415517578125 0.91181318359375 0.90950673828125 0.92548505859375 0.86653798828125 0.87568037109375
0 0.91149658203125 0.99900732421875 0.8967244140625 0.9874666015625 0.90441162109375 0.97042109375 0.92733779296875 0.946344140625 0.9411763671875 0.95571513671875 0.93649716796875 0.9620654296875 0.97950224609375 0.9925052734375 0.97571162109375 0.999005859375 0.91149658203125 0.99900732421875
0 0.86066962890625 0.914619921875 0.88701640625 0.944273046875 0.87995703125 0.95054287109375 0.864370703125 0.93194638671875 0.86149033203125 0.9341125 0.85143623046875 0.92221171875 0.86066962890625 0.914619921875
0 0.8275466796875 0.94605107421875 0.84357265625 0.9574513671875 0.8340251953125 0.97069638671875 0.81822216796875 0.95953017578125 0.8275466796875 0.94605107421875
0 0.86009638671875 0.99900830078125 0.88222265625 0.96929404296875 0.88765615234375 0.97317177734375 0.8679515625 0.999008203125 0.86009638671875 0.99900830078125
0 0.70339931640625 0.87069951171875 0.7103689453125 0.864272265625 0.71735947265625 0.8573884765625 0.7522029296875 0.88589111328125 0.73534794921875 0.906616796875 0.73210947265625 0.90589111328125 0.72859228515625 0.90926767578125 0.69831220703125 0.88384755859375 0.70190458984375 0.87463671875 0.70339931640625 0.87069951171875
0 0.69516767578125 0.853044140625 0.7103689453125 0.864272265625 0.70339931640625 0.87069951171875 0.70190458984375 0.87463671875 0.68661708984375 0.86375400390625 0.69516767578125 0.853044140625
0 0.70086689453125 0.766069140625 0.74509599609375 0.7266525390625 0.785429296875 0.770881640625 0.7432626953125 0.80800654296875 0.73730439453125 0.80915234375 0.70086689453125 0.766069140625
0 0.8981330078125 0.55974833984375 0.9368287109375 0.6024861328125 0.93224541015625 0.606152734375 0.93591201171875 0.61004853515625 0.9181560546875 0.62266142578125 0.9141673828125 0.6186814453125 0.909787109375 0.61898603515625 0.88018115234375 0.58524638671875 0.88296591796875 0.58226728515625 0.87782275390625 0.57748955078125 0.8981330078125 0.55974833984375
0 0.99842177734375 0.4891341796875 0.9960607421875 0.4865201171875 0.98776015625 0.49397666015625 0.9762236328125 0.48286220703125 0.99842177734375 0.4586939453125 0.99842177734375 0.4891341796875
0 0.99842177734375 0.403637890625 0.93647314453125 0.4367119140625 0.9286814453125 0.4367119140625 0.865153515625 0.317929296875 0.869853515625 0.314462890625 0.869619140625 0.3140234375 0.87300458984375 0.31327021484375 0.87405146484375 0.31356689453125 0.934392578125 0.2811408203125 0.96557724609375 0.26414970703125 0.97313974609375 0.2639205078125 0.998421875 0.3115912109375 0.99842177734375 0.403637890625
0 0.901494140625 0.211787109375 0.934392578125 0.2801642578125 0.87405146484375 0.31259033203125 0.869619140625 0.313046875 0.831845703125 0.244130859375 0.895733984375 0.21147978515625 0.901494140625 0.211787109375
0 0.88193154296875 0.13844677734375 0.9156755859375 0.20349814453125 0.901494140625 0.210810546875 0.895733984375 0.21050322265625 0.831845703125 0.243154296875 0.79538603515625 0.1766337890625 0.80088603515625 0.172737890625 0.86520244140625 0.13959267578125 0.86726494140625 0.14188427734375 0.87574404296875 0.1373009765625 0.88193154296875 0.13844677734375
0 0.67614453125 0.2232525390625 0.71775458984375 0.30527666015625 0.6744673828125 0.3275052734375 0.666451953125 0.32836044921875 0.6238904296875 0.24503681640625 0.66598544921875 0.223674609375 0.67614453125 0.2232525390625
0 0.419451171875 0.1081126953125 0.4182943359375 0.12884140625 0.41359853515625 0.129280078125 0.4121166015625 0.1317666015625 0.38217587890625 0.12981875 0.38091904296875 0.1212 0.38415107421875 0.10934921875 0.38630576171875 0.10916962890625 0.387355859375 0.099739453125 0.39546318359375 0.10019169921875 0.39528369140625 0.1030646484375 0.40408193359375 0.10324423828125 0.40408193359375 0.1046806640625 0.4139576171875 0.10539892578125 0.419451171875 0.1081126953125
0 0.34747451171875 0.112829296875 0.36240068359375 0.11378857421875 0.36694111328125 0.11496630859375 0.3662197265625 0.12510009765625 0.36212783203125 0.12639775390625 0.3473642578125 0.12534560546875 0.3454826171875 0.11883212890625 0.34747451171875 0.112829296875
0 0.3652662109375 0.14905341796875 0.3787998046875 0.1509623046875 0.37830654296875 0.15453994140625 0.38014765625 0.15522646484375 0.3792658203125 0.16647021484375 0.3762294921875 0.166733203125 0.37425302734375 0.18186796875 0.35972392578125 0.18034208984375 0.3529201171875 0.18024931640625 0.35769501953125 0.14927392578125 0.3652662109375 0.14905341796875
0 0.31522412109375 0.16404560546875 0.2943013671875 0.16181708984375 0.2959548828125 0.1448412109375 0.30049833984375 0.1449185546875 0.30059375 0.1417546875 0.31301708984375 0.1430150390625 0.3127193359375 0.1481720703125 0.31668779296875 0.1485982421875 0.31522412109375 0.16404560546875
0 0.369803125 0.29973291015625 0.3748306640625 0.29973291015625 0.3799685546875 0.3020103515625 0.37192939453125 0.3369013671875 0.3644447265625 0.33761962890625 0.35956826171875 0.3348728515625 0.369803125 0.29973291015625
0 0.46483056640625 0.34008623046875 0.462411328125 0.36542734375 0.4442998046875 0.36248349609375 0.44579296875 0.33971298828125 0.45139228515625 0.3374732421875 0.46483056640625 0.34008623046875
0 0.4384203125 0.37876943359375 0.4466876953125 0.3786591796875 0.45438740234375 0.38171259765625 0.452933203125 0.405564453125 0.434321484375 0.4037224609375 0.4384203125 0.37876943359375
0 0.452119140625 0.42283837890625 0.44719501953125 0.45463388671875 0.42763935546875 0.45153876953125 0.43279052734375 0.41927666015625 0.43551787109375 0.41847705078125 0.452119140625 0.42283837890625
0 0.53726357421875 0.44265673828125 0.560408203125 0.45117021484375 0.56238330078125 0.45296572265625 0.5519689453125 0.47810380859375 0.54782666015625 0.49749609375 0.57147490234375 0.52598896484375 0.574413671875 0.5237115234375 0.586390625 0.53721923828125 0.58348935546875 0.53959443359375 0.60808525390625 0.5689884765625 0.58949658203125 0.584581640625 0.57243857421875 0.562855078125 0.56561533203125 0.56788271484375 0.562562890625 0.5680623046875 0.5587921875 0.56249599609375 0.556098828125 0.56465068359375 0.5306015625 0.58332470703125 0.51864365234375 0.56487451171875 0.54846962890625 0.540816796875 0.5505798828125 0.54348994140625 0.55128330078125 0.54236435546875 0.54895107421875 0.5391357421875 0.52970107421875 0.51117744140625 0.537721875 0.50338583984375 0.524659375 0.50017744140625 0.526721875 0.47657333984375 0.532221875 0.4609900390625 0.52970107421875 0.45984423828125 0.53726357421875 0.44265673828125
0 0.56972568359375 0.5741896484375 0.579401171875 0.58505732421875 0.5685263671875 0.59491259765625 0.55846357421875 0.5829345703125 0.56972568359375 0.5741896484375
0 0.560672265625 0.6237490234375 0.552141796875 0.6298216796875 0.5453771484375 0.62170908203125 0.55351484375 0.61607744140625 0.560672265625 0.6237490234375
0 0.52272490234375 0.637280078125 0.52851201171875 0.644516015625 0.5196486328125 0.6508470703125 0.51416181640625 0.6431091796875 0.52272490234375 0.637280078125
0 0.59035068359375 0.6208189453125 0.596996484375 0.62815224609375 0.596308984375 0.629298046875 0.60135068359375 0.6352564453125 0.58966318359375 0.64533974609375 0.58439228515625 0.639610546875 0.5829609375 0.64018525390625 0.577547265625 0.6348544921875 0.5788658203125 0.630274609375 0.59035068359375 0.6208189453125
0 0.61859697265625 0.605551953125 0.6341193359375 0.59536708984375 0.64029814453125 0.6028193359375 0.63596142578125 0.6064685546875 0.64433037109375 0.61668828125 0.643413671875 0.61852158203125 0.650976171875 0.62768828125 0.654039453125 0.62572724609375 0.6641314453125 0.63731318359375 0.6712095703125 0.63218740234375 0.68040224609375 0.6426216796875 0.65629921875 0.6615380859375 0.65347958984375 0.660348828125 0.64776787109375 0.66343818359375 0.64112197265625 0.654958984375 0.64593447265625 0.650833984375 0.63264287109375 0.63593818359375 0.625538671875 0.64143818359375 0.6136220703125 0.62700078125 0.60868193359375 0.62075517578125 0.6163458984375 0.61522041015625 0.613163671875 0.6107298828125 0.61859697265625 0.605551953125
0 0.422661328125 0.46826884765625 0.45940771484375 0.47577470703125 0.45738583984375 0.48614384765625 0.45245302734375 0.4866021484375 0.45130712890625 0.4953830078125 0.44786962890625 0.49599794921875 0.44695302734375 0.49943544921875 0.43801552734375 0.49714384765625 0.43834912109375 0.49300283203125 0.41922392578125 0.4893521484375 0.4183072265625 0.478810546875 0.422661328125 0.46826884765625
0 0.417094140625 0.5188884765625 0.4373841796875 0.52283876953125 0.42948369140625 0.55982763671875 0.41116875 0.5562365234375 0.417094140625 0.5188884765625
0 0.407784375 0.56833310546875 0.42951083984375 0.57264248046875 0.427715234375 0.5803634765625 0.43256328125 0.5819794921875 0.4296904296875 0.59849873046875 0.41927607421875 0.59939658203125 0.4004224609375 0.59400986328125 0.407784375 0.56833310546875
0 0.44650302734375 0.62718271484375 0.45791787109375 0.63041123046875 0.47270634765625 0.63250576171875 0.46094052734375 0.70372421875 0.40639892578125 0.6924951171875 0.406628125 0.6794326171875 0.412128125 0.664766015625 0.43802392578125 0.67072431640625 0.44650302734375 0.62718271484375
0 0.55716279296875 0.683751953125 0.5835169921875 0.714689453125 0.56678779296875 0.72843935546875 0.541350390625 0.69727275390625 0.542037890625 0.695439453125 0.55716279296875 0.683751953125
0 0.566165234375 0.9990115234375 0.5848546875 0.97519033203125 0.589450390625 0.9808771484375 0.60579013671875 0.99093232421875 0.59875107421875 0.999011328125 0.566165234375 0.9990115234375
4 0.66069384765625 0.956322265625 0.665721484375 0.9593748046875 0.6750244140625 0.94884677734375 0.693959765625 0.96194765625 0.6773927734375 0.9833287109375 0.66458505859375 0.97582138671875 0.66159169921875 0.97050732421875 0.65357744140625 0.9641296875 0.66069384765625 0.956322265625
0 0.37166591796875 0.95123818359375 0.36574052734375 0.98661103515625 0.34491181640625 0.9831994140625 0.3514 0.94798203125 0.37166591796875 0.95123818359375
0 0.1506837890625 0.99900849609375 0.153737890625 0.9901537109375 0.15942236328125 0.99118037109375 0.16061201171875 0.9866783203125 0.16404287109375 0.987078125 0.16806845703125 0.971483984375 0.1871673828125 0.974223828125 0.182645703125 0.99082236328125 0.18663935546875 0.99160244140625 0.18477802734375 0.99900908203125 0.1506837890625 0.99900849609375
0 0.36485263671875 0.88352607421875 0.38478349609375 0.88855361328125 0.38101279296875 0.90489345703125 0.3876701171875 0.90630263671875 0.38400615234375 0.92274921875 0.3770625 0.9219513671875 0.3769693359375 0.92365380859375 0.35749072265625 0.9196171875 0.36485263671875 0.88352607421875
0 -0.0 0.55563662109375 -0.0 0.54345263671875 0.00297275390625 0.54168408203125 0.0178759765625 0.53830234375 0.02738984375 0.57102548828125 0.0302390625 0.5701138671875 0.04102822265625 0.60381875 0.0162189453125 0.61247294921875 0.01302685546875 0.60159814453125 0.015405078125 0.60086142578125 0.010834765625 0.5860041015625 0.0076919921875 0.58723515625 0.0046142578125 0.57841220703125 0.0023572265625 0.57923291015625 0.0002119140625 0.569999609375 0.0037935546875 0.56876845703125 -0.0 0.55563662109375
0 0.02661953125 0.53002373046875 0.027444921875 0.5175609375 0.031590234375 0.5070990234375 0.040769140625 0.5088755859375 0.040176953125 0.51114560546875 0.05616591796875 0.5139091796875 0.0577919921875 0.5089048828125 0.06788154296875 0.51125498046875 0.0670158203125 0.5140458984375 0.07521455078125 0.51558701171875 0.07452373046875 0.51864658203125 0.09352548828125 0.52135546875 0.0944900390625 0.518783203125 0.10296328125 0.5199193359375 0.10243349609375 0.522480859375 0.10604375 0.52332890625 0.101724609375 0.54643525390625 0.05557490234375 0.5361359375 0.056262109375 0.53380478515625 0.02661953125 0.53002373046875
0 0.1133828125 0.563853125 0.117566796875 0.55147724609375 0.127066015625 0.55314072265625 0.1259173828125 0.55654951171875 0.14388037109375 0.55891826171875 0.14502900390625 0.55552685546875 0.15188779296875 0.55650087890625 0.15274033203125 0.553721484375 0.1619298828125 0.5556052734375 0.1605587890625 0.56013828125 0.17693076171875 0.56239912109375 0.17824033203125 0.56005986328125 0.18786181640625 0.56116689453125 0.18362392578125 0.58672451171875 0.152819140625 0.58035185546875 0.151776171875 0.58448095703125 0.11305205078125 0.5759634765625 0.1133828125 0.563853125
0 0.1894078125 0.4769248046875 0.194808984375 0.477181640625 0.2108126953125 0.48206064453125 0.201780859375 0.552188671875 0.17814794921875 0.54833017578125 0.1800771484375 0.53771953125 0.18393564453125 0.53820185546875 0.1856267578125 0.52150634765625 0.18198203125 0.52091015625 0.18367314453125 0.51306376953125 0.18220380859375 0.51259970703125 0.18354287109375 0.50540517578125 0.1881990234375 0.50590576171875 0.19031337890625 0.4882212890625 0.18763330078125 0.487720703125 0.1894078125 0.4769248046875
0 0.14576650390625 0.4560779296875 0.17876962890625 0.461242578125 0.17373095703125 0.48492421875 0.16466142578125 0.48366455078125 0.1650392578125 0.4804005859375 0.1491388671875 0.47792744140625 0.1487896484375 0.48076728515625 0.1377931640625 0.47963359375 0.138228515625 0.47598056640625 0.13165830078125 0.4754767578125 0.13193896484375 0.47228134765625 0.11213359375 0.468674609375 0.11150380859375 0.4723275390625 0.10167841796875 0.47106796875 0.10193037109375 0.45884921875 0.10646513671875 0.44600068359375 0.14631181640625 0.4527884765625 0.14576650390625 0.4560779296875
0 0.10095380859375 0.45884921875 0.0911470703125 0.45725908203125 0.09432041015625 0.44362763671875 0.09717880859375 0.44254189453125 0.10574931640625 0.44499443359375 0.10095380859375 0.45884921875
0 0.0689119140625 0.43911650390625 0.08983203125 0.44153642578125 0.087759375 0.4612759765625 0.06559619140625 0.45851240234375 0.0689119140625 0.43911650390625
0 -0.0 0.42661533203125 0.0114322265625 0.42789833984375 0.01093876953125 0.43105673828125 0.04513935546875 0.43695986328125 0.039955859375 0.4610607421875 0.029358984375 0.4587357421875 0.02998740234375 0.45553369140625 0.0126166015625 0.45247412109375 0.011976953125 0.45706162109375 0.00195732421875 0.455928515625 0.00269560546875 0.45095361328125 -0.0 0.45067734375 -0.0 0.42661533203125
0 0.326127734375 0.4432783203125 0.3344876953125 0.44512001953125 0.33731943359375 0.43782333984375 0.35500390625 0.4411740234375 0.35000888671875 0.4641302734375 0.32323388671875 0.4595158203125 0.32400029296875 0.45048544921875 0.326127734375 0.4432783203125
0 0.31431396484375 0.37404638671875 0.3596505859375 0.38304931640625 0.36415205078125 0.3859431640625 0.3573998046875 0.4140775390625 0.30949091796875 0.40619990234375 0.3053109375 0.396875390625 0.31431396484375 0.37404638671875
0 0.23372548828125 0.37710419921875 0.2385916015625 0.36689658203125 0.25386455078125 0.37139814453125 0.25498994140625 0.368504296875 0.266446484375 0.371300390625 0.265640234375 0.373648828125 0.2834505859375 0.3775611328125 0.2801830078125 0.38798076171875 0.2775052734375 0.39864716796875 0.23337841796875 0.3886794921875 0.23372548828125 0.37710419921875
0 0.2711896484375 0.40037685546875 0.2840693359375 0.4059732421875 0.27907333984375 0.418846875 0.2658375 0.41402998046875 0.2711896484375 0.40037685546875
0 0.25071650390625 0.278638671875 0.25441416015625 0.259025 0.30955751953125 0.2677064453125 0.30682451171875 0.28764169921875 0.25071650390625 0.278638671875
0 0.16865615234375 0.26891103515625 0.17491796875 0.2685529296875 0.1751998046875 0.2625423828125 0.19045849609375 0.26317119140625 0.1906193359375 0.27533056640625 0.20074462890625 0.2758861328125 0.19958564453125 0.29050791015625 0.1777466796875 0.2884037109375 0.1774984375 0.2910970703125 0.1686927734375 0.29182451171875 0.164476171875 0.2902931640625 0.16254697265625 0.2766279296875 0.16865615234375 0.26891103515625
0 0.17495361328125 0.24344091796875 0.1858736328125 0.24450732421875 0.18596923828125 0.24576904296875 0.1887796875 0.246334765625 0.18853544921875 0.25311142578125 0.17382822265625 0.25203896484375 0.1731912109375 0.24672138671875 0.17495361328125 0.24344091796875
0 0.0897609375 0.235179296875 0.11355458984375 0.236626171875 0.11380654296875 0.23101259765625 0.12689833984375 0.23196396484375 0.126416015625 0.23823388671875 0.13204296875 0.238876953125 0.1312390625 0.259616015625 0.122718359375 0.25929453125 0.1222361328125 0.2631529296875 0.11194697265625 0.2631529296875 0.11164638671875 0.26236767578125 0.0883140625 0.26074140625 0.0870279296875 0.24562919921875 0.0897609375 0.235179296875
0 0.10521875 0.21301689453125 0.10990546875 0.21307177734375 0.11323076171875 0.2137677734375 0.117716015625 0.2136904296875 0.127083203125 0.2139814453125 0.12556513671875 0.22440087890625 0.11315341796875 0.22467158203125 0.11060146484375 0.22219697265625 0.10388583984375 0.22211552734375 0.10521875 0.21301689453125
0 -0.0 0.30102724609375 0.01268056640625 0.30343876953125 0.00833984375 0.32289169921875 -0.0 0.321283984375 -0.0 0.30102724609375
0 0.0627533203125 0.306248046875 0.05778173828125 0.33386552734375 0.046183984375 0.33321640625 0.038603515625 0.3311447265625 0.04060390625 0.3192234375 0.04205087890625 0.31954501953125 0.0430154296875 0.31603046875 0.04237236328125 0.310702734375 0.04490400390625 0.30764208984375 0.0463916015625 0.30234287109375 0.052179296875 0.30137822265625 0.05877685546875 0.3029615234375 0.0627533203125 0.306248046875
4 0.0300451171875 0.97580908203125 0.03128212890625 0.97535078125 0.03263193359375 0.975201953125 0.033916796875 0.97535078125 0.0350421875 0.97583310546875 0.03600673828125 0.97727998046875 0.0364890625 0.979369921875 0.03584599609375 0.98097763671875 0.03455986328125 0.98242451171875 0.0329521484375 0.9825853515625 0.0307146484375 0.9824005859375 0.02909375 0.98097763671875 0.0289330078125 0.9790484375 0.029278515625 0.9770580078125 0.0300451171875 0.97580908203125
0 0.47678037109375 0.28447490234375 0.47083203125 0.31019775390625 0.45089677734375 0.30585703125 0.45298671875 0.2963716796875 0.4517005859375 0.2960501953125 0.4542728515625 0.2852787109375 0.4562021484375 0.285439453125 0.457809765625 0.278365625 0.47436884765625 0.2814203125 0.47678037109375 0.28447490234375
0 0.46873115234375 0.47784267578125 0.47878525390625 0.4788685546875 0.47775927734375 0.48912783203125 0.4685259765625 0.48871748046875 0.46873115234375 0.47784267578125
0 0.45665712890625 0.54501640625 0.46871474609375 0.5463025390625 0.46758935546875 0.55546640625 0.4555318359375 0.55385869140625 0.45665712890625 0.54501640625
