0 0.99845458984375 0.31416708984375 0.98756376953125 0.31480087890625 0.98727431640625 0.35271982421875 0.96484130859375 0.35373291015625 0.9654544921875 0.27964013671875 0.9602123046875 0.27955126953125 0.96074541015625 0.2846158203125 0.957991015625 0.28594853515625 0.957991015625 0.25840478515625 0.96074541015625 0.25804931640625 0.96190048828125 0.26329150390625 0.9644771484375 0.26329150390625 0.9645359375 0.20787529296875 0.99039599609375 0.2067669921875 0.98965712890625 0.19919375 0.99845478515625 0.19919375 0.99845458984375 0.31416708984375
0 0.11142705078125 9.5703125e-06 0.11017294921875 0.10111796875 0.10728349609375 0.10466640625 0.103959765625 0.107186328125 0.096728515625 0.10719658203125 0.09556044921875 0.1042322265625 0.0797849609375 0.1039427734375 0.07573251953125 0.103219140625 0.0766982421875 8.984375e-06 0.11142705078125 9.5703125e-06
0 0.17740703125 1.0546875e-05 0.1779447265625 0.00679501953125 0.17333193359375 0.0070146484375 0.17342451171875 0.10625849609375 0.14722861328125 0.1051005859375 0.141439453125 0.09945615234375 0.1419720703125 1.005859375e-05 0.17740703125 1.0546875e-05
0 0.1931390625 0.00392216796875 0.21774296875 0.00421162109375 0.2187560546875 0.06499775390625 0.192849609375 0.06470830078125 0.1931390625 0.00392216796875
0 0.23786025390625 0.00348798828125 0.26289833984375 0.00450107421875 0.26362197265625 0.06644501953125 0.23713662109375 0.06630029296875 0.23786025390625 0.00348798828125
0 0.30391376953125 1.19140625e-05 0.30177607421875 0.067741796875 0.2818734375 0.06658671875 0.2809849609375 0.065787109375 0.2757427734375 0.0537033203125 0.2761412109375 1.171875e-05 0.30391376953125 1.19140625e-05
0 0.48437685546875 1.279296875e-05 0.4833416015625 0.04406396484375 0.48814423828125 0.046834765625 0.48889755859375 0.125755078125 0.4841826171875 0.1259908203125 0.48430419921875 0.2123974609375 0.4151826171875 0.2120134765625 0.41364658203125 0.215085546875 0.34606103515625 0.2162375 0.3461296875 0.1436314453125 0.3326849609375 0.1427833984375 0.33262744140625 0.12303662109375 0.34569736328125 0.12342060546875 0.34784267578125 1.23046875e-05 0.48437685546875 1.279296875e-05
0 0.9984544921875 0.43348876953125 0.9337048828125 0.4329474609375 0.93278125 0.426851953125 0.9277939453125 0.42759072265625 0.9285328125 0.39877529296875 0.93278125 0.39877529296875 0.9335201171875 0.39637392578125 0.9984544921875 0.39727607421875 0.9984544921875 0.43348876953125
0 0.90367060546875 0.45388759765625 0.92435869140625 0.4551806640625 0.9239892578125 0.46386220703125 0.94227607421875 0.4647857421875 0.9426455078125 0.472728515625 0.95280478515625 0.472728515625 0.95188125 0.48362666015625 0.92509755859375 0.4819642578125 0.92509755859375 0.48861396484375 0.9596392578125 0.48935283203125 0.96403291015625 0.49354013671875 0.96445068359375 0.5218046875 0.9073646484375 0.52236162109375 0.90186494140625 0.51748837890625 0.9026001953125 0.455423828125 0.90367060546875 0.45388759765625
0 0.93486640625 0.5371166015625 0.9984544921875 0.53745361328125 0.9984544921875 0.5801904296875 0.97104130859375 0.58051240234375 0.9717216796875 0.5850484375 0.96503115234375 0.58436796875 0.9649177734375 0.5803990234375 0.9347537109375 0.58198662109375 0.93486640625 0.5371166015625
0 0.90731533203125 0.6789001953125 0.90527412109375 0.6690345703125 0.90550087890625 0.6447671875 0.92545908203125 0.64692177734375 0.92557255859375 0.64249921875 0.98930263671875 0.64204560546875 0.98986962890625 0.67107568359375 0.99043662109375 0.67969404296875 0.90731533203125 0.6789001953125
0 0.99429248046875 0.7582537109375 0.9939916015625 0.886128125 0.930806640625 0.88522548828125 0.91696611328125 0.87288935546875 0.919072265625 0.76577578125 0.933213671875 0.7564484375 0.99429248046875 0.7582537109375
0 0.89366923828125 0.99900947265625 0.89366923828125 0.98012412109375 0.9239171875 0.9791392578125 0.9285599609375 0.98575166015625 0.93065439453125 0.9990087890625 0.89366923828125 0.99900947265625
0 0.68627109375 0.7930755859375 0.77689716796875 0.7942275390625 0.7745931640625 0.833396484375 0.72966416015625 0.833396484375 0.7262080078125 0.8364685546875 0.721983984375 0.89368583984375 0.72697607421875 0.8925337890625 0.72659208984375 0.92555859375 0.68473505859375 0.92402255859375 0.68627109375 0.7930755859375
0 0.06677509765625 8.7890625e-06 0.06554560546875 0.01535419921875 0.072203125 0.01607783203125 0.0706111328125 0.029103515625 0.0588880859375 0.02461689453125 0.03920498046875 0.02548525390625 0.03848134765625 0.01130185546875 0.04224423828125 0.00999921875 0.04044443359375 8.30078125e-06 0.06677509765625 8.7890625e-06
0 0.04039560546875 0.030107421875 0.05434365234375 0.029313671875 0.05570439453125 0.03090126953125 0.068405078125 0.0344166015625 0.06919892578125 0.04768427734375 0.0659103515625 0.04768427734375 0.0659103515625 0.056416015625 0.069879296875 0.05652939453125 0.069879296875 0.070023828125 0.039375 0.0720650390625 0.039034765625 0.05562216796875 0.04118935546875 0.05528203125 0.04040126953125 0.03738291015625 0.03928740234375 0.03703486328125 0.03873046875 0.03090849609375 0.04039560546875 0.030107421875
0 -0.0 0.03388212890625 0.00283115234375 0.03444912109375 0.0030580078125 0.0448818359375 0.00509912109375 0.04442822265625 0.00521259765625 0.03274814453125 0.0102021484375 0.03331513671875 0.011562890625 0.03705732421875 0.0117896484375 0.037170703125 0.01224326171875 0.03524296875 0.0226759765625 0.0354697265625 0.0223357421875 0.05338671875 0.02052138671875 0.05474755859375 0.02086162109375 0.07187080078125 0.00861455078125 0.07130380859375 0.0083876953125 0.065066796875 0.00623310546875 0.06461328125 0.00589296875 0.06699462890625 -0.0 0.06495341796875 -0.0 0.03388212890625
0 -0.0 0.0816267578125 0.0125927734375 0.08204443359375 0.01760517578125 0.087544140625 0.02769970703125 0.08789228515625 0.02769970703125 0.082740625 0.050464453125 0.0842025390625 0.05511591796875 0.087028125 0.055388671875 0.089428125 0.06445771484375 0.08966787109375 0.0643443359375 0.1257287109375 0.05504560546875 0.12504833984375 0.0549322265625 0.12879052734375 0.04620048828125 0.1283369140625 0.04654072265625 0.13446044921875 0.0401904296875 0.1351408203125 0.03996357421875 0.12674931640625 0.0327060546875 0.12731630859375 0.03225244140625 0.1242544921875 0.0187580078125 0.123233984375 0.01887138671875 0.1279966796875 0.0104798828125 0.12788330078125 0.0101396484375 0.133099609375 0.003902734375 0.1328728515625 0.00299560546875 0.12674931640625 -0.0 0.12708955078125 -0.0 0.0816267578125
0 0.07980673828125 0.11037548828125 0.094289453125 0.1086873046875 0.1093052734375 0.11135283203125 0.10518916015625 0.257551171875 0.07631259765625 0.25612958984375 0.07980673828125 0.11037548828125
0 0.143098828125 0.11162744140625 0.15771650390625 0.1082986328125 0.17161044921875 0.11206162109375 0.17235791015625 0.25757509765625 0.14557421875 0.256466796875 0.141510546875 0.25055595703125 0.143098828125 0.11162744140625
0 0.0746357421875 0.26201708984375 0.08793525390625 0.258876953125 0.10640673828125 0.2623865234375 0.105313671875 0.39673203125 0.07607841796875 0.39673203125 0.0746357421875 0.26201708984375
0 -0.0 0.1699482421875 0.0065990234375 0.169819140625 0.0171642578125 0.172134765625 0.01962470703125 0.17502939453125 0.02005888671875 0.1819763671875 0.02295341796875 0.1822658203125 0.02396650390625 0.20846171875 0.02179560546875 0.2080275390625 0.02121669921875 0.22828955078125 0.02411123046875 0.2297369140625 0.0255732421875 0.254741796875 0.01991015625 0.25712431640625 0.0200494140625 0.27244013671875 -0.0 0.26895927734375 -0.0 0.1699482421875
0 -0.0 0.2716046875 0.0059171875 0.27153505859375 0.01538505859375 0.2736236328125 0.01837861328125 0.27578173828125 0.01851787109375 0.283926953125 0.02434736328125 0.28722744140625 0.02458310546875 0.3152814453125 0.021046875 0.3171673828125 0.02096142578125 0.3319705078125 0.02221455078125 0.33183125 0.023988671875 0.35573828125 0.023988671875 0.363046484375 0.02021669921875 0.3623392578125 0.01998095703125 0.37153349609375 0.01903798828125 0.37341943359375 -0.0 0.37467236328125 -0.0 0.2716046875
0 0.14293037109375 0.261012890625 0.15696884765625 0.25870283203125 0.17198466796875 0.26190146484375 0.17120185546875 0.3912224609375 0.1700935546875 0.3941779296875 0.14700419921875 0.39657919921875 0.1359119140625 0.39722490234375 0.13240234375 0.39260703125 0.13240234375 0.38946689453125 0.14182275390625 0.38872802734375 0.14293037109375 0.261012890625
0 0.19306748046875 0.08343779296875 0.21782109375 0.08343779296875 0.2175853515625 0.22370791015625 0.19047431640625 0.22323642578125 0.19306748046875 0.08343779296875
0 0.2369166015625 0.0810802734375 0.23903837890625 0.08084453125 0.23974560546875 0.07424365234375 0.2496470703125 0.07377216796875 0.25459775390625 0.0787228515625 0.25671953125 0.08273056640625 0.25483349609375 0.22559384765625 0.234794921875 0.22559384765625 0.2369166015625 0.0810802734375
0 0.2748720703125 0.08178759765625 0.27958701171875 0.0810802734375 0.28005859375 0.0777798828125 0.2831232421875 0.07683681640625 0.2835947265625 0.08202333984375 0.30151162109375 0.08225908203125 0.29962568359375 0.22370791015625 0.29962568359375 0.22417939453125 0.2991541015625 0.2270083984375 0.2729861328125 0.22559384765625 0.2748720703125 0.08178759765625
0 0.19086435546875 0.24043681640625 0.217975390625 0.23925810546875 0.21715478515625 0.39037841796875 0.1883541015625 0.38769033203125 0.19086435546875 0.24043681640625
0 0.23251513671875 0.24099892578125 0.25440361328125 0.23984697265625 0.25363564453125 0.39114638671875 0.23251513671875 0.3899943359375 0.23251513671875 0.24099892578125
0 0.27053203125 0.24099892578125 0.2977966796875 0.2417669921875 0.29702861328125 0.391914453125 0.270916015625 0.3922984375 0.27053203125 0.24099892578125
0 0.7511947265625 0.036675390625 0.7888048828125 0.0384806640625 0.7888048828125 0.0408876953125 0.79061015625 0.04058681640625 0.79151279296875 0.0520203125 0.79030927734375 0.0526220703125 0.79091103515625 0.0631529296875 0.75269912109375 0.0631529296875 0.75059296875 0.055630859375 0.7511947265625 0.036675390625
0 0.7795271484375 0.0980138671875 0.78814541015625 0.097787109375 0.7878052734375 0.10765283203125 0.7791869140625 0.1085599609375 0.7795271484375 0.0980138671875
0 0.77728046875 0.17560810546875 0.77691103515625 0.16470986328125 0.78836337890625 0.16415576171875 0.78965634765625 0.1660029296875 0.790210546875 0.17616220703125 0.77728046875 0.17560810546875
0 0.79892138671875 0.31088564453125 0.796328125 0.31041416015625 0.79750693359375 0.2986267578125 0.80481513671875 0.2986267578125 0.80552236328125 0.31041416015625 0.79892138671875 0.31088564453125
0 0.79845576171875 0.34778935546875 0.81046220703125 0.3468658203125 0.81120107421875 0.36053466796875 0.79864052734375 0.3610888671875 0.79845576171875 0.34778935546875
0 0.80288896484375 0.36404423828125 0.808245703125 0.364413671875 0.8073220703125 0.37549658203125 0.8015958984375 0.37494248046875 0.80288896484375 0.36404423828125
0 0.70789658203125 0.62089384765625 0.721569921875 0.61806494140625 0.7359505859375 0.621601171875 0.7350076171875 0.6463546875 0.74868095703125 0.6465904296875 0.74891669921875 0.66427158203125 0.70742509765625 0.66733623046875 0.71001826171875 0.65083388671875 0.70129560546875 0.64989091796875 0.70223857421875 0.6378677734375 0.70766083984375 0.6383392578125 0.70789658203125 0.62089384765625
0 0.0120181640625 0.4318943359375 0.02050517578125 0.43165859375 0.0242771484375 0.42717939453125 0.03087802734375 0.42765087890625 0.034178515625 0.43165859375 0.0333265625 0.43565732421875 0.0369447265625 0.43551259765625 0.0368 0.43232861328125 0.046786328125 0.4321837890625 0.04997041015625 0.43710458984375 0.0477994140625 0.46170849609375 0.0449048828125 0.464313671875 0.0123408203125 0.4641689453125 0.0120181640625 0.4318943359375
0 0.055904296875 0.417421484375 0.070521875 0.4178556640625 0.0700876953125 0.42538154296875 0.08542890625 0.42581572265625 0.09107333984375 0.43609150390625 0.08919189453125 0.4553404296875 0.07399541015625 0.4541826171875 0.07399541015625 0.44839345703125 0.0557595703125 0.44882763671875 0.055904296875 0.417421484375
0 0.10207275390625 0.4181451171875 0.1164009765625 0.418000390625 0.1166904296875 0.4275525390625 0.12841337890625 0.4269736328125 0.1295712890625 0.4653267578125 0.11249326171875 0.4647478515625 0.11176962890625 0.4524458984375 0.107427734375 0.45201171875 0.1052568359375 0.45490625 0.105112109375 0.4562087890625 0.10019130859375 0.45693251953125 0.10105966796875 0.4272630859375 0.10236220703125 0.4272630859375 0.10207275390625 0.4181451171875
0 0.1237119140625 0.4110345703125 0.131975 0.410945703125 0.131797265625 0.41965302734375 0.12397841796875 0.41983076171875 0.1237119140625 0.4110345703125
0 0.1361509765625 0.4110345703125 0.14139326171875 0.4120119140625 0.14121552734375 0.4182314453125 0.1353513671875 0.4182314453125 0.1361509765625 0.4110345703125
0 0.136282421875 0.4296130859375 0.14699228515625 0.4297578125 0.14684755859375 0.42556064453125 0.15813642578125 0.42599482421875 0.15828115234375 0.43800732421875 0.16942529296875 0.43844150390625 0.16985947265625 0.46319013671875 0.1497421875 0.46333486328125 0.1361376953125 0.46434794921875 0.136282421875 0.4296130859375
0 0.17941162109375 0.418903125 0.19359501953125 0.4193373046875 0.19446337890625 0.42686318359375 0.211830859375 0.42744208984375 0.212409765625 0.46000615234375 0.19648955078125 0.458703515625 0.19518701171875 0.45103291015625 0.18042470703125 0.45103291015625 0.17941162109375 0.418903125
0 0.22777802734375 0.42833017578125 0.2282123046875 0.4226857421875 0.23501455078125 0.42283046875 0.23559345703125 0.42905380859375 0.2431193359375 0.43006689453125 0.2425404296875 0.426014453125 0.24977685546875 0.4261591796875 0.24977685546875 0.42963271484375 0.2551318359375 0.43035634765625 0.25411875 0.46552548828125 0.25122412109375 0.46653857421875 0.23848798828125 0.46697275390625 0.23863271484375 0.45713125 0.22517294921875 0.4569865234375 0.22430458984375 0.42876435546875 0.22777802734375 0.42833017578125
0 0.26202900390625 0.4212166015625 0.27680615234375 0.42177080078125 0.27643671875 0.4297134765625 0.2941693359375 0.42952880859375 0.29472353515625 0.450586328125 0.26276787109375 0.4504015625 0.26202900390625 0.4212166015625
0 0.3035689453125 0.43630478515625 0.3115068359375 0.4356244140625 0.31173359375 0.42666591796875 0.3214859375 0.4264390625 0.3222796875 0.43573779296875 0.33577421875 0.43607802734375 0.33728984375 0.46780791015625 0.33627666015625 0.46896572265625 0.3053046875 0.46968935546875 0.3035689453125 0.43630478515625
0 0.35056201171875 0.43107236328125 0.37672998046875 0.43130810546875 0.37720146484375 0.45511865234375 0.36942177734375 0.45582587890625 0.36918603515625 0.4581833984375 0.35056201171875 0.4591263671875 0.35056201171875 0.43107236328125
0 0.38657451171875 0.43622890625 0.39830283203125 0.4353404296875 0.399013671875 0.4409380859375 0.41873857421875 0.44218193359375 0.419360546875 0.46643828125 0.41873857421875 0.46839296875 0.388173828125 0.46821533203125 0.38657451171875 0.43622890625
0 0.4280935546875 0.4236521484375 0.4421322265625 0.4226390625 0.4427111328125 0.43045439453125 0.46355205078125 0.43146748046875 0.4644205078125 0.450009375 0.4290638671875 0.44963447265625 0.4280935546875 0.4236521484375
0 0.4696306640625 0.43204638671875 0.49886591796875 0.43204638671875 0.49843173828125 0.45346630859375 0.47093330078125 0.45317685546875 0.4696306640625 0.43204638671875
0 0.50914169921875 0.436098828125 0.52361455078125 0.4371119140625 0.52477236328125 0.4450720703125 0.54460029296875 0.4456509765625 0.54358720703125 0.470978515625 0.50827333984375 0.4702548828125 0.50914169921875 0.436098828125
0 0.55176455078125 0.4409166015625 0.5855673828125 0.4423943359375 0.5853708984375 0.46024853515625 0.58403818359375 0.463091796875 0.5835939453125 0.47117724609375 0.58332734375 0.4715326171875 0.5520517578125 0.47126611328125 0.54965283203125 0.46691240234375 0.548853125 0.4502083984375 0.55176455078125 0.4409166015625
0 0.593733984375 0.433753515625 0.6131291015625 0.43356884765625 0.612390234375 0.426919140625 0.62125654296875 0.4261802734375 0.62107177734375 0.42414833984375 0.62402724609375 0.42414833984375 0.6242119140625 0.42636494140625 0.62790625 0.42710380859375 0.62790625 0.45556689453125 0.612483984375 0.45443291015625 0.611690234375 0.47155615234375 0.61044287109375 0.473483984375 0.5942267578125 0.472803515625 0.593733984375 0.433753515625
0 0.6352771484375 0.43969111328125 0.64423564453125 0.43969111328125 0.64480263671875 0.43311396484375 0.65773017578125 0.43243359375 0.65852392578125 0.44003125 0.6687298828125 0.4401447265625 0.66861640625 0.45250517578125 0.66850302734375 0.4677005859375 0.65512197265625 0.4677005859375 0.6364111328125 0.46838095703125 0.6352771484375 0.43969111328125
0 0.67798076171875 0.43670205078125 0.690361328125 0.4368427734375 0.69092412109375 0.44486201171875 0.70175703125 0.44584677734375 0.70253486328125 0.4698244140625 0.67893076171875 0.469366015625 0.67798076171875 0.43670205078125
0 0.72178486328125 0.4375119140625 0.74875859375 0.43650888671875 0.74936318359375 0.4753755859375 0.72941162109375 0.47494375 0.7291525390625 0.46699765625 0.7228474609375 0.4665658203125 0.72178486328125 0.4375119140625
0 0.7585966796875 0.43960537109375 0.7810841796875 0.43960537109375 0.78119443359375 0.4400462890625 0.7895720703125 0.44048720703125 0.78924140625 0.4690375 0.77954091796875 0.46837607421875 0.77987158203125 0.4737775390625 0.7725962890625 0.47443896484375 0.7725962890625 0.47587197265625 0.75936826171875 0.47587197265625 0.7585966796875 0.43960537109375
0 -0.0 0.53211748046875 0.00592626953125 0.5300072265625 0.01732197265625 0.53028857421875 0.0330791015625 0.53127333984375 0.03265703125 0.563631640625 -0.0 0.5630689453125 -0.0 0.53211748046875
0 0.03897197265625 0.53450087890625 0.04147587890625 0.5320646484375 0.07307939453125 0.530846484375 0.073282421875 0.55514130859375 0.04059609375 0.557171484375 0.03937802734375 0.55588564453125 0.03897197265625 0.53450087890625
0 0.08423115234375 0.5315791015625 0.09712841796875 0.53113818359375 0.097238671875 0.536429296875 0.10462431640625 0.53731123046875 0.1149861328125 0.5428228515625 0.11619873046875 0.545358203125 0.1148759765625 0.5698298828125 0.08191630859375 0.56795595703125 0.08423115234375 0.5315791015625
0 0.1238154296875 0.532613671875 0.13408125 0.5330703125 0.13408125 0.530376953125 0.138390625 0.53055654296875 0.13982705078125 0.53055654296875 0.14090439453125 0.55318076171875 0.14682978515625 0.5533603515625 0.14772763671875 0.56808408203125 0.144316015625 0.57634375 0.12151220703125 0.57706201171875 0.1238154296875 0.532613671875
0 0.2122599609375 0.53393935546875 0.220280859375 0.53302265625 0.22853076171875 0.53531435546875 0.22830166015625 0.5486060546875 0.2418224609375 0.54837685546875 0.24411416015625 0.5772517578125 0.2301349609375 0.5786267578125 0.23173916015625 0.5717517578125 0.2108849609375 0.56991845703125 0.20698916015625 0.56189765625 0.2122599609375 0.53393935546875
0 0.2531103515625 0.5349962890625 0.27027431640625 0.5358404296875 0.2853279296875 0.5327453125 0.2860314453125 0.5606015625 0.27674599609375 0.56003876953125 0.2773087890625 0.56468154296875 0.2678826171875 0.56566630859375 0.269148828125 0.56046083984375 0.2543765625 0.5606015625 0.2531103515625 0.5349962890625
0 0.29599814453125 0.5355412109375 0.32813896484375 0.53518212890625 0.32975498046875 0.5642705078125 0.2974345703125 0.56445 0.29599814453125 0.5355412109375
0 0.338483984375 0.53663798828125 0.369459375 0.53586630859375 0.37042197265625 0.56417890625 0.33647841796875 0.56512890625 0.33647841796875 0.5454365234375 0.33751484375 0.54535009765625 0.338483984375 0.53663798828125
0 0.3809548828125 0.53708583984375 0.38911474609375 0.53413134765625 0.39769677734375 0.5352568359375 0.39868154296875 0.54257265625 0.40895185546875 0.5442609375 0.4088111328125 0.5612841796875 0.414438671875 0.560862109375 0.41415732421875 0.57239853515625 0.381376953125 0.57380546875 0.3809548828125 0.53708583984375
0 0.4206099609375 0.537108984375 0.43670400390625 0.5385419921875 0.437144921875 0.55132900390625 0.45015234375 0.5507779296875 0.4512546875 0.56720263671875 0.42049970703125 0.5659900390625 0.4206099609375 0.537108984375
0 0.4605 0.53888603515625 0.4824060546875 0.53888603515625 0.48545849609375 0.5360130859375 0.4942568359375 0.5370904296875 0.49299990234375 0.5457091796875 0.4947955078125 0.5728224609375 0.4840220703125 0.57372021484375 0.48312421875 0.56599921875 0.46301376953125 0.56528095703125 0.4605 0.53888603515625
0 0.50188916015625 0.5378703125 0.51061181640625 0.53604140625 0.51764619140625 0.53983994140625 0.51919375 0.54293515625 0.52088203125 0.54293515625 0.5229923828125 0.5470150390625 0.53199638671875 0.54799990234375 0.530308203125 0.575293359375 0.502592578125 0.5755748046875 0.50188916015625 0.5378703125
0 0.5436369140625 0.5395609375 0.566081640625 0.53938134765625 0.5657224609375 0.566135546875 0.56536337890625 0.56918798828125 0.5452529296875 0.5700857421875 0.5436369140625 0.5395609375
0 0.5893466796875 0.53990126953125 0.6092841796875 0.53990126953125 0.6092841796875 0.5472345703125 0.62211748046875 0.54838046875 0.6230341796875 0.5795470703125 0.60538837890625 0.5788595703125 0.60561748046875 0.5809220703125 0.589117578125 0.58069287109375 0.5893466796875 0.53990126953125
0 0.63019794921875 0.54225625 0.64967705078125 0.54133955078125 0.65059375 0.57181875 0.65013544921875 0.57158955078125 0.65082294921875 0.58533955078125 0.62951044921875 0.58602705078125 0.63019794921875 0.54225625
0 0.67228701171875 0.5408845703125 0.6875494140625 0.540705078125 0.68826767578125 0.545553125 0.70586435546875 0.546091796875 0.7081986328125 0.5733845703125 0.67480087890625 0.57464150390625 0.67228701171875 0.5408845703125
0 0.71979697265625 0.5410447265625 0.73478857421875 0.54060380859375 0.734898828125 0.53917080078125 0.7474654296875 0.54258798828125 0.7480166015625 0.5573591796875 0.74718369140625 0.58254189453125 0.720275390625 0.58195693359375 0.720275390625 0.56616298828125 0.7313896484375 0.5658705078125 0.7308046875 0.560605859375 0.7214453125 0.5600208984375 0.71979697265625 0.5410447265625
0 0.765025 0.54276455078125 0.78169638671875 0.54305703125 0.78211845703125 0.55621865234375 0.783666015625 0.5559373046875 0.78394736328125 0.55101318359375 0.79604658203125 0.55185732421875 0.79604658203125 0.586955078125 0.767091015625 0.5860775390625 0.765025 0.54276455078125
0 -0.0 0.59350654296875 0.00791162109375 0.59242919921875 0.01006630859375 0.59350654296875 0.02119892578125 0.596558984375 0.02299443359375 0.62313359375 -0.0 0.6260064453125 -0.0 0.59350654296875
0 0.04956904296875 0.6098462890625 0.0793755859375 0.63049541015625 0.071116015625 0.6434236328125 0.0542375 0.630675 0.04328447265625 0.64683515625 0.02838125 0.636600390625 0.04956904296875 0.6098462890625
0 0.1137912109375 0.5953537109375 0.1486888671875 0.594312109375 0.14810390625 0.623103515625 0.1143912109375 0.6241451171875 0.1137912109375 0.5953537109375
0 0.2165556640625 0.61260244140625 0.224347265625 0.612144140625 0.22457646484375 0.6009150390625 0.25643056640625 0.599769140625 0.2562013671875 0.62956083984375 0.21632646484375 0.6302482421875 0.2165556640625 0.61260244140625
0 0.3169234375 0.59921845703125 0.3373833984375 0.59169638671875 0.3470115234375 0.6124572265625 0.32715341796875 0.62178447265625 0.3169234375 0.59921845703125
0 0.3628525390625 0.61397373046875 0.37356591796875 0.61268076171875 0.37282705078125 0.60566162109375 0.38446416015625 0.60399912109375 0.38575712890625 0.6130501953125 0.40016484375 0.61120302734375 0.40201201171875 0.62136240234375 0.39794833984375 0.62117763671875 0.4009037109375 0.6413115234375 0.36747041015625 0.64592939453125 0.3628525390625 0.61397373046875
0 0.40718408203125 0.626349609375 0.4116171875 0.626349609375 0.4116171875 0.61933046875 0.43969384765625 0.61969990234375 0.43969384765625 0.64112685546875 0.4371078125 0.64112685546875 0.43747724609375 0.6477765625 0.40829228515625 0.647961328125 0.40718408203125 0.626349609375
0 0.45048291015625 0.59695693359375 0.4662453125 0.59650341796875 0.4676060546875 0.61328642578125 0.46579169921875 0.61430703125 0.45343125 0.61498740234375 0.45048291015625 0.59695693359375
0 0.46465771484375 0.61884296875 0.47293583984375 0.61872958984375 0.4728224609375 0.611698828125 0.49255380859375 0.6107916015625 0.4927806640625 0.62893544921875 0.4656783203125 0.62927568359375 0.46465771484375 0.61884296875
0 0.49606923828125 0.60580205078125 0.5308826171875 0.60557529296875 0.53190322265625 0.65002763671875 0.5076359375 0.65059462890625 0.50695546875 0.626780859375 0.4965228515625 0.62632724609375 0.49606923828125 0.60580205078125
0 0.54517763671875 0.63941005859375 0.55516396484375 0.63839697265625 0.57672861328125 0.66184306640625 0.5587822265625 0.67718427734375 0.54561181640625 0.66415869140625 0.54011220703125 0.6566328125 0.54517763671875 0.63941005859375
0 0.55992890625 0.6091279296875 0.574855859375 0.62130048828125 0.56517109375 0.6333841796875 0.5514880859375 0.62138935546875 0.55992890625 0.6091279296875
0 0.1147490234375 0.6447173828125 0.1225287109375 0.64401015625 0.121821484375 0.63245849609375 0.1307798828125 0.6286865234375 0.138323828125 0.6286865234375 0.13785234375 0.6456603515625 0.1472822265625 0.6466033203125 0.14798955078125 0.66664189453125 0.11734228515625 0.66664189453125 0.1147490234375 0.6447173828125
0 0.116015234375 0.67457197265625 0.1299244140625 0.67009267578125 0.14571953125 0.67362890625 0.1478412109375 0.70616220703125 0.11719404296875 0.70804814453125 0.116015234375 0.67457197265625
0 0.217194921875 0.633890625 0.228929296875 0.63118271484375 0.24066357421875 0.63539501953125 0.24066357421875 0.66999638671875 0.21869931640625 0.66909375 0.217194921875 0.633890625
0 0.2899642578125 0.6488458984375 0.307696875 0.659559375 0.30307900390625 0.67119638671875 0.28349921875 0.66048291015625 0.2899642578125 0.6488458984375
0 0.5660576171875 0.68397646484375 0.57972646484375 0.6760337890625 0.59321064453125 0.677880859375 0.60558662109375 0.70891298828125 0.57917236328125 0.71925703125 0.5660576171875 0.68397646484375
0 0.59690498046875 0.65848583984375 0.60466298828125 0.65479150390625 0.61075859375 0.66772158203125 0.60189228515625 0.67067705078125 0.59690498046875 0.65848583984375
0 0.03514736328125 0.71082509765625 0.08253271484375 0.71082509765625 0.08253271484375 0.7228482421875 0.085833203125 0.7226125 0.0855974609375 0.752316796875 0.04481298828125 0.7525525390625 0.04599169921875 0.7471302734375 0.0417482421875 0.745480078125 0.041983984375 0.73345693359375 0.03609033203125 0.73322119140625 0.03514736328125 0.71082509765625
0 0.0981111328125 0.71327177734375 0.12803212890625 0.7131826171875 0.12803212890625 0.7148328125 0.14642041015625 0.7148328125 0.14689189453125 0.732278125 0.14547744140625 0.73534287109375 0.13086103515625 0.73510712890625 0.13062529296875 0.7476017578125 0.12873935546875 0.75043076171875 0.1025712890625 0.75113798828125 0.10021376953125 0.74052939453125 0.0985125 0.73505625 0.0981111328125 0.71327177734375
0 0.0376509765625 0.75464521484375 0.0639916015625 0.75450048828125 0.06442578125 0.75884228515625 0.07253056640625 0.76028955078125 0.0736884765625 0.7725916015625 0.064715234375 0.773894140625 0.06558359375 0.7898142578125 0.03562470703125 0.7902484375 0.036058984375 0.7663681640625 0.03055927734375 0.7662234375 0.03026982421875 0.76014482421875 0.03591416015625 0.76014482421875 0.0376509765625 0.75464521484375
0 0.10946279296875 0.77019599609375 0.11548037109375 0.77019599609375 0.11578125 0.75665634765625 0.1458693359375 0.75605458984375 0.14496669921875 0.79095673828125 0.1163830078125 0.79246123046875 0.11608212890625 0.78463828125 0.10765751953125 0.78463828125 0.10946279296875 0.77019599609375
0 0.03362265625 0.79664814453125 0.077250390625 0.79664814453125 0.0757458984375 0.8321521484375 0.04656044921875 0.83425830078125 0.0483658203125 0.81710810546875 0.034826171875 0.81680712890625 0.03362265625 0.79664814453125
1 0.1200330078125 0.7990591796875 0.1455236328125 0.79813564453125 0.14533896484375 0.8319384765625 0.14256826171875 0.8345244140625 0.11412216796875 0.8361869140625 0.11264443359375 0.819747265625 0.1200330078125 0.81882373046875 0.1200330078125 0.7990591796875
0 0.0342134765625 0.83677529296875 0.0775912109375 0.83795400390625 0.07476220703125 0.8655365234375 0.033034765625 0.8641220703125 0.0342134765625 0.83677529296875
1 0.11304892578125 0.8409068359375 0.12911376953125 0.83685439453125 0.143297265625 0.8403279296875 0.1440208984375 0.87158935546875 0.13895537109375 0.8769443359375 0.11710126953125 0.8763654296875 0.11435146484375 0.87072099609375 0.11304892578125 0.8409068359375
0 0.03609267578125 0.881048046875 0.04736025390625 0.878092578125 0.06306103515625 0.88215634765625 0.06306103515625 0.9157744140625 0.0612138671875 0.917991015625 0.03535380859375 0.9159591796875 0.03609267578125 0.881048046875
0 0.032741796875 0.91920166015625 0.0446095703125 0.91760966796875 0.06270068359375 0.9203595703125 0.06342431640625 0.95466025390625 0.03592587890625 0.95610751953125 0.032741796875 0.95031845703125 0.032741796875 0.91920166015625
1 0.1081455078125 0.88055908203125 0.13434150390625 0.87925654296875 0.13506513671875 0.90718916015625 0.10915869140625 0.91051796875 0.107132421875 0.90632080078125 0.1081455078125 0.88055908203125
0 0.06806884765625 0.94138466796875 0.08136826171875 0.94212353515625 0.0832154296875 0.95708544921875 0.0834001953125 0.95948671875 0.069916015625 0.95948671875 0.06843828125 0.95394521484375 0.06806884765625 0.94138466796875
1 0.09854677734375 0.941015234375 0.106489453125 0.94083046875 0.10630478515625 0.922358984375 0.1101837890625 0.9216201171875 0.1101837890625 0.9203271484375 0.1129544921875 0.9188494140625 0.11498642578125 0.9188494140625 0.11498642578125 0.92014248046875 0.14250888671875 0.92088134765625 0.1428783203125 0.94064580078125 0.12625400390625 0.9417541015625 0.126438671875 0.95653125 0.09983974609375 0.95708544921875 0.09854677734375 0.941015234375
0 0.217600390625 0.67391640625 0.24589013671875 0.67485947265625 0.24494716796875 0.67721689453125 0.24589013671875 0.67792412109375 0.24565439453125 0.7125791015625 0.218071875 0.7121076171875 0.217600390625 0.7102216796875 0.217600390625 0.67391640625
0 0.2253732421875 0.72212783203125 0.2538193359375 0.72360556640625 0.2523416015625 0.752236328125 0.22001650390625 0.7537140625 0.21946240234375 0.75112802734375 0.2170611328125 0.7502044921875 0.21650693359375 0.7345037109375 0.224634375 0.73358017578125 0.2253732421875 0.72212783203125
0 0.29261513671875 0.7215673828125 0.30817451171875 0.72086015625 0.31029619140625 0.71826689453125 0.32467685546875 0.7199171875 0.32797734375 0.73500498046875 0.31194638671875 0.7366552734375 0.31194638671875 0.75504365234375 0.2834208984375 0.75527939453125 0.283656640625 0.73524072265625 0.29285087890625 0.73406201171875 0.29261513671875 0.7215673828125
0 0.3048740234375 0.6732390625 0.320669140625 0.6739462890625 0.33292802734375 0.68054716796875 0.32679853515625 0.71072294921875 0.312889453125 0.70836552734375 0.29402958984375 0.70388623046875 0.2985087890625 0.6890341796875 0.30133779296875 0.6890341796875 0.3048740234375 0.6732390625
0 0.216186328125 0.75728251953125 0.24795732421875 0.75820615234375 0.24721845703125 0.7796330078125 0.241676953125 0.780371875 0.24075341796875 0.794594921875 0.21803349609375 0.7938560546875 0.214893359375 0.790346484375 0.2071353515625 0.7897923828125 0.207689453125 0.78295791015625 0.2156322265625 0.78295791015625 0.216186328125 0.75728251953125
0 0.21475224609375 0.8012943359375 0.22734365234375 0.79637353515625 0.2444216796875 0.80201796875 0.244855859375 0.83197685546875 0.2438427734375 0.8347267578125 0.21750205078125 0.83631875 0.21547587890625 0.83052958984375 0.21475224609375 0.8012943359375
1 0.2123591796875 0.85608330078125 0.21863955078125 0.856452734375 0.21919365234375 0.84703232421875 0.24782451171875 0.84777119140625 0.24837861328125 0.8485099609375 0.24911748046875 0.87455478515625 0.24856328125 0.87898798828125 0.21420634765625 0.8786185546875 0.2123591796875 0.85608330078125
1 0.210456640625 0.89366484375 0.2132916015625 0.89355146484375 0.214198828125 0.88867529296875 0.2244046875 0.8868609375 0.23336318359375 0.88878876953125 0.2369919921875 0.894005078125 0.2358580078125 0.89899462890625 0.24685771484375 0.89888125 0.24595048828125 0.8957060546875 0.24821845703125 0.88164462890625 0.26250673828125 0.88334560546875 0.260919140625 0.89763388671875 0.25105341796875 0.89763388671875 0.24878544921875 0.8994482421875 0.24878544921875 0.91986005859375 0.23449716796875 0.92008681640625 0.23120859375 0.9202001953125 0.217260546875 0.91804560546875 0.2147658203125 0.91951982421875 0.2129513671875 0.91146845703125 0.21204423828125 0.91022109375 0.210456640625 0.89366484375
1 0.213236328125 0.9241068359375 0.22264375 0.920488671875 0.23089326171875 0.9223701171875 0.245800390625 0.92931708984375 0.245221484375 0.9446583984375 0.25926015625 0.946250390625 0.257812890625 0.96246005859375 0.24493203125 0.96246005859375 0.24131376953125 0.9613021484375 0.24276103515625 0.9478423828125 0.2368271484375 0.9475529296875 0.236682421875 0.95478935546875 0.21424951171875 0.95493408203125 0.2104865234375 0.93814560546875 0.2116443359375 0.9320669921875 0.213236328125 0.9241068359375
0 0.2783240234375 0.7644798828125 0.290145703125 0.76392578125 0.28977626953125 0.76133974609375 0.30252158203125 0.75783017578125 0.31674462890625 0.760785546875 0.3178529296875 0.77131435546875 0.3235791015625 0.772237890625 0.32339443359375 0.79403427734375 0.29125400390625 0.79458837890625 0.29069990234375 0.78738447265625 0.27703095703125 0.78258193359375 0.2783240234375 0.7644798828125
0 0.2596677734375 0.75967734375 0.26650224609375 0.7587537109375 0.26742578125 0.7657728515625 0.260406640625 0.76632705078125 0.2596677734375 0.75967734375
0 0.2709353515625 0.7901552734375 0.2783240234375 0.789231640625 0.278878125 0.795142578125 0.27167421875 0.7958814453125 0.2709353515625 0.7901552734375
0 0.3239609375 0.80775615234375 0.323161328125 0.8383208984375 0.30032666015625 0.83761015625 0.299375 0.83287109375 0.30054306640625 0.82987646484375 0.300166015625 0.806796875 0.3104556640625 0.80171435546875 0.3239609375 0.80775615234375
0 0.2816708984375 0.85887099609375 0.28890732421875 0.85843681640625 0.28905205078125 0.84787158203125 0.3046828125 0.84671376953125 0.3048275390625 0.84497705078125 0.32262919921875 0.84526650390625 0.32407646484375 0.86060771484375 0.31423486328125 0.86104189453125 0.31437958984375 0.8794224609375 0.2819603515625 0.88014609375 0.2816708984375 0.85887099609375
1 0.2808025390625 0.8894087890625 0.28963095703125 0.8892640625 0.28847314453125 0.88535634765625 0.2922361328125 0.88202763671875 0.3045380859375 0.88115927734375 0.31466904296875 0.88304072265625 0.31452431640625 0.91618359375 0.31307705078125 0.91792041015625 0.28919677734375 0.91907822265625 0.28948623046875 0.90532900390625 0.2813814453125 0.90417109375 0.2808025390625 0.8894087890625
0 0.25676435546875 0.921448828125 0.26675068359375 0.921448828125 0.26689541015625 0.95459169921875 0.25872822265625 0.95475849609375 0.2595328125 0.94588447265625 0.25708828125 0.94568349609375 0.25676435546875 0.921448828125
1 0.27106025390625 0.94514365234375 0.2851216796875 0.94548388671875 0.28466806640625 0.96192666015625 0.2711736328125 0.96113291015625 0.27106025390625 0.94514365234375
1 0.29342236328125 0.92138837890625 0.30586904296875 0.92124365234375 0.3223681640625 0.92355927734375 0.3223681640625 0.95612333984375 0.32005244140625 0.95959677734375 0.29472490234375 0.96017568359375 0.29342236328125 0.92138837890625
0 0.39805537109375 0.71374140625 0.411964453125 0.70902646484375 0.4277595703125 0.7127984375 0.42893837890625 0.74038095703125 0.4254021484375 0.7465103515625 0.395462109375 0.74910361328125 0.39334033203125 0.71963505859375 0.39805537109375 0.71374140625
0 0.4544982421875 0.70577607421875 0.4668001953125 0.70563134765625 0.46969482421875 0.70896015625 0.47012900390625 0.7225646484375 0.454932421875 0.7234330078125 0.4544982421875 0.70577607421875
0 0.4741814453125 0.71127578125 0.486628125 0.710696875 0.5011009765625 0.71359150390625 0.5021140625 0.72502509765625 0.49589072265625 0.72516982421875 0.49589072265625 0.73891904296875 0.4999431640625 0.73964267578125 0.500666796875 0.75237880859375 0.47244462890625 0.75252353515625 0.4741814453125 0.71127578125
0 0.39549609375 0.75531328125 0.4132484375 0.75287666015625 0.41750615234375 0.75384033203125 0.41721669921875 0.75007734375 0.424453125 0.7493537109375 0.4254662109375 0.75673486328125 0.43125537109375 0.75687958984375 0.4325580078125 0.77540498046875 0.4254662109375 0.77627333984375 0.42633466796875 0.79002255859375 0.3970994140625 0.79002255859375 0.39549609375 0.75531328125
0 0.392537109375 0.79720283203125 0.4287193359375 0.79778173828125 0.43002197265625 0.8150044921875 0.43117978515625 0.8150044921875 0.43074560546875 0.83251669921875 0.405128515625 0.83352978515625 0.4044048828125 0.8155833984375 0.392537109375 0.8145703125 0.392537109375 0.79720283203125
0 0.39683486328125 0.84108466796875 0.425298046875 0.84131142578125 0.426885546875 0.8748775390625 0.39173193359375 0.87578466796875 0.39059794921875 0.86115625 0.3972884765625 0.8602490234375 0.39683486328125 0.84108466796875
1 0.3903259765625 0.8826103515625 0.408287109375 0.88156611328125 0.4163626953125 0.886508984375 0.41615390625 0.91832392578125 0.39331943359375 0.918184765625 0.38997783203125 0.9160265625 0.3903259765625 0.8826103515625
1 0.389980859375 0.92505927734375 0.4026865234375 0.9199947265625 0.414592578125 0.9221271484375 0.41388173828125 0.9554462890625 0.39246865234375 0.9554462890625 0.39042509765625 0.95464658203125 0.389980859375 0.92505927734375
0 0.413876953125 0.9406544921875 0.4244044921875 0.9412544921875 0.4243478515625 0.9602255859375 0.4141884765625 0.96133388671875 0.413876953125 0.9406544921875
0 0.42607685546875 0.94687919921875 0.44029306640625 0.9470568359375 0.443196875 0.954269921875 0.441993359375 0.966004296875 0.42604658203125 0.96630517578125 0.42607685546875 0.94687919921875
0 0.45472529296875 0.75339921875 0.46844658203125 0.7502240234375 0.4719619140625 0.762811328125 0.47468349609375 0.76247109375 0.47581748046875 0.759409375 0.48602333984375 0.7551001953125 0.49997138671875 0.7588423828125 0.5003431640625 0.79367705078125 0.46622431640625 0.79278857421875 0.46631318359375 0.76782138671875 0.45645078125 0.7693318359375 0.45472529296875 0.75339921875
0 0.46667412109375 0.80329052734375 0.48722568359375 0.7972119140625 0.50169853515625 0.7992380859375 0.50343525390625 0.835130859375 0.47492373046875 0.8361439453125 0.47448955078125 0.81501357421875 0.46580576171875 0.81544775390625 0.46667412109375 0.80329052734375
0 0.45349931640625 0.82351748046875 0.46348564453125 0.82380693359375 0.46435400390625 0.832201171875 0.46435400390625 0.833937890625 0.45263095703125 0.8332142578125 0.45349931640625 0.82351748046875
0 0.45304833984375 0.83995947265625 0.46764072265625 0.8384234375 0.4695607421875 0.8472556640625 0.46879267578125 0.8541677734375 0.459960546875 0.8595439453125 0.44920830078125 0.8595439453125 0.44882421875 0.84418359375 0.45304833984375 0.83995947265625
0 0.47595439453125 0.84310869140625 0.488884375 0.84015322265625 0.4953494140625 0.8427392578125 0.49738125 0.85437626953125 0.50052138671875 0.85456103515625 0.50033671875 0.87709619140625 0.4783556640625 0.87654208984375 0.4783556640625 0.86028720703125 0.47576962890625 0.86010244140625 0.47595439453125 0.84310869140625
0 0.4267666015625 0.878780078125 0.43980751953125 0.8793470703125 0.43980751953125 0.896016796875 0.42699345703125 0.8959033203125 0.4267666015625 0.878780078125
0 0.45860302734375 0.88597568359375 0.47770732421875 0.88438359375 0.486391015625 0.88481787109375 0.5091134765625 0.88568623046875 0.5088240234375 0.892054296875 0.48986455078125 0.8948041015625 0.49015400390625 0.89827763671875 0.49507470703125 0.89856708984375 0.49449580078125 0.907540234375 0.488706640625 0.908119140625 0.4885619140625 0.91810546875 0.472062890625 0.9170923828125 0.47293125 0.9082638671875 0.4597609375 0.9071060546875 0.45860302734375 0.88597568359375
0 0.4755513671875 0.92611025390625 0.49476171875 0.9272185546875 0.4953158203125 0.95067724609375 0.500303125 0.9512314453125 0.49919482421875 0.96083662109375 0.46336015625 0.9612060546875 0.46391435546875 0.96342265625 0.46262138671875 0.9654544921875 0.4500607421875 0.9654544921875 0.45061484375 0.95307861328125 0.46446845703125 0.95160087890625 0.46613095703125 0.927587890625 0.4755513671875 0.92611025390625
0 0.57184375 0.7301703125 0.58495849609375 0.72481357421875 0.597334375 0.72961611328125 0.59862744140625 0.7309091796875 0.5967802734375 0.76249541015625 0.57424501953125 0.76397314453125 0.57479921875 0.7562150390625 0.57184375 0.752890234375 0.57184375 0.741437890625 0.57350625 0.74125322265625 0.57184375 0.7301703125
0 0.60767841796875 0.7181638671875 0.62411806640625 0.72038037109375 0.623009765625 0.7392212890625 0.6082326171875 0.73959072265625 0.60767841796875 0.7181638671875
1 0.57102451171875 0.7711041015625 0.61092294921875 0.7711041015625 0.61332421875 0.8071234375 0.5858017578125 0.8091552734375 0.58358515625 0.79049912109375 0.5686232421875 0.7895755859375 0.57102451171875 0.7711041015625
1 0.5690421875 0.822595703125 0.58012236328125 0.81858798828125 0.58884501953125 0.82023828125 0.5897880859375 0.83178994140625 0.60888369140625 0.83202568359375 0.608412109375 0.8525357421875 0.57163544921875 0.852771484375 0.5690421875 0.822595703125
1 0.60604619140625 0.81030048828125 0.6223755859375 0.81211494140625 0.61988076171875 0.82685673828125 0.60445859375 0.8242486328125 0.60604619140625 0.81030048828125
1 0.57077646484375 0.86947626953125 0.59364365234375 0.86933154296875 0.59393310546875 0.85876630859375 0.6095638671875 0.85789794921875 0.60970859375 0.85630595703125 0.62012900390625 0.85558232421875 0.61882646484375 0.8838044921875 0.611734765625 0.883659765625 0.6114453125 0.89422490234375 0.56903974609375 0.89350126953125 0.57077646484375 0.86947626953125
1 0.57095576171875 0.9013396484375 0.58354716796875 0.89612939453125 0.589046875 0.89743203125 0.59483603515625 0.901773828125 0.59483603515625 0.9218912109375 0.5878890625 0.921167578125 0.5883232421875 0.93057490234375 0.56936376953125 0.93144326171875 0.57095576171875 0.9013396484375
1 0.604299609375 0.901263671875 0.61801416015625 0.90182060546875 0.6174572265625 0.91490859375 0.60464765625 0.91435166015625 0.604299609375 0.901263671875
0 0.644544921875 0.250525390625 0.75016953125 0.24978154296875 0.7479380859375 0.2661458984375 0.773228515625 0.2691212890625 0.77694765625 0.284741796875 0.77694765625 0.3948294921875 0.770025 0.40144931640625 0.700780078125 0.39836552734375 0.69881767578125 0.38995517578125 0.6197607421875 0.38911416015625 0.61471455078125 0.37201318359375 0.61529736328125 0.34958583984375 0.45235703125 0.34958583984375 0.45235703125 0.29142763671875 0.40873837890625 0.29142763671875 0.41364658203125 0.215085546875 0.4151826171875 0.2120134765625 0.48430419921875 0.2123974609375 0.48566591796875 0.21588994140625 0.48706767578125 0.2708373046875 0.547363671875 0.2685060546875 0.546780859375 0.2585982421875 0.6423625 0.2603466796875 0.641196875 0.25102158203125 0.644544921875 0.250525390625
0 0.29041484375 0.83109384765625 0.29001025390625 0.814776953125 0.2982361328125 0.81558603515625 0.29864072265625 0.8306892578125 0.29675283203125 0.83203779296875 0.2913587890625 0.83136357421875 0.29041484375 0.83109384765625
0 0.27966787109375 0.8103888671875 0.27743046875 0.80006240234375 0.28947802734375 0.79982998046875 0.29240380859375 0.809700390625 0.27966787109375 0.8103888671875
0 0.44560302734375 0.4534390625 0.4636306640625 0.454371484375 0.46487392578125 0.46804765625 0.44560302734375 0.46680439453125 0.44560302734375 0.4534390625
