0 0.74075029296875 0.06055283203125 0.748546875 0.05503544921875 0.747912890625 0.05410849609375 0.752375 0.05103232421875 0.751809765625 0.050244140625 0.76416455078125 0.04137890625 0.78083564453125 0.06490810546875 0.7545294921875 0.08309140625 0.75276591796875 0.08082392578125 0.75150625 0.0819576171875 0.74608974609375 0.07465166015625 0.749112890625 0.07238427734375 0.74634169921875 0.068479296875 0.75062451171875 0.06533017578125 0.74886103515625 0.06293681640625 0.7447041015625 0.065833984375 0.74075029296875 0.06055283203125
0 0.75891689453125 0.08516044921875 0.7789548828125 0.07116845703125 0.79648798828125 0.09638857421875 0.7742044921875 0.1113306640625 0.770576953125 0.106062109375 0.766690234375 0.1088259765625 0.76003974609375 0.0985478515625 0.7630626953125 0.096475 0.7597806640625 0.09103369140625 0.761853515625 0.08956533203125 0.75891689453125 0.08516044921875
0 0.78212314453125 0.20797451171875 0.7873552734375 0.18054140625 0.80206650390625 0.18304619140625 0.80161787109375 0.1853583984375 0.8127322265625 0.18732802734375 0.8078220703125 0.21430546875 0.79826220703125 0.2128986328125 0.79693857421875 0.21064765625 0.78212314453125 0.20797451171875
0 0.8505078125 0.22833984375 0.851435546875 0.226552734375 0.861962890625 0.23150390625 0.857890625 0.240302734375 0.856259765625 0.239755859375 0.85328125 0.247353515625 0.851572265625 0.24689453125 0.84845703125 0.25357421875 0.83208984375 0.246650390625 0.835703125 0.239296875 0.83365234375 0.238193359375 0.837978515625 0.22953125 0.84013671875 0.230517578125 0.842939453125 0.2245703125 0.8505078125 0.22833984375
1 0.91806748046875 0.11200302734375 0.93045341796875 0.1122328125 0.93030732421875 0.11622373046875 0.9383265625 0.11636435546875 0.93720107421875 0.14365791015625 0.9169419921875 0.14323583984375 0.91806748046875 0.11200302734375
1 0.999029296875 0.20743505859375 0.99557998046875 0.207801953125 0.9958390625 0.2226576171875 0.9875474609375 0.22283037109375 0.98728837890625 0.21453876953125 0.9841890625 0.2144978515625 0.98409267578125 0.20961572265625 0.98611171875 0.20957314453125 0.98599287109375 0.205469921875 0.990311328125 0.19899208984375 0.99603828125 0.201012109375 0.99902919921875 0.20022529296875 0.999029296875 0.20743505859375
0 0.54658876953125 0.13338125 0.57316328125 0.1405634765625 0.57334287109375 0.1574419921875 0.54928212890625 0.15726240234375 0.54928212890625 0.1416408203125 0.54658876953125 0.1416408203125 0.54658876953125 0.13338125
0 0.5493974609375 0.161883984375 0.566994140625 0.161883984375 0.56717373046875 0.1724779296875 0.56138359375 0.17263671875 0.561607421875 0.17912158203125 0.5493974609375 0.17912158203125 0.5493037109375 0.1775490234375 0.5493974609375 0.161883984375
0 0.5493974609375 0.17912158203125 0.561607421875 0.17912158203125 0.56169794921875 0.1896193359375 0.547621875 0.1897546875 0.54747119140625 0.1775841796875 0.5493037109375 0.1775490234375 0.5493974609375 0.17912158203125
0 0.3156744140625 0.03464345703125 0.34708583984375 0.03012724609375 0.35272197265625 0.06964052734375 0.3205271484375 0.0730552734375 0.3156744140625 0.03464345703125
0 0.44165400390625 0.04298251953125 0.4612501953125 0.04005771484375 0.474704296875 0.0479546875 0.4752892578125 0.05877646484375 0.467684765625 0.05994638671875 0.46914716796875 0.074862890625 0.4530607421875 0.0769103515625 0.45159833984375 0.05877646484375 0.4437013671875 0.05965390625 0.44165400390625 0.04298251953125
1 0.75374072265625 0.27806181640625 0.77362939453125 0.27219189453125 0.7768466796875 0.2812587890625 0.7864986328125 0.27804150390625 0.79264072265625 0.2964677734375 0.76222265625 0.30611962890625 0.75374072265625 0.27806181640625
0 0.29423876953125 0.892989453125 0.3142845703125 0.88813388671875 0.31785810546875 0.90317275390625 0.32102255859375 0.90301201171875 0.32478232421875 0.90458310546875 0.32681025390625 0.90783505859375 0.3252025390625 0.913301171875 0.3215048828125 0.9160341796875 0.32250615234375 0.92210673828125 0.32809638671875 0.92101806640625 0.32986484375 0.930342578125 0.31619951171875 0.9327541015625 0.31484013671875 0.927708203125 0.2988111328125 0.93141708984375 0.29546044921875 0.9158734375 0.298626171875 0.9150171875 0.29423876953125 0.892989453125
1 0.64491396484375 0.947430859375 0.65459384765625 0.9487931640625 0.65092998046875 0.97283203125 0.65694609375 0.9741689453125 0.65460654296875 0.98653525390625 0.64324287109375 0.9845298828125 0.6442455078125 0.97817958984375 0.63956640625 0.977176953125 0.64491396484375 0.947430859375
0 0.9562630859375 0.40917138671875 0.96783837890625 0.40563447265625 0.9700890625 0.41270830078125 0.9770021484375 0.41061826171875 0.9758767578125 0.407563671875 0.983111328125 0.4051521484375 0.9903458984375 0.42621279296875 0.9577099609375 0.436501953125 0.95497685546875 0.42798125 0.95931767578125 0.426855859375 0.95594150390625 0.41624521484375 0.95835302734375 0.4156021484375 0.9562630859375 0.40917138671875
1 0.8089916015625 0.29842333984375 0.84428349609375 0.30252705078125 0.84161611328125 0.33084267578125 0.82930498046875 0.32981669921875 0.82971533203125 0.32714931640625 0.80878642578125 0.3255078125 0.81022275390625 0.31565888671875 0.80529833984375 0.31524853515625 0.8089916015625 0.29842333984375
0 0.56502255859375 0.53741015625 0.57611328125 0.5689759765625 0.53985517578125 0.5711087890625 0.53644267578125 0.55873837890625 0.5539318359375 0.55447275390625 0.56502255859375 0.53741015625
1 0.6449138671875 0.40006591796875 0.65538876953125 0.40268466796875 0.651198828125 0.41682587890625 0.640723828125 0.41420712890625 0.6449138671875 0.40006591796875
0 0.59434990234375 0.20920048828125 0.61602275390625 0.19851845703125 0.6281287109375 0.22375625 0.61499677734375 0.22991181640625 0.61894345703125 0.23835419921875 0.629071875 0.2340134765625 0.63341259765625 0.24301640625 0.6133166015625 0.25201943359375 0.60785673828125 0.23974384765625 0.6046580078125 0.24114833984375 0.6015802734375 0.23376162109375 0.60486318359375 0.232325390625 0.59434990234375 0.20920048828125
1 0.7140529296875 0.45426650390625 0.7258041015625 0.460492578125 0.722734375 0.4669671875 0.72064443359375 0.46616337890625 0.7166251953125 0.47516640625 0.7044689453125 0.46880888671875 0.70858681640625 0.46005419921875 0.71083759765625 0.46101875 0.7140529296875 0.45426650390625
0 0.79995029296875 0.36446630859375 0.80405400390625 0.348256640625 0.8251880859375 0.35256552734375 0.8221103515625 0.3687751953125 0.79995029296875 0.36446630859375
0 0.166215625 0.10748642578125 0.17314443359375 0.10870224609375 0.17457861328125 0.10379111328125 0.18768935546875 0.1067107421875 0.18624404296875 0.1126177734375 0.191879296875 0.1140431640625 0.188475 0.1279224609375 0.16333505859375 0.12216123046875 0.166215625 0.10748642578125
0 0.17370908203125 0.14168505859375 0.190730859375 0.14770810546875 0.1870646484375 0.15923056640625 0.16951904296875 0.15373125 0.17370908203125 0.14168505859375
0 0.07840712890625 0.0255384765625 0.08834599609375 0.0253345703125 0.088543359375 0.0377705078125 0.07912216796875 0.0376828125 0.07834658203125 0.0354341796875 0.07840712890625 0.0255384765625
0 0.0295974609375 0.03677578125 0.03926982421875 0.03697314453125 0.03936845703125 0.0457572265625 0.0295974609375 0.0454611328125 0.0295974609375 0.03677578125
0 0.045819140625 0.08739873046875 0.05728212890625 0.08739873046875 0.05728212890625 0.09735 0.045819140625 0.0974759765625 0.045819140625 0.08739873046875
0 2.87109375e-05 0.12852314453125 0.004205078125 0.13064990234375 2.87109375e-05 0.13928212890625 2.87109375e-05 0.12852314453125
0 0.0230796875 0.49984833984375 0.07493076171875 0.503252734375 0.07231201171875 0.53205888671875 0.0207228515625 0.52813076171875 0.0230796875 0.49984833984375
0 0.4814916015625 0.862276953125 0.49537099609375 0.86672880859375 0.48856220703125 0.88610751953125 0.47494482421875 0.88165556640625 0.4814916015625 0.862276953125
0 0.4141591796875 0.94313330078125 0.4223583984375 0.9378279296875 0.42557373046875 0.9434548828125 0.43425517578125 0.93814951171875 0.43875673828125 0.9463486328125 0.42139375 0.95631630859375 0.4141591796875 0.94313330078125
0 0.5725119140625 0.93247822265625 0.55193359375 0.94839423828125 0.545439453125 0.940791015625 0.54931640625 0.9348828125 0.56527734375 0.9236359375 0.5725119140625 0.93247822265625
0 0.548349609375 0.93546875 0.5450056640625 0.94056416015625 0.545263671875 0.940732421875 0.53955439453125 0.94469658203125 0.53055146484375 0.93392509765625 0.5410013671875 0.92652978515625 0.548349609375 0.93546875
1 0.8421291015625 0.746116796875 0.85279873046875 0.7457064453125 0.8534142578125 0.76232646484375 0.84274462890625 0.762531640625 0.8421291015625 0.746116796875
3 0.7469619140625 0.8927228515625 0.75783671875 0.89949404296875 0.74901376953125 0.9142673828125 0.73772861328125 0.907291015625 0.7469619140625 0.8927228515625
1 0.8796740234375 0.94554931640625 0.946988671875 0.94500361328125 0.9473736328125 0.96004365234375 0.9617453125 0.960712109375 0.96241376953125 0.97541806640625 0.94135751953125 0.97575224609375 0.94102333984375 0.99012392578125 0.90058212890625 0.98978974609375 0.9002478515625 0.9794287109375 0.891223828125 0.98009716796875 0.89022109375 0.95670146484375 0.87919169921875 0.9563671875 0.8796740234375 0.94554931640625
0 0.58142724609375 0.87433876953125 0.593533203125 0.87967353515625 0.59086572265625 0.88706025390625 0.588403515625 0.8858291015625 0.5834791015625 0.89690908203125 0.57404052734375 0.893626171875 0.58142724609375 0.87433876953125
1 0.999029296875 0.23755703125 0.99077236328125 0.237740625 0.99077236328125 0.2276865234375 0.999029296875 0.2276865234375 0.999029296875 0.23755703125
0 0.9405826171875 0.0178490234375 0.96954892578125 0.02291474609375 0.96717890625 0.04139599609375 0.96615126953125 0.0460853515625 0.96552138671875 0.04999033203125 0.96510166015625 0.05342255859375 0.954178125 0.0521240234375 0.95456240234375 0.04948642578125 0.94561875 0.048352734375 0.944686328125 0.054166796875 0.9420189453125 0.05355126953125 0.934743359375 0.05178203125 0.9366841796875 0.0387779296875 0.9405826171875 0.0178490234375
1 0.81394990234375 0.38379013671875 0.82338837890625 0.371273828125 0.84616396484375 0.3850212890625 0.83795654296875 0.3985634765625 0.81394990234375 0.38379013671875
1 0.8912271484375 0.43013896484375 0.8962658203125 0.4220771484375 0.9078546875 0.42963505859375 0.9029419921875 0.437696875 0.8912271484375 0.43013896484375
0 0.80788193359375 0.51108779296875 0.81321396484375 0.50575576171875 0.8173341796875 0.509573046875 0.82296923828125 0.50375625 0.82763486328125 0.50799765625 0.8167283203125 0.519570703125 0.80788193359375 0.51108779296875
0 0.59257451171875 3.41796875e-06 0.59036337890625 0.00421064453125 0.58326591796875 0.00279111328125 0.57559375 0.01381494140625 0.5666951171875 0.010634375 0.56846357421875 0.00548984375 0.55113251953125 3.515625e-06 0.59257451171875 3.41796875e-06
0 0.659378515625 3.22265625e-06 0.65162275390625 0.0010759765625 0.65221748046875 0.01618759765625 0.64072705078125 0.01659794921875 0.64080244140625 0.00367900390625 0.6304677734375 0.0036712890625 0.6292537109375 3.3203125e-06 0.659378515625 3.22265625e-06
0 0.72367822265625 0.02341875 0.73438525390625 0.02455244140625 0.733503515625 0.03513359375 0.72292236328125 0.03412587890625 0.72367822265625 0.02341875
0 0.81628154296875 0.16039404296875 0.8241591796875 0.15589248046875 0.82801767578125 0.162483984375 0.82030078125 0.166985546875 0.81628154296875 0.16039404296875
0 0.82090126953125 0.18416533203125 0.83871904296875 0.1837443359375 0.838746484375 0.20008134765625 0.82138359375 0.2007244140625 0.82090126953125 0.18416533203125
1 0.91202109375 0.90072880859375 0.934726953125 0.89789677734375 0.93522822265625 0.90149921875 0.9388228515625 0.90130185546875 0.94004619140625 0.91248056640625 0.94735751953125 0.911651953125 0.9478509765625 0.91525439453125 0.95441689453125 0.9146388671875 0.95585322265625 0.92941220703125 0.9454875 0.93082509765625 0.9462095703125 0.9386455078125 0.915799609375 0.94217626953125 0.91202109375 0.90072880859375
3 0.93542646484375 0.83104091796875 0.93598359375 0.8147076171875 0.9548533203125 0.81517939453125 0.95508916015625 0.8309828125 0.93542646484375 0.83104091796875
1 0.735114453125 0.77214140625 0.73525927734375 0.74897255859375 0.7532150390625 0.74897255859375 0.75335986328125 0.77243095703125 0.735114453125 0.77214140625
1 0.71189384765625 0.78854912109375 0.711553515625 0.78230888671875 0.72074365234375 0.7817416015625 0.72097060546875 0.78820869140625 0.71189384765625 0.78854912109375
0 0.37734912109375 0.98327646484375 0.38035078125 0.990644140625 0.3754390625 0.9932091796875 0.3721099609375 0.98529580078125 0.37734912109375 0.98327646484375
0 0.20206826171875 0.0498142578125 0.19684912109375 0.04266630859375 0.2035431640625 0.0375607421875 0.2089892578125 0.0448220703125 0.20206826171875 0.0498142578125
4 0.72134580078125 0.23746064453125 0.73090498046875 0.23490009765625 0.73346552734375 0.24394716796875 0.72390625 0.24633701171875 0.72134580078125 0.23746064453125
0 0.60783017578125 0.1818123046875 0.616023828125 0.17993466796875 0.61875498046875 0.1867626953125 0.61056142578125 0.18966455078125 0.60783017578125 0.1818123046875
4 0.8562994140625 0.2738052734375 0.8638068359375 0.27352724609375 0.864362890625 0.280478515625 0.86241650390625 0.2813126953125 0.86158232421875 0.2785322265625 0.85741162109375 0.27908828125 0.8562994140625 0.2738052734375
0 0.37219013671875 0.26667841796875 0.37956826171875 0.26145234375 0.38141279296875 0.26575615234375 0.3881759765625 0.261759765625 0.39432431640625 0.26790810546875 0.3906353515625 0.2817419921875 0.37434208984375 0.2759009765625 0.37219013671875 0.26667841796875
