0 0.04013125 0.24837236328125 0.04703154296875 0.25732119140625 0.04568388671875 0.2583455078125 0.04774755859375 0.2610333984375 0.03937646484375 0.2669169921875 0.03037373046875 0.2546796875 0.04013125 0.24837236328125
0 0.23551708984375 0.31908427734375 0.23908837890625 0.33297275390625 0.2283744140625 0.3346591796875 0.2283744140625 0.3371392578125 0.20883134765625 0.34180185546875 0.20377197265625 0.3222587890625 0.2259935546875 0.31630654296875 0.22758076171875 0.320969140625 0.23551708984375 0.31908427734375
0 0.1362353515625 0.29716083984375 0.12398359375 0.29867958984375 0.1206236328125 0.2888421875 0.13352919921875 0.28085703125 0.13616220703125 0.28765400390625 0.13820986328125 0.2878734375 0.13808134765625 0.29264462890625 0.13645478515625 0.29277314453125 0.1362353515625 0.29716083984375
3 0.15259052734375 0.2231705078125 0.14391123046875 0.24317080078125 0.13285986328125 0.2377259765625 0.14078447265625 0.21831875 0.15259052734375 0.2231705078125
0 0.06567802734375 0.187098046875 0.080230859375 0.1797119140625 0.087836328125 0.19499599609375 0.07277158203125 0.20201650390625 0.06567802734375 0.187098046875
0 0.11545166015625 0.17861259765625 0.123288671875 0.18436630859375 0.1151291015625 0.1967501953125 0.1071185546875 0.191608203125 0.11545166015625 0.17861259765625
0 0.14055009765625 0.18466396484375 0.15463701171875 0.1700810546875 0.1681287109375 0.18416796875 0.15463701171875 0.1979572265625 0.14055009765625 0.18466396484375
0 0.0001380859375 0.17224765625 0.006024609375 0.16374306640625 0.0145421875 0.169834765625 0.00764189453125 0.179053125 0.0001380859375 0.1725666015625 0.0001380859375 0.17224765625
0 0.14089345703125 0.12509462890625 0.13592060546875 0.11405205078125 0.15142412109375 0.1072509765625 0.1561044921875 0.11887861328125 0.14089345703125 0.12509462890625
2 0.10007607421875 0.0924734375 0.0903541015625 0.0633076171875 0.1116828125 0.05636337890625 0.12140478515625 0.084933984375 0.10007607421875 0.0924734375
1 0.08009658203125 0.11946083984375 0.07121396484375 0.105915625 0.08014228515625 0.10026103515625 0.0892689453125 0.113653515625 0.08009658203125 0.11946083984375
0 0.234608984375 0.187958203125 0.2248095703125 0.1936623046875 0.21778916015625 0.18137646484375 0.228100390625 0.1753798828125 0.234608984375 0.187958203125
0 0.19956640625 0.20892783203125 0.19500302734375 0.19255927734375 0.2057169921875 0.1885912109375 0.2108755859375 0.20545576171875 0.19956640625 0.20892783203125
1 0.1560072265625 0.1300802734375 0.16946455078125 0.12281328125 0.17632783203125 0.13532861328125 0.1628775390625 0.1425484375 0.1560072265625 0.1300802734375
0 0.19044794921875 0.37733671875 0.20296328125 0.37235751953125 0.21171064453125 0.3988685546875 0.19892607421875 0.40250205078125 0.19044794921875 0.37733671875
2 0.28429208984375 0.2765 0.25764658203125 0.24689384765625 0.2770251953125 0.23047578125 0.3040744140625 0.2602130859375 0.29990263671875 0.26452294921875 0.3011138671875 0.26559951171875 0.295566796875 0.2710251953125 0.292501171875 0.268291015625 0.28429208984375 0.2765
0 0.37221435546875 0.36208408203125 0.3559064453125 0.35586806640625 0.36358505859375 0.3372931640625 0.37974677734375 0.343728515625 0.37221435546875 0.36208408203125
0 0.32469169921875 0.40626044921875 0.3201576171875 0.41766865234375 0.29821875 0.41042880859375 0.30180205078125 0.39865498046875 0.32469169921875 0.40626044921875
1 0.34319345703125 0.4132078125 0.3418771484375 0.42198330078125 0.32834814453125 0.41920439453125 0.32973759765625 0.41086767578125 0.34319345703125 0.4132078125
0 0.20177255859375 0.50298095703125 0.17885654296875 0.50774267578125 0.1718130859375 0.48244580078125 0.1947291015625 0.4770888671875 0.20177255859375 0.50298095703125
0 0.22873095703125 0.52191572265625 0.2218568359375 0.50246328125 0.2425525390625 0.49727109375 0.24872060546875 0.5164486328125 0.22873095703125 0.52191572265625
0 0.204718359375 0.5768478515625 0.198369140625 0.554036328125 0.22121650390625 0.5470767578125 0.22792158203125 0.57045107421875 0.204718359375 0.5768478515625
0 0.2834859375 0.59510126953125 0.2772361328125 0.5665306640625 0.2999537109375 0.56216572265625 0.3053107421875 0.5894466796875 0.2834859375 0.59510126953125
0 0.215333203125 0.5968869140625 0.2321599609375 0.59198818359375 0.2395388671875 0.61444599609375 0.2215830078125 0.62029892578125 0.215333203125 0.5968869140625
0 0.19574130859375 0.58528173828125 0.204718359375 0.5768478515625 0.21582919921875 0.58785947265625 0.2064048828125 0.59668857421875 0.19574130859375 0.58528173828125
0 0.3136294921875 0.4939638671875 0.31977236328125 0.503105078125 0.310704296875 0.5085166015625 0.30492705078125 0.49944853515625 0.3136294921875 0.4939638671875
0 0.071109375 0.485951953125 0.09462060546875 0.4796029296875 0.1037189453125 0.50870263671875 0.07954169921875 0.5153162109375 0.071109375 0.485951953125
0 0.0324 0.47354345703125 0.04519775390625 0.46952138671875 0.0522181640625 0.49211845703125 0.0391279296875 0.49592119140625 0.0324 0.47354345703125
0 0.13783896484375 0.59285908203125 0.144287109375 0.60615234375 0.13188671875 0.6122037109375 0.12593447265625 0.598414453125 0.13783896484375 0.59285908203125
0 0.1508345703125 0.63869111328125 0.1660126953125 0.63224287109375 0.17166728515625 0.6479169921875 0.15658837890625 0.65367080078125 0.1508345703125 0.63869111328125
0 0.216305859375 0.53536103515625 0.196068359375 0.54091640625 0.19031455078125 0.5214724609375 0.21055205078125 0.51601630859375 0.216305859375 0.53536103515625
0 0.35627041015625 0.59898779296875 0.3482349609375 0.58212314453125 0.35994091796875 0.57627021484375 0.3685716796875 0.59343232421875 0.35627041015625 0.59898779296875
0 0.33652890625 0.58619052734375 0.3378185546875 0.60652724609375 0.31648984375 0.60761845703125 0.31559697265625 0.587876953125 0.33652890625 0.58619052734375
0 0.45791279296875 0.5548240234375 0.4371439453125 0.55679853515625 0.43626640625 0.54422021484375 0.45688896484375 0.54312333984375 0.45791279296875 0.5548240234375
0 0.4158607421875 0.56031064453125 0.41909521484375 0.57610595703125 0.40755869140625 0.5783162109375 0.4042703125 0.56182001953125 0.4158607421875 0.56031064453125
0 0.40102861328125 0.50517568359375 0.421960546875 0.50477890625 0.422357421875 0.5202546875 0.40023505859375 0.52065146484375 0.40102861328125 0.50517568359375
0 0.39735810546875 0.5034892578125 0.39745732421875 0.48960078125 0.41402431640625 0.48979921875 0.41442109375 0.50309248046875 0.39735810546875 0.5034892578125
0 0.3668822265625 0.47376552734375 0.36846953125 0.48428115234375 0.35110888671875 0.48765400390625 0.3495216796875 0.4769400390625 0.3668822265625 0.47376552734375
0 0.3618228515625 0.48864609375 0.36301337890625 0.49826884765625 0.33841083984375 0.501244921875 0.33771640625 0.4900349609375 0.3618228515625 0.48864609375
0 0.4548826171875 0.40330908203125 0.4749216796875 0.3979521484375 0.481270703125 0.4217609375 0.46420771484375 0.4257291015625 0.460834765625 0.4106501953125 0.4573626953125 0.411840625 0.4548826171875 0.40330908203125
0 0.4196416015625 0.4143734375 0.4045037109375 0.4197119140625 0.39777578125 0.3990892578125 0.41335244140625 0.39433583984375 0.4196416015625 0.4143734375
0 0.289394921875 0.4020671875 0.29407529296875 0.41011142578125 0.28325205078125 0.4164005859375 0.27847763671875 0.4080427734375 0.289394921875 0.4020671875
0 0.4886998046875 0.50046962890625 0.4811603515625 0.48112490234375 0.49901689453125 0.47467666015625 0.5065564453125 0.49372373046875 0.4886998046875 0.50046962890625
0 0.43760244140625 0.46701455078125 0.44813310546875 0.465551953125 0.4487181640625 0.4689890625 0.45332529296875 0.46840400390625 0.45610419921875 0.4836150390625 0.44096640625 0.48588203125 0.43760244140625 0.46701455078125
0 0.529194140625 0.480696484375 0.5452095703125 0.47901455078125 0.5476228515625 0.50351298828125 0.5310955078125 0.50475615234375 0.529194140625 0.480696484375
0 0.53647548828125 0.51817822265625 0.544709375 0.54030068359375 0.5246703125 0.54734404296875 0.51613876953125 0.5254201171875 0.53647548828125 0.51817822265625
1 0.5050322265625 0.50648662109375 0.512186328125 0.52889716796875 0.49375771484375 0.5341625 0.48724912109375 0.5147099609375 0.4926607421875 0.51317431640625 0.49185634765625 0.51010283203125 0.5050322265625 0.50648662109375
4 0.3604884765625 0.55179287109375 0.37001201171875 0.54802314453125 0.37745224609375 0.56607822265625 0.36693671875 0.57004638671875 0.3604884765625 0.55179287109375
1 0.34544326171875 0.42816005859375 0.3474177734375 0.44351728515625 0.32506533203125 0.44622314453125 0.323504296875 0.43035400390625 0.34544326171875 0.42816005859375
0 0.40816806640625 0.44517587890625 0.42413984375 0.438231640625 0.42939765625 0.451128125 0.41322744140625 0.458866015625 0.40816806640625 0.44517587890625
0 0.57276142578125 0.50540673828125 0.58387216796875 0.49925615234375 0.5921060546875 0.51552548828125 0.58059853515625 0.5225689453125 0.57276142578125 0.50540673828125
1 0.5339302734375 0.5094673828125 0.55001796875 0.503151953125 0.55061318359375 0.5058640625 0.555159765625 0.50381279296875 0.56488173828125 0.53297861328125 0.544709375 0.54030068359375 0.5339302734375 0.5094673828125
0 0.73315966796875 0.51111640625 0.72737451171875 0.49705244140625 0.73601689453125 0.49338037109375 0.741946875 0.50674970703125 0.73315966796875 0.51111640625
2 0.7507361328125 0.52715380859375 0.7380380859375 0.4975912109375 0.744585546875 0.493920703125 0.744387109375 0.4912421875 0.7486529296875 0.488762109375 0.765021484375 0.519019140625 0.7507361328125 0.52715380859375
0 0.710248046875 0.56611171875 0.68911767578125 0.52623193359375 0.700129296875 0.52057734375 0.70826396484375 0.51442666015625 0.729734765625 0.55430947265625 0.710248046875 0.56611171875
0 0.63421875 0.57184345703125 0.642155078125 0.5689666015625 0.64880166015625 0.58602958984375 0.63997255859375 0.5894025390625 0.63421875 0.57184345703125
0 0.56317607421875 0.58455751953125 0.58093349609375 0.57562919921875 0.59581396484375 0.60509267578125 0.577362109375 0.61421943359375 0.56317607421875 0.58455751953125
0 0.625990625 0.4766376953125 0.63601015625 0.4993552734375 0.6217248046875 0.50560517578125 0.6120029296875 0.483284375 0.625990625 0.4766376953125
0 0.59444384765625 0.49251025390625 0.60376904296875 0.4895341796875 0.6091259765625 0.506101171875 0.59583271484375 0.51026767578125 0.59191494140625 0.49836181640625 0.59613037109375 0.4971728515625 0.59444384765625 0.49251025390625
0 0.6046193359375 0.39812451171875 0.62440166015625 0.39798994140625 0.62467080078125 0.41144736328125 0.6048884765625 0.410908984375 0.6046193359375 0.39812451171875
0 0.61187001953125 0.41954599609375 0.6305203125 0.41944677734375 0.6305203125 0.4304583984375 0.6112748046875 0.43095439453125 0.61187001953125 0.41954599609375
0 0.56395478515625 0.42341494140625 0.57943046875 0.4229189453125 0.5808193359375 0.44385087890625 0.56464912109375 0.444346875 0.56395478515625 0.42341494140625
0 0.55994140625 0.42100615234375 0.545169140625 0.42034794921875 0.54524228515625 0.4123037109375 0.5601607421875 0.41252314453125 0.55994140625 0.42100615234375
2 0.576854296875 0.3945470703125 0.57809755859375 0.39791103515625 0.58036455078125 0.404712109375 0.5535990234375 0.40880732421875 0.55169765625 0.39037861328125 0.56471474609375 0.38584462890625 0.5704189453125 0.39483955078125 0.576854296875 0.3945470703125
0 0.66836611328125 0.3280314453125 0.673614453125 0.34942861328125 0.670384765625 0.353600390625 0.65961884765625 0.35575361328125 0.65329384765625 0.33139580078125 0.66836611328125 0.3280314453125
0 0.6905232421875 0.41806982421875 0.66820244140625 0.386820703125 0.68635673828125 0.37471787109375 0.7084791015625 0.406859765625 0.6905232421875 0.41806982421875
0 0.636358203125 0.39118564453125 0.64796494140625 0.38513427734375 0.6551076171875 0.39753466796875 0.64330244140625 0.40398291015625 0.636358203125 0.39118564453125
0 0.6392171875 0.355884375 0.621666015625 0.365244921875 0.61449931640625 0.3536904296875 0.63161171875 0.34359853515625 0.6392171875 0.355884375
0 0.6145591796875 0.29599306640625 0.62269384765625 0.31414736328125 0.60414287109375 0.32148837890625 0.59660341796875 0.30363173828125 0.6145591796875 0.29599306640625
0 0.60978955078125 0.19611259765625 0.62199150390625 0.18490263671875 0.6341935546875 0.1979974609375 0.62199150390625 0.2082154296875 0.60978955078125 0.19611259765625
0 0.5820400390625 0.18753486328125 0.560512890625 0.20697880859375 0.55267578125 0.198744921875 0.5643818359375 0.18773330078125 0.56071123046875 0.1821779296875 0.57082998046875 0.1745392578125 0.5820400390625 0.18753486328125
0 0.611106640625 0.1669998046875 0.61824931640625 0.17513447265625 0.6044599609375 0.18882451171875 0.59840859375 0.1816818359375 0.60555126953125 0.17354716796875 0.6048568359375 0.17245595703125 0.611106640625 0.1669998046875
0 0.477787890625 0.198981640625 0.47832705078125 0.18987099609375 0.492666796875 0.19073359375 0.49169638671875 0.199790234375 0.477787890625 0.198981640625
0 0.5107830078125 0.23408515625 0.52467158203125 0.23220029296875 0.527746875 0.2528345703125 0.515148046875 0.25462021484375 0.5107830078125 0.23408515625
0 0.5598205078125 0.2367794921875 0.57085546875 0.2348955078125 0.57273955078125 0.2502369140625 0.5622427734375 0.2515826171875 0.5598205078125 0.2367794921875
0 0.5899580078125 0.20381865234375 0.59624716796875 0.20974208984375 0.58761787109375 0.21990712890625 0.58154814453125 0.2137642578125 0.5899580078125 0.20381865234375
0 0.57226796875 0.13282880859375 0.58261845703125 0.12560498046875 0.58935712890625 0.13390693359375 0.579222265625 0.14145419921875 0.57226796875 0.13282880859375
0 0.50808291015625 0.08795791015625 0.52409833984375 0.08495966796875 0.526584765625 0.09622158203125 0.50961865234375 0.10002431640625 0.50808291015625 0.08795791015625
4 0.5695609375 0.04835185546875 0.56422392578125 0.0388638671875 0.57705419921875 0.0316400390625 0.5824990234375 0.04123583984375 0.5695609375 0.04835185546875
0 0.53695234375 0.0395873046875 0.52989033203125 0.0270265625 0.5410494140625 0.02082705078125 0.5484349609375 0.034088671875 0.53695234375 0.0395873046875
4 0.49928857421875 4.58984375e-06 0.50126171875 0.006885546875 0.48531943359375 0.01112705078125 0.48173759765625 4.58984375e-06 0.49928857421875 4.58984375e-06
0 0.6274921875 0.10499453125 0.61773466796875 0.09232587890625 0.6314814453125 0.081544140625 0.64113115234375 0.0946439453125 0.6274921875 0.10499453125
0 0.583675390625 0.08048388671875 0.5793740234375 0.07538916015625 0.58112255859375 0.07383935546875 0.5795330078125 0.07149462890625 0.588434765625 0.0659310546875 0.5937201171875 0.0728060546875 0.583675390625 0.08048388671875
0 0.66056572265625 0.13334921875 0.657903125 0.1345017578125 0.6534919921875 0.12428857421875 0.6687521484375 0.11828779296875 0.671375 0.12444755859375 0.6681560546875 0.12599736328125 0.6693482421875 0.129613671875 0.66056572265625 0.13334921875
4 0.71635078125 0.10802265625 0.7229974609375 0.10355849609375 0.729247265625 0.11218916015625 0.7217078125 0.11754619140625 0.71635078125 0.10802265625
0 0.79783916015625 0.1662427734375 0.80339169921875 0.162199609375 0.81207109375 0.17265791015625 0.80587158203125 0.17686279296875 0.79783916015625 0.1662427734375
0 0.77691396484375 0.17634365234375 0.76214169921875 0.178464453125 0.760459765625 0.17100517578125 0.7755244140625 0.16844560546875 0.77691396484375 0.17634365234375
0 0.72406923828125 0.302259765625 0.7165521484375 0.2858787109375 0.7392955078125 0.27732255859375 0.7460234375 0.29399609375 0.72406923828125 0.302259765625
0 0.68439853515625 0.31634609375 0.69461650390625 0.3126755859375 0.70225517578125 0.33241708984375 0.69074755859375 0.33707958984375 0.68439853515625 0.31634609375
0 0.71247314453125 0.3051361328125 0.7192189453125 0.3227943359375 0.70334638671875 0.32874658203125 0.6968982421875 0.31178271484375 0.71247314453125 0.3051361328125
0 0.7481109375 0.344669921875 0.7440435546875 0.334848828125 0.73828984375 0.3376265625 0.72777421875 0.31163525390625 0.74874453125 0.3027220703125 0.7591544921875 0.32676455078125 0.755551171875 0.32790458984375 0.76031298828125 0.33911455078125 0.7481109375 0.344669921875
0 0.78177158203125 0.36112412109375 0.77765439453125 0.3505591796875 0.78499541015625 0.34788076171875 0.783408203125 0.341829296875 0.7950150390625 0.3382580078125 0.80106640625 0.35413056640625 0.78177158203125 0.36112412109375
0 0.7913046875 0.3193400390625 0.79837783203125 0.335162109375 0.78113388671875 0.34222958984375 0.78033515625 0.3404013671875 0.77280283203125 0.34311865234375 0.7693619140625 0.33511689453125 0.776825 0.331918359375 0.77506982421875 0.326726171875 0.7913046875 0.3193400390625
0 0.73282373046875 0.42199404296875 0.7213423828125 0.400055078125 0.72565703125 0.3977880859375 0.7250923828125 0.39664111328125 0.73393642578125 0.39177490234375 0.745987109375 0.41373037109375 0.73282373046875 0.42199404296875
0 0.77239697265625 0.37442822265625 0.78254716796875 0.39264736328125 0.7662126953125 0.4018119140625 0.76130703125 0.3928630859375 0.76761435546875 0.389305078125 0.76416416015625 0.3813265625 0.76637451171875 0.37987099609375 0.7654580078125 0.3779302734375 0.77239697265625 0.37442822265625
0 0.86463369140625 0.26213046875 0.869755078125 0.270809765625 0.85978193359375 0.27986650390625 0.854391015625 0.27253486328125 0.86463369140625 0.26213046875
0 0.85579111328125 0.24949052734375 0.86463369140625 0.26213046875 0.84795400390625 0.276275390625 0.8370416015625 0.261394921875 0.85172373046875 0.24919287109375 0.85579111328125 0.24949052734375
0 0.8804994140625 0.33166591796875 0.86938857421875 0.31886865234375 0.87682880859375 0.3116267578125 0.88873330078125 0.32372958984375 0.8804994140625 0.33166591796875
0 0.8526578125 0.33602353515625 0.846734375 0.323152734375 0.860921484375 0.3160591796875 0.86750322265625 0.3278330078125 0.8526578125 0.33602353515625
4 0.9531775390625 0.411873046875 0.93487548828125 0.4183326171875 0.9206107421875 0.38159404296875 0.9391818359375 0.37459619140625 0.9531775390625 0.411873046875
0 0.8901970703125 0.3962625 0.9055384765625 0.418198046875 0.88683271484375 0.43057880859375 0.87108759765625 0.408643359375 0.8901970703125 0.3962625
0 0.7708177734375 0.46150419921875 0.782006640625 0.454995703125 0.79231787109375 0.47283935546875 0.78076337890625 0.47890908203125 0.7708177734375 0.46150419921875
4 0.76154091796875 0.55242470703125 0.77053583984375 0.547159375 0.77689814453125 0.55849443359375 0.7673181640625 0.56332099609375 0.76154091796875 0.55242470703125
0 0.76595849609375 0.47696689453125 0.7786083984375 0.49567265625 0.7731849609375 0.49968291015625 0.77564775390625 0.503881640625 0.780626953125 0.50078642578125 0.787759375 0.51316728515625 0.769457421875 0.52406767578125 0.7486529296875 0.488762109375 0.76595849609375 0.47696689453125
0 0.64668662109375 0.557653125 0.656120703125 0.5542029296875 0.6604333984375 0.5692435546875 0.65072978515625 0.57161552734375 0.64668662109375 0.557653125
1 0.60768310546875 0.57565087890625 0.61730576171875 0.6004517578125 0.59905234375 0.60719755859375 0.58972724609375 0.58328955078125 0.60768310546875 0.57565087890625
0 0.60887353515625 0.57049228515625 0.6258373046875 0.56444091796875 0.63546005859375 0.5928130859375 0.619190625 0.59826923828125 0.60887353515625 0.57049228515625
0 0.6168201171875 0.60381533203125 0.6237673828125 0.6237796875 0.6123591796875 0.62780185546875 0.605338671875 0.60849560546875 0.6168201171875 0.60381533203125
0 0.6264732421875 0.597526171875 0.6340787109375 0.595112890625 0.638027734375 0.60593603515625 0.63056845703125 0.608203125 0.6264732421875 0.597526171875
0 0.45945576171875 0.617482421875 0.475763671875 0.61455732421875 0.47927392578125 0.63357099609375 0.46303916015625 0.63634990234375 0.45945576171875 0.617482421875
0 0.43106162109375 0.62587587890625 0.44286435546875 0.6236107421875 0.44548720703125 0.63712236328125 0.432969140625 0.639546484375 0.43106162109375 0.62587587890625
0 0.5194220703125 0.6426060546875 0.5253455078125 0.66271669921875 0.5218353515625 0.66374052734375 0.52483359375 0.6788052734375 0.5060392578125 0.68290048828125 0.49645927734375 0.64553125 0.50816005859375 0.642094140625 0.50889130859375 0.6453849609375 0.5194220703125 0.6426060546875
0 0.431859765625 0.64486279296875 0.4441455078125 0.67389521484375 0.4258630859375 0.68193955078125 0.41328486328125 0.65334580078125 0.431859765625 0.64486279296875
0 0.4013646484375 0.66351083984375 0.3827166015625 0.67023876953125 0.3716740234375 0.6396705078125 0.38242412109375 0.6361603515625 0.38417919921875 0.64076748046875 0.3927353515625 0.637403515625 0.4013646484375 0.66351083984375
0 0.35931669921875 0.67381064453125 0.345516015625 0.6749427734375 0.34432998046875 0.65402607421875 0.3582384765625 0.65343310546875 0.35931669921875 0.67381064453125
0 0.32282900390625 0.66075576171875 0.32509609375 0.6899345703125 0.3073986328125 0.690812109375 0.305497265625 0.66207216796875 0.32282900390625 0.66075576171875
0 0.26576201171875 0.6729822265625 0.27212333984375 0.69449189453125 0.254730078125 0.70147744140625 0.246790234375 0.67779248046875 0.26576201171875 0.6729822265625
4 0.06040927734375 0.88680732421875 0.06918486328125 0.88315078125 0.07459638671875 0.89689921875 0.0647970703125 0.90026318359375 0.06040927734375 0.88680732421875
0 0.04362099609375 0.87797744140625 0.0498744140625 0.874796875 0.05467236328125 0.88477001953125 0.04750244140625 0.88838193359375 0.04362099609375 0.87797744140625
0 0.042225 0.84236640625 0.04973583984375 0.84029990234375 0.0533521484375 0.85420888671875 0.04615927734375 0.85599716796875 0.042225 0.84236640625
0 0.03600615234375 0.82309091796875 0.04306826171875 0.8363525390625 0.03174736328125 0.84222861328125 0.02479306640625 0.8291826171875 0.03600615234375 0.82309091796875
0 0.06561953125 0.8192607421875 0.06035419921875 0.82386787109375 0.06327939453125 0.82971826171875 0.04982353515625 0.83747001953125 0.032857421875 0.80697490234375 0.0388541015625 0.80353779296875 0.0402435546875 0.805366015625 0.04741025390625 0.80083203125 0.0495310546875 0.80470791015625 0.0533337890625 0.8030990234375 0.0564783203125 0.8082912109375 0.05947666015625 0.80836435546875 0.06561953125 0.8192607421875
0 0.0479361328125 0.788346875 0.06601005859375 0.77865751953125 0.08337001953125 0.8127046875 0.06687216796875 0.8211828125 0.0479361328125 0.788346875
0 0.1821236328125 0.7328458984375 0.16754072265625 0.739393359375 0.15900927734375 0.72094150390625 0.17339375 0.71449326171875 0.1821236328125 0.7328458984375
0 0.1342083984375 0.73016748046875 0.13976376953125 0.74117900390625 0.1266689453125 0.74871845703125 0.1214111328125 0.73750849609375 0.1342083984375 0.73016748046875
0 0.18936552734375 0.7075490234375 0.196408984375 0.72590166015625 0.18450458984375 0.73086181640625 0.1772626953125 0.71241005859375 0.18936552734375 0.7075490234375
2 0.08538828125 0.76534140625 0.09114208984375 0.76177001953125 0.113363671875 0.79778095703125 0.0966974609375 0.808098046875 0.07526953125 0.77585693359375 0.08062646484375 0.77317841796875 0.07705517578125 0.7665318359375 0.0839001953125 0.76305966796875 0.08538828125 0.76534140625
0 0.19034189453125 0.7527712890625 0.208185546875 0.74501953125 0.2184236328125 0.7668853515625 0.20087255859375 0.7748564453125 0.19034189453125 0.7527712890625
0 0.53891796875 0.63910126953125 0.55965146484375 0.6306689453125 0.5697703125 0.65537060546875 0.546953515625 0.6639021484375 0.53891796875 0.63910126953125
0 0.531180078125 0.6334466796875 0.5352474609375 0.63096650390625 0.54377900390625 0.654576953125 0.5253455078125 0.66271669921875 0.5194220703125 0.6426060546875 0.5187796875 0.64039091796875 0.5226486328125 0.6380099609375 0.5197716796875 0.62898251953125 0.52810478515625 0.62650234375 0.531180078125 0.6334466796875
0 0.54858935546875 0.6290021484375 0.53672939453125 0.63299140625 0.53225498046875 0.6216705078125 0.54438447265625 0.6175734375 0.54858935546875 0.6290021484375
0 0.55309404296875 0.61863330078125 0.54197841796875 0.59830322265625 0.55528798828125 0.588576953125 0.56698876953125 0.6076638671875 0.55309404296875 0.61863330078125
0 0.9257322265625 0.16039248046875 0.93172890625 0.17501845703125 0.9198087890625 0.17947939453125 0.91388525390625 0.163902734375 0.9257322265625 0.16039248046875
0 0.90189111328125 0.04282158203125 0.91110546875 0.05254775390625 0.8998435546875 0.06322470703125 0.89048291015625 0.05298662109375 0.90189111328125 0.04282158203125
0 0.89682412109375 0.2917724609375 0.883233203125 0.3038751953125 0.86507900390625 0.282546484375 0.87995947265625 0.2709396484375 0.89682412109375 0.2917724609375
0 0.583836328125 0.63647001953125 0.5916734375 0.64936650390625 0.57599931640625 0.65948525390625 0.5673685546875 0.64549755859375 0.583836328125 0.63647001953125
2 0.61280380859375 0.62922822265625 0.62183134765625 0.647481640625 0.6032802734375 0.65700517578125 0.594153515625 0.63795810546875 0.61280380859375 0.62922822265625
0 0.66909345703125 0.53740234375 0.67999384765625 0.560414453125 0.6651908203125 0.56700859375 0.65496318359375 0.5444001953125 0.66909345703125 0.53740234375
4 0.42857900390625 0.68809453125 0.4451794921875 0.680927734375 0.4507373046875 0.69343291015625 0.4338443359375 0.70133095703125 0.42857900390625 0.68809453125
0 0.2406845703125 0.79403232421875 0.22096865234375 0.748028515625 0.22991376953125 0.7451076171875 0.2262626953125 0.73232880859375 0.23812880859375 0.72831259765625 0.26240859375 0.78307900390625 0.2406845703125 0.79403232421875
0 0.23879287109375 0.700832421875 0.24319150390625 0.71050791015625 0.23020615234375 0.71573037109375 0.2257419921875 0.7060083984375 0.23879287109375 0.700832421875
3 0.05722392578125 0.34894892578125 0.07740859375 0.3401326171875 0.08460087890625 0.35660517578125 0.0639521484375 0.36460947265625 0.05722392578125 0.34894892578125
0 0.27022548828125 0.84426865234375 0.26667216796875 0.8352373046875 0.25764091796875 0.83908671875 0.252755078125 0.82739052734375 0.27525927734375 0.8179150390625 0.284142578125 0.837754296875 0.27022548828125 0.84426865234375
4 0.2512060546875 0.81368359375 0.2502970703125 0.80368544921875 0.26420361328125 0.8020494140625 0.2652943359375 0.811956640625 0.2512060546875 0.81368359375
4 0.25169345703125 0.81580966796875 0.2685716796875 0.811750390625 0.27020966796875 0.81744765625 0.25318896484375 0.8218630859375 0.25169345703125 0.81580966796875
0 0.2750234375 0.29196640625 0.27992421875 0.28652099609375 0.29244873046875 0.29387236328125 0.2878201171875 0.3001345703125 0.2750234375 0.29196640625
