2 0.99845595703125 0.463116015625 0.9803560546875 0.4469185546875 0.99845595703125 0.42795078125 0.99845595703125 0.463116015625
2 0.99845595703125 0.4200587890625 0.97449208984375 0.441812890625 0.95799169921875 0.42654599609375 0.99845595703125 0.38649775390625 0.99845595703125 0.4200587890625
2 0.95226435546875 0.31911376953125 0.97963837890625 0.34038056640625 0.94531123046875 0.38174365234375 0.92534404296875 0.36862783203125 0.9192994140625 0.3580771484375 0.95226435546875 0.31911376953125
2 0.86109326171875 0.3480322265625 0.848940234375 0.3337470703125 0.899258203125 0.27383447265625 0.906507421875 0.2783119140625 0.90629423828125 0.28044404296875 0.91460947265625 0.2868404296875 0.91396982421875 0.28897255859375 0.9239908203125 0.294516015625 0.873033203125 0.35592109375 0.86109326171875 0.3480322265625
2 0.83765244140625 0.4141283203125 0.81894208984375 0.39491669921875 0.846339453125 0.3645123046875 0.86521689453125 0.38389091796875 0.8825908203125 0.39692138671875 0.85502646484375 0.4271587890625 0.83765244140625 0.4141283203125
2 0.354191015625 0.4197603515625 0.38276142578125 0.42892841796875 0.375938671875 0.448117578125 0.37082158203125 0.44961005859375 0.3522720703125 0.4425740234375 0.3524853515625 0.440868359375 0.34715498046875 0.4395890625 0.354191015625 0.4197603515625
2 0.40450595703125 0.34848251953125 0.4138611328125 0.352491796875 0.409684765625 0.36568935546875 0.4001625 0.362515234375 0.40450595703125 0.34848251953125
2 0.92982548828125 0.45169150390625 0.94108916015625 0.441275390625 0.94488505859375 0.4450712890625 0.93375908203125 0.45567373046875 0.92982548828125 0.45169150390625
2 0.936001953125 0.45684287109375 0.93714462890625 0.45468759765625 0.946717578125 0.44533310546875 0.94855009765625 0.44572578125 0.94946630859375 0.4478201171875 0.93914345703125 0.458484375 0.93676962890625 0.4585798828125 0.936001953125 0.45684287109375
2 0.94081767578125 0.46140654296875 0.9407724609375 0.4600234375 0.951037109375 0.4500453125 0.9526078125 0.450176171875 0.954178515625 0.451616015625 0.95378583984375 0.45292490234375 0.9431833984375 0.4630037109375 0.9414818359375 0.4630037109375 0.94081767578125 0.46140654296875
2 0.97016728515625 0.4859544921875 0.990455859375 0.50336337890625 0.9853509765625 0.50781376953125 0.96493154296875 0.49079755859375 0.97016728515625 0.4859544921875
2 0.974225 0.47954072265625 0.97919892578125 0.47574482421875 0.99844033203125 0.4948552734375 0.9945134765625 0.49878212890625 0.974225 0.47954072265625
2 0.53165927734375 0.11015322265625 0.54701044921875 0.1152703125 0.54828974609375 0.11846845703125 0.551701171875 0.12507802734375 0.546797265625 0.13765751953125 0.51787060546875 0.12511044921875 0.5197193359375 0.12166669921875 0.52313076171875 0.1231591796875 0.5256892578125 0.12017421875 0.53165927734375 0.11015322265625
2 0.47938408203125 0.2260458984375 0.475040625 0.22688115234375 0.444469140625 0.21485302734375 0.441462109375 0.20516376953125 0.455494921875 0.19664384765625 0.486567578125 0.21067666015625 0.47938408203125 0.2260458984375
2 0.037276171875 0.23057900390625 0.0438857421875 0.22354296875 0.05497275390625 0.21629384765625 0.06264833984375 0.22503544921875 0.0607294921875 0.22695439453125 0.06989755859375 0.23804140625 0.05625205078125 0.24998134765625 0.052840625 0.2495548828125 0.037276171875 0.23057900390625
2 0.15513662109375 0.16553759765625 0.16366025390625 0.15598515625 0.1899046875 0.17438984375 0.18148544921875 0.1837185546875 0.15513662109375 0.16553759765625
2 0.409684765625 0.28443798828125 0.42439638671875 0.29083427734375 0.4199189453125 0.296804296875 0.40627333984375 0.29104755859375 0.40712626953125 0.286996484375 0.409684765625 0.28443798828125
2 0.41053759765625 0.2720716796875 0.4139490234375 0.260558203125 0.42077177734375 0.260558203125 0.42397001953125 0.2641828125 0.42034541015625 0.275056640625 0.41053759765625 0.2720716796875
2 0.43773330078125 0.24395400390625 0.44208720703125 0.23415771484375 0.4535162109375 0.239055859375 0.448073828125 0.246947265625 0.43773330078125 0.24395400390625
2 0.50909462890625 0.32985458984375 0.49249541015625 0.3249564453125 0.4922232421875 0.31543232421875 0.49929833984375 0.30645244140625 0.51503046875 0.31139794921875 0.50909462890625 0.32985458984375
2 0.2086646484375 0.75340712890625 0.21734716796875 0.7381259765625 0.238532421875 0.747850390625 0.2367958984375 0.755491015625 0.238532421875 0.7579220703125 0.23401748046875 0.76452080078125 0.22984990234375 0.76521533203125 0.21144306640625 0.75965859375 0.2086646484375 0.75340712890625
2 0.03273662109375 0.8637826171875 0.06399365234375 0.8873990234375 0.05600576171875 0.89642880859375 0.05322734375 0.8971234375 0.03794619140625 0.9148357421875 0.02405419921875 0.90372216796875 0.03305341796875 0.89194443359375 0.0259130859375 0.88703125 0.03067333984375 0.8797994140625 0.02422802734375 0.87423212890625 0.02613798828125 0.86864482421875 0.03273662109375 0.8637826171875
2 0.10363583984375 0.90127978515625 0.11098310546875 0.90645009765625 0.1009146484375 0.91869541015625 0.09329541015625 0.913797265625 0.088397265625 0.90862705078125 0.09656083984375 0.897198046875 0.10363583984375 0.90127978515625
