1 0.016231640625 0.36742744140625 8.271484375e-05 0.37144833984375 8.271484375e-05 0.3567521484375 0.01362470703125 0.35355869140625 0.016231640625 0.36742744140625
1 0.0003169921875 0.3482982421875 0.01381357421875 0.34485380859375 0.01600419921875 0.3529111328125 0.0018701171875 0.356102734375 0.0003169921875 0.3482982421875
1 8.271484375e-05 0.37751181640625 0.0029400390625 0.37690771484375 0.00838134765625 0.39665322265625 8.271484375e-05 0.3990291015625 8.271484375e-05 0.37751181640625
1 8.271484375e-05 0.39953935546875 0.02501455078125 0.3931443359375 0.03137509765625 0.40805732421875 8.271484375e-05 0.41595283203125 8.271484375e-05 0.39953935546875
1 0.0107169921875 0.3917724609375 0.00898955078125 0.384171875 0.01538095703125 0.38270361328125 0.0171947265625 0.39030419921875 0.0107169921875 0.3917724609375
2 8.271484375e-05 0.526166796875 0.00823349609375 0.52515966796875 0.00907763671875 0.532334765625 0.01597138671875 0.53120927734375 0.012735546875 0.5144673828125 0.0374966796875 0.51109091796875 0.04213935546875 0.5473884765625 0.01892578125 0.5500615234375 0.01948857421875 0.5544228515625 0.0019025390625 0.556533203125 8.271484375e-05 0.55050068359375 8.271484375e-05 0.526166796875
1 8.26171875e-05 0.7106015625 0.00298681640625 0.70972861328125 0.00765537109375 0.7248115234375 8.26171875e-05 0.7271205078125 8.26171875e-05 0.7106015625
1 0.1271453125 0.446463671875 0.1009298828125 0.458314453125 0.097338671875 0.4509525390625 0.09213154296875 0.452927734375 0.08854033203125 0.44359072265625 0.09536357421875 0.44035869140625 0.09478505859375 0.436773828125 0.09482490234375 0.43569013671875 0.0955431640625 0.43299677734375 0.09644091796875 0.43191943359375 0.09913427734375 0.430123828125 0.102725390625 0.42868740234375 0.10541884765625 0.42868740234375 0.1084712890625 0.430123828125 0.11026689453125 0.43191943359375 0.11080556640625 0.433355859375 0.11960390625 0.42958515625 0.1271453125 0.446463671875
1 0.0715388671875 0.33046337890625 0.0788142578125 0.329140625 0.08068818359375 0.338730859375 0.07341279296875 0.3400537109375 0.0715388671875 0.33046337890625
1 0.03403095703125 0.28408798828125 0.04300888671875 0.282112890625 0.046061328125 0.3007869140625 0.03708349609375 0.30222333984375 0.03403095703125 0.28408798828125
2 0.16180322265625 0.49873701171875 0.1288033203125 0.5138619140625 0.122421875 0.500703125 0.1551171875 0.484541015625 0.16180322265625 0.49873701171875
2 0.15424072265625 0.47742451171875 0.152407421875 0.47879951171875 0.15490234375 0.4841015625 0.122216796875 0.500263671875 0.12147001953125 0.49873701171875 0.11894912109375 0.49965361328125 0.11322001953125 0.48590361328125 0.149657421875 0.4689453125 0.15424072265625 0.47742451171875
1 0.11263310546875 0.621231640625 0.1246634765625 0.61530625 0.13148662109375 0.62895263671875 0.11855849609375 0.63451884765625 0.11263310546875 0.621231640625
1 0.15580634765625 0.78626572265625 0.151137890625 0.7774673828125 0.1773533203125 0.76382099609375 0.18256044921875 0.77279892578125 0.15580634765625 0.78626572265625
1 0.16497333984375 0.76800634765625 0.1576279296875 0.75310810546875 0.16649130859375 0.74818408203125 0.17352578125 0.7632376953125 0.16497333984375 0.76800634765625
1 0.095991015625 0.82137490234375 0.10890341796875 0.818764453125 0.1123150390625 0.83977275390625 0.09866865234375 0.84192744140625 0.095991015625 0.82137490234375
1 0.1261685546875 0.78119833984375 0.135920703125 0.8101666015625 0.075751953125 0.827031640625 0.067501953125 0.79838583984375 0.1261685546875 0.78119833984375
2 0.2295390625 0.6930955078125 0.2363623046875 0.7060236328125 0.2205611328125 0.7130263671875 0.21912470703125 0.7119490234375 0.20799208984375 0.7162583984375 0.20314404296875 0.70476669921875 0.2295390625 0.6930955078125
1 0.166847265625 0.6478892578125 0.172052734375 0.65801875 0.1585466796875 0.66519384765625 0.15348193359375 0.65464228515625 0.1577025390625 0.65084365234375 0.166847265625 0.6478892578125
3 0.46484501953125 0.90373994140625 0.4555080078125 0.8970962890625 0.4614333984375 0.88883662109375 0.47112958984375 0.89583935546875 0.46484501953125 0.90373994140625
3 0.49742373046875 0.94756376953125 0.51044443359375 0.94305068359375 0.51457431640625 0.9518490234375 0.5014666015625 0.95687666015625 0.49742373046875 0.94756376953125
3 0.6805298828125 0.956924609375 0.69163828125 0.9499650390625 0.6970638671875 0.95947119140625 0.6859166015625 0.96626162109375 0.6805298828125 0.956924609375
3 0.67540087890625 0.93254267578125 0.6818724609375 0.93999921875 0.6731498046875 0.94633017578125 0.667381640625 0.9383109375 0.67540087890625 0.93254267578125
2 0.61822353515625 0.66049677734375 0.6062650390625 0.64516181640625 0.61836416015625 0.6358763671875 0.63032265625 0.6498044921875 0.61822353515625 0.66049677734375
2 0.505047265625 0.49849658203125 0.5142046875 0.492212109375 0.52246435546875 0.50388330078125 0.51330693359375 0.50998828125 0.505047265625 0.49849658203125
2 0.52310224609375 0.376183984375 0.50119619140625 0.35535537109375 0.50766025390625 0.349250390625 0.5096353515625 0.351405078125 0.5166380859375 0.3456591796875 0.534234765625 0.36810390625 0.52310224609375 0.376183984375
1 0.66424296875 0.29382568359375 0.67735068359375 0.31627041015625 0.65670146484375 0.328839453125 0.64323466796875 0.3069333984375 0.66424296875 0.29382568359375
1 0.6371580078125 0.3044876953125 0.6395265625 0.30793896484375 0.6357369140625 0.31044296875 0.63357138671875 0.30685625 0.6371580078125 0.3044876953125
1 0.63959423828125 0.30611181640625 0.63451875 0.29900615234375 0.638917578125 0.296028515625 0.6437900390625 0.3028634765625 0.63959423828125 0.30611181640625
1 0.64172529296875 0.2650060546875 0.65074345703125 0.258902734375 0.654050390625 0.26408369140625 0.65702666015625 0.262319921875 0.6593416015625 0.26551669921875 0.68193935546875 0.250525 0.68877373046875 0.26099716796875 0.6611052734375 0.2799572265625 0.6593416015625 0.2772013671875 0.65382998046875 0.28061865234375 0.65581416015625 0.2833744140625 0.651184375 0.2864609375 0.643908984375 0.27587861328125 0.64743642578125 0.273453515625 0.64172529296875 0.2650060546875
1 0.66439736328125 0.26037685546875 0.65468994140625 0.24658935546875 0.67199453125 0.23603779296875 0.681516796875 0.24944501953125 0.66439736328125 0.26037685546875
1 0.65856767578125 0.243718359375 0.652132421875 0.23462578125 0.66264765625 0.2251474609375 0.67029697265625 0.235580078125 0.65856767578125 0.243718359375
1 0.64491337890625 0.23936416015625 0.63675341796875 0.2282498046875 0.64463193359375 0.22276298828125 0.652651171875 0.233033203125 0.64491337890625 0.23936416015625
1 0.6529326171875 0.23148564453125 0.64617958984375 0.22332578125 0.6582787109375 0.2133369140625 0.66446904296875 0.22051201171875 0.6529326171875 0.23148564453125
1 0.64995322265625 0.2573390625 0.64675751953125 0.2530205078125 0.6521125 0.2490474609375 0.6556537109375 0.25362509765625 0.64995322265625 0.2573390625
1 0.62959287109375 0.16953466796875 0.61738291015625 0.1794103515625 0.61522822265625 0.1761783203125 0.60840498046875 0.1815650390625 0.60032490234375 0.17115068359375 0.6107392578125 0.16271142578125 0.6128939453125 0.16576396484375 0.622410546875 0.15894072265625 0.62959287109375 0.16953466796875
2 0.61738291015625 0.19682744140625 0.60954814453125 0.18745419921875 0.629499609375 0.1712166015625 0.6383912109375 0.18120595703125 0.61738291015625 0.19682744140625
1 0.59833662109375 0.13838330078125 0.6087509765625 0.13443310546875 0.61431728515625 0.1453861328125 0.60426201171875 0.1502341796875 0.59833662109375 0.13838330078125
1 0.7597521484375 0.1736287109375 0.76899375 0.1903845703125 0.7622568359375 0.19461669921875 0.7525833984375 0.17803359375 0.7597521484375 0.1736287109375
2 0.65693232421875 0.20984208984375 0.64560654296875 0.21893984375 0.63762265625 0.20872802734375 0.648762890625 0.2000015625 0.65693232421875 0.20984208984375
3 0.24694169921875 0.87442685546875 0.24118603515625 0.86941376953125 0.25195478515625 0.8577166015625 0.258824609375 0.8636580078125 0.24694169921875 0.87442685546875
1 0.09794638671875 0.42682685546875 0.089415625 0.40739560546875 0.1178515625 0.39507333984375 0.1262109375 0.41422705078125 0.09794638671875 0.42682685546875
1 0.0793017578125 0.3595095703125 0.08983896484375 0.376524609375 0.07740166015625 0.3801521484375 0.06911005859375 0.38127490234375 0.06582802734375 0.37635185546875 0.058141015625 0.3786837890625 0.05667275390625 0.37203330078125 0.06392783203125 0.3706513671875 0.06289140625 0.36762841796875 0.0793017578125 0.3595095703125
1 0.15903076171875 0.62526162109375 0.16454248046875 0.63474169921875 0.139409375 0.6469775390625 0.13422841796875 0.63782822265625 0.15903076171875 0.62526162109375
1 0.04137724609375 0.70411923828125 0.04559794921875 0.7134046875 0.0427841796875 0.714389453125 0.0453166015625 0.7208611328125 0.03997041015625 0.72311220703125 0.04208076171875 0.730005859375 0.02055546875 0.737884375 0.01225478515625 0.71326396484375 0.04137724609375 0.70411923828125
