3 0.86618271484375 0.79817978515625 0.87557734375 0.78733330078125 0.88404638671875 0.7945451171875 0.8745345703125 0.80544892578125 0.86618271484375 0.79817978515625
3 0.9412677734375 0.7387228515625 0.958288671875 0.7388822265625 0.9578939453125 0.7509232421875 0.940621875 0.7509232421875 0.9412677734375 0.7387228515625
3 0.90542900390625 0.416970703125 0.91616455078125 0.41476123046875 0.91792783203125 0.42230908203125 0.91946650390625 0.42881435546875 0.908017578125 0.4309857421875 0.90542900390625 0.416970703125
3 0.13598583984375 0.4738666015625 0.1355662109375 0.47225859375 0.14677568359375 0.46953203125 0.14913876953125 0.4792873046875 0.13805048828125 0.48207451171875 0.13598583984375 0.4738666015625
3 0.84839921875 0.4319435546875 0.8627294921875 0.4312822265625 0.86350107421875 0.44362822265625 0.84906064453125 0.4442896484375 0.84839921875 0.4319435546875
3 0.75985107421875 0.5013419921875 0.7747189453125 0.505337890625 0.772175 0.51625498046875 0.75698798828125 0.512175 0.75985107421875 0.5013419921875
3 0.6312861328125 0.462637109375 0.631026953125 0.47516083984375 0.61919423828125 0.4749017578125 0.61953974609375 0.46229169921875 0.6312861328125 0.462637109375
3 0.59112919921875 0.475590234375 0.59120458984375 0.484994921875 0.5775357421875 0.48477451171875 0.57797666015625 0.47529443359375 0.59112919921875 0.475590234375
1 0.46991845703125 0.51806259765625 0.48141015625 0.5182421875 0.480871484375 0.53404326171875 0.469559375 0.533325 0.46991845703125 0.51806259765625
3 0.40259833984375 0.50020869140625 0.414275390625 0.50006806640625 0.41441611328125 0.51554375 0.40189482421875 0.51568447265625 0.40147275390625 0.50020869140625 0.40259833984375 0.50020869140625
3 0.3367326171875 0.4576802734375 0.343344921875 0.46443330078125 0.33490361328125 0.47217119140625 0.32871337890625 0.464292578125 0.3367326171875 0.4576802734375
2 0.42024921875 0.4461876953125 0.43726416015625 0.44636044921875 0.43717783203125 0.4566384765625 0.42024921875 0.4566384765625 0.42024921875 0.4461876953125
3 0.51237509765625 0.425973046875 0.52679892578125 0.43063701171875 0.52317138671875 0.44100146484375 0.50848837890625 0.43573291015625 0.51237509765625 0.425973046875
0 0.5701921875 0.18690537109375 0.58257275390625 0.19647216796875 0.57131767578125 0.21082236328125 0.55893720703125 0.20083349609375 0.5701921875 0.18690537109375
3 0.916716015625 0.73762001953125 0.92404931640625 0.73830751953125 0.92336181640625 0.7470158203125 0.91625771484375 0.74678671875 0.916716015625 0.73762001953125
4 0.58612060546875 0.94904609375 0.59779775390625 0.9486240234375 0.5980791015625 0.95790947265625 0.58654267578125 0.95833154296875 0.58612060546875 0.94904609375
0 0.5536201171875 0.18665234375 0.5469802734375 0.1962431640625 0.539602734375 0.19034111328125 0.54550478515625 0.1800125 0.5536201171875 0.18665234375
2 0.46656484375 0.446342578125 0.46730263671875 0.4345384765625 0.47910673828125 0.4345384765625 0.47910673828125 0.4470802734375 0.46656484375 0.446342578125
3 0.89909755859375 0.7243349609375 0.90619697265625 0.7295412109375 0.8988609375 0.73900693359375 0.8919982421875 0.7333275390625 0.89909755859375 0.7243349609375
