3 0.76152529296875 0.2497501953125 0.776858203125 0.25599287109375 0.77269638671875 0.26683544921875 0.75725400390625 0.260483203125 0.76152529296875 0.2497501953125
3 0.80603564453125 0.507757421875 0.8183044921875 0.50837724609375 0.817453125 0.523099609375 0.8053220703125 0.5222076171875 0.80603564453125 0.507757421875
3 0.8285212890625 0.51307841796875 0.83739248046875 0.51088798828125 0.83914482421875 0.5168021484375 0.8302736328125 0.51932109375 0.8285212890625 0.51307841796875
3 0.71600830078125 0.51277021484375 0.70203037109375 0.50773818359375 0.70678291015625 0.4959966796875 0.72062109375 0.501284375 0.71600830078125 0.51277021484375
2 0.6161107421875 0.5180466796875 0.62897041015625 0.51776708984375 0.62952958984375 0.53901357421875 0.616530078125 0.53901357421875 0.6161107421875 0.5180466796875
3 0.636136328125 0.52997021484375 0.6492755859375 0.52983046875 0.64941533203125 0.5394751953125 0.63641591796875 0.53975478515625 0.636136328125 0.52997021484375
3 0.74310009765625 0.5128048828125 0.755052734375 0.50459853515625 0.7600478515625 0.5110208984375 0.74809521484375 0.51976240234375 0.74310009765625 0.5128048828125
3 0.89696904296875 0.9579916015625 0.87344970703125 0.9439111328125 0.8750435546875 0.9363974609375 0.88255712890625 0.928428515625 0.907059375 0.94273662109375 0.89696904296875 0.9579916015625
3 0.83259248046875 0.9491119140625 0.83986103515625 0.941843359375 0.85258095703125 0.95302578125 0.84545224609375 0.96043408203125 0.83259248046875 0.9491119140625
3 0.82206142578125 0.9358947265625 0.8280427734375 0.9394916015625 0.82359462890625 0.94509453125 0.81800908203125 0.9414802734375 0.82206142578125 0.9358947265625
3 0.76932998046875 0.84621953125 0.7796171875 0.85576708984375 0.77336416015625 0.86067529296875 0.76287529296875 0.85072431640625 0.76932998046875 0.84621953125
2 0.209288671875 0.56213916015625 0.22811201171875 0.570900390625 0.22060322265625 0.5826771484375 0.202059375 0.57377607421875 0.209288671875 0.56213916015625
2 0.27385947265625 0.56342568359375 0.29080732421875 0.54826181640625 0.303651953125 0.559144140625 0.28759619140625 0.57377275390625 0.27385947265625 0.56342568359375
2 0.08134072265625 0.48791357421875 0.08874365234375 0.497770703125 0.080780859375 0.50310439453125 0.07753857421875 0.49859794921875 0.075808203125 0.49970205078125 0.072092578125 0.494154296875 0.08134072265625 0.48791357421875
2 0.07990146484375 0.48048720703125 0.0888259765625 0.46710048828125 0.10590263671875 0.47739794921875 0.0974072265625 0.49069892578125 0.07990146484375 0.48048720703125
3 0.00668173828125 0.42139658203125 0.01837265625 0.42279443359375 0.01741240234375 0.43016826171875 0.00554521484375 0.4288048828125 0.00668173828125 0.42139658203125
4 0.99125576171875 0.40602568359375 0.97960888671875 0.4001796875 0.98795234375 0.383030859375 0.9954419921875 0.3865203125 0.99048857421875 0.39609853515625 0.99566103515625 0.39879423828125 0.99125576171875 0.40602568359375
4 0.63803349609375 0.3267771484375 0.6290603515625 0.3345705078125 0.62533671875 0.33029921875 0.6343173828125 0.3228517578125 0.63803349609375 0.3267771484375
3 0.66325078125 0.75995634765625 0.672006640625 0.751437109375 0.68170908203125 0.76161279296875 0.67271650390625 0.77060537109375 0.66325078125 0.75995634765625
3 0.696854296875 0.7732083984375 0.6862052734375 0.7734451171875 0.68596865234375 0.76232275390625 0.69661767578125 0.7620861328125 0.696854296875 0.7732083984375
