3 2.65625e-05 0.4454345703125 0.004305078125 0.45249677734375 2.65625e-05 0.4551083984375 2.65625e-05 0.4454345703125
3 0.02124345703125 0.42978271484375 0.02651201171875 0.42667333984375 0.02936220703125 0.43107822265625 0.02409365234375 0.4343603515625 0.02124345703125 0.42978271484375
3 0.0633490234375 0.433433984375 0.06816875 0.43946962890625 0.06101484375 0.44406884765625 0.0563462890625 0.4379638671875 0.0633490234375 0.433433984375
3 0.04703779296875 0.47857578125 0.058317578125 0.4687291015625 0.0649935546875 0.47570283203125 0.0538609375 0.4861171875 0.04703779296875 0.47857578125
3 0.16475703125 0.6391775390625 0.16614189453125 0.63192998046875 0.17989189453125 0.63399248046875 0.17889345703125 0.63910693359375 0.16475703125 0.6391775390625
3 0.7421029296875 0.60437060546875 0.74532021484375 0.58097216796875 0.75760439453125 0.58214208984375 0.75467958984375 0.60612548828125 0.7421029296875 0.60437060546875
0 0.9800046875 0.2548201171875 0.9954873046875 0.254137109375 0.99594267578125 0.26643212890625 0.980786328125 0.26734287109375 0.9800046875 0.2548201171875
3 0.87604931640625 0.1756060546875 0.87968359375 0.17183203125 0.8869521484375 0.177842578125 0.88303828125 0.1816166015625 0.87604931640625 0.1756060546875
3 0.599518359375 0.13906162109375 0.5863357421875 0.1429689453125 0.57891826171875 0.1197759765625 0.59224404296875 0.11569638671875 0.599518359375 0.13906162109375
3 0.76376279296875 0.6068583984375 0.7696587890625 0.6070044921875 0.7692677734375 0.61724580078125 0.76313447265625 0.61687490234375 0.76376279296875 0.6068583984375
3 0.806514453125 0.248110546875 0.82227197265625 0.24829169921875 0.82227197265625 0.26060791015625 0.806514453125 0.26060791015625 0.806514453125 0.248110546875
