0 0.8059154296875 0.0632314453125 0.844433203125 0.03852841796875 0.8570951171875 0.05640634765625 0.845094921875 0.06391337890625 0.846928125 0.06653212890625 0.83566748046875 0.073602734375 0.833834375 0.0707220703125 0.818218359375 0.08117685546875 0.8059154296875 0.0632314453125
0 0.9501662109375 0.14273701171875 0.93870693359375 0.1327140625 0.9726845703125 0.09480673828125 0.98383212890625 0.10443486328125 0.9501662109375 0.14273701171875
0 0.736522265625 0.105928125 0.7422466796875 0.10760595703125 0.73789365234375 0.12144052734375 0.732080859375 0.11984453125 0.736522265625 0.105928125
0 0.71295458984375 0.099692578125 0.7117234375 0.10543779296875 0.66022197265625 0.08820224609375 0.66371015625 0.07814814453125 0.7158271484375 0.09538369140625 0.71295458984375 0.099692578125
0 0.64447685546875 0.1655087890625 0.66333173828125 0.17179375 0.65678486328125 0.188815625 0.661760546875 0.1911724609375 0.6575705078125 0.202694921875 0.6515474609375 0.201385546875 0.6484048828125 0.2081943359375 0.6285025390625 0.2016474609375 0.63216875 0.19300556640625 0.62693125 0.1911724609375 0.62876435546875 0.18514931640625 0.6345255859375 0.1872443359375 0.64447685546875 0.1655087890625
0 0.59731484375 0.2598291015625 0.6177025390625 0.2668478515625 0.60667314453125 0.29960185546875 0.58628544921875 0.29325166015625 0.59731484375 0.2598291015625
0 0.58810439453125 0.2976400390625 0.5961662109375 0.3000333984375 0.5935208984375 0.3085990234375 0.58571103515625 0.3060796875 0.58810439453125 0.2976400390625
0 0.58309716796875 0.3365970703125 0.5964341796875 0.34090595703125 0.58330234375 0.38584150390625 0.5687341796875 0.381122265625 0.58309716796875 0.3365970703125
0 0.49994970703125 0.42442255859375 0.51094970703125 0.42964931640625 0.5062681640625 0.440298828125 0.49504931640625 0.43446259765625 0.49994970703125 0.42442255859375
0 0.52405205078125 0.455458203125 0.54202861328125 0.41636318359375 0.560051171875 0.42498662109375 0.54377666015625 0.46420078125 0.52405205078125 0.455458203125
0 0.51737509765625 0.48704453125 0.52907294921875 0.49372900390625 0.5083509765625 0.531496484375 0.4969873046875 0.524477734375 0.51737509765625 0.48704453125
0 0.4139171875 0.2767375 0.431724609375 0.2730712890625 0.43381962890625 0.2835462890625 0.44141396484375 0.28249873046875 0.443508984375 0.29690185546875 0.41810712890625 0.302925 0.4139171875 0.2767375
0 0.76120029296875 0.27299580078125 0.77946171875 0.282434375 0.75894326171875 0.32449736328125 0.739040234375 0.3146484375 0.76120029296875 0.27299580078125
0 0.7356712890625 0.378699609375 0.75786552734375 0.38546884765625 0.74817724609375 0.41586796875 0.72619599609375 0.40863876953125 0.72779921875 0.40099736328125 0.721463671875 0.3986923828125 0.7243705078125 0.389908203125 0.7305291015625 0.3910158203125 0.7356712890625 0.378699609375
0 0.733772265625 0.43448251953125 0.7490830078125 0.4278171875 0.7516634765625 0.43106591796875 0.75261552734375 0.43578125 0.73751005859375 0.442679296875 0.73655126953125 0.43846123046875 0.733772265625 0.43448251953125
0 0.69474140625 0.4877599609375 0.7043875 0.4903322265625 0.69040068359375 0.52907734375 0.688471484375 0.52714814453125 0.6860599609375 0.525701171875 0.68316611328125 0.52505810546875 0.68059384765625 0.525701171875 0.68043310546875 0.525701171875 0.69474140625 0.4877599609375
0 0.49954169921875 0.73615 0.5144685546875 0.75343369140625 0.4840912109375 0.77778798828125 0.469426171875 0.75998056640625 0.49954169921875 0.73615
0 0.44952373046875 0.77883544921875 0.463403125 0.79533359375 0.4327638671875 0.82021162109375 0.41888447265625 0.80371357421875 0.44952373046875 0.77883544921875
0 0.31579423828125 0.67972041015625 0.3363296875 0.6620025390625 0.3410044921875 0.66699892578125 0.3500326171875 0.6581041015625 0.364539453125 0.67317138671875 0.34633935546875 0.69080048828125 0.34859638671875 0.6932626953125 0.33751630859375 0.70290634765625 0.33477705078125 0.69988994140625 0.3245896484375 0.7090619140625 0.310021484375 0.69387822265625 0.32028076171875 0.68485009765625 0.31579423828125 0.67972041015625
0 0.6072162109375 0.6691943359375 0.634993359375 0.633437109375 0.65156748046875 0.6446400390625 0.62225576171875 0.68300615234375 0.6072162109375 0.6691943359375
0 0.5271861328125 0.71697470703125 0.545378515625 0.69810224609375 0.56085048828125 0.71085390625 0.542148046875 0.73006640625 0.5271861328125 0.71697470703125
0 0.31628896484375 0.64581357421875 0.30714970703125 0.63620556640625 0.312807421875 0.6228341796875 0.319849609375 0.6178943359375 0.3328947265625 0.63182822265625 0.32272841796875 0.64219951171875 0.31628896484375 0.64581357421875
0 0.3845974609375 0.7927208984375 0.399209765625 0.7815181640625 0.4065158203125 0.79101611328125 0.3909294921875 0.8029494140625 0.3845974609375 0.7927208984375
