1 -0.0 0.0585345703125 -0.0 0.03074228515625 0.004151171875 0.03339296875 0.00722373046875 0.02997890625 0.04204658203125 0.0316859375 0.03965673828125 0.04807314453125 0.03282880859375 0.04773173828125 0.03248740234375 0.06002216796875 -0.0 0.0585345703125
1 0.05433701171875 0.0211025390625 0.0676515625 0.00471533203125 0.07482099609375 0.010519140625 0.07755224609375 0.00471533203125 0.1256896484375 0.0183712890625 0.11783740234375 0.0415865234375 0.08403876953125 0.03202734375 0.07584521484375 0.0450005859375 0.08574580078125 0.0648017578125 0.06389619140625 0.07504375 0.05433701171875 0.054901171875 0.06253056640625 0.05114580078125 0.0594580078125 0.03919677734375 0.05092294921875 0.02554072265625 0.05433701171875 0.0211025390625
1 0.13484404296875 0.01789228515625 0.1568509765625 0.00343056640625 0.16586337890625 0.0168443359375 0.18682236328125 0.00343056640625 0.19876904296875 0.02019775390625 0.18263056640625 0.03193486328125 0.18556484375 0.04031845703125 0.158527734375 0.058552734375 0.13484404296875 0.01789228515625
1 0.16912373046875 0.07425673828125 0.18749931640625 0.06445263671875 0.1965484375 0.034515625 0.23661796875 0.04009912109375 0.23025703125 0.06967734375 0.2446646484375 0.06670263671875 0.25008388671875 0.0857521484375 0.231362890625 0.08936494140625 0.228899609375 0.079840234375 0.20722265625 0.074092578125 0.17618515625 0.08920068359375 0.16912373046875 0.07425673828125
1 0.24801103515625 0.05442080078125 0.27464580078125 0.03705029296875 0.28699814453125 0.05081796875 0.305783984375 0.04142509765625 0.31787900390625 0.0626556640625 0.2935603515625 0.07590869140625 0.28944287109375 0.068960546875 0.26358017578125 0.0823421875 0.24801103515625 0.05442080078125
1 0.30687763671875 1.19140625e-05 0.3058568359375 0.00726142578125 0.311518359375 0.0142095703125 0.3045701171875 0.02090048828125 0.30109609375 0.016268359375 0.2983939453125 0.016268359375 0.29517724609375 0.01845576171875 0.29093115234375 0.01781240234375 0.28449765625 0.0151103515625 0.2801228515625 0.01034951171875 0.27968076171875 1.171875e-05 0.30687763671875 1.19140625e-05
1 0.3341849609375 0.05181767578125 0.34568037109375 0.04951865234375 0.35323447265625 0.05444521484375 0.353562890625 0.058222265625 0.38446318359375 0.059437890625 0.3847818359375 0.07515029296875 0.3703201171875 0.07556953125 0.368643359375 0.10176826171875 0.34998984375 0.0967380859375 0.3510041015625 0.08760263671875 0.3413966796875 0.088144921875 0.33280341796875 0.08018046875 0.3341849609375 0.05181767578125
1 0.36259111328125 0.0496548828125 0.365266015625 0.01006552734375 0.38024580078125 0.01060048828125 0.3799783203125 0.01514794921875 0.38934072265625 0.015950390625 0.38934072265625 0.02772021484375 0.38185078125 0.0279876953125 0.37971083984375 0.0509923828125 0.36259111328125 0.0496548828125
1 0.4764443359375 1.26953125e-05 0.4804208984375 0.00892978515625 0.49760732421875 0.0041091796875 0.50347578125 0.01689423828125 0.46134814453125 0.0321943359375 0.45022060546875 1.26953125e-05 0.4764443359375 1.26953125e-05
1 0.4748310546875 0.05223505859375 0.49223828125 0.04993603515625 0.4928951171875 0.04402412109375 0.4887896484375 0.0394259765625 0.49667216796875 0.0285875 0.5038978515625 0.03055810546875 0.510630859375 0.02283974609375 0.522126171875 0.02546728515625 0.5305013671875 0.03597734375 0.52261884765625 0.048622265625 0.52360419921875 0.05322041015625 0.51522900390625 0.06307353515625 0.493059375 0.06307353515625 0.49223828125 0.0553552734375 0.48928232421875 0.05978916015625 0.48895390625 0.06307353515625 0.47598056640625 0.06405888671875 0.4748310546875 0.05223505859375
2 0.64127412109375 0.0423373046875 0.66432900390625 0.02976181640625 0.675646875 0.04422353515625 0.65992763671875 0.05575107421875 0.65720302734375 0.05197841796875 0.646304296875 0.0576373046875 0.63938779296875 0.04757705078125 0.64127412109375 0.0423373046875
2 0.68880126953125 0.07559599609375 0.7147484375 0.04242646484375 0.740160546875 0.0515212890625 0.728658203125 0.07746845703125 0.71876083984375 0.07024599609375 0.71367841796875 0.07666591796875 0.70672353515625 0.0782708984375 0.6986986328125 0.0911107421875 0.68505634765625 0.08121337890625 0.68880126953125 0.07559599609375
2 0.74925537109375 0.1012755859375 0.75005791015625 0.0721185546875 0.759152734375 0.07238603515625 0.76022275390625 0.063826171875 0.78804228515625 0.0656986328125 0.79339228515625 0.0772009765625 0.78804228515625 0.09057578125 0.778144921875 0.08923828125 0.777075 0.0988681640625 0.76637509765625 0.10288056640625 0.74925537109375 0.1012755859375
2 0.85296572265625 0.0712947265625 0.87543544921875 0.0712947265625 0.8757029296875 0.06594482421875 0.887740234375 0.06594482421875 0.88881025390625 0.0969744140625 0.85483828125 0.096171875 0.85243076171875 0.0905544921875 0.85296572265625 0.0712947265625
2 0.8997775390625 0.1033943359375 0.89335771484375 0.10285927734375 0.8922876953125 0.0777146484375 0.9029875 0.0766447265625 0.90272001953125 0.06433984375 0.93535458984375 0.0662123046875 0.93642451171875 0.10098681640625 0.8997775390625 0.1033943359375
2 0.955416796875 0.06594482421875 0.98350390625 0.06567734375 0.9840388671875 0.1007193359375 0.96905908203125 0.10178935546875 0.9687916015625 0.08573955078125 0.9559517578125 0.0854720703125 0.955416796875 0.06594482421875
2 0.9984650390625 0.11925400390625 0.98854677734375 0.12034296875 0.98812763671875 0.08806611328125 0.99846513671875 0.08843115234375 0.9984650390625 0.11925400390625
2 -0.0 0.48080830078125 0.00528896484375 0.49167919921875 0.00721904296875 0.489491796875 0.0341111328125 0.49219384765625 0.0347544921875 0.51123701171875 0.02613359375 0.51818525390625 -0.0 0.520874609375 -0.0 0.48080830078125
2 0.04451142578125 0.52190859375 0.0456609375 0.48545185546875 0.05190126953125 0.4800326171875 0.06700947265625 0.47986845703125 0.07784794921875 0.48479501953125 0.08573046875 0.48036103515625 0.09459833984375 0.48807939453125 0.09525517578125 0.50548662109375 0.080475390625 0.5049939453125 0.07916171875 0.52355078125 0.06602412109375 0.52634248046875 0.061590234375 0.51583251953125 0.0589626953125 0.5217443359375 0.04451142578125 0.52190859375
2 0.098375390625 0.4849591796875 0.09771845703125 0.48216748046875 0.1149615234375 0.4811822265625 0.1149615234375 0.48479501953125 0.118081640625 0.48594453125 0.1190669921875 0.4769125 0.13516044921875 0.47740517578125 0.13548896484375 0.48397392578125 0.1468201171875 0.48578037109375 0.14879072265625 0.50909951171875 0.1358173828125 0.50992060546875 0.136802734375 0.52158017578125 0.1264568359375 0.52075908203125 0.12350087890625 0.5233865234375 0.11282666015625 0.52190859375 0.10691474609375 0.52502880859375 0.10297353515625 0.5143544921875 0.09722578125 0.51451875 0.098375390625 0.4849591796875
2 0.20977744140625 0.49159375 0.22104365234375 0.49193515625 0.22070224609375 0.48783828125 0.262353125 0.4895453125 0.26576708984375 0.49398349609375 0.26337734375 0.53051337890625 0.2087533203125 0.52914775390625 0.2090947265625 0.5223197265625 0.20977744140625 0.49159375
2 0.2714521484375 0.4905998046875 0.2892673828125 0.490390234375 0.2911537109375 0.50024091796875 0.31295107421875 0.50066015625 0.3116935546875 0.53922470703125 0.29471669921875 0.537548046875 0.28821943359375 0.53042197265625 0.28465634765625 0.53042197265625 0.28800986328125 0.537548046875 0.26747001953125 0.538386328125 0.26851796875 0.51218759765625 0.2769015625 0.50862451171875 0.27438642578125 0.50066015625 0.26998505859375 0.50066015625 0.2714521484375 0.4905998046875
2 0.31987236328125 0.49252255859375 0.34742451171875 0.49252255859375 0.36614921875 0.5093748046875 0.36481171875 0.5347869140625 0.31880244140625 0.53505439453125 0.31987236328125 0.49252255859375
2 0.37043623046875 0.5033345703125 0.41494111328125 0.50421240234375 0.4183109375 0.52381953125 0.41938095703125 0.54147431640625 0.3695234375 0.5397525390625 0.37043623046875 0.5033345703125
2 0.04201943359375 0.6330703125 0.0422869140625 0.5993658203125 0.0476369140625 0.59883076171875 0.0500443359375 0.5910734375 0.05432431640625 0.59241083984375 0.054591796875 0.5857234375 0.07064150390625 0.585991015625 0.0685015625 0.606320703125 0.07973642578125 0.6068556640625 0.08000390625 0.61916044921875 0.0690365234375 0.62023046875 0.0685015625 0.63601279296875 0.0685015625 0.64457265625 0.044426953125 0.64537509765625 0.04201943359375 0.6330703125
2 0.12054189453125 0.5854498046875 0.1421296875 0.585240234375 0.1442255859375 0.59718681640625 0.1530283203125 0.597396484375 0.15344755859375 0.60116904296875 0.15784892578125 0.60116904296875 0.1586873046875 0.6147923828125 0.1609927734375 0.6147923828125 0.160783203125 0.6311404296875 0.1245240234375 0.6307212890625 0.12347607421875 0.62149931640625 0.12326650390625 0.60158828125 0.1180267578125 0.599701953125 0.118236328125 0.585659375 0.12054189453125 0.5854498046875
2 0.05902392578125 0.661801953125 0.0786576171875 0.66155498046875 0.0784796875 0.6935783203125 0.08654296875 0.6990625 0.08853515625 0.716171875 0.0793541015625 0.724888671875 0.06237734375 0.72887080078125 0.05755673828125 0.705187109375 0.0439333984375 0.70539677734375 0.04037041015625 0.700576171875 0.04037041015625 0.689887109375 0.04917314453125 0.688419921875 0.04917314453125 0.67940751953125 0.0464484375 0.67815 0.04477177734375 0.66892802734375 0.048334765625 0.6569814453125 0.05902392578125 0.661801953125
2 0.040966015625 0.7306091796875 0.07397412109375 0.73159443359375 0.07463095703125 0.7563916015625 0.07233193359375 0.7580337890625 0.08490732421875 0.77584892578125 0.0610140625 0.78150791015625 0.05807978515625 0.77165712890625 0.06290029296875 0.76914208984375 0.06269072265625 0.7683037109375 0.038587890625 0.76872294921875 0.04005498046875 0.751326953125 0.0425701171875 0.74650634765625 0.037120703125 0.74063779296875 0.040966015625 0.7306091796875
2 0.04026455078125 0.78674765625 0.0486482421875 0.78528056640625 0.0700263671875 0.7842326171875 0.0779908203125 0.78674765625 0.07484697265625 0.82279716796875 0.084278515625 0.82510263671875 0.08344013671875 0.8383068359375 0.05724140625 0.8360013671875 0.0570318359375 0.822168359375 0.0364919921875 0.82070126953125 0.035234375 0.80435322265625 0.03942626953125 0.803095703125 0.04026455078125 0.78674765625
2 0.04152431640625 0.84741533203125 0.05482607421875 0.8493859375 0.06960576171875 0.84741533203125 0.07420390625 0.85004287109375 0.07420390625 0.8786169921875 0.07453232421875 0.88239404296875 0.080280078125 0.8827224609375 0.08077265625 0.90177197265625 0.055811328125 0.90177197265625 0.054169140625 0.89093349609375 0.03561240234375 0.88978388671875 0.03643349609375 0.87828857421875 0.04398759765625 0.875989453125 0.04152431640625 0.84741533203125
2 0.03811474609375 0.9254771484375 0.051109375 0.9279921875 0.06557109375 0.9258962890625 0.0620080078125 0.93700458984375 0.0620080078125 0.95607734375 0.07919443359375 0.95607734375 0.0821287109375 0.9688623046875 0.0592833984375 0.9703294921875 0.0597025390625 0.986887109375 0.03979150390625 0.98730625 0.0391626953125 0.96571845703125 0.03518046875 0.96550888671875 0.03601884765625 0.93176484375 0.03811474609375 0.9254771484375
2 0.09796376953125 0.99093173828125 0.09607744140625 0.977098828125 0.11053916015625 0.97605087890625 0.110748828125 0.955091796875 0.10613779296875 0.9544630859375 0.104670703125 0.9427259765625 0.12437216796875 0.94167802734375 0.12479130859375 0.944402734375 0.14113935546875 0.946708203125 0.142396875 0.958864453125 0.14931337890625 0.95970283203125 0.15078046875 0.97814677734375 0.1317078125 0.97898505859375 0.13086943359375 0.9894646484375 0.09796376953125 0.99093173828125
2 0.11396611328125 0.93140810546875 0.1144587890625 0.93025859375 0.11478720703125 0.8744240234375 0.13055224609375 0.873438671875 0.1308806640625 0.8852625 0.15140810546875 0.8852625 0.1512439453125 0.90234130859375 0.1471384765625 0.9010275390625 0.1492732421875 0.9108806640625 0.14500361328125 0.91646416015625 0.1484521484375 0.918434765625 0.14894482421875 0.93075126953125 0.11396611328125 0.93140810546875
2 0.132152734375 0.8594919921875 0.1293478515625 0.84953720703125 0.12075458984375 0.848698828125 0.1190779296875 0.8378001953125 0.12871904296875 0.83884814453125 0.1293478515625 0.82878779296875 0.125365625 0.8294166015625 0.117401171875 0.831931640625 0.1178203125 0.79357666015625 0.1339587890625 0.79336708984375 0.134168359375 0.8116013671875 0.15324111328125 0.81097265625 0.15063408203125 0.86056806640625 0.132152734375 0.8594919921875
2 0.1348013671875 0.77684267578125 0.11782451171875 0.77642353515625 0.1192916015625 0.72381640625 0.13731640625 0.7240259765625 0.13668759765625 0.73157119140625 0.155969921875 0.73136162109375 0.15638916015625 0.7510630859375 0.14947265625 0.7506439453125 0.14947265625 0.77663310546875 0.1348013671875 0.77684267578125
2 0.120092578125 0.64634345703125 0.14091806640625 0.64600205078125 0.14023525390625 0.653854296875 0.16140205078125 0.654537109375 0.16003642578125 0.6746796875 0.1559396484375 0.67502109375 0.1559396484375 0.699260546875 0.11906845703125 0.696529296875 0.11872705078125 0.66990009765625 0.10780224609375 0.67092431640625 0.1088263671875 0.650098828125 0.120092578125 0.64634345703125
2 0.23487138671875 0.59151689453125 0.2521201171875 0.59169326171875 0.2528443359375 0.60930283203125 0.2535681640625 0.61108115234375 0.25664072265625 0.61108115234375 0.25732353515625 0.61825048828125 0.266858984375 0.618980859375 0.2655171875 0.6349791015625 0.26073759765625 0.64010009765625 0.26654130859375 0.64112431640625 0.26824833984375 0.6619498046875 0.240936328125 0.6595599609375 0.240594921875 0.65000078125 0.2279630859375 0.64840146484375 0.22625615234375 0.6257162109375 0.2312248046875 0.61043642578125 0.23334658203125 0.60650908203125 0.23487138671875 0.59151689453125
2 0.23500166015625 0.6714064453125 0.25319130859375 0.67194140625 0.25212138671875 0.68585126953125 0.25773876953125 0.6842462890625 0.256936328125 0.70297099609375 0.2550638671875 0.70297099609375 0.25586630859375 0.71661328125 0.254972265625 0.7375865234375 0.23005 0.7358794921875 0.23278125 0.71744384765625 0.22663603515625 0.70993310546875 0.22527041015625 0.68740068359375 0.23175703125 0.67476884765625 0.23500166015625 0.6714064453125
2 0.2276490234375 0.76695625 0.25553525390625 0.76782763671875 0.25597099609375 0.78177080078125 0.26076396484375 0.78177080078125 0.26076396484375 0.79919970703125 0.25597099609375 0.79919970703125 0.25640673828125 0.80442841796875 0.2655568359375 0.8052998046875 0.26512119140625 0.82577880859375 0.21632021484375 0.82098583984375 0.2171916015625 0.8018140625 0.226341796875 0.80268544921875 0.22067744140625 0.793099609375 0.22372744140625 0.775670703125 0.2267775390625 0.775670703125 0.2276490234375 0.76695625
2 0.22459892578125 0.8680439453125 0.24159208984375 0.86455810546875 0.26424970703125 0.87327255859375 0.26381396484375 0.93165947265625 0.2760142578125 0.93340234375 0.275578515625 0.95083125 0.23505625 0.94995986328125 0.23287763671875 0.9290451171875 0.2189345703125 0.928609375 0.21980595703125 0.90943759765625 0.22459892578125 0.90813046875 0.22459892578125 0.8680439453125
2 0.21335751953125 0.9990109375 0.22020439453125 0.991573828125 0.228229296875 0.98515400390625 0.2389291015625 0.98943388671875 0.24267412109375 0.98328154296875 0.2605962890625 0.99130634765625 0.25833056640625 0.9990115234375 0.21335751953125 0.9990109375
2 0.29658564453125 0.912850390625 0.294280078125 0.912850390625 0.294280078125 0.89734072265625 0.30119658203125 0.8981791015625 0.30098701171875 0.87722001953125 0.31398154296875 0.87638173828125 0.31377197265625 0.8696748046875 0.3374556640625 0.8700939453125 0.33619814453125 0.9111736328125 0.33032958984375 0.91159287109375 0.33012001953125 0.916623046875 0.3252994140625 0.917461328125 0.32383232421875 0.93066552734375 0.30727470703125 0.93192314453125 0.30559794921875 0.9130599609375 0.29658564453125 0.912850390625
2 0.3038455078125 0.9990119140625 0.30115751953125 0.9922419921875 0.30115751953125 0.9753896484375 0.30436748046875 0.97512216796875 0.30490244140625 0.9641548828125 0.30891494140625 0.9641548828125 0.3097173828125 0.9489076171875 0.32737216796875 0.949442578125 0.32737216796875 0.96629482421875 0.33191962890625 0.96629482421875 0.3340595703125 0.99170693359375 0.3313845703125 0.99357939453125 0.3313845703125 0.999012109375 0.3038455078125 0.9990119140625
2 0.3024806640625 0.84597197265625 0.29986630859375 0.8259287109375 0.29333046875 0.82723583984375 0.29420185546875 0.81067841796875 0.29899482421875 0.8084998046875 0.29943056640625 0.79673525390625 0.31773095703125 0.79717099609375 0.31816669921875 0.80632119140625 0.3389740234375 0.80583505859375 0.338562890625 0.8211853515625 0.33294814453125 0.8233474609375 0.33256201171875 0.83015908203125 0.32754296875 0.83056171875 0.3286240234375 0.8424861328125 0.32818828125 0.84771484375 0.31734482421875 0.84955693359375 0.30596640625 0.84902197265625 0.3024806640625 0.84597197265625
2 0.300206640625 0.76173271484375 0.301572265625 0.732372265625 0.3090830078125 0.731689453125 0.3094244140625 0.7234958984375 0.31795947265625 0.7221302734375 0.31795947265625 0.70983984375 0.33673642578125 0.71018125 0.33673642578125 0.72690986328125 0.33946767578125 0.72895830078125 0.34185751953125 0.75934287109375 0.33024990234375 0.76002568359375 0.32956708984375 0.77129189453125 0.3118142578125 0.77197470703125 0.3114728515625 0.76207412109375 0.300206640625 0.76173271484375
2 0.30354755859375 0.6953328125 0.3027091796875 0.69407529296875 0.30208046875 0.682757421875 0.29118173828125 0.68254775390625 0.290343359375 0.66557099609375 0.30208046875 0.66557099609375 0.30291884765625 0.65572021484375 0.31130244140625 0.64880380859375 0.32555458984375 0.65697783203125 0.34211220703125 0.65655859375 0.34064501953125 0.68024228515625 0.3368724609375 0.6970095703125 0.30354755859375 0.6953328125
2 0.31492333984375 0.64590791015625 0.3148654296875 0.62934775390625 0.3079490234375 0.62767099609375 0.30752978515625 0.61299970703125 0.31570380859375 0.61111337890625 0.3163326171875 0.59728046875 0.3312134765625 0.59434619140625 0.331423046875 0.6039873046875 0.343579296875 0.60692158203125 0.34609443359375 0.63081494140625 0.34274091796875 0.63500673828125 0.34178681640625 0.6468400390625 0.31492333984375 0.64590791015625
2 0.41816806640625 0.62265986328125 0.43395029296875 0.62078740234375 0.43769521484375 0.61249501953125 0.44491767578125 0.6122275390625 0.44598759765625 0.60233017578125 0.4596298828125 0.60233017578125 0.4596298828125 0.6108900390625 0.46257236328125 0.61249501953125 0.46257236328125 0.65395693359375 0.45107001953125 0.65342197265625 0.4521400390625 0.6734841796875 0.43395029296875 0.6748216796875 0.42004052734375 0.66679677734375 0.42485546875 0.6531544921875 0.42699541015625 0.6491419921875 0.42753037109375 0.633359765625 0.424587890625 0.6338947265625 0.42351796875 0.64004716796875 0.41736552734375 0.6384421875 0.41816806640625 0.62265986328125
2 0.41418828125 0.69820712890625 0.4490111328125 0.69718291015625 0.4479869140625 0.7374681640625 0.46096015625 0.7354197265625 0.459253125 0.75317255859375 0.45583916015625 0.7501 0.45618056640625 0.76443876953125 0.4483283203125 0.76443876953125 0.4479869140625 0.7606833984375 0.43194111328125 0.7589763671875 0.43023408203125 0.7507828125 0.41111572265625 0.7507828125 0.41145712890625 0.73132294921875 0.4131640625 0.73064013671875 0.41418828125 0.69820712890625
2 0.40770166015625 0.7835572265625 0.43194111328125 0.77980185546875 0.438769140625 0.78867822265625 0.44559716796875 0.78833681640625 0.4469626953125 0.79892021484375 0.4459384765625 0.8040412109375 0.4490111328125 0.8057482421875 0.4507181640625 0.815307421875 0.44320732421875 0.814966015625 0.45242509765625 0.8255494140625 0.44559716796875 0.83647421875 0.438427734375 0.83920546875 0.4264787109375 0.83647421875 0.4271615234375 0.82179404296875 0.40838447265625 0.82145263671875 0.4042876953125 0.8074552734375 0.41043291015625 0.80199287109375 0.41555390625 0.8040412109375 0.41213984375 0.79653046875 0.4049705078125 0.79823740234375 0.4012150390625 0.7852642578125 0.40770166015625 0.7835572265625
2 0.40932744140625 0.85140791015625 0.4250318359375 0.85004228515625 0.4260560546875 0.8432142578125 0.44141904296875 0.8432142578125 0.44176044921875 0.86062568359375 0.4496126953125 0.87223330078125 0.4502955078125 0.91832236328125 0.43049423828125 0.91866376953125 0.42981142578125 0.90637333984375 0.4250318359375 0.90534912109375 0.4246904296875 0.8896447265625 0.40898603515625 0.89305869140625 0.4038650390625 0.87325751953125 0.41683828125 0.87257470703125 0.40898603515625 0.8654052734375 0.40932744140625 0.85140791015625
2 0.407709375 0.98622431640625 0.40744189453125 0.97472197265625 0.40289443359375 0.9717794921875 0.40342939453125 0.93967998046875 0.433121484375 0.9388775390625 0.43526142578125 0.9731169921875 0.43338896484375 0.97418701171875 0.43231904296875 0.98381689453125 0.4299115234375 0.98381689453125 0.42910908203125 0.98809677734375 0.40931435546875 0.987829296875 0.407709375 0.98622431640625
2 0.509821484375 0.9860234375 0.509821484375 0.9990126953125 0.486728125 0.9990126953125 0.486728125 0.98428056640625 0.509821484375 0.9860234375
2 0.52248203125 0.9990126953125 0.5228931640625 0.98253759765625 0.54729365234375 0.980358984375 0.54729365234375 0.9990126953125 0.52248203125 0.9990126953125
2 0.49021396484375 0.9595958984375 0.489946484375 0.93338125 0.50653125 0.93498623046875 0.50813623046875 0.91920400390625 0.53542080078125 0.9186689453125 0.53729326171875 0.92482138671875 0.544515625 0.92428642578125 0.54505068359375 0.93204375 0.5514705078125 0.93445126953125 0.550935546875 0.97136572265625 0.53542080078125 0.97136572265625 0.5338158203125 0.94836103515625 0.5236509765625 0.948628515625 0.52124345703125 0.961468359375 0.49021396484375 0.9595958984375
2 0.49873505859375 0.89868486328125 0.49395546875 0.8952708984375 0.49190703125 0.8464505859375 0.51068408203125 0.84542646484375 0.51068408203125 0.858399609375 0.5065873046875 0.858741015625 0.5052216796875 0.86522763671875 0.52160888671875 0.86591044921875 0.52468154296875 0.8508888671875 0.5376546875 0.8502060546875 0.5390203125 0.86522763671875 0.54311708984375 0.86761748046875 0.54277568359375 0.88229765625 0.5523349609375 0.883321875 0.5530177734375 0.91131669921875 0.5280955078125 0.91234091796875 0.5270712890625 0.90039189453125 0.49873505859375 0.89868486328125
2 0.491565625 0.82221123046875 0.49088291015625 0.7829501953125 0.52297451171875 0.7812431640625 0.52331591796875 0.8010443359375 0.53799609375 0.8024099609375 0.539703125 0.816407421875 0.55574892578125 0.815724609375 0.55609033203125 0.84064677734375 0.536971875 0.84303662109375 0.52331591796875 0.83552578125 0.52092607421875 0.82118701171875 0.491565625 0.82221123046875
2 0.52160888671875 0.74437197265625 0.517853515625 0.74368916015625 0.516829296875 0.73071591796875 0.5065873046875 0.73139873046875 0.5045388671875 0.70579365234375 0.53936171875 0.70476953125 0.53936171875 0.71774267578125 0.55677314453125 0.71842548828125 0.561552734375 0.77509794921875 0.53526494140625 0.77578076171875 0.53526494140625 0.76212470703125 0.52229169921875 0.7604177734375 0.52160888671875 0.74437197265625
2 0.49771083984375 0.6706294921875 0.49668671875 0.6692638671875 0.5028318359375 0.6453658203125 0.50965986328125 0.6460486328125 0.51068408203125 0.63819638671875 0.52263310546875 0.64092763671875 0.52195029296875 0.6480970703125 0.5260470703125 0.65594921875 0.5284369140625 0.66277724609375 0.518536328125 0.67643330078125 0.49771083984375 0.6706294921875
2 0.57793994140625 0.64161044921875 0.57623291015625 0.6658498046875 0.572431640625 0.6819921875 0.56677255859375 0.680859375 0.56282568359375 0.6849779296875 0.563330078125 0.690390625 0.560439453125 0.692734375 0.55712333984375 0.69206708984375 0.5521015625 0.68704541015625 0.555927734375 0.69712890625 0.5513107421875 0.70272109375 0.54004453125 0.70340390625 0.5239607421875 0.69825703125 0.52399873046875 0.69760009765625 0.5294611328125 0.679164453125 0.54004453125 0.679164453125 0.54550693359375 0.659021875 0.539703125 0.6474142578125 0.54277568359375 0.63819638671875 0.56940498046875 0.62897861328125 0.57793994140625 0.64161044921875
2 0.4993828125 0.59342783203125 0.50757646484375 0.57499228515625 0.52840185546875 0.5811375 0.5331814453125 0.56270185546875 0.54171650390625 0.56304326171875 0.54376484375 0.558263671875 0.571076953125 0.5650916015625 0.5567380859375 0.61561884765625 0.52703623046875 0.60605966796875 0.52703623046875 0.599573046875 0.522598046875 0.600597265625 0.4993828125 0.59342783203125
2 0.6146650390625 0.5220712890625 0.62081748046875 0.52126875 0.62268994140625 0.52795615234375 0.6312498046875 0.5271537109375 0.63365732421875 0.53705107421875 0.63098232421875 0.54186591796875 0.6261673828125 0.54266845703125 0.62670234375 0.5474833984375 0.61199013671875 0.54908837890625 0.6122576171875 0.5589857421875 0.60369775390625 0.56353310546875 0.60236025390625 0.55283330078125 0.60048779296875 0.55524072265625 0.5962078125 0.55925322265625 0.57373818359375 0.55791572265625 0.57240068359375 0.5512283203125 0.56731826171875 0.55657822265625 0.56170078125 0.5474833984375 0.556618359375 0.54507587890625 0.55618154296875 0.52386416015625 0.561044921875 0.52189453125 0.56647431640625 0.5261396484375 0.565673828125 0.520029296875 0.565908203125 0.519931640625 0.5707212890625 0.52255654296875 0.57346513671875 0.52182490234375 0.573349609375 0.51744140625 0.61306005859375 0.51511630859375 0.6146650390625 0.5220712890625
2 0.631784765625 0.5488208984375 0.6440896484375 0.52528115234375 0.66923427734375 0.53678349609375 0.6630818359375 0.56674306640625 0.6745841796875 0.57182548828125 0.685283984375 0.56995302734375 0.6860865234375 0.563265625 0.6828765625 0.55604326171875 0.69598388671875 0.545343359375 0.70989365234375 0.58466533203125 0.6708392578125 0.5983076171875 0.6473265625 0.5834734375 0.63878681640625 0.5716435546875 0.64943955078125 0.556845703125 0.6414146484375 0.56032314453125 0.631784765625 0.5488208984375
2 0.712502734375 0.53176259765625 0.712844140625 0.5024021484375 0.73879052734375 0.5041091796875 0.73913193359375 0.52971416015625 0.75449501953125 0.535859375 0.7708822265625 0.535859375 0.77327197265625 0.55156376953125 0.76302998046875 0.55122236328125 0.76576123046875 0.56521982421875 0.757226171875 0.56556123046875 0.75312939453125 0.56146435546875 0.75312939453125 0.5710236328125 0.737425 0.5693166015625 0.73435234375 0.559757421875 0.7254759765625 0.56146435546875 0.71864794921875 0.5440529296875 0.71967216796875 0.5351765625 0.712502734375 0.53176259765625
2 0.77805166015625 0.5484912109375 0.77702744140625 0.514009765625 0.805022265625 0.514351171875 0.81082607421875 0.53927333984375 0.8176541015625 0.53927333984375 0.8176541015625 0.514692578125 0.83438271484375 0.514692578125 0.8384794921875 0.55327080078125 0.8275546875 0.56590263671875 0.7940974609375 0.56521982421875 0.7917076171875 0.55088095703125 0.77805166015625 0.5484912109375
2 0.84496611328125 0.50888876953125 0.86818134765625 0.50991298828125 0.86920546875 0.5259587890625 0.88593408203125 0.5263001953125 0.88559267578125 0.51844794921875 0.90027294921875 0.51913076171875 0.899477734375 0.56315419921875 0.87631865234375 0.562717578125 0.8643740234375 0.55306767578125 0.86442587890625 0.56556123046875 0.84291767578125 0.5676095703125 0.84291767578125 0.55497783203125 0.84496611328125 0.50888876953125
2 0.9043697265625 0.53107978515625 0.9071009765625 0.512985546875 0.94294794921875 0.52015498046875 0.940558203125 0.55053955078125 0.95393759765625 0.55181875 0.96206640625 0.54063896484375 0.983916015625 0.5218619140625 0.9984646484375 0.53370390625 0.9984646484375 0.53403017578125 0.99142685546875 0.5457599609375 0.981526171875 0.54234599609375 0.97777080078125 0.5478083984375 0.985623046875 0.556684765625 0.97078515625 0.5703892578125 0.961725 0.5833140625 0.91051494140625 0.5679509765625 0.91017353515625 0.556684765625 0.9170015625 0.53620078125 0.9043697265625 0.53107978515625
2 0.99846474609375 0.605655078125 0.99306279296875 0.60002568359375 0.98249677734375 0.6094794921875 0.9769357421875 0.60420703125 0.9718533203125 0.595112109375 0.99271806640625 0.57451494140625 0.99004306640625 0.56862998046875 0.9984646484375 0.558530078125 0.99846474609375 0.605655078125
2 0.99846474609375 0.70087861328125 0.987614453125 0.696660546875 0.98279951171875 0.64262626953125 0.99846474609375 0.641408203125 0.99846474609375 0.70087861328125
2 0.99846484375 0.7550087890625 0.98360205078125 0.750159765625 0.98039208984375 0.7161876953125 0.99055693359375 0.71404775390625 0.9894869140625 0.70709287109375 0.99846474609375 0.70640751953125 0.99846484375 0.7550087890625
2 0.99846494140625 0.8287923828125 0.99279150390625 0.82677373046875 0.98950712890625 0.82004072265625 0.97985712890625 0.82051123046875 0.9779845703125 0.80499638671875 0.97263466796875 0.80472890625 0.9718322265625 0.7900166015625 0.98413701171875 0.78974912109375 0.98360205078125 0.78600419921875 0.9782521484375 0.78332919921875 0.9806595703125 0.77129189453125 0.98975439453125 0.772896875 0.99846484375 0.76834853515625 0.99846494140625 0.8287923828125
2 0.9984650390625 0.89580439453125 0.9937451171875 0.89075810546875 0.98787724609375 0.899831640625 0.99164990234375 0.90549052734375 0.973834765625 0.93001259765625 0.96880458984375 0.92791669921875 0.96164560546875 0.93596494140625 0.95629560546875 0.94398974609375 0.93141845703125 0.92178759765625 0.94746826171875 0.89450302734375 0.9514806640625 0.89637548828125 0.954690625 0.891560546875 0.95121318359375 0.8872806640625 0.9605755859375 0.87417333984375 0.96325048828125 0.87658076171875 0.969937890625 0.8648109375 0.9758228515625 0.86828837890625 0.9790328125 0.8591935546875 0.99214013671875 0.868555859375 0.99846494140625 0.855640625 0.9984650390625 0.89580439453125
2 0.87136142578125 0.999009765625 0.87223564453125 0.9967513671875 0.86112744140625 0.9845951171875 0.87475078125 0.95252783203125 0.8908892578125 0.9594443359375 0.8959193359375 0.95022236328125 0.9141537109375 0.961540234375 0.9258908203125 0.9594443359375 0.9286154296875 0.9682470703125 0.920022265625 0.97327724609375 0.922746875 0.9822896484375 0.91310576171875 0.98920615234375 0.90606279296875 0.9990091796875 0.87136142578125 0.999009765625
2 0.7324740234375 0.94977353515625 0.7483984375 0.95978515625 0.75092041015625 0.96600625 0.7481490234375 0.9698435546875 0.751747265625 0.97321689453125 0.75419931640625 0.972808203125 0.75774482421875 0.98031630859375 0.759375 0.9804296875 0.76243359375 0.9941779296875 0.76065703125 0.99901123046875 0.72410712890625 0.99901162109375 0.723661328125 0.998111328125 0.723240625 0.9871720703125 0.72067109375 0.9805341796875 0.7148830078125 0.9783904296875 0.7019208984375 0.97671787109375 0.69521484375 0.971982421875 0.69395458984375 0.95485595703125 0.707596875 0.95619345703125 0.712679296875 0.9481685546875 0.7324740234375 0.94977353515625
2 0.67455439453125 0.940961328125 0.6752298828125 0.9477044921875 0.68494443359375 0.94774169921875 0.685595703125 0.956572265625 0.6756900390625 0.95591630859375 0.67619248046875 0.95909853515625 0.669145703125 0.96024560546875 0.6698828125 0.968076171875 0.63862841796875 0.96848828125 0.63890927734375 0.9742458984375 0.65570263671875 0.974443359375 0.65570263671875 0.9744541015625 0.6551248046875 0.99901220703125 0.6153337890625 0.99901240234375 0.61611318359375 0.9656267578125 0.622265625 0.94850703125 0.63858291015625 0.9402146484375 0.67455439453125 0.940961328125
2 0.86604013671875 0.6817201171875 0.86871513671875 0.6373158203125 0.88396240234375 0.63704833984375 0.88583486328125 0.649353125 0.8962671875 0.6461431640625 0.90643212890625 0.64855068359375 0.90750205078125 0.6359783203125 0.92863427734375 0.6397232421875 0.9262267578125 0.66888037109375 0.92034189453125 0.66941533203125 0.92221435546875 0.68840751953125 0.91258447265625 0.68733759765625 0.90509462890625 0.68118515625 0.89038232421875 0.6817201171875 0.8831599609375 0.687605078125 0.8786125 0.68974501953125 0.8652376953125 0.68680263671875 0.86604013671875 0.6817201171875
2 0.86684267578125 0.644270703125 0.86309775390625 0.67717275390625 0.85400283203125 0.68145263671875 0.83929052734375 0.677440234375 0.8283232421875 0.68225517578125 0.82645078125 0.67209033203125 0.805853515625 0.6723578125 0.80826103515625 0.64079326171875 0.81976337890625 0.641595703125 0.82163583984375 0.64346826171875 0.83180068359375 0.63811826171875 0.841698046875 0.642933203125 0.84464052734375 0.63490830078125 0.8564103515625 0.63651328125 0.8550728515625 0.6450732421875 0.86684267578125 0.644270703125
2 0.62672001953125 0.83403662109375 0.62480341796875 0.83327783203125 0.6231267578125 0.8177681640625 0.63109111328125 0.81441474609375 0.6315103515625 0.801210546875 0.63444462890625 0.801210546875 0.635492578125 0.79848583984375 0.6296240234375 0.798905078125 0.621869140625 0.78360498046875 0.63926513671875 0.77102958984375 0.6463912109375 0.779203515625 0.64806796875 0.7771076171875 0.660643359375 0.778784375 0.6627392578125 0.77354462890625 0.67447626953125 0.7748021484375 0.67866806640625 0.78632958984375 0.67552421875 0.79471328125 0.6725900390625 0.7968091796875 0.67426669921875 0.79995302734375 0.6734283203125 0.82258876953125 0.6679630859375 0.8325244140625 0.647194921875 0.83111298828125 0.6454810546875 0.835347265625 0.62672001953125 0.83403662109375
2 0.62742705078125 0.84560107421875 0.64105048828125 0.844972265625 0.64126005859375 0.83784619140625 0.66766845703125 0.83805576171875 0.669135546875 0.85042158203125 0.65781767578125 0.86027236328125 0.65823681640625 0.8657216796875 0.66787802734375 0.8713806640625 0.6750041015625 0.873895703125 0.6756328125 0.8961123046875 0.6628478515625 0.89275888671875 0.6563505859375 0.89548349609375 0.65530263671875 0.9007232421875 0.64545185546875 0.898208203125 0.64545185546875 0.89338759765625 0.63518193359375 0.89569306640625 0.6301517578125 0.8856328125 0.63518193359375 0.88248896484375 0.63119970703125 0.88186015625 0.6301517578125 0.8699134765625 0.63266689453125 0.87033271484375 0.62742705078125 0.86802724609375 0.62679833984375 0.8638353515625 0.61904345703125 0.8629970703125 0.619672265625 0.84811611328125 0.6259599609375 0.84769697265625 0.62742705078125 0.84560107421875
2 0.9720158203125 0.99900791015625 0.97628525390625 0.9861234375 0.998465234375 0.99303505859375 0.998465234375 0.999007421875 0.9720158203125 0.99900791015625
2 0.5378990234375 1.26953125e-05 0.51850029296875 0.0087115234375 0.5139158203125 1.26953125e-05 0.5378990234375 1.26953125e-05
2 0.95391240234375 0.10198916015625 0.963971484375 0.11406005859375 0.9450603515625 0.12110146484375 0.9384212890625 0.108426953125 0.95391240234375 0.10198916015625
