0 0.00079765625 0.04202275390625 0.00671298828125 0.01263681640625 0.01014775390625 0.01454501953125 0.01129267578125 0.01187353515625 0.05060107421875 0.02026953125 0.044494921875 0.04202275390625 0.03476318359375 0.03954208984375 0.02789130859375 0.055756640625 0.00603828125 0.05022041015625 0.00079765625 0.04202275390625
0 0.09345732421875 9.375e-06 0.09394267578125 0.00277861328125 0.058386328125 0.02104384765625 0.046701171875 8.49609375e-06 0.09345732421875 9.375e-06
0 0.150884375 1.025390625e-05 0.14177900390625 0.01164697265625 0.12203349609375 0.00050849609375 0.12000830078125 0.0126595703125 0.11393271484375 0.01316591796875 0.09828564453125 0.004769921875 0.0986666015625 9.375e-06 0.150884375 1.025390625e-05
0 0.14557509765625 0.0104146484375 0.16764345703125 0.019428515625 0.1757248046875 0.0032658203125 0.19064423828125 0.00917138671875 0.1841169921875 0.0262666015625 0.17385986328125 0.02191513671875 0.171994921875 0.02502333984375 0.1589404296875 0.0514431640625 0.1303447265625 0.038388671875 0.14557509765625 0.0104146484375
0 0.1663017578125 0.06031171875 0.1801861328125 0.0329396484375 0.2016078125 0.04365048828125 0.21469873046875 0.02183212890625 0.23175673828125 0.03254296875 0.22064921875 0.051584375 0.21350869140625 0.04642734375 0.19208701171875 0.08252666015625 0.1663017578125 0.06031171875
0 0.22445322265625 0.05297294921875 0.2306697265625 0.03991845703125 0.24496748046875 0.04768896484375 0.23812939453125 0.06602744140625 0.25615712890625 0.073798046875 0.24038203125 0.11475966796875 0.2084853515625 0.099064453125 0.22013017578125 0.06564892578125 0.2262056640625 0.06767412109375 0.2302560546875 0.0605859375 0.22445322265625 0.05297294921875
0 0.2490953125 0.10454287109375 0.26225908203125 0.07315244140625 0.2971935546875 0.08783505859375 0.28352353515625 0.12580732421875 0.2485890625 0.110112109375 0.2490953125 0.10454287109375
0 0.2946951171875 0.11965859375 0.30431474609375 0.09079970703125 0.313428125 0.0958626953125 0.31494697265625 0.09079970703125 0.30330224609375 0.08523046875 0.308871484375 0.0710541015625 0.32507294921875 0.0776359375 0.32051630859375 0.0968751953125 0.33367998046875 0.10143193359375 0.33823662109375 0.11003896484375 0.33165478515625 0.13586005859375 0.2946951171875 0.12067119140625 0.2946951171875 0.11965859375
0 0.280084765625 1.181640625e-05 0.269387890625 0.00907783203125 0.260660546875 0.00312744140625 0.2566935546875 0.00749111328125 0.24439599609375 0.0011439453125 0.232891796875 0.01859853515625 0.21980078125 0.0051109375 0.226133984375 1.123046875e-05 0.280084765625 1.181640625e-05
0 0.3272234375 1.220703125e-05 0.321279296875 0.011477734375 0.30977509765625 0.02972578125 0.29509736328125 0.02655224609375 0.286766796875 0.0293291015625 0.2748658203125 0.04003984375 0.26137822265625 0.02813896484375 0.27169228515625 0.01584140625 0.28121298828125 0.0198083984375 0.28478330078125 0.01306455078125 0.282403125 0.00552724609375 0.28596572265625 1.181640625e-05 0.3272234375 1.220703125e-05
0 0.30296982421875 0.0525509765625 0.310793359375 0.0393845703125 0.31957099609375 0.04358251953125 0.3260587890625 0.03308759765625 0.32377666015625 0.02527470703125 0.3318580078125 0.008801171875 0.3371419921875 0.01066611328125 0.3393177734375 0.008801171875 0.35485888671875 0.01222021484375 0.3666701171875 0.0196798828125 0.35548046875 0.04796474609375 0.3455341796875 0.04361318359375 0.33465546875 0.0597759765625 0.32626328125 0.05480283203125 0.3212900390625 0.065681640625 0.30296982421875 0.0525509765625
0 0.416265625 0.06607353515625 0.42031591796875 0.03873349609375 0.4360111328125 0.04025244140625 0.437530078125 0.03468310546875 0.4567693359375 0.03822724609375 0.44917490234375 0.07366796875 0.44563076171875 0.07518681640625 0.44563076171875 0.08278134765625 0.45930078125 0.082275 0.4572755859375 0.10252685546875 0.437530078125 0.09847646484375 0.43838955078125 0.08532060546875 0.421979296875 0.08264921875 0.42331494140625 0.07368076171875 0.4187353515625 0.07368076171875 0.416265625 0.06607353515625
0 0.465776171875 0.0484802734375 0.4852142578125 0.0476869140625 0.48680107421875 0.0429265625 0.49433828125 0.043719921875 0.49711513671875 0.0528439453125 0.50108212890625 0.0528439453125 0.4990986328125 0.075058984375 0.49156142578125 0.080216015625 0.49275146484375 0.08735654296875 0.5026689453125 0.08735654296875 0.50623916015625 0.10520791015625 0.48243740234375 0.10560458984375 0.484817578125 0.099257421875 0.4856109375 0.08973671875 0.48243740234375 0.08338955078125 0.46339599609375 0.0806126953125 0.465776171875 0.0484802734375
0 0.51068330078125 0.0485673828125 0.517823828125 0.0434103515625 0.52853466796875 0.04737734375 0.52932802734375 0.05134423828125 0.5396421875 0.05174091796875 0.53884873046875 0.07911298828125 0.53765869140625 0.0814931640625 0.5408322265625 0.0858568359375 0.5547166015625 0.08546015625 0.55590673828125 0.1045015625 0.53805537109375 0.10569169921875 0.5364685546875 0.08784033203125 0.53210498046875 0.08268330078125 0.52456767578125 0.0894271484375 0.52337763671875 0.0937908203125 0.5114767578125 0.089823828125 0.51068330078125 0.0485673828125
0 0.5540845703125 0.04933876953125 0.581456640625 0.0406115234375 0.58740703125 0.04338837890625 0.58978720703125 0.073933984375 0.58502685546875 0.077504296875 0.58859716796875 0.082661328125 0.60129140625 0.08028115234375 0.6060517578125 0.092975390625 0.60367158203125 0.10011591796875 0.58820048828125 0.10328955078125 0.58423349609375 0.08861171875 0.56717548828125 0.09019853515625 0.568365625 0.0794876953125 0.55725810546875 0.0786943359375 0.5540845703125 0.04933876953125
0 0.60102978515625 0.03961455078125 0.6220546875 0.03445751953125 0.62562490234375 0.0376310546875 0.62919521484375 0.03525087890625 0.63355888671875 0.0408046875 0.6371291015625 0.0646064453125 0.63395556640625 0.0685734375 0.6359390625 0.074523828125 0.6494267578125 0.07254033203125 0.6498234375 0.093565234375 0.6327654296875 0.09435869140625 0.63236875 0.08166435546875 0.6268150390625 0.0697634765625 0.6034099609375 0.0733337890625 0.598649609375 0.0408046875 0.60102978515625 0.03961455078125
0 0.640887890625 0.03200322265625 0.66627646484375 0.0197056640625 0.66905341796875 0.02724287109375 0.677383984375 0.024466015625 0.68809482421875 0.05818525390625 0.64763173828125 0.06691259765625 0.640887890625 0.03200322265625
0 0.68836611328125 0.018615234375 0.70421806640625 0.01519619140625 0.7060830078125 0.0235884765625 0.71571845703125 0.02203427734375 0.7154076171875 0.0192369140625 0.741205859375 0.0139529296875 0.7480439453125 0.02793994140625 0.74990888671875 0.0456568359375 0.7154076171875 0.05591396484375 0.71012373046875 0.03229140625 0.69147431640625 0.0360212890625 0.68836611328125 0.018615234375
0 0.69533671875 0.0622814453125 0.711188671875 0.05637587890625 0.71522939453125 0.0697412109375 0.72486484375 0.0697412109375 0.72455400390625 0.06321396484375 0.75252802734375 0.053267578125 0.7612310546875 0.08590390625 0.72828388671875 0.095539453125 0.7233107421875 0.07720087890625 0.71367529296875 0.0753359375 0.7012423828125 0.07937666015625 0.69533671875 0.0622814453125
0 0.85740107421875 1.005859375e-05 0.8559494140625 0.00155107421875 0.84401611328125 0.00325576171875 0.844503125 0.00666533203125 0.87007451171875 0.00130751953125 0.87567587890625 0.0190857421875 0.8554623046875 0.02541767578125 0.853026953125 0.012997265625 0.8447466796875 0.0137279296875 0.8442595703125 0.0188421875 0.8177140625 0.024687109375 0.81430595703125 1.07421875e-05 0.85740107421875 1.005859375e-05
0 0.9361552734375 8.7890625e-06 0.93694814453125 0.01367431640625 0.9020388671875 0.01724462890625 0.9020388671875 0.02636865234375 0.88537763671875 0.030335546875 0.883394140625 0.0073271484375 0.89132802734375 0.0101041015625 0.89926201171875 0.00415361328125 0.89172470703125 0.00534375 0.8901408203125 9.5703125e-06 0.9361552734375 8.7890625e-06
0 0.915869921875 0.0260255859375 0.9483990234375 0.01531474609375 0.95831640625 0.05339765625 0.9309443359375 0.06133154296875 0.9257873046875 0.0633150390625 0.92340712890625 0.057761328125 0.9170599609375 0.062125 0.9206302734375 0.07481923828125 0.90396904296875 0.07918291015625 0.8980185546875 0.06014150390625 0.91269638671875 0.057761328125 0.9154732421875 0.04982734375 0.910712890625 0.03435625 0.915869921875 0.0260255859375
0 0.91417353515625 0.08193720703125 0.95568984375 0.0621916015625 0.97189130859375 0.09510087890625 0.93898203125 0.1087708984375 0.93999462890625 0.12092197265625 0.92278056640625 0.12294716796875 0.9197427734375 0.1021890625 0.9364505859375 0.10117646484375 0.93796943359375 0.0956072265625 0.9369568359375 0.09105048828125 0.9242994140625 0.09915126953125 0.91417353515625 0.08193720703125
0 0.948882421875 0.12077763671875 0.9539453125 0.11824609375 0.9519201171875 0.11217060546875 0.975209765625 0.10103203125 0.99090498046875 0.130397265625 0.96559013671875 0.14457353515625 0.96913427734375 0.1582435546875 0.948882421875 0.164825390625 0.94230048828125 0.14457353515625 0.9600208984375 0.139004296875 0.96305869140625 0.126346875 0.9539453125 0.13191611328125 0.948882421875 0.12077763671875
0 0.9984357421875 0.18657236328125 0.99543798828125 0.18500830078125 0.99067763671875 0.18937197265625 0.9970248046875 0.2048431640625 0.979966796875 0.21158701171875 0.97242958984375 0.190562109375 0.9839337890625 0.18738857421875 0.98076025390625 0.181834765625 0.9882974609375 0.17429755859375 0.97679326171875 0.16041318359375 0.99623134765625 0.1445453125 0.9984357421875 0.1484900390625 0.9984357421875 0.18657236328125
0 0.39133662109375 0.15333759765625 0.39844462890625 0.11844404296875 0.40296787109375 0.1177978515625 0.40619873046875 0.1145669921875 0.41395283203125 0.12167490234375 0.41395283203125 0.125551953125 0.419122265625 0.12749052734375 0.42623017578125 0.10293583984375 0.4423845703125 0.106812890625 0.43398427734375 0.1145669921875 0.431399609375 0.12425966796875 0.42752255859375 0.1268443359375 0.41976845703125 0.16109169921875 0.39133662109375 0.15333759765625
0 0.44590107421875 0.1315185546875 0.466529296875 0.13032841796875 0.46851279296875 0.109303515625 0.48477734375 0.11089033203125 0.48319052734375 0.13389873046875 0.4720830078125 0.13389873046875 0.4724796875 0.14262607421875 0.47525654296875 0.14421279296875 0.47327314453125 0.17079150390625 0.43796708984375 0.16642783203125 0.44590107421875 0.1315185546875
0 0.48847998046875 0.131205859375 0.495223828125 0.127635546875 0.5031578125 0.13279267578125 0.50831484375 0.13318935546875 0.51188515625 0.11533798828125 0.52933974609375 0.11533798828125 0.52814970703125 0.13279267578125 0.5166455078125 0.13318935546875 0.5166455078125 0.17008212890625 0.48411640625 0.16611513671875 0.48808330078125 0.13199921875 0.48847998046875 0.131205859375
0 0.531934765625 0.129011328125 0.54535146484375 0.12961904296875 0.54535146484375 0.1446935546875 0.55090517578125 0.14231337890625 0.55526884765625 0.11454462890625 0.57232685546875 0.113751171875 0.57196025390625 0.13320439453125 0.561616015625 0.13437939453125 0.5612193359375 0.17484248046875 0.53702080078125 0.172858984375 0.530276953125 0.16532177734375 0.531934765625 0.129011328125
0 0.577732421875 0.1282884765625 0.58402939453125 0.12428134765625 0.58651005859375 0.1185568359375 0.595096875 0.1185568359375 0.5964326171875 0.12218232421875 0.6080724609375 0.12103740234375 0.61094609375 0.12737939453125 0.6156083984375 0.12675771484375 0.61809501953125 0.156907421875 0.5776880859375 0.16219140625 0.57489072265625 0.15100185546875 0.577732421875 0.1282884765625
0 0.6237044921875 0.14922099609375 0.6246369140625 0.139585546875 0.6383130859375 0.12373359375 0.65820576171875 0.13616650390625 0.666287109375 0.13647724609375 0.68058486328125 0.122801171875 0.6992341796875 0.14051796875 0.683071484375 0.156369921875 0.6700169921875 0.14455869140625 0.6634896484375 0.1510859375 0.65167841796875 0.1684919921875 0.63862392578125 0.15916728515625 0.63489404296875 0.16165390625 0.6237044921875 0.14922099609375
0 0.66022578125 0.16856484375 0.68521767578125 0.1638044921875 0.69156484375 0.18006904296875 0.69870537109375 0.178085546875 0.702672265625 0.20030048828125 0.72131708984375 0.2062509765625 0.716556640625 0.23124287109375 0.68918466796875 0.22132548828125 0.696721875 0.197126953125 0.6649861328125 0.20347412109375 0.6590357421875 0.17649873046875 0.66022578125 0.16856484375
0 0.7122728515625 0.105662109375 0.72746171875 0.10211806640625 0.731512109375 0.1117376953125 0.7421443359375 0.1076873046875 0.73910654296875 0.097561328125 0.765433984375 0.09148583984375 0.77859765625 0.1289517578125 0.7502451171875 0.1375587890625 0.7461947265625 0.12591396484375 0.7213861328125 0.13249580078125 0.7122728515625 0.105662109375
0 0.81952041015625 0.0348353515625 0.844908984375 0.02650478515625 0.85244619140625 0.04911650390625 0.862363671875 0.04951318359375 0.87942158203125 0.04554619140625 0.88497529296875 0.0626041015625 0.8657076171875 0.06934794921875 0.86038017578125 0.0574470703125 0.82943779296875 0.0653810546875 0.81952041015625 0.0348353515625
0 0.8373658203125 0.0800203125 0.8629373046875 0.07076591796875 0.871217578125 0.092197265625 0.89849375 0.0836734375 0.90458212890625 0.1026693359375 0.88071552734375 0.10924482421875 0.87706240234375 0.10096455078125 0.84515908203125 0.11168017578125 0.8373658203125 0.0800203125
0 0.869141015625 0.11379794921875 0.88472744140625 0.1096578125 0.8979236328125 0.13123984375 0.9207708984375 0.13352451171875 0.9215015625 0.16007001953125 0.90615869140625 0.15982646484375 0.90396689453125 0.13912587890625 0.8934947265625 0.139612890625 0.86743623046875 0.151302734375 0.85696416015625 0.11769453125 0.869141015625 0.11379794921875
0 0.860001953125 0.1811560546875 0.8711404296875 0.15837265625 0.89848046875 0.1684986328125 0.88683564453125 0.2069771484375 0.89594892578125 0.19988896484375 0.903037109375 0.2155841796875 0.87215302734375 0.238873828125 0.86506484375 0.22317861328125 0.88076005859375 0.204951953125 0.8837978515625 0.1943197265625 0.8579767578125 0.18470009765625 0.860001953125 0.1811560546875
0 0.71961240234375 0.149700390625 0.734290234375 0.1441466796875 0.739447265625 0.15723759765625 0.748174609375 0.15525419921875 0.744604296875 0.14811357421875 0.76880283203125 0.13740283203125 0.77991025390625 0.1683451171875 0.76285234375 0.1735021484375 0.7632490234375 0.17667578125 0.749761328125 0.1814361328125 0.74658779296875 0.1683451171875 0.7529349609375 0.16556826171875 0.75095146484375 0.16041123046875 0.72635625 0.16913857421875 0.71961240234375 0.149700390625
0 0.7316033203125 0.19248017578125 0.75461171875 0.18335615234375 0.7633390625 0.204777734375 0.76611591796875 0.19724052734375 0.7879341796875 0.1801826171875 0.8061822265625 0.20557119140625 0.791901171875 0.2226291015625 0.7871408203125 0.22659609375 0.77199599609375 0.21303798828125 0.766352734375 0.2160857421875 0.758975390625 0.20914140625 0.739933984375 0.21588525390625 0.7316033203125 0.19248017578125
0 0.857264453125 0.20055390625 0.85607431640625 0.2287193359375 0.83266923828125 0.24220703125 0.8255287109375 0.26878564453125 0.792999609375 0.26045498046875 0.79974345703125 0.23585986328125 0.8116443359375 0.23982685546875 0.815888671875 0.23673837890625 0.81877763671875 0.23442998046875 0.8222380859375 0.2309767578125 0.823427734375 0.226044921875 0.8219583984375 0.1973802734375 0.836239453125 0.192619921875 0.857264453125 0.20055390625
0 0.64654716796875 0.2715509765625 0.66931767578125 0.26445849609375 0.66857109375 0.2599791015625 0.6652115234375 0.26109892578125 0.64356083984375 0.24542080078125 0.6487869140625 0.22750302734375 0.6667046875 0.216677734375 0.68984853515625 0.239821484375 0.67379716796875 0.25437978515625 0.6823828125 0.27864345703125 0.6525197265625 0.28984208984375 0.64654716796875 0.2715509765625
0 0.64200322265625 0.27395263671875 0.649315234375 0.2906240234375 0.62971904296875 0.29676611328125 0.6276716796875 0.2836044921875 0.60310322265625 0.2859443359375 0.60310322265625 0.2777548828125 0.5946212890625 0.27833984375 0.59286640625 0.24792177734375 0.61129267578125 0.242949609375 0.623576953125 0.24558193359375 0.625916796875 0.2742451171875 0.62708671875 0.27746240234375 0.64200322265625 0.27395263671875
0 0.5496701171875 0.26699765625 0.55062294921875 0.23412470703125 0.5677740234375 0.23460107421875 0.5730146484375 0.22793125 0.581590234375 0.23078974609375 0.58444873046875 0.26461552734375 0.57682607421875 0.26747412109375 0.577531640625 0.2739509765625 0.58868447265625 0.27336923828125 0.59006328125 0.29274248046875 0.57299658203125 0.292567578125 0.5730146484375 0.27319111328125 0.5692033203125 0.26985615234375 0.550146484375 0.2689033203125 0.5496701171875 0.26699765625
0 0.51252119140625 0.27936318359375 0.51310615234375 0.27088125 0.5049166015625 0.27000380859375 0.50696396484375 0.232273828125 0.53270234375 0.232273828125 0.5332873046875 0.23841591796875 0.547911328125 0.24046328125 0.54410908203125 0.2819955078125 0.51252119140625 0.27936318359375
0 0.49326787109375 0.2308572265625 0.4925212890625 0.2607203125 0.48841513671875 0.26370654296875 0.48841513671875 0.2737853515625 0.49677353515625 0.2715625 0.49726298828125 0.28845673828125 0.4970314453125 0.29770654296875 0.4895349609375 0.29879560546875 0.4895349609375 0.2913298828125 0.4816958984375 0.29021005859375 0.48206923828125 0.27415859375 0.4749767578125 0.27266552734375 0.47609658203125 0.26034697265625 0.46121513671875 0.25906552734375 0.46340478515625 0.22675107421875 0.49326787109375 0.2308572265625
0 0.45504072265625 0.26478046875 0.4547482421875 0.2665353515625 0.42052802734375 0.26507294921875 0.4143859375 0.26156318359375 0.41760322265625 0.22090830078125 0.43924677734375 0.22266318359375 0.4465587890625 0.23114521484375 0.4582580078125 0.2314376953125 0.45504072265625 0.26478046875
0 0.40852470703125 0.260164453125 0.4056662109375 0.2844619140625 0.3885150390625 0.278744921875 0.3937556640625 0.2506361328125 0.38756220703125 0.260164453125 0.3794630859375 0.27112216796875 0.36469404296875 0.265405078125 0.37660458984375 0.21299892578125 0.40709541015625 0.21823955078125 0.40233125 0.2453955078125 0.400901953125 0.25349462890625 0.40804833984375 0.256353125 0.40852470703125 0.260164453125
0 0.26387138671875 0.21588935546875 0.2758166015625 0.18117353515625 0.2873884765625 0.18863935546875 0.3079193359375 0.19050576171875 0.29896044921875 0.23044755859375 0.287015234375 0.22410166015625 0.27656318359375 0.223355078125 0.2728302734375 0.2229818359375 0.26387138671875 0.21588935546875
0 0.25948994140625 0.210471875 0.23995673828125 0.2085662109375 0.2318576171875 0.22619375 0.22804619140625 0.22905224609375 0.21565927734375 0.22619375 0.2199470703125 0.20618408203125 0.22947548828125 0.20999541015625 0.232333984375 0.20284912109375 0.2289990234375 0.190938671875 0.237574609375 0.164735546875 0.27568828125 0.16902333984375 0.25948994140625 0.210471875
0 0.21912412109375 0.1935185546875 0.2172576171875 0.1965048828125 0.19560693359375 0.1935185546875 0.19374052734375 0.213676171875 0.17320966796875 0.20882333984375 0.17918232421875 0.18717265625 0.19187412109375 0.18941240234375 0.19374052734375 0.1819466796875 0.18739462890625 0.172614453125 0.19710009765625 0.1517103515625 0.23256240234375 0.16664189453125 0.21912412109375 0.1935185546875
0 0.174126953125 0.18856484375 0.16852763671875 0.20424296875 0.1502365234375 0.1949107421875 0.1580755859375 0.1863251953125 0.160688671875 0.170273828125 0.1517296875 0.1766197265625 0.137171484375 0.1657943359375 0.1356783203125 0.1706470703125 0.1065619140625 0.1542224609375 0.111787890625 0.14451689453125 0.10282900390625 0.14227724609375 0.1244796875 0.10718818359375 0.1405310546875 0.1165203125 0.13829140625 0.12659912109375 0.14911669921875 0.129212109375 0.1580755859375 0.1239861328125 0.18607216796875 0.1433970703125 0.16964755859375 0.17139365234375 0.16666123046875 0.18296552734375 0.174126953125 0.18557861328125 0.174126953125 0.18856484375
0 0.09422734375 0.13529873046875 0.0871349609375 0.14201796875 0.09609384765625 0.148737109375 0.084521875 0.16217548828125 0.07033701171875 0.15097685546875 0.079669140625 0.1326857421875 0.06697734375 0.11850078125 0.0807890625 0.09199736328125 0.114758203125 0.11252822265625 0.09422734375 0.13529873046875
0 0.06297587890625 0.0959146484375 0.039651953125 0.104376953125 0.0416248046875 0.11492587890625 0.04571953125 0.10966123046875 0.05975859375 0.1216529296875 0.05888115234375 0.122237890625 0.0439646484375 0.14446640625 0.029048046875 0.1321822265625 0.035982421875 0.12180107421875 0.03402021484375 0.10439658203125 0.0296330078125 0.108198828125 0.02349091796875 0.091819921875 0.0203927734375 0.0906587890625 0.01764267578125 0.08715107421875 0.01588759765625 0.0816873046875 0.0167638671875 0.0769033203125 0.01705634765625 0.07661083984375 0.04952177734375 0.06257177734375 0.06297587890625 0.0959146484375
0 -0.0 0.22423271484375 0.01464951171875 0.225185546875 0.0108380859375 0.26996904296875 -0.0 0.26806337890625 -0.0 0.22423271484375
0 0.01703154296875 0.25996416015625 0.03084775390625 0.230426171875 0.05466875 0.23852529296875 0.0513337890625 0.24710087890625 0.04275830078125 0.24710087890625 0.06229150390625 0.2552 0.04847529296875 0.28902578125 0.01464951171875 0.27330400390625 0.01703154296875 0.25996416015625
0 0.05313095703125 0.2908892578125 0.06483017578125 0.2581314453125 0.0738970703125 0.26339609375 0.076821875 0.25842392578125 0.0844263671875 0.26544345703125 0.0891060546875 0.26895322265625 0.09232333984375 0.2546216796875 0.1116271484375 0.2563765625 0.107532421875 0.2745103515625 0.0975880859375 0.2745103515625 0.08588876953125 0.3096080078125 0.07243466796875 0.30697568359375 0.06424521484375 0.302003515625 0.06600009765625 0.29761630859375 0.05313095703125 0.2908892578125
0 0.09923623046875 0.3139140625 0.10968828125 0.29375654296875 0.11678076171875 0.29711611328125 0.11678076171875 0.28405107421875 0.1111814453125 0.278825 0.1171541015625 0.26501337890625 0.1238732421875 0.26874619140625 0.132085546875 0.27621201171875 0.1249931640625 0.28778388671875 0.14552392578125 0.30047568359375 0.13283212890625 0.32473935546875 0.12648623046875 0.33145859375 0.09774306640625 0.31615380859375 0.09923623046875 0.3139140625
0 0.136191796875 0.32921884765625 0.14403076171875 0.3094345703125 0.15037666015625 0.29562294921875 0.165308203125 0.30047568359375 0.16941435546875 0.29375654296875 0.17986640625 0.301222265625 0.18247939453125 0.30644833984375 0.18770546875 0.31354072265625 0.1716541015625 0.3475099609375 0.1570958984375 0.34676337890625 0.15373623046875 0.33855107421875 0.13768486328125 0.33145859375 0.136191796875 0.32921884765625
0 0.17885927734375 0.35003359375 0.1908044921875 0.319797265625 0.19603056640625 0.32203701171875 0.202003125 0.3194240234375 0.20722919921875 0.32465 0.2113353515625 0.33062265625 0.21730791015625 0.327636328125 0.2277599609375 0.33323564453125 0.21842783203125 0.35712607421875 0.2132017578125 0.3642185546875 0.17885927734375 0.35003359375
0 0.22447109375 0.3682943359375 0.22447109375 0.36493466796875 0.24164228515625 0.31976689453125 0.26067998046875 0.3253662109375 0.25956015625 0.3305921875 0.2562005859375 0.34029775390625 0.25881357421875 0.34067099609375 0.26179990234375 0.3332052734375 0.27486494140625 0.33917783203125 0.27113203125 0.35336279296875 0.26702587890625 0.3526162109375 0.25881357421875 0.38247919921875 0.22447109375 0.3682943359375
0 0.33177412109375 0.36143935546875 0.3504384765625 0.36405234375 0.3534248046875 0.37002490234375 0.36723642578125 0.37189140625 0.36126376953125 0.4025009765625 0.32430830078125 0.3946619140625 0.33177412109375 0.36143935546875
0 0.37854765625 0.36992705078125 0.395219140625 0.37285185546875 0.39551162109375 0.36992705078125 0.40428603515625 0.3696345703125 0.40428603515625 0.374021875 0.416277734375 0.37723916015625 0.41276796875 0.4161390625 0.37065068359375 0.4061947265625 0.37854765625 0.36992705078125
0 0.42007998046875 0.38659853515625 0.43879873046875 0.3863060546875 0.44660634765625 0.38003154296875 0.44599833984375 0.36665458984375 0.46059140625 0.3654384765625 0.46484775390625 0.38307177734375 0.451470703125 0.3867201171875 0.4551189453125 0.3940166015625 0.4520787109375 0.42502705078125 0.41924423828125 0.41773046875 0.42007998046875 0.38659853515625
0 0.46801708984375 0.3881447265625 0.47787119140625 0.38791552734375 0.48268369140625 0.38081142578125 0.491162890625 0.38860302734375 0.492537890625 0.38768642578125 0.49093369140625 0.37187392578125 0.50674619140625 0.370040625 0.50903779296875 0.38722802734375 0.4982669921875 0.3888322265625 0.50222880859375 0.41183876953125 0.502628125 0.42328828125 0.4632115234375 0.4216841796875 0.4670552734375 0.3880697265625 0.46801708984375 0.3881447265625
0 0.51296787109375 0.39289765625 0.52140712890625 0.39056337890625 0.52410048828125 0.393436328125 0.537746875 0.392358984375 0.5367125 0.37247509765625 0.552434375 0.3696166015625 0.55672216796875 0.39010263671875 0.5438587890625 0.39296123046875 0.54719375 0.42345205078125 0.511938671875 0.42869267578125 0.51296787109375 0.39289765625
0 0.55843603515625 0.39599638671875 0.5677681640625 0.3915169921875 0.571127734375 0.3948765625 0.5804599609375 0.39599638671875 0.5834462890625 0.37285263671875 0.59912431640625 0.37023955078125 0.6009908203125 0.3915169921875 0.59053876953125 0.39226357421875 0.59427158203125 0.42436630859375 0.55843603515625 0.42623271484375 0.55843603515625 0.39599638671875
0 0.6040296875 0.38981416015625 0.6443919921875 0.38454951171875 0.64965673828125 0.42052470703125 0.608709375 0.4260818359375 0.6040296875 0.38981416015625
0 0.6915853515625 0.38200546875 0.68001337890625 0.3846185546875 0.682253125 0.3958171875 0.6880833984375 0.4161271484375 0.65462890625 0.42307939453125 0.65435546875 0.42126953125 0.6497771484375 0.3917109375 0.67292099609375 0.386858203125 0.67030791015625 0.3685671875 0.6856126953125 0.3659541015625 0.6915853515625 0.38200546875
0 0.69457958984375 0.37021298828125 0.703631640625 0.36973662109375 0.70315517578125 0.36116103515625 0.716494921875 0.360208203125 0.71697138671875 0.3673544921875 0.73650458984375 0.365448828125 0.74031591796875 0.40642099609375 0.72745263671875 0.407373828125 0.726976171875 0.4211900390625 0.69934384765625 0.423095703125 0.69457958984375 0.37021298828125
0 0.789621484375 0.34996630859375 0.78217880859375 0.402291015625 0.7775333984375 0.4024763671875 0.7682927734375 0.4034736328125 0.76326572265625 0.40422685546875 0.75982421875 0.405390625 0.75926220703125 0.40893681640625 0.74665810546875 0.41099931640625 0.7401529296875 0.3665966796875 0.73943408203125 0.363487109375 0.75043408203125 0.35821630859375 0.75410078125 0.36990380859375 0.75272578125 0.37265380859375 0.76762158203125 0.371737109375 0.77037158203125 0.3495080078125 0.789621484375 0.34996630859375
0 0.78918154296875 0.3946283203125 0.81157880859375 0.35431318359375 0.83098974609375 0.36177890625 0.82277744140625 0.3789501953125 0.829869921875 0.3808166015625 0.845548046875 0.36849814453125 0.85301376953125 0.37372412109375 0.86458564453125 0.38268310546875 0.86570556640625 0.39574814453125 0.847414453125 0.40470703125 0.83845556640625 0.39089541015625 0.8205376953125 0.41814541015625 0.78918154296875 0.3946283203125
0 0.82941650390625 0.41986044921875 0.85554658203125 0.41388779296875 0.8626390625 0.4209802734375 0.86786513671875 0.4191138671875 0.8749576171875 0.441884375 0.86301240234375 0.44076455078125 0.8719712890625 0.4579357421875 0.845026953125 0.46380810546875 0.8387486328125 0.4598021484375 0.83725546875 0.4512166015625 0.83165615234375 0.45345634765625 0.8271767578125 0.44599052734375 0.83165615234375 0.4433775390625 0.82941650390625 0.41986044921875
0 0.81942529296875 0.46762666015625 0.83750341796875 0.4632173828125 0.85205419921875 0.468067578125 0.85348720703125 0.46817783203125 0.85664697265625 0.4869359375 0.8500033203125 0.4926818359375 0.87621884765625 0.49196357421875 0.87801435546875 0.5109966796875 0.86185419921875 0.5108171875 0.86023818359375 0.49950498046875 0.83079072265625 0.50219833984375 0.82773818359375 0.49770947265625 0.81911943359375 0.4959138671875 0.81942529296875 0.46762666015625
0 0.998435546875 0.34006982421875 0.97651044921875 0.3381447265625 0.98040625 0.3051447265625 0.998435546875 0.30750576171875 0.998435546875 0.34006982421875
0 0.9062388671875 0.33838095703125 0.914451171875 0.32307607421875 0.9286361328125 0.33203505859375 0.93124912109375 0.3283021484375 0.928262890625 0.3204630859375 0.9443142578125 0.3010521484375 0.967084765625 0.2980658203125 0.96745810546875 0.32195625 0.95513955078125 0.3223294921875 0.94506083984375 0.31187744140625 0.94095458984375 0.31785009765625 0.96484501953125 0.3331548828125 0.94730048828125 0.363764453125 0.9062388671875 0.33838095703125
0 0.90216572265625 0.3459306640625 0.92101513671875 0.355659375 0.9197990234375 0.3714685546875 0.9471611328125 0.37207666015625 0.94533701171875 0.41220771484375 0.9094623046875 0.41281572265625 0.90824619140625 0.37329267578125 0.89669326171875 0.370860546875 0.90216572265625 0.3459306640625
0 0.92047587890625 0.41616123046875 0.95573095703125 0.4166376953125 0.954778125 0.45999189453125 0.9214287109375 0.4590390625 0.92047587890625 0.45093994140625 0.91047109375 0.449987109375 0.91047109375 0.4295009765625 0.91857021484375 0.4295009765625 0.92047587890625 0.41616123046875
0 0.9090884765625 0.46178173828125 0.9131171875 0.463930859375 0.91282470703125 0.47358271484375 0.91750439453125 0.47358271484375 0.9183818359375 0.46510078125 0.95289453125 0.46480830078125 0.955234375 0.50517060546875 0.9382705078125 0.5078029296875 0.9160419921875 0.50575556640625 0.91516455078125 0.4833150390625 0.92218408203125 0.48185263671875 0.92101416015625 0.4792203125 0.89820068359375 0.48068271484375 0.89703076171875 0.461671484375 0.89937060546875 0.461671484375 0.9090884765625 0.46178173828125
0 0.895789453125 0.5115587890625 0.91841376953125 0.51066103515625 0.91949111328125 0.5174841796875 0.9472603515625 0.514611328125 0.9505953125 0.551295703125 0.92343935546875 0.5517720703125 0.92010439453125 0.53128603515625 0.89771259765625 0.52795107421875 0.895789453125 0.5115587890625
0 0.91143779296875 0.55663193359375 0.92221123046875 0.55555458984375 0.9240068359375 0.5589662109375 0.92490458984375 0.55609326171875 0.9245455078125 0.5541181640625 0.9549580078125 0.5531833984375 0.9563330078125 0.57701669921875 0.95610390625 0.57701669921875 0.95381220703125 0.5930583984375 0.9235623046875 0.5932875 0.92035390625 0.580225 0.91004140625 0.5793083984375 0.9091248046875 0.56303759765625 0.91143779296875 0.55663193359375
0 0.89712333984375 0.6028115234375 0.91408720703125 0.60193408203125 0.91467216796875 0.61363330078125 0.9196443359375 0.6133408203125 0.9208142578125 0.60690625 0.952109765625 0.605736328125 0.95532705078125 0.64814599609375 0.91993681640625 0.64873095703125 0.915549609375 0.6209453125 0.8956609375 0.61948291015625 0.89712333984375 0.6028115234375
0 0.89724716796875 0.65131533203125 0.9569732421875 0.651688671875 0.9569732421875 0.6920037109375 0.9110587890625 0.69424345703125 0.90993896484375 0.6822982421875 0.9200177734375 0.68155166015625 0.9207642578125 0.66736669921875 0.8983669921875 0.6666201171875 0.89724716796875 0.65131533203125
0 0.9032783203125 0.69727412109375 0.95330244140625 0.698226953125 0.9561609375 0.73824619140625 0.9190001953125 0.7368169921875 0.92042939453125 0.72395361328125 0.91518876953125 0.71871298828125 0.90470751953125 0.71776015625 0.9037546875 0.71680732421875 0.9032783203125 0.69727412109375
0 0.89880634765625 0.7443419921875 0.93596708984375 0.742436328125 0.947401171875 0.78483779296875 0.91786318359375 0.796271875 0.9088111328125 0.775309375 0.905476171875 0.7705451171875 0.903094140625 0.76054033203125 0.897853515625 0.76244599609375 0.89880634765625 0.7443419921875
0 0.8990810546875 0.8058150390625 0.94014267578125 0.791630078125 0.9505947265625 0.80320205078125 0.9565673828125 0.8009623046875 0.96216669921875 0.80506845703125 0.9632865234375 0.81141435546875 0.969632421875 0.81514716796875 0.97373857421875 0.82559931640625 0.95134130859375 0.85023623046875 0.94163583984375 0.8427705078125 0.9379029296875 0.8330650390625 0.93864951171875 0.826719140625 0.92595771484375 0.83231845703125 0.9218515625 0.82186640625 0.90617353515625 0.82895888671875 0.8990810546875 0.8058150390625
0 0.9984357421875 0.850532421875 0.99515341796875 0.8550322265625 0.99559931640625 0.86752119140625 0.9806828125 0.8713234375 0.977945703125 0.86447568359375 0.976334375 0.8565787109375 0.982383984375 0.8547498046875 0.9753216796875 0.82483740234375 0.9848818359375 0.82246240234375 0.98525517578125 0.81872958984375 0.99843564453125 0.8127232421875 0.9984357421875 0.850532421875
0 0.8197181640625 0.51229736328125 0.8499544921875 0.51267060546875 0.85518046875 0.532828125 0.86413935546875 0.533948046875 0.86563251953125 0.55410556640625 0.82083798828125 0.55746513671875 0.81785166015625 0.5130439453125 0.8197181640625 0.51229736328125
0 0.82761494140625 0.5601119140625 0.8608375 0.55749892578125 0.86419716796875 0.5821359375 0.8817416015625 0.58288251953125 0.88434052734375 0.5999591796875 0.86564775390625 0.60254384765625 0.861957421875 0.5933345703125 0.82798818359375 0.59594755859375 0.82612177734375 0.58960166015625 0.8272416015625 0.586988671875 0.82313544921875 0.58586884765625 0.822015625 0.57504345703125 0.82761494140625 0.57317705078125 0.82761494140625 0.5601119140625
0 0.82715419921875 0.60603837890625 0.8450291015625 0.6016841796875 0.8574041015625 0.60328837890625 0.878258203125 0.6044341796875 0.8780291015625 0.6243716796875 0.8656541015625 0.62528837890625 0.86725830078125 0.63628828125 0.889945703125 0.6360591796875 0.8890291015625 0.65553828125 0.86725830078125 0.65599658203125 0.8670291015625 0.64339248046875 0.84869580078125 0.63857998046875 0.82875830078125 0.64132998046875 0.82325830078125 0.6374341796875 0.82165419921875 0.61085087890625 0.82646669921875 0.611767578125 0.82715419921875 0.60603837890625
0 0.8191806640625 0.651309765625 0.85135361328125 0.65101728515625 0.8484287109375 0.6788029296875 0.88820615234375 0.6834826171875 0.88200068359375 0.707128125 0.8627603515625 0.7022013671875 0.866855078125 0.68786982421875 0.846673828125 0.6852375 0.8180107421875 0.68289765625 0.8191806640625 0.651309765625
0 0.8130361328125 0.698043359375 0.854484765625 0.70471318359375 0.854484765625 0.7118595703125 0.85877255859375 0.71281240234375 0.85591396484375 0.729487109375 0.8497205078125 0.726628515625 0.846385546875 0.7385390625 0.8077955078125 0.729487109375 0.80588984375 0.71805302734375 0.8130361328125 0.698043359375
0 0.8066759765625 0.7387748046875 0.8381197265625 0.7506853515625 0.83335546875 0.76593076171875 0.83621396484375 0.7716478515625 0.8223978515625 0.7978509765625 0.7909541015625 0.78355830078125 0.79571826171875 0.77117138671875 0.7895248046875 0.76545439453125 0.8066759765625 0.7387748046875
0 0.82293251953125 0.80164609375 0.81640224609375 0.821951171875 0.81085283203125 0.82244140625 0.80966806640625 0.82149677734375 0.8086138671875 0.8203505859375 0.80715888671875 0.8196775390625 0.805283203125 0.820146484375 0.80445703125 0.82346689453125 0.80856318359375 0.82533330078125 0.80184404296875 0.837278515625 0.76936796875 0.8227203125 0.78728583984375 0.786511328125 0.82293251953125 0.80164609375
0 0.72722548828125 0.86986083984375 0.7455166015625 0.837384765625 0.78433857421875 0.853062890625 0.76194130859375 0.89076494140625 0.72647890625 0.8728470703125 0.72722548828125 0.86986083984375
0 0.8323576171875 0.85874169921875 0.82241328125 0.88126279296875 0.8124689453125 0.87570556640625 0.80632685546875 0.8909146484375 0.79901484375 0.90173642578125 0.7700591796875 0.88652744140625 0.7840982421875 0.86225146484375 0.80164716796875 0.87102587890625 0.80808173828125 0.868978515625 0.81505859375 0.85111328125 0.81540185546875 0.85049287109375 0.8323576171875 0.85874169921875
0 0.81646416015625 0.8963447265625 0.83852509765625 0.8787021484375 0.85168671875 0.8962509765625 0.85782880859375 0.89244873046875 0.86718818359375 0.9032705078125 0.87830244140625 0.9021005859375 0.8826896484375 0.92520654296875 0.86543330078125 0.926083984375 0.86075361328125 0.90941259765625 0.855196484375 0.909705078125 0.8370626953125 0.926083984375 0.81382890625 0.89852763671875 0.81646416015625 0.8963447265625
0 0.83559501953125 0.9388333984375 0.87975966796875 0.9376634765625 0.88151455078125 0.95316494140625 0.871277734375 0.95462734375 0.86314541015625 0.9969412109375 0.84797470703125 0.98751044921875 0.85507880859375 0.97628125 0.861724609375 0.97834375 0.863787109375 0.97032294921875 0.83559501953125 0.97012880859375 0.83559501953125 0.9388333984375
0 0.96164443359375 0.99900830078125 0.96549072265625 0.99195673828125 0.96432080078125 0.9823048828125 0.9733876953125 0.971190625 0.99181396484375 0.98288984375 0.99415380859375 0.9945890625 0.99843603515625 0.994814453125 0.99843603515625 0.99900751953125 0.96164443359375 0.99900830078125
0 0.79975029296875 0.9990109375 0.79751962890625 0.99140625 0.82776953125 0.98682294921875 0.83179677734375 0.99901044921875 0.79975029296875 0.9990109375
0 0.7384119140625 0.99901162109375 0.750646484375 0.97256337890625 0.760351953125 0.98077568359375 0.7666978515625 0.97666953125 0.776030078125 0.9908544921875 0.777896484375 0.99346748046875 0.77694609375 0.9990111328125 0.7384119140625 0.99901162109375
0 0.72219697265625 0.99901171875 0.70025263671875 0.9878681640625 0.6927869140625 0.99682705078125 0.6849478515625 0.99234755859375 0.70659853515625 0.954272265625 0.71630400390625 0.95315234375 0.7219033203125 0.948299609375 0.73907451171875 0.96024482421875 0.73982109375 0.965844140625 0.74392724609375 0.97293662109375 0.72666376953125 0.99901171875 0.72219697265625 0.99901171875
0 0.68905400390625 0.975549609375 0.688307421875 0.9751763671875 0.670762890625 0.96323115234375 0.66367041015625 0.965844140625 0.6562046875 0.96285791015625 0.65396494140625 0.963977734375 0.64276630859375 0.97405654296875 0.63007451171875 0.95875166015625 0.64724580078125 0.94419345703125 0.6576978515625 0.95651201171875 0.66591015625 0.95688525390625 0.66814990234375 0.95315234375 0.66553681640625 0.94755302734375 0.67673544921875 0.92216953125 0.707718359375 0.94531337890625 0.68905400390625 0.975549609375
0 0.59192197265625 0.99901259765625 0.60042724609375 0.984059765625 0.6159287109375 0.99078681640625 0.6154064453125 0.9990125 0.59192197265625 0.99901259765625
0 -0.0 0.359578515625 0.00865078125 0.3671830078125 -0.0 0.3902890625 -0.0 0.359578515625
0 0.00397109375 0.38824169921875 0.0197650390625 0.35928603515625 0.02883193359375 0.36396572265625 0.03292666015625 0.36045595703125 0.05398525390625 0.3730326171875 0.040238671875 0.40345068359375 0.02824697265625 0.4014033203125 0.03117177734375 0.39730859375 0.02268984375 0.3943837890625 0.02005751953125 0.4025732421875 0.00718837890625 0.39584619140625 0.00397109375 0.38824169921875
0 0.0433443359375 0.41892470703125 0.05864912109375 0.38122265625 0.07806005859375 0.38868837890625 0.080673046875 0.3808494140625 0.098217578125 0.39130146484375 0.086645703125 0.427137109375 0.07470048828125 0.423030859375 0.059395703125 0.43124326171875 0.0433443359375 0.41892470703125
0 0.09336484375 0.41892470703125 0.1030703125 0.39914052734375 0.113895703125 0.40100693359375 0.141145703125 0.4129521484375 0.12472099609375 0.449534375 0.0914984375 0.43273642578125 0.096351171875 0.42153779296875 0.09336484375 0.41892470703125
0 0.1341396484375 0.443127734375 0.142512890625 0.41753740234375 0.15274970703125 0.419584765625 0.16269404296875 0.41578251953125 0.18141279296875 0.42631181640625 0.17075107421875 0.4601884765625 0.15669267578125 0.461448046875 0.1473802734375 0.4583439453125 0.14815625 0.45291162109375 0.13565 0.44862587890625 0.1341396484375 0.443127734375
0 0.17510869140625 0.4531330078125 0.18563798828125 0.426809765625 0.20786650390625 0.43295185546875 0.22465888671875 0.44010390625 0.21513046875 0.47583544921875 0.19940859375 0.47059482421875 0.1970265625 0.45820791015625 0.1936916015625 0.4605900390625 0.195597265625 0.47726474609375 0.18940380859375 0.4801232421875 0.17320546875 0.47250048828125 0.17844609375 0.4605900390625 0.17510869140625 0.4531330078125
0 0.29247236328125 0.50166171875 0.2933498046875 0.4899625 0.3027091796875 0.46568662109375 0.31762568359375 0.4648091796875 0.3275701171875 0.47329111328125 0.3380994140625 0.47358359375 0.34014677734375 0.4882076171875 0.33634453125 0.5104361328125 0.3252302734375 0.51014365234375 0.31996552734375 0.50868125 0.319673046875 0.50897373046875 0.3138234375 0.51248349609375 0.30914375 0.51072861328125 0.30943623046875 0.507511328125 0.29422724609375 0.50429404296875 0.29247236328125 0.50166171875
0 0.35018046875 0.4807474609375 0.37855029296875 0.48112080078125 0.38041669921875 0.49194609375 0.38974892578125 0.493066015625 0.38638935546875 0.5236755859375 0.34682080078125 0.51919609375 0.35018046875 0.4807474609375
0 0.39422841796875 0.524048828125 0.3972146484375 0.48933310546875 0.4020673828125 0.48970634765625 0.40468046875 0.485226953125 0.428944140625 0.48783994140625 0.428944140625 0.49231943359375 0.43790302734375 0.49418583984375 0.43976953125 0.5012783203125 0.43491669921875 0.52778173828125 0.4304373046875 0.5266619140625 0.43006396484375 0.5303947265625 0.411399609375 0.5315146484375 0.3972146484375 0.52442216796875 0.39422841796875 0.524048828125
0 0.45022158203125 0.531887890625 0.45022158203125 0.52143583984375 0.45246123046875 0.49119951171875 0.4644064453125 0.48783994140625 0.4752318359375 0.493066015625 0.49202978515625 0.4945591796875 0.4961359375 0.50389130859375 0.4879236328125 0.5363673828125 0.4722455078125 0.54047353515625 0.4532078125 0.5315146484375 0.45022158203125 0.531887890625
0 0.52079560546875 0.500816015625 0.52430537109375 0.50052353515625 0.5245978515625 0.49233408203125 0.535712109375 0.48589951171875 0.5439015625 0.4920416015625 0.55706328125 0.49028671875 0.55969560546875 0.51339267578125 0.55618583984375 0.52304453125 0.558233203125 0.5300640625 0.55794072265625 0.5329888671875 0.5234279296875 0.53269638671875 0.524012890625 0.5142701171875 0.52489033203125 0.5142701171875 0.52489033203125 0.50929794921875 0.52664521484375 0.50900546875 0.52664521484375 0.50871298828125 0.526352734375 0.50461826171875 0.52079560546875 0.500816015625
0 0.518165234375 0.5771455078125 0.5129392578125 0.55698798828125 0.51891181640625 0.53757705078125 0.55250771484375 0.539816796875 0.54914814453125 0.54690927734375 0.55549404296875 0.55176201171875 0.5547474609375 0.5637072265625 0.54952138671875 0.56482705078125 0.55362763671875 0.57191953125 0.5487748046875 0.5819982421875 0.51853857421875 0.578638671875 0.518165234375 0.5771455078125
0 0.5039802734375 0.59058388671875 0.537576171875 0.5849845703125 0.54280224609375 0.60290244140625 0.54280224609375 0.61484755859375 0.53981591796875 0.6297791015625 0.5099529296875 0.631272265625 0.506593359375 0.62753935546875 0.5069666015625 0.619700390625 0.49950087890625 0.619700390625 0.500620703125 0.6055154296875 0.5051001953125 0.6055154296875 0.50360703125 0.59207705078125 0.5039802734375 0.59058388671875
0 0.52183662109375 0.66252978515625 0.52534638671875 0.65024560546875 0.53295087890625 0.65375537109375 0.54026298828125 0.6385462890625 0.5446501953125 0.63942373046875 0.54552763671875 0.62947939453125 0.5522546875 0.6245072265625 0.5610291015625 0.63357412109375 0.55020732421875 0.64410341796875 0.5563494140625 0.644980859375 0.55781181640625 0.6438109375 0.5610291015625 0.6420560546875 0.58062529296875 0.6622373046875 0.5633689453125 0.6879755859375 0.55371708984375 0.68505078125 0.55488701171875 0.67773876953125 0.52183662109375 0.66369970703125 0.52183662109375 0.66252978515625
0 0.5913115234375 0.64080625 0.62602734375 0.626248046875 0.64917119140625 0.6714158203125 0.62602734375 0.68186787109375 0.62042802734375 0.67552197265625 0.62416083984375 0.66395009765625 0.62080126953125 0.6617103515625 0.61818828125 0.66992265625 0.60437666015625 0.67178916015625 0.59270810546875 0.64990546875 0.5913115234375 0.64080625
0 0.63222275390625 0.61059482421875 0.6389419921875 0.581105078125 0.6680583984375 0.58222490234375 0.66880498046875 0.60947490234375 0.66395224609375 0.61208798828125 0.6695515625 0.62328662109375 0.6729111328125 0.621046875 0.68709609375 0.63933798828125 0.67365771484375 0.65576259765625 0.65573994140625 0.6419509765625 0.66432548828125 0.6273927734375 0.6613392578125 0.61731396484375 0.6423015625 0.6176873046875 0.64304814453125 0.61246123046875 0.63222275390625 0.61059482421875
0 0.64007451171875 0.57328623046875 0.6382080078125 0.5531287109375 0.62439638671875 0.5531287109375 0.62439638671875 0.5355841796875 0.67404365234375 0.5355841796875 0.67367041015625 0.57291298828125 0.64007451171875 0.57328623046875
0 0.6293693359375 0.52169169921875 0.62651083984375 0.50168203125 0.63413359375 0.50168203125 0.63413359375 0.4969177734375 0.65509609375 0.49548857421875 0.65604892578125 0.50120556640625 0.66271875 0.4997763671875 0.66033671875 0.49024794921875 0.68463408203125 0.48834228515625 0.68415771484375 0.50644619140625 0.664148046875 0.5102576171875 0.66367158203125 0.53217294921875 0.62984580078125 0.5312201171875 0.6293693359375 0.52169169921875
0 0.70361240234375 0.4859005859375 0.75017470703125 0.47736416015625 0.7517267578125 0.50142138671875 0.74862255859375 0.52392646484375 0.70826865234375 0.5247025390625 0.70438837890625 0.5029734375 0.712148828125 0.5029734375 0.707492578125 0.49831728515625 0.70361240234375 0.4859005859375
0 0.70308798828125 0.55304560546875 0.7043041015625 0.54149267578125 0.7097765625 0.54149267578125 0.7134248046875 0.52993984375 0.74854560546875 0.52708623046875 0.748468359375 0.5700142578125 0.714780859375 0.56909765625 0.7152392578125 0.5645142578125 0.70744755859375 0.56222265625 0.70308798828125 0.55304560546875
0 0.69749638671875 0.57511474609375 0.7124279296875 0.573994921875 0.71504091796875 0.58482021484375 0.72287998046875 0.58482021484375 0.72549296875 0.57698115234375 0.75162314453125 0.57698115234375 0.75348955078125 0.61841611328125 0.71989365234375 0.61953603515625 0.71765400390625 0.60236474609375 0.7191470703125 0.59265927734375 0.7142943359375 0.59228603515625 0.71317451171875 0.59788525390625 0.6997361328125 0.59751201171875 0.69702841796875 0.58611689453125 0.69749638671875 0.57511474609375
0 0.70985244140625 0.6702048828125 0.7246044921875 0.67099404296875 0.7427115234375 0.67577119140625 0.738553125 0.719452734375 0.70267841796875 0.71276416015625 0.7020703125 0.70607568359375 0.699030078125 0.701211328125 0.7014623046875 0.69391474609375 0.70571865234375 0.68175380859375 0.70997490234375 0.6823619140625 0.70936689453125 0.6702009765625 0.70985244140625 0.6702048828125
0 0.69623623046875 0.623277734375 0.7111677734375 0.62215791015625 0.71340751953125 0.632983203125 0.717513671875 0.63335654296875 0.7190068359375 0.63037021484375 0.7395376953125 0.63372978515625 0.7402841796875 0.64194208984375 0.75185615234375 0.64492841796875 0.7432705078125 0.67068525390625 0.7178869140625 0.6647126953125 0.7178869140625 0.642688671875 0.698102734375 0.642688671875 0.69623623046875 0.623277734375
0 -0.0 0.99900751953125 -0.0 0.94515986328125 0.03640830078125 0.955981640625 0.03011865234375 0.99900810546875 -0.0 0.99900751953125
0 0.0355876953125 0.94665947265625 0.0093845703125 0.92760263671875 0.0146251953125 0.914262890625 0.027012109375 0.91902705078125 0.04368681640625 0.898541015625 0.042733984375 0.89187109375 0.0308234375 0.8966353515625 0.0251064453125 0.88377197265625 0.06464931640625 0.87710205078125 0.0670314453125 0.898541015625 0.04511611328125 0.90806943359375 0.0670314453125 0.9266498046875 0.0355876953125 0.94665947265625
0 0.07206298828125 0.89486337890625 0.0893193359375 0.89018369140625 0.09195166015625 0.88433408203125 0.10745322265625 0.88023935546875 0.1106705078125 0.88930625 0.117105078125 0.89193857421875 0.1223697265625 0.91943173828125 0.10745322265625 0.92937607421875 0.0934140625 0.92703623046875 0.08171484375 0.92996103515625 0.07206298828125 0.89486337890625
0 0.0512953125 0.8649111328125 0.04718916015625 0.84960634765625 0.05950771484375 0.84960634765625 0.06025419921875 0.84438037109375 0.04830908203125 0.84438037109375 0.04382958984375 0.83056865234375 0.09049052734375 0.81862353515625 0.100942578125 0.84811318359375 0.10131591796875 0.86528447265625 0.0512953125 0.8649111328125
0 0.05652138671875 0.813770703125 0.05689462890625 0.80593173828125 0.0527884765625 0.80518515625 0.05316181640625 0.7719625 0.06883984375 0.7798015625 0.06921318359375 0.773082421875 0.078355859375 0.773234375 0.07891865234375 0.77756181640625 0.08713095703125 0.77382900390625 0.097209765625 0.79659951171875 0.08825078125 0.81302421875 0.05652138671875 0.813770703125
0 0.03274755859375 0.74467470703125 0.034794921875 0.72712587890625 0.053513671875 0.72858828125 0.05380615234375 0.73824013671875 0.0622880859375 0.73794765625 0.06404296875 0.727418359375 0.10001806640625 0.7326830078125 0.09592333984375 0.768365625 0.0540986328125 0.7666107421875 0.0505888671875 0.7537416015625 0.05936328125 0.75227919921875 0.05848583984375 0.746137109375 0.03854228515625 0.74483798828125 0.03274755859375 0.74467470703125
0 -0.0 0.71507626953125 0.01770595703125 0.7235888671875 0.010409375 0.7539912109375 -0.0 0.7539912109375 -0.0 0.71507626953125
0 -0.0 0.61070703125 -0.0 0.59784365234375 0.00914833984375 0.601655078125 0.00724267578125 0.63166953125 -0.0 0.630240234375 -0.0 0.61070703125
0 0.32859111328125 0.99901220703125 0.3191822265625 0.9957072265625 0.32926103515625 0.97928251953125 0.3426994140625 0.98824140625 0.34867197265625 0.98749482421875 0.34680556640625 0.98226884765625 0.36323017578125 0.95688525390625 0.3912267578125 0.9785359375 0.37683798828125 0.9990125 0.369311328125 0.9990125 0.35875078125 0.99346748046875 0.344192578125 0.99608046875 0.344192578125 0.9990123046875 0.32859111328125 0.99901220703125
0 0.29837373046875 0.93608291015625 0.325250390625 0.921524609375 0.33047646484375 0.92563076171875 0.33868876953125 0.92525751953125 0.3413017578125 0.92861708984375 0.34839423828125 0.952880859375 0.31965107421875 0.96855888671875 0.29837373046875 0.93608291015625
0 0.2491435546875 0.89824345703125 0.2678623046875 0.8897615234375 0.275759375 0.90233818359375 0.28511875 0.89999833984375 0.28424130859375 0.8932712890625 0.30179013671875 0.883326953125 0.30705478515625 0.8897615234375 0.314366796875 0.88478935546875 0.3254810546875 0.9026306640625 0.32226376953125 0.9078953125 0.328405859375 0.91579228515625 0.2974029296875 0.93158623046875 0.293308203125 0.923104296875 0.294478125 0.9190095703125 0.28950595703125 0.91930205078125 0.2892134765625 0.91462236328125 0.28511875 0.9078953125 0.2833638671875 0.90877275390625 0.2602578125 0.92105693359375 0.2491435546875 0.89824345703125
0 0.21997333984375 0.97979853515625 0.23303583984375 0.96650693359375 0.24884833984375 0.96123603515625 0.26122333984375 0.979340234375 0.277494140625 0.96788193359375 0.2790982421875 0.96948603515625 0.28918154296875 0.97971875 0.274056640625 0.99369794921875 0.26488994140625 0.98246875 0.24564423828125 0.99901142578125 0.2310888671875 0.999011328125 0.21997333984375 0.97979853515625
0 0.215979296875 0.97096064453125 0.21485947265625 0.9687208984375 0.20216767578125 0.9463236328125 0.2077669921875 0.9414708984375 0.20552724609375 0.93736474609375 0.22083203125 0.92803251953125 0.2271779296875 0.92952568359375 0.2301642578125 0.926539453125 0.22605810546875 0.91795380859375 0.2436025390625 0.90974150390625 0.251068359375 0.92579287109375 0.23427041015625 0.93251201171875 0.24434912109375 0.9571490234375 0.2301642578125 0.9608818359375 0.215979296875 0.97096064453125
0 0.19572744140625 0.9247033203125 0.1895853515625 0.91388154296875 0.184320703125 0.91446650390625 0.17700869140625 0.8840484375 0.20947412109375 0.8741041015625 0.2202958984375 0.89662509765625 0.216201171875 0.9021822265625 0.22351318359375 0.9141740234375 0.19572744140625 0.9247033203125
0 0.17613125 0.8787837890625 0.17583876953125 0.87702890625 0.166771875 0.83695908203125 0.20011474609375 0.8284771484375 0.21002587890625 0.84838984375 0.2097666015625 0.870009375 0.17613125 0.8787837890625
0 0.1616001953125 0.781021484375 0.17684560546875 0.7791158203125 0.1916146484375 0.78387998046875 0.1935203125 0.8038896484375 0.200190234375 0.79388486328125 0.2073365234375 0.79817265625 0.20638369140625 0.8262814453125 0.1849447265625 0.81913515625 0.16969931640625 0.8267578125 0.1616001953125 0.781021484375
0 0.17087509765625 0.7312142578125 0.2067498046875 0.73547060546875 0.20857392578125 0.76100859375 0.20492568359375 0.7798580078125 0.190940625 0.77560166015625 0.1672267578125 0.7707373046875 0.17087509765625 0.7312142578125
0 0.1720912109375 0.7190533203125 0.1812119140625 0.68317861328125 0.200061328125 0.685002734375 0.222558984375 0.6977716796875 0.21465439453125 0.73607861328125 0.2006693359375 0.7251337890625 0.190940625 0.72087744140625 0.1733072265625 0.721485546875 0.1720912109375 0.7190533203125
0 0.189069921875 0.67139453125 0.19288125 0.6628189453125 0.20517138671875 0.63298427734375 0.2425001953125 0.6527685546875 0.22420908203125 0.69084384765625 0.18874677734375 0.67329931640625 0.189069921875 0.67139453125
0 0.2605484375 0.83674677734375 0.29103935546875 0.83102978515625 0.3005677734375 0.84341669921875 0.30533193359375 0.84341669921875 0.30485546875 0.85580361328125 0.29627998046875 0.85723291015625 0.301044140625 0.87104912109375 0.28389296875 0.87581328125 0.28103447265625 0.88153037109375 0.26817119140625 0.87676611328125 0.2605484375 0.83674677734375
0 0.2623171875 0.819159375 0.2616296875 0.83359677734375 0.25154638671875 0.8303884765625 0.25154638671875 0.80930517578125 0.26048388671875 0.80907607421875 0.25979638671875 0.80449267578125 0.2478796875 0.804034375 0.2517755859375 0.78157607421875 0.29302548828125 0.78088857421875 0.29616611328125 0.80619580078125 0.3014369140625 0.8066541015625 0.3007494140625 0.822008203125 0.26293701171875 0.819258203125 0.2623171875 0.819159375
0 0.23587744140625 0.7787625 0.23748154296875 0.75974169921875 0.25260654296875 0.76020009765625 0.25237744140625 0.75057509765625 0.24618994140625 0.74851259765625 0.2500857421875 0.7324708984375 0.24275244140625 0.7255958984375 0.25443994140625 0.708179296875 0.26910654296875 0.721929296875 0.25650234375 0.74095009765625 0.27735654296875 0.7407208984375 0.29156484375 0.74713759765625 0.29064814453125 0.7627208984375 0.28468984375 0.77830419921875 0.23587744140625 0.7787625
0 0.2725615234375 0.680930859375 0.28703505859375 0.6742609375 0.29003525390625 0.68085537109375 0.2976580078125 0.6803458984375 0.29974755859375 0.6854025390625 0.319431640625 0.67854873046875 0.33277138671875 0.714756640625 0.2913228515625 0.73095498046875 0.2725615234375 0.680930859375
0 0.33884384765625 0.7094177734375 0.35313642578125 0.68178544921875 0.36409404296875 0.6846439453125 0.37457529296875 0.68178544921875 0.3841037109375 0.68559677734375 0.38362734375 0.69417236328125 0.39172646484375 0.6989365234375 0.376957421875 0.72895107421875 0.36695263671875 0.72180478515625 0.35837705078125 0.72704541015625 0.3474193359375 0.72037548828125 0.34694296875 0.7160876953125 0.33884384765625 0.70989423828125 0.33884384765625 0.7094177734375
0 0.378083984375 0.73635703125 0.38469794921875 0.73084541015625 0.39263466796875 0.73106591796875 0.396162109375 0.7315068359375 0.41082880859375 0.72692353515625 0.418162109375 0.7523609375 0.41632880859375 0.76290263671875 0.409224609375 0.76977763671875 0.3842455078125 0.77550673828125 0.3808080078125 0.7674859375 0.38103720703125 0.76175673828125 0.37645380859375 0.7521318359375 0.37576630859375 0.74021513671875 0.378083984375 0.73635703125
0 0.3741828125 0.78584677734375 0.3999396484375 0.782487109375 0.4047923828125 0.79405908203125 0.40329931640625 0.798165234375 0.40815205078125 0.80227138671875 0.40815205078125 0.8220556640625 0.39696484375 0.82315625 0.37455615234375 0.82802822265625 0.37306298828125 0.8205625 0.37156982421875 0.8026447265625 0.37200458984375 0.79394755859375 0.3756759765625 0.790326171875 0.3741828125 0.78584677734375
0 0.3840599609375 0.83545869140625 0.40424111328125 0.826391796875 0.41506298828125 0.8375060546875 0.423544921875 0.85359248046875 0.4299794921875 0.8550548828125 0.43027197265625 0.862659375 0.4288095703125 0.86529169921875 0.40073134765625 0.87640595703125 0.39195693359375 0.85563984375 0.379965234375 0.86119697265625 0.37440810546875 0.8445255859375 0.38552236328125 0.84072333984375 0.3840599609375 0.83545869140625
0 0.4037310546875 0.88865009765625 0.42825185546875 0.86940009765625 0.43627265625 0.8691708984375 0.45575185546875 0.8989625 0.43340751953125 0.92482158203125 0.40786953125 0.90414794921875 0.4037310546875 0.88865009765625
0 0.4443662109375 0.92735634765625 0.45389462890625 0.9111580078125 0.46437587890625 0.8963890625 0.48914970703125 0.9087759765625 0.48772041015625 0.9163986328125 0.49248466796875 0.91973359375 0.47676279296875 0.94688955078125 0.465805078125 0.944507421875 0.4443662109375 0.92735634765625
0 0.48295625 0.95737080078125 0.5005837890625 0.92497421875 0.5124943359375 0.92783271484375 0.52202275390625 0.94164892578125 0.5282162109375 0.94117255859375 0.54679658203125 0.92497421875 0.560136328125 0.94069609375 0.53965029296875 0.95594150390625 0.533933203125 0.947366015625 0.528692578125 0.95022451171875 0.51725849609375 0.9688048828125 0.48295625 0.95880009765625 0.48295625 0.95737080078125
0 0.5954083984375 0.898497265625 0.574922265625 0.86991201171875 0.590644140625 0.85514296875 0.588262109375 0.85085517578125 0.60541318359375 0.8389447265625 0.62971064453125 0.8689591796875 0.5954083984375 0.898497265625
0 0.562644921875 0.9287087890625 0.55452275390625 0.91890703125 0.54027548828125 0.89930498046875 0.54787265625 0.8929740234375 0.55335947265625 0.8983201171875 0.5578615234375 0.8974759765625 0.55504775390625 0.89114501953125 0.5509677734375 0.88706513671875 0.566865625 0.8748251953125 0.573584765625 0.88490400390625 0.5750779296875 0.88042451171875 0.59374228515625 0.90244853515625 0.562644921875 0.9287087890625
