3 0.05325498046875 8.7890625e-07 0.05307568359375 0.00245205078125 0.027509375 0.0044705078125 0.027880859375 5.859375e-07 0.05325498046875 8.7890625e-07
4 3.2421875e-05 1.201171875e-05 0.00452158203125 2.9296875e-07 0.004647265625 2.9296875e-07 0.0051728515625 0.01619716796875 3.2421875e-05 0.01619716796875 3.2421875e-05 1.201171875e-05
3 0.05363779296875 0.0116220703125 0.07161103515625 0.00816201171875 0.0738216796875 0.019983984375 0.0562005859375 0.02360439453125 0.05363779296875 0.0116220703125
3 0.05668330078125 0.04537158203125 0.07434755859375 0.04009677734375 0.0775369140625 0.0507689453125 0.05962734375 0.05665703125 0.05668330078125 0.04537158203125
3 0.02116953125 0.04572568359375 0.052694921875 0.04486064453125 0.05346376953125 0.06139228515625 0.02105888671875 0.06194130859375 0.02116953125 0.04572568359375
2 0.0364169921875 0.06865166015625 0.04816953125 0.06254716796875 0.05329052734375 0.07181005859375 0.04139189453125 0.0786630859375 0.0364169921875 0.06865166015625
3 3.2421875e-05 0.0640310546875 0.0023107421875 0.06425078125 0.002461328125 0.0747185546875 3.2421875e-05 0.0750158203125 3.2421875e-05 0.0640310546875
3 0.0240466796875 0.08405029296875 0.03960341796875 0.08433681640625 0.03956015625 0.09608486328125 0.02400859375 0.09631083984375 0.0240466796875 0.08405029296875
2 0.053017578125 0.0931005859375 0.0592650390625 0.1079982421875 0.05244091796875 0.110689453125 0.05349814453125 0.11366904296875 0.0259134765625 0.12318427734375 0.0222611328125 0.1043458984375 0.0354287109375 0.09992470703125 0.03629375 0.1025197265625 0.038023828125 0.10165478515625 0.0369666015625 0.0984830078125 0.053017578125 0.0931005859375
3 0.05307607421875 0.079887109375 0.06530087890625 0.07322568359375 0.07272587890625 0.08597666015625 0.06070439453125 0.09235546875 0.05307607421875 0.079887109375
3 0.0694134765625 0.09602734375 0.0872470703125 0.0869953125 0.09684599609375 0.10366494140625 0.0782025390625 0.1132287109375 0.0694134765625 0.09602734375
3 0.10841142578125 0.06416123046875 0.12610263671875 0.05398486328125 0.13706181640625 0.0749638671875 0.119840234375 0.08451396484375 0.10841142578125 0.06416123046875
4 3.251953125e-05 0.12131025390625 0.009194140625 0.12159755859375 0.009098046875 0.1366875 3.251953125e-05 0.1366875 3.251953125e-05 0.12131025390625
4 3.251953125e-05 0.136690234375 0.00423486328125 0.13705537109375 0.00423486328125 0.14803046875 3.251953125e-05 0.14803046875 3.251953125e-05 0.136690234375
4 3.251953125e-05 0.155940625 0.01281806640625 0.156266015625 0.0127345703125 0.17159375 3.251953125e-05 0.17160634765625 3.251953125e-05 0.155940625
3 0.02857138671875 0.14864296875 0.05253349609375 0.1404802734375 0.05662265625 0.15080068359375 0.0314982421875 0.1588755859375 0.02857138671875 0.14864296875
3 0.0315365234375 0.16410556640625 0.0612568359375 0.1583240234375 0.066085546875 0.1820771484375 0.03545048828125 0.18633701171875 0.0315365234375 0.16410556640625
3 0.0451125 0.2141537109375 0.0638673828125 0.20930595703125 0.0678951171875 0.22548876953125 0.04781484375 0.2309416015625 0.0451125 0.2141537109375
2 0.0913142578125 0.2021267578125 0.10590068359375 0.19573271484375 0.11129560546875 0.20892041015625 0.0963095703125 0.2151146484375 0.0913142578125 0.2021267578125
3 3.251953125e-05 0.20308681640625 0.00762919921875 0.20339853515625 0.00668984375 0.22108984375 3.251953125e-05 0.22077822265625 3.251953125e-05 0.20308681640625
3 3.251953125e-05 0.2244126953125 0.02629091796875 0.2244126953125 0.02660400390625 0.24366953125 3.251953125e-05 0.243200390625 3.251953125e-05 0.2244126953125
3 0.04544423828125 0.2411849609375 0.07414873046875 0.2340701171875 0.07770283203125 0.2489076171875 0.04900927734375 0.25564892578125 0.04544423828125 0.2411849609375
3 0.0792986328125 0.2455966796875 0.09512509765625 0.2377501953125 0.1005224609375 0.24829970703125 0.08433017578125 0.25648212890625 0.0792986328125 0.2455966796875
3 0.07055849609375 0.22305380859375 0.0854013671875 0.2180244140625 0.08923193359375 0.22917587890625 0.07414873046875 0.2340701171875 0.07055849609375 0.22305380859375
3 0.012275390625 0.3109375 0.03279296875 0.31509765625 0.02908857421875 0.33223671875 3.251953125e-05 0.32942177734375 3.251953125e-05 0.3108474609375 0.012275390625 0.3109375
3 0.0361337890625 0.299672265625 0.032900390625 0.314619140625 0.013330078125 0.310654296875 0.01597333984375 0.29697802734375 0.0361337890625 0.299672265625
3 0.04923701171875 0.25692734375 0.0757830078125 0.25112841796875 0.0785443359375 0.26419658203125 0.06963076171875 0.2658607421875 0.07260537109375 0.28057734375 0.05334853515625 0.2832388671875 0.04923701171875 0.25692734375
3 0.05421552734375 0.28309375 0.07136962890625 0.28069619140625 0.07289755859375 0.293498828125 0.0559693359375 0.29533876953125 0.05421552734375 0.28309375
3 0.0504259765625 0.31522548828125 0.0777810546875 0.3155935546875 0.0772904296875 0.33215380859375 0.04895390625 0.3316630859375 0.0504259765625 0.31522548828125
3 0.06756416015625 0.344765625 0.0701412109375 0.33272548828125 0.0851552734375 0.33515361328125 0.08275244140625 0.34736015625 0.06756416015625 0.344765625
3 0.08423955078125 0.347451953125 0.098171484375 0.34850625 0.09698115234375 0.36014736328125 0.08291865234375 0.35905546875 0.08423955078125 0.347451953125
3 0.03690126953125 0.36681025390625 0.044138671875 0.34497529296875 0.0611896484375 0.35086337890625 0.06082158203125 0.35515673828125 0.07566455078125 0.361780859375 0.0696537109375 0.37821845703125 0.03690126953125 0.36681025390625
3 0.1271939453125 0.3361130859375 0.14151494140625 0.33678583984375 0.1405537109375 0.35350966796875 0.1256560546875 0.3529330078125 0.1271939453125 0.3361130859375
3 0.1599673828125 0.3397087890625 0.1751537109375 0.337830078125 0.177032421875 0.3547384765625 0.16106337890625 0.35599091796875 0.1599673828125 0.3397087890625
3 0.16186259765625 0.3679755859375 0.17624921875 0.368175390625 0.17547607421875 0.38441259765625 0.16106337890625 0.384160546875 0.16186259765625 0.3679755859375
3 0.0729779296875 0.406723828125 0.09343310546875 0.40654140625 0.093122265625 0.41930947265625 0.0718091796875 0.4185482421875 0.0729779296875 0.406723828125
3 0.1525048828125 0.41846611328125 0.17328310546875 0.41709501953125 0.1738625 0.4298302734375 0.15284482421875 0.43148115234375 0.1525048828125 0.41846611328125
2 0.05828935546875 0.44598076171875 0.10215263671875 0.44700087890625 0.10143505859375 0.4642947265625 0.0574162109375 0.4632849609375 0.05828935546875 0.44598076171875
2 0.016112109375 0.4871595703125 0.03806875 0.488217578125 0.037669140625 0.50799921875 0.01473095703125 0.50689599609375 0.016112109375 0.4871595703125
3 0.01569775390625 0.51002763671875 0.03693896484375 0.51012373046875 0.03693896484375 0.525213671875 0.01543076171875 0.525309765625 0.01569775390625 0.51002763671875
3 0.01380400390625 0.548934375 0.03257236328125 0.5486890625 0.03257236328125 0.55985185546875 0.01368134765625 0.560219921875 0.01380400390625 0.548934375
2 0.06973232421875 0.55802568359375 0.0411646484375 0.55825546875 0.04127255859375 0.5277408203125 0.0689697265625 0.5272521484375 0.06973232421875 0.55802568359375
3 0.0044923828125 0.61835498046875 0.030199609375 0.61935654296875 0.02932861328125 0.63497685546875 0.00407998046875 0.634023046875 0.0044923828125 0.61835498046875
3 0.00820595703125 0.63543662109375 0.02932861328125 0.63497685546875 0.02955546875 0.64398427734375 0.0377478515625 0.64498330078125 0.03755791015625 0.655521875 0.00781162109375 0.65411279296875 0.00820595703125 0.63543662109375
3 0.02955546875 0.64398427734375 0.03027392578125 0.63156650390625 0.05160751953125 0.632955859375 0.051664453125 0.6458208984375 0.02955546875 0.64398427734375
3 0.00464970703125 0.657142578125 0.0256216796875 0.657634375 0.0258669921875 0.6716185546875 0.00397900390625 0.6712505859375 0.00464970703125 0.657142578125
3 0.05230986328125 0.7786876953125 0.05313046875 0.7609171875 0.068158984375 0.76115703125 0.0681005859375 0.77910771484375 0.05230986328125 0.7786876953125
3 0.02070390625 0.799394921875 0.04203037109375 0.7971611328125 0.04490693359375 0.8108248046875 0.02223291015625 0.8134791015625 0.02070390625 0.799394921875
3 0.02782119140625 0.8140234375 0.04524931640625 0.81242724609375 0.0455505859375 0.814837109375 0.050981640625 0.81426943359375 0.05196259765625 0.82555087890625 0.028873828125 0.827430859375 0.02782119140625 0.8140234375
3 0.03021904296875 0.83136416015625 0.05095 0.82756142578125 0.0530353515625 0.842158984375 0.031813671875 0.84645244140625 0.03021904296875 0.83136416015625
3 3.251953125e-05 0.8114193359375 0.00296630859375 0.8103736328125 0.0065224609375 0.82056171875 3.251953125e-05 0.82333515625 3.251953125e-05 0.8114193359375
3 3.251953125e-05 0.828490234375 0.00889677734375 0.8273931640625 0.009858984375 0.83952001953125 3.251953125e-05 0.84142412109375 3.251953125e-05 0.828490234375
3 3.251953125e-05 0.84602587890625 0.01009755859375 0.84484482421875 0.01180849609375 0.85483623046875 3.251953125e-05 0.8564978515625 3.251953125e-05 0.84602587890625
3 3.251953125e-05 0.8969625 0.0127583984375 0.89646611328125 0.012898828125 0.91473447265625 3.2421875e-05 0.9148880859375 3.251953125e-05 0.8969625
3 3.2421875e-05 0.92121865234375 0.013926953125 0.92109814453125 0.01377998046875 0.93077041015625 3.2421875e-05 0.93111328125 3.2421875e-05 0.92121865234375
3 3.2421875e-05 0.9330017578125 0.0131318359375 0.9324255859375 0.0134810546875 0.94250078125 3.2421875e-05 0.942914453125 3.2421875e-05 0.9330017578125
3 3.2421875e-05 0.95030009765625 0.018029296875 0.9494732421875 0.01792236328125 0.9624123046875 3.2421875e-05 0.963690234375 3.2421875e-05 0.95030009765625
3 0.005058984375 0.9851169921875 0.0213951171875 0.98750341796875 0.0194 0.99778642578125 0.0032193359375 0.99511962890625 0.005058984375 0.9851169921875
3 0.6409640625 0.80724404296875 0.6561076171875 0.8055662109375 0.65727216796875 0.82097119140625 0.64166787109375 0.82260126953125 0.6409640625 0.80724404296875
3 0.66762333984375 0.800055078125 0.679394140625 0.798870703125 0.68107744140625 0.81286796875 0.66895732421875 0.814261328125 0.66762333984375 0.800055078125
3 0.653231640625 0.87074619140625 0.662862890625 0.8669435546875 0.666596875 0.8814294921875 0.65706845703125 0.88426708984375 0.653231640625 0.87074619140625
3 0.69476259765625 0.9136021484375 0.70713076171875 0.91767275390625 0.702885546875 0.9311068359375 0.69023095703125 0.9275359375 0.69476259765625 0.9136021484375
3 0.63663427734375 0.95506123046875 0.64237861328125 0.9456140625 0.66451689453125 0.95696806640625 0.6581228515625 0.96615947265625 0.63663427734375 0.95506123046875
3 0.58922109375 0.96998916015625 0.60865703125 0.95489033203125 0.6162966796875 0.96335751953125 0.59678916015625 0.97850439453125 0.58922109375 0.96998916015625
3 0.56705078125 0.96886064453125 0.582351953125 0.96656552734375 0.584133203125 0.97883681640625 0.56813798828125 0.9816552734375 0.56705078125 0.96886064453125
3 0.55355029296875 0.99900341796875 0.5473064453125 0.9902412109375 0.5607865234375 0.980451171875 0.57449658203125 0.99900341796875 0.55355029296875 0.99900341796875
1 0.2175708984375 0.904591796875 0.22716201171875 0.9017943359375 0.23175771484375 0.913783203125 0.22076787109375 0.917180078125 0.2175708984375 0.904591796875
1 0.2045830078125 0.90838818359375 0.21397421875 0.9059904296875 0.2171712890625 0.91957783203125 0.20817958984375 0.9209765625 0.2045830078125 0.90838818359375
3 0.00849697265625 0.26282158203125 0.0295625 0.2636578125 0.0290525390625 0.277173828125 0.00736650390625 0.27565 0.00849697265625 0.26282158203125
3 0.73916982421875 0.749603125 0.739231640625 0.7450419921875 0.75197724609375 0.74427919921875 0.7522580078125 0.75960185546875 0.74061240234375 0.75976572265625 0.740573046875 0.74953798828125 0.73916982421875 0.749603125
3 0.59316142578125 0.42647900390625 0.598272265625 0.421602734375 0.60695224609375 0.42857744140625 0.60139951171875 0.43329375 0.59316142578125 0.42647900390625
3 0.03404052734375 0.62380185546875 0.04567880859375 0.62364501953125 0.04582900390625 0.630353515625 0.03404052734375 0.63029658203125 0.03404052734375 0.62380185546875
3 0.1065857421875 1.46484375e-06 0.09545654296875 0.0066810546875 0.09044208984375 1.3671875e-06 0.1065857421875 1.46484375e-06
