0 0.658052734375 0.01011318359375 0.670973828125 0.009699609375 0.67086123046875 0.01953603515625 0.658052734375 0.01982841796875 0.658052734375 0.01011318359375
3 0.70350703125 0.1139748046875 0.71872666015625 0.1142986328125 0.71824091796875 0.1251466796875 0.70287265625 0.1246609375 0.70350703125 0.1139748046875
1 0.71865263671875 0.18337236328125 0.720048046875 0.17258916015625 0.7300701171875 0.17347724609375 0.72892841796875 0.1843873046875 0.71865263671875 0.18337236328125
1 0.69067109375 0.17852607421875 0.70299658203125 0.182005078125 0.70001455078125 0.1920443359375 0.6877802734375 0.188466015625 0.69067109375 0.17852607421875
3 0.6772419921875 0.2115400390625 0.68815205078125 0.20392841796875 0.69386083984375 0.21179375 0.68218955078125 0.2196591796875 0.6772419921875 0.2115400390625
0 0.69366640625 0.2239322265625 0.71053896484375 0.227484375 0.7074943359375 0.2420734375 0.6907486328125 0.23839443359375 0.69366640625 0.2239322265625
0 0.68005146484375 0.25991982421875 0.69068720703125 0.26021806640625 0.69048837890625 0.27294111328125 0.67975322265625 0.2725435546875 0.68005146484375 0.25991982421875
0 0.67184775390625 0.36109169921875 0.68465966796875 0.365637890625 0.6807333984375 0.3776232421875 0.66771484375 0.37307705078125 0.67184775390625 0.36109169921875
0 0.77814384765625 0.32840693359375 0.78826943359375 0.3238607421875 0.793435546875 0.33667265625 0.7833099609375 0.34121884765625 0.77814384765625 0.32840693359375
3 0.498507421875 0.76783037109375 0.50950419921875 0.7654677734375 0.5119392578125 0.78126220703125 0.500573828125 0.78291533203125 0.498507421875 0.76783037109375
1 0.555771875 0.65384091796875 0.557218359375 0.637929296875 0.5702369140625 0.6389625 0.5689970703125 0.65487412109375 0.555771875 0.65384091796875
3 0.65992724609375 0.65415341796875 0.6727181640625 0.6551248046875 0.671584765625 0.6682396484375 0.65863193359375 0.66710625 0.65992724609375 0.65415341796875
4 0.93877021484375 0.9990009765625 0.9383478515625 0.9940375 0.94976533203125 0.99314951171875 0.95054912109375 0.99900087890625 0.93877021484375 0.9990009765625
0 0.94051005859375 0.9298380859375 0.939465625 0.91289326171875 0.9546900390625 0.91186005859375 0.9553099609375 0.9288048828125 0.94051005859375 0.9298380859375
3 0.942911328125 0.938723828125 0.95283017578125 0.93769052734375 0.95365673828125 0.94492314453125 0.94394453125 0.94595634765625 0.942911328125 0.938723828125
3 0.94369140625 0.83095380859375 0.9509095703125 0.8218427734375 0.95981474609375 0.83031806640625 0.95188701171875 0.8390494140625 0.94369140625 0.83095380859375
4 0.80833349609375 0.550655078125 0.81571806640625 0.539314453125 0.82969609375 0.54854521484375 0.8225751953125 0.5596220703125 0.80833349609375 0.550655078125
3 0.66983544921875 0.48959560546875 0.67293505859375 0.47823017578125 0.68554033203125 0.4817431640625 0.68223408203125 0.49310859375 0.66983544921875 0.48959560546875
4 0.6935046875 0.3860216796875 0.692884765625 0.398626953125 0.6833791015625 0.39800703125 0.6839990234375 0.3858150390625 0.6935046875 0.3860216796875
1 0.978087109375 0.5607654296875 0.9911056640625 0.56386513671875 0.98738603515625 0.57998330078125 0.97436748046875 0.57647041015625 0.978087109375 0.5607654296875
1 0.957009375 0.54113427734375 0.9675482421875 0.54340732421875 0.9654818359375 0.55415283203125 0.954323046875 0.55187978515625 0.957009375 0.54113427734375
1 0.83014423828125 0.4281056640625 0.8421294921875 0.4301720703125 0.8398564453125 0.44546376953125 0.82787109375 0.443810546875 0.83014423828125 0.4281056640625
1 0.86159443359375 0.4467490234375 0.8696900390625 0.44011064453125 0.8769759765625 0.44820625 0.8682328125 0.4553302734375 0.86159443359375 0.4467490234375
0 0.844326953125 0.3705884765625 0.848640234375 0.35929775390625 0.86031142578125 0.36361103515625 0.85599814453125 0.3749017578125 0.844326953125 0.3705884765625
0 0.84787900390625 0.356253125 0.8548564453125 0.33709697265625 0.86931865234375 0.3424251953125 0.8620875 0.36170810546875 0.84787900390625 0.356253125
3 0.83461669921875 0.20415498046875 0.83956435546875 0.18981962890625 0.8509818359375 0.19387919921875 0.84603427734375 0.2080876953125 0.83461669921875 0.20415498046875
1 0.8633890625 0.1582794921875 0.86808447265625 0.14386943359375 0.88071357421875 0.14775537109375 0.87650380859375 0.162003515625 0.8633890625 0.1582794921875
3 0.8721322265625 0.138040625 0.87860869140625 0.1322119140625 0.8857328125 0.1404693359375 0.87893251953125 0.14581240234375 0.8721322265625 0.138040625
0 0.86412041015625 0.0380263671875 0.877221875 0.0346498046875 0.8810763671875 0.0479998046875 0.86757001953125 0.0501859375 0.86412041015625 0.0380263671875
0 0.92538125 0.51564267578125 0.9425478515625 0.50554462890625 0.95062626953125 0.5200185546875 0.93345966796875 0.5311263671875 0.92538125 0.51564267578125
0 0.8396337890625 0.395714453125 0.84318251953125 0.38577802734375 0.85134462890625 0.389681640625 0.8470861328125 0.398553515625 0.8396337890625 0.395714453125
