3 0.10134169921875 1.3671875e-06 0.10131513671875 0.001705078125 0.08884462890625 0.00317158203125 0.088929296875 1.26953125e-06 0.10134169921875 1.3671875e-06
3 0.10872734375 0.21521533203125 0.1187466796875 0.21021142578125 0.1231080078125 0.21794931640625 0.112978515625 0.2230140625 0.10872734375 0.21521533203125
3 0.0887765625 0.2210880859375 0.098366796875 0.21700947265625 0.10211474609375 0.2243951171875 0.09230400390625 0.228694140625 0.0887765625 0.2210880859375
3 0.12384384765625 0.27037294921875 0.1137462890625 0.2631435546875 0.1215705078125 0.2545072265625 0.1309966796875 0.261823046875 0.12384384765625 0.27037294921875
3 0.133818359375 0.24868671875 0.1393390625 0.24242724609375 0.145062109375 0.2461513671875 0.13953564453125 0.25278916015625 0.133818359375 0.24868671875
3 0.48962470703125 0.7444666015625 0.46819140625 0.76161884765625 0.46154775390625 0.752641015625 0.47806708984375 0.73917412109375 0.4757328125 0.73630126953125 0.48031953125 0.7327509765625 0.48962470703125 0.7444666015625
2 0.1161890625 0.64509912109375 0.13166484375 0.64931982421875 0.1266 0.6612783203125 0.1112650390625 0.65635419921875 0.1161890625 0.64509912109375
3 0.0922052734375 0.6626212890625 0.095291796875 0.65832216796875 0.1017955078125 0.66251103515625 0.09881923828125 0.66681015625 0.0922052734375 0.6626212890625
3 0.0938859375 0.8685580078125 0.10996435546875 0.87421865234375 0.1055572265625 0.885616015625 0.0897560546875 0.87951103515625 0.0938859375 0.8685580078125
3 0.08025966796875 0.85859150390625 0.08734208984375 0.86230546875 0.08328271484375 0.86938779296875 0.07628671875 0.865501171875 0.08025966796875 0.85859150390625
3 0.02330615234375 0.99900048828125 0.02347373046875 0.99428193359375 0.029987890625 0.99439130859375 0.0299431640625 0.9990005859375 0.02330615234375 0.99900048828125
3 0.75693837890625 0.98283505859375 0.76245 0.9785359375 0.76652861328125 0.983496484375 0.76098212890625 0.9876427734375 0.75693837890625 0.98283505859375
2 0.78681708984375 0.96837666015625 0.79243125 0.97537265625 0.78389423828125 0.98202314453125 0.77942265625 0.9737119140625 0.78681708984375 0.96837666015625
2 0.92132734375 0.94679267578125 0.92734697265625 0.940212890625 0.9336279296875 0.94637333984375 0.9386599609375 0.951265625 0.93223017578125 0.957975 0.92663896484375 0.952104296875 0.92132734375 0.94679267578125
2 0.99902705078125 0.782331640625 0.99532451171875 0.78512158203125 0.98605263671875 0.7724697265625 0.99902705078125 0.762495703125 0.99902705078125 0.782331640625
3 0.97611123046875 0.76191591796875 0.98369072265625 0.76705908203125 0.97814150390625 0.77463857421875 0.97069736328125 0.769224609375 0.97611123046875 0.76191591796875
3 0.41683974609375 0.507695703125 0.4342755859375 0.521134765625 0.42601904296875 0.53047685546875 0.41575166015625 0.52183544921875 0.41487490234375 0.5227421875 0.410829296875 0.51907978515625 0.4122376953125 0.51760947265625 0.4105703125 0.5161337890625 0.41215986328125 0.51467412109375 0.41070537109375 0.51327626953125 0.41683974609375 0.507695703125
3 0.44088994140625 0.5273783203125 0.4482697265625 0.53209794921875 0.4434642578125 0.537933203125 0.43565537109375 0.53304189453125 0.44088994140625 0.5273783203125
3 0.6817654296875 0.00636728515625 0.69799609375 0.00415400390625 0.7053736328125 0.02038466796875 0.68692978515625 0.02628671875 0.6817654296875 0.00636728515625
