1 0.89308408203125 0.40254130859375 0.88087138671875 0.40093251953125 0.8835041015625 0.3867453125 0.89498544921875 0.38857353515625 0.89308408203125 0.40254130859375
1 0.882333984375 0.4034919921875 0.87853125 0.41270634765625 0.873046484375 0.410219921875 0.87648359375 0.40151748046875 0.882333984375 0.4034919921875
4 0.11575703125 0.9096033203125 0.115459375 0.923293359375 0.103257421875 0.92259892578125 0.10385263671875 0.9091072265625 0.11575703125 0.9096033203125
1 0.14675205078125 0.847085546875 0.14594462890625 0.8625615234375 0.13262177734375 0.8628306640625 0.134505859375 0.8464126953125 0.14675205078125 0.847085546875
1 0.0921287109375 0.76344794921875 0.09576220703125 0.74945234375 0.10814296875 0.75160546875 0.10491318359375 0.765601171875 0.0921287109375 0.76344794921875
4 0.14955087890625 0.7799416015625 0.13622431640625 0.78140205078125 0.13640693359375 0.7629640625 0.14936826171875 0.76259892578125 0.14955087890625 0.7799416015625
4 0.16990439453125 0.6257841796875 0.18350927734375 0.6265400390625 0.18350927734375 0.6434962890625 0.16998740234375 0.64280322265625 0.16990439453125 0.6257841796875
1 0.474708984375 0.09644521484375 0.48894833984375 0.10082646484375 0.486392578125 0.11123212890625 0.47233583984375 0.10666826171875 0.474708984375 0.09644521484375
0 0.12870654296875 0.19235537109375 0.137925 0.186155859375 0.14326201171875 0.19569775390625 0.1338818359375 0.20103466796875 0.12870654296875 0.19235537109375
2 0.80524736328125 0.03352548828125 0.81953271484375 0.02717646484375 0.8253857421875 0.04007294921875 0.811497265625 0.04681875 0.80524736328125 0.03352548828125
4 0.390844140625 0.02389501953125 0.39779140625 0.0305498046875 0.38418935546875 0.0440056640625 0.376384765625 0.0355798828125 0.390844140625 0.02389501953125
4 0.85081181640625 0.4073744140625 0.85831923828125 0.4073744140625 0.858597265625 0.418774609375 0.85108984375 0.418774609375 0.85081181640625 0.4073744140625
