0 0.75459716796875 0.33661005859375 0.70126513671875 0.35160400390625 0.70040146484375 0.34941826171875 0.4547474609375 0.41566201171875 0.45529853515625 0.4168435546875 0.43794091796875 0.42205703125 0.428730859375 0.4023267578125 0.427734375 0.38417607421875 0.44535107421875 0.37848115234375 0.44578623046875 0.3809080078125 0.585386328125 0.34246796875 0.58452001953125 0.33890791015625 0.58876650390625 0.3357439453125 0.596002734375 0.33445048828125 0.59806611328125 0.339223046875 0.68876787109375 0.31523544921875 0.68848564453125 0.31377470703125 0.7439462890625 0.29879404296875 0.74498759765625 0.3121138671875 0.7502904296875 0.31213232421875 0.75271787109375 0.320996484375 0.7479970703125 0.32270576171875 0.75459716796875 0.33661005859375
2 0.6895611328125 0.09190068359375 0.63388798828125 0.106483203125 0.63311064453125 0.104530078125 0.39174462890625 0.1693146484375 0.39229912109375 0.1712677734375 0.37387685546875 0.17671337890625 0.36383671875 0.15828955078125 0.36368916015625 0.1398853515625 0.3812576171875 0.134930078125 0.38156943359375 0.13638466796875 0.519078515625 0.09927529296875 0.5187787109375 0.092768359375 0.5247390625 0.08945107421875 0.53086494140625 0.08950029296875 0.53265361328125 0.09533046875 0.62417978515625 0.07003671875 0.62374462890625 0.068257421875 0.6781794921875 0.05425263671875 0.679357421875 0.06825908203125 0.68402587890625 0.0675408203125 0.686898828125 0.0756208984375 0.68223037109375 0.07741650390625 0.6895611328125 0.09190068359375
0 0.9984103515625 0.1863267578125 0.98613251953125 0.189812890625 0.98732421875 0.1961951171875 0.9754791015625 0.199558203125 0.9737275390625 0.19396962890625 0.8840744140625 0.21860927734375 0.88418203125 0.22003818359375 0.82885849609375 0.2351064453125 0.82062744140625 0.21686474609375 0.8198708984375 0.1975498046875 0.87275751953125 0.18266318359375 0.87326650390625 0.18535146484375 0.9984103515625 0.15116318359375 0.9984103515625 0.1863267578125
0 0.40693994140625 0.309687109375 0.4253978515625 0.30517177734375 0.42569765625 0.306216015625 0.66907412109375 0.240138671875 0.6688419921875 0.23865927734375 0.72466982421875 0.22382080078125 0.72562353515625 0.23679453125 0.730876171875 0.2370740234375 0.73188759765625 0.24616328125 0.72841689453125 0.2466701171875 0.73464912109375 0.2608369140625 0.67647119140625 0.277460546875 0.67647119140625 0.275507421875 0.587319921875 0.29959072265625 0.587920703125 0.3051341796875 0.5759990234375 0.30749794921875 0.575133203125 0.30171796875 0.4360140625 0.339854296875 0.436719921875 0.34133369140625 0.41670556640625 0.347773046875 0.4096783203125 0.3286662109375 0.40693994140625 0.309687109375
0 0.99841015625 0.26753125 0.9032234375 0.29473037109375 0.9032234375 0.29609599609375 0.8489408203125 0.311800390625 0.839381640625 0.29370625 0.839381640625 0.271856640625 0.8929814453125 0.2575177734375 0.8950298828125 0.2599076171875 0.98425888671875 0.23490126953125 0.9834525390625 0.2304630859375 0.988496484375 0.2283302734375 0.99500068359375 0.2269630859375 0.9964484375 0.2315310546875 0.99841025390625 0.23119208984375 0.99841015625 0.26753125
0 0.99179833984375 0.18939150390625 0.9928716796875 0.19016865234375 0.9937138671875 0.19120625 0.9941171875 0.19281923828125 0.9936130859375 0.1962470703125 0.99230244140625 0.19715439453125 0.99068935546875 0.19715439453125 0.98877392578125 0.19705361328125 0.9877484375 0.1961951171875 0.9868583984375 0.19332333984375 0.9868583984375 0.19150869140625 0.98826982421875 0.190097265625 0.9901853515625 0.18939150390625 0.99179833984375 0.18939150390625
0 0.5680244140625 0.3390248046875 0.56862900390625 0.3388521484375 0.569147265625 0.3388521484375 0.5704427734375 0.3390248046875 0.571651953125 0.3393703125 0.57217021484375 0.340061328125 0.57268837890625 0.34066591796875 0.57312021484375 0.34170234375 0.57337939453125 0.342566015625 0.57312021484375 0.34420703125 0.57217021484375 0.34515712890625 0.570874609375 0.34584814453125 0.56897451171875 0.34593447265625 0.56776533203125 0.34558896484375 0.56664248046875 0.34472529296875 0.56612421875 0.3429115234375 0.56629697265625 0.3413568359375 0.5669015625 0.33988857421875 0.5680244140625 0.3390248046875
0 0.57585029296875 0.33759306640625 0.57672783203125 0.33750400390625 0.5776779296875 0.33776318359375 0.5784552734375 0.33854052734375 0.57914619140625 0.33949052734375 0.57949169921875 0.34026787109375 0.57957802734375 0.34147705078125 0.57949169921875 0.3425134765625 0.57862802734375 0.34337724609375 0.5769869140625 0.34415458984375 0.57586416015625 0.34415458984375 0.57419052734375 0.343441015625 0.57344580078125 0.3419953125 0.57301396484375 0.34095888671875 0.573401953125 0.339565625 0.5741580078125 0.338604296875 0.57500048828125 0.33776318359375 0.57585029296875 0.33759306640625
0 0.55956552734375 0.3067375 0.5610109375 0.30647841796875 0.562575390625 0.3067375 0.56395732421875 0.30777392578125 0.5645619140625 0.3095013671875 0.56421640625 0.3111423828125 0.563515625 0.31200283203125 0.5621818359375 0.312607421875 0.560755078125 0.312949609375 0.55912060546875 0.3127833984375 0.5581705078125 0.31200615234375 0.557738671875 0.3102787109375 0.5580841796875 0.30881044921875 0.55877509765625 0.30768759765625 0.55956552734375 0.3067375
0 0.5672248046875 0.304799609375 0.56833125 0.3051232421875 0.56929765625 0.30592236328125 0.5700619140625 0.306962109375 0.5703341796875 0.30829921875 0.57019306640625 0.3097390625 0.5692955078125 0.3105197265625 0.56830283203125 0.31105654296875 0.56662021484375 0.3109318359375 0.56523828125 0.3100681640625 0.564384375 0.30859658203125 0.56432978515625 0.3069490234375 0.56518359375 0.30566328125 0.5663611328125 0.30497236328125 0.5672248046875 0.304799609375
0 0.50892255859375 0.0926041015625 0.5097345703125 0.0923333984375 0.51061435546875 0.0923333984375 0.51176484375 0.0926041015625 0.51271220703125 0.09307783203125 0.5133212890625 0.09409287109375 0.5133212890625 0.09490498046875 0.5133212890625 0.09592001953125 0.51264453125 0.097205859375 0.51203544921875 0.09781494140625 0.5110880859375 0.09822099609375 0.50993759765625 0.098559375 0.508448828125 0.0984240234375 0.50756904296875 0.09822099609375 0.50673818359375 0.09706455078125 0.50631494140625 0.09589267578125 0.50655390625 0.0945666015625 0.50763671875 0.09301015625 0.50892255859375 0.0926041015625
0 0.50215517578125 0.09449892578125 0.50296728515625 0.09443125 0.50398232421875 0.09443125 0.50489462890625 0.09494521484375 0.50585927734375 0.09569736328125 0.50615224609375 0.09657626953125 0.50634755859375 0.0975853515625 0.506380859375 0.0986046875 0.505989453125 0.09940830078125 0.50533583984375 0.09977744140625 0.504320703125 0.10031884765625 0.50296728515625 0.1006572265625 0.50161376953125 0.1003865234375 0.5011400390625 0.09998046875 0.50080166015625 0.0993037109375 0.50046337890625 0.09822099609375 0.50046337890625 0.09673212890625 0.50053095703125 0.096123046875 0.501275390625 0.0951080078125 0.50215517578125 0.09449892578125
0 0.344501953125 0.06360966796875 0.36167216796875 0.058059765625 0.36245263671875 0.060487890625 0.58369794921875 1.123046875e-05 0.6646427734375 1.07421875e-05 0.66446005859375 0.001390234375 0.66185849609375 0.001303515625 0.66801552734375 0.01543857421875 0.6131966796875 0.030041015625 0.61231123046875 0.028380859375 0.520588671875 0.05354208984375 0.5216669921875 0.05804228515625 0.510820703125 0.06158388671875 0.50914892578125 0.05593193359375 0.3715568359375 0.0935369140625 0.3718302734375 0.0947283203125 0.353659765625 0.10021005859375 0.344694921875 0.08239111328125 0.344501953125 0.06360966796875
0 0.4916181640625 0.060698828125 0.49372236328125 0.06011689453125 0.49559130859375 0.0596634765625 0.49684736328125 0.06018203125 0.4974283203125 0.06110419921875 0.497726953125 0.06194423828125 0.49791123046875 0.062792578125 0.49789541015625 0.06379267578125 0.497765234375 0.064669921875 0.497484375 0.065596484375 0.49673359375 0.0660505859375 0.495926171875 0.06661337890625 0.4949029296875 0.06673984375 0.493951171875 0.06658447265625 0.4930498046875 0.06621328125 0.49220146484375 0.06547099609375 0.4916181640625 0.06483466796875 0.4911939453125 0.0638802734375 0.49087578125 0.062766796875 0.4911939453125 0.06170625 0.4916181640625 0.060698828125
0 0.498608203125 0.0603654296875 0.49936689453125 0.05937001953125 0.5010080078125 0.05902451171875 0.502971875 0.05902451171875 0.50446279296875 0.059974609375 0.5055091796875 0.0613677734375 0.5055205078125 0.06342939453125 0.50520751953125 0.06508037109375 0.50411728515625 0.06576142578125 0.50238994140625 0.066366015625 0.50083525390625 0.06645234375 0.49919423828125 0.065675 0.49789541015625 0.06379267578125 0.49791123046875 0.062792578125 0.49810966796875 0.061237890625 0.498608203125 0.0603654296875
0 0.49795078125 0.002932421875 0.50908427734375 0.000617578125 0.51349365234375 0.01230224609375 0.501919140625 0.01704228515625 0.49673828125 0.01119990234375 0.49795078125 0.002932421875
0 0.7736228515625 0.02870263671875 0.82677060546875 0.01380673828125 0.82731201171875 0.0157693359375 0.8839783203125 7.71484375e-06 0.90185595703125 7.32421875e-06 0.99841083984375 4.677734375e-05 0.9984107421875 0.0056693359375 0.83871279296875 0.04959873046875 0.83896484375 0.05074208984375 0.78331552734375 0.06690908203125 0.7737990234375 0.04769638671875 0.7736228515625 0.02870263671875
