2 -0.0 0.81689873046875 0.02083466796875 0.8582607421875 0.0134875 0.86207041015625 0.0167529296875 0.8683291015625 -0.0 0.8770369140625 -0.0 0.81689873046875
2 0.09472578125 0.80200068359375 0.1133455078125 0.79153388671875 0.10515966796875 0.7761646484375 0.11117373046875 0.7691482421875 0.12103017578125 0.7666423828125 0.15160166015625 0.8129171875 0.12955009765625 0.824444140625 0.1309962890625 0.82857744140625 0.1224763671875 0.83258681640625 0.11997060546875 0.8324197265625 0.11646240234375 0.82807626953125 0.10701728515625 0.8337802734375 0.0946509765625 0.82034794921875 0.09472578125 0.80200068359375
2 0.13330576171875 0.73505234375 0.143971875 0.73189716796875 0.14501904296875 0.7360857421875 0.1536580078125 0.7337296875 0.16059541015625 0.7510076171875 0.1700197265625 0.7440703125 0.17813515625 0.742761328125 0.17920380859375 0.7440634765625 0.18299853515625 0.743037890625 0.18597275390625 0.7510375 0.1886392578125 0.7502169921875 0.19758505859375 0.78044658203125 0.17536650390625 0.78646064453125 0.1731947265625 0.78044658203125 0.16250302734375 0.78395478515625 0.16099951171875 0.77944423828125 0.15147724609375 0.78261826171875 0.13330576171875 0.73505234375
2 0.024041015625 0.57690380859375 0.03403955078125 0.575815625 0.03414208984375 0.57325166015625 0.04039814453125 0.57079033203125 0.051884765625 0.57007236328125 0.05239755859375 0.57191845703125 0.059816796875 0.57127607421875 0.06370322265625 0.6069013671875 0.0485005859375 0.60791484375 0.05033310546875 0.627548828125 0.02873564453125 0.62938134765625 0.024041015625 0.57690380859375
2 0.22697548828125 0.5062421875 0.239982421875 0.5000580078125 0.24339384765625 0.4957189453125 0.2527751953125 0.4920943359375 0.25906474609375 0.5064 0.2618134765625 0.50535283203125 0.26508583984375 0.5133373046875 0.263776953125 0.51359912109375 0.27614775390625 0.53839814453125 0.25823798828125 0.54692666015625 0.25034912109375 0.53200185546875 0.24437919921875 0.5352 0.2458716796875 0.53797177734375 0.23179970703125 0.54500771484375 0.227322265625 0.536266015625 0.22263154296875 0.53839814453125 0.21730126953125 0.5273111328125 0.22092587890625 0.52560546875 0.214103125 0.51132021484375 0.217727734375 0.50876171875 0.22114462890625 0.50735966796875 0.22697548828125 0.5062421875
2 0.43117666015625 0.6189177734375 0.46367939453125 0.60188505859375 0.4668775390625 0.6070021484375 0.46856572265625 0.60678896484375 0.4873458984375 0.64047646484375 0.46181943359375 0.65243603515625 0.453655859375 0.64127919921875 0.4430431640625 0.64617734375 0.437056640625 0.63665322265625 0.43875634765625 0.63559619140625 0.43760087890625 0.6328435546875 0.43117666015625 0.6189177734375
2 0.67866455078125 0.6251298828125 0.6833822265625 0.62143779296875 0.6902537109375 0.61866865234375 0.70040693359375 0.6335396484375 0.68994599609375 0.64071875 0.67866455078125 0.6251298828125
2 0.8232216796875 0.529022265625 0.8257802734375 0.52539765625 0.84049189453125 0.52283916015625 0.83985224609375 0.5166560546875 0.85968095703125 0.5140974609375 0.86837646484375 0.54938076171875 0.853434375 0.55293583984375 0.852199609375 0.54808046875 0.845608984375 0.5490642578125 0.8460353515625 0.55290205078125 0.83012626953125 0.55443642578125 0.827200390625 0.55198984375 0.8232216796875 0.529022265625
2 0.74875537109375 0.5665251953125 0.74939501953125 0.53603583984375 0.7634669921875 0.53731513671875 0.7670916015625 0.53134521484375 0.76965009765625 0.53134521484375 0.76965009765625 0.52516201171875 0.77327470703125 0.52175068359375 0.78116357421875 0.522390234375 0.78414853515625 0.52516201171875 0.784575 0.52836025390625 0.81314541015625 0.5289998046875 0.81080009765625 0.56311376953125 0.8107515625 0.5661455078125 0.8103251953125 0.5710494140625 0.79667958984375 0.5672115234375 0.7898568359375 0.56678515625 0.7872982421875 0.56806435546875 0.77940947265625 0.56763798828125 0.77940947265625 0.56507939453125 0.77088095703125 0.5648662109375 0.771094140625 0.55932265625 0.7668298828125 0.55910947265625 0.76533740234375 0.5674248046875 0.74875537109375 0.5665251953125
1 0.0255083984375 0.29783896484375 0.02985185546875 0.2939966796875 0.03970830078125 0.29165791015625 0.0465576171875 0.28631201171875 0.0440517578125 0.2819685546875 0.0595880859375 0.27528623046875 0.066771484375 0.29065556640625 0.07696201171875 0.30318486328125 0.07128203125 0.30719423828125 0.07545849609375 0.31521298828125 0.03987529296875 0.33191865234375 0.0300189453125 0.31421064453125 0.0245060546875 0.3085306640625 0.0255083984375 0.29783896484375
0 0.17974892578125 0.07881357421875 0.18388984375 0.07884560546875 0.18405693359375 0.07333271484375 0.18455810546875 0.06882216796875 0.18388984375 0.06581513671875 0.1848921875 0.06080341796875 0.21199853515625 0.060884375 0.2122896484375 0.095718359375 0.16559873046875 0.097317578125 0.16015634765625 0.08670498046875 0.1658708984375 0.0793578125 0.17974892578125 0.07881357421875
1 0.37401005859375 0.08487177734375 0.3689171875 0.08456416015625 0.3689171875 0.0698525390625 0.37688837890625 0.0699833984375 0.37701923828125 0.06089755859375 0.382136328125 0.06089755859375 0.382136328125 0.0613240234375 0.41369169921875 0.06217685546875 0.413478515625 0.09842294921875 0.38000419921875 0.09842294921875 0.38000419921875 0.09714365234375 0.38021484375 0.09639609375 0.374061328125 0.09619091796875 0.37401005859375 0.08487177734375
1 0.3526076171875 0.138145703125 0.35160908203125 0.13580732421875 0.34910322265625 0.1329673828125 0.3494373046875 0.12828974609375 0.35327958984375 0.12528271484375 0.35428193359375 0.1129205078125 0.381679296875 0.11408994140625 0.381679296875 0.1179322265625 0.387693359375 0.1179322265625 0.3875263671875 0.12077216796875 0.3945427734375 0.12110634765625 0.393707421875 0.14833662109375 0.40941083984375 0.14967314453125 0.408742578125 0.16921884765625 0.3785052734375 0.16721416015625 0.3790064453125 0.1620353515625 0.35160908203125 0.1600306640625 0.34927021484375 0.1585271484375 0.3479337890625 0.1550189453125 0.348505859375 0.1513869140625 0.3523482421875 0.1488810546875 0.3526076171875 0.138145703125
2 0.5425677734375 0.118518359375 0.5596248046875 0.1178787109375 0.5606908203125 0.12406181640625 0.564955078125 0.1238486328125 0.5655947265625 0.132803515625 0.57305712890625 0.132803515625 0.57369677734375 0.14815478515625 0.5702853515625 0.14836796875 0.57049853515625 0.15838896484375 0.56580791015625 0.1586021484375 0.56626826171875 0.16296318359375 0.556460546875 0.16402919921875 0.55710009765625 0.16893310546875 0.51424453125 0.17085205078125 0.51339169921875 0.1525158203125 0.53449970703125 0.15081005859375 0.53386005859375 0.14014951171875 0.5317279296875 0.13481923828125 0.5327939453125 0.1297021484375 0.53364677734375 0.12757001953125 0.537058203125 0.1271435546875 0.537058203125 0.1211736328125 0.539403515625 0.1186150390625 0.5425677734375 0.118518359375
2 0.54850361328125 0.1998802734375 0.5623693359375 0.1948685546875 0.567822265625 0.209232421875 0.55908056640625 0.2124306640625 0.5624919921875 0.22117236328125 0.57166005859375 0.2184005859375 0.57720361328125 0.232259375 0.5684619140625 0.23545751953125 0.572512890625 0.24762744140625 0.5499125 0.256369140625 0.54394248046875 0.24954638671875 0.54035751953125 0.2396548828125 0.54887744140625 0.2366478515625 0.54770810546875 0.23380791015625 0.536515234375 0.23781728515625 0.52582353515625 0.20791396484375 0.53534580078125 0.2020669921875 0.54186103515625 0.20139873046875 0.54850361328125 0.1998802734375
1 0.3674673828125 0.2065509765625 0.3661880859375 0.201007421875 0.37279765625 0.19951494140625 0.37194482421875 0.1950375 0.3853771484375 0.191412890625 0.390707421875 0.1884279296875 0.40008876953125 0.18821474609375 0.40200771484375 0.19034677734375 0.40669833984375 0.19034677734375 0.409487109375 0.20256259765625 0.39696962890625 0.2052837890625 0.40431689453125 0.23766591796875 0.37275107421875 0.2406591796875 0.36999345703125 0.23004658203125 0.369140625 0.22620869140625 0.365302734375 0.22706162109375 0.36381025390625 0.2193859375 0.365302734375 0.2164009765625 0.365516015625 0.21384248046875 0.36572919921875 0.20979140625 0.3674673828125 0.2065509765625
1 0.380635546875 0.270753125 0.3811177734375 0.264987109375 0.401331640625 0.26331650390625 0.40149873046875 0.26615654296875 0.410687109375 0.26565712890625 0.413245703125 0.2739724609375 0.40983427734375 0.279302734375 0.4102607421875 0.28804443359375 0.41196640625 0.28740478515625 0.4162306640625 0.2846330078125 0.44003369140625 0.28287900390625 0.4410755859375 0.29816015625 0.37647783203125 0.30302236328125 0.37566142578125 0.29975693359375 0.37865478515625 0.2978521484375 0.37783837890625 0.2869673828125 0.3715796875 0.28723955078125 0.37021904296875 0.2717287109375 0.380635546875 0.270753125
2 0.43222666015625 0.33382275390625 0.472310546875 0.325720703125 0.47103125 0.3340359375 0.47316337890625 0.344909765625 0.45738564453125 0.348534375 0.45994423828125 0.36580458984375 0.44907041015625 0.36814990234375 0.4499232421875 0.37411982421875 0.43329267578125 0.37731806640625 0.4271544921875 0.37855224609375 0.4245958984375 0.37897861328125 0.41905244140625 0.34891572265625 0.42182421875 0.3487025390625 0.4222505859375 0.34209296875 0.42182421875 0.3403873046875 0.430139453125 0.33761552734375 0.43222666015625 0.33382275390625
