0 0.0315916015625 0.162375390625 0.03142802734375 0.1516841796875 0.0546103515625 0.15195693359375 0.05466494140625 0.15435703125 0.05951962890625 0.1545751953125 0.05951962890625 0.16035712890625 0.06382880859375 0.1606298828125 0.06366513671875 0.17044833984375 0.0584287109375 0.17132109375 0.058646875 0.17917578125 0.05624677734375 0.1793939453125 0.0561376953125 0.18823056640625 0.0194822265625 0.18899423828125 0.02035498046875 0.16439365234375 0.03180986328125 0.16422998046875 0.03180986328125 0.162375390625 0.0315916015625 0.162375390625
0 0.01861220703125 0.21355810546875 0.01824287109375 0.21337333984375 0.0509373046875 0.21078740234375 0.051676171875 0.21725244140625 0.0581412109375 0.21854541015625 0.05647880859375 0.23073662109375 0.0498291015625 0.22999775390625 0.05001376953125 0.23184482421875 0.050383203125 0.2636158203125 0.01824287109375 0.26176865234375 0.0184275390625 0.2381251953125 0.03172705078125 0.2381251953125 0.03172705078125 0.2303671875 0.0199052734375 0.2296283203125 0.01861220703125 0.21355810546875
0 0.01804462890625 0.278271875 0.03107021484375 0.2778376953125 0.03020185546875 0.28333740234375 0.05306904296875 0.28246904296875 0.05277958984375 0.3161908203125 0.021083984375 0.3164802734375 0.020215625 0.30171796875 0.03193857421875 0.3021521484375 0.03208330078125 0.29983642578125 0.0241232421875 0.30041533203125 0.02426796875 0.29549462890625 0.01688681640625 0.29506044921875 0.01804462890625 0.278271875
2 0.146585546875 0.14686943359375 0.16644375 0.1465685546875 0.1670455078125 0.18989541015625 0.13394853515625 0.19109892578125 0.1354529296875 0.15740029296875 0.14207236328125 0.157701171875 0.146585546875 0.14686943359375
0 0.13161572265625 0.20985654296875 0.17357890625 0.20891357421875 0.173107421875 0.22706611328125 0.17027841796875 0.228244921875 0.1688638671875 0.2386177734375 0.16509189453125 0.238853515625 0.16155576171875 0.24144677734375 0.152597265625 0.2390892578125 0.152597265625 0.2468689453125 0.1441103515625 0.24781201171875 0.13915966796875 0.243804296875 0.13468046875 0.2449830078125 0.13114423828125 0.20914931640625 0.13161572265625 0.20985654296875
0 0.14284931640625 0.2792380859375 0.16872509765625 0.27953896484375 0.1678224609375 0.3159455078125 0.14555732421875 0.31534375 0.145858203125 0.30360947265625 0.1419466796875 0.3027068359375 0.1407431640625 0.29488388671875 0.14345107421875 0.2945830078125 0.14284931640625 0.2792380859375
0 0.13709033203125 0.3528248046875 0.15392509765625 0.35355673828125 0.15368935546875 0.363458203125 0.1567541015625 0.3632224609375 0.157461328125 0.3733595703125 0.16877724609375 0.3735953125 0.16759853515625 0.3875044921875 0.1327078125 0.3893904296875 0.1348294921875 0.37736728515625 0.1275212890625 0.37713154296875 0.1279927734375 0.36982333984375 0.134122265625 0.36958759765625 0.13459375 0.36817314453125 0.13176474609375 0.36746591796875 0.13223623046875 0.363458203125 0.1348294921875 0.36180791015625 0.13671552734375 0.35261376953125 0.13709033203125 0.3528248046875
0 0.02899814453125 0.34028388671875 0.05260224609375 0.3414296875 0.05443564453125 0.34647138671875 0.05878974609375 0.34372138671875 0.064060546875 0.34945048828125 0.061310546875 0.3670962890625 0.05535224609375 0.3691587890625 0.0562689453125 0.37763798828125 0.05168564453125 0.3780962890625 0.05031064453125 0.38886708984375 0.0177689453125 0.38863798828125 0.0177689453125 0.3691587890625 0.02716484375 0.3696171875 0.02693564453125 0.3393671875 0.02899814453125 0.34028388671875
1 0.2526701171875 0.233414453125 0.25300078125 0.2261390625 0.27703154296875 0.226690234375 0.276590625 0.2437763671875 0.28463759765625 0.24311494140625 0.2844171875 0.24818564453125 0.28452734375 0.2544689453125 0.24473330078125 0.2555712890625 0.24583564453125 0.23220185546875 0.2526701171875 0.233414453125
0 0.3654439453125 0.158694140625 0.388966015625 0.1592328125 0.39022294921875 0.15240966796875 0.4002611328125 0.15282890625 0.3995599609375 0.1902962890625 0.376646484375 0.18915078125 0.37632958984375 0.17323828125 0.3595185546875 0.172699609375 0.36023671875 0.15689853515625 0.3654439453125 0.158694140625
0 0.3762462890625 0.21732158203125 0.39377939453125 0.21723515625 0.393433984375 0.22457666015625 0.40163916015625 0.22440390625 0.40163916015625 0.23606396484375 0.39490224609375 0.23623662109375 0.39524775390625 0.238827734375 0.40777138671875 0.23900048828125 0.4067349609375 0.2543744140625 0.36942294921875 0.2528197265625 0.369509375 0.23813681640625 0.375209765625 0.237877734375 0.3751234375 0.217148828125 0.3762462890625 0.21732158203125
0 0.36750126953125 0.28447841796875 0.3879708984375 0.28322158203125 0.38834501953125 0.2800646484375 0.40610615234375 0.28106689453125 0.40592666015625 0.29064208984375 0.39784658203125 0.2905833984375 0.3960509765625 0.3151828125 0.365526171875 0.3151828125 0.36750126953125 0.28447841796875
0 0.246927734375 0.28525556640625 0.282742578125 0.2848748046875 0.2829439453125 0.30044990234375 0.2760501953125 0.30059052734375 0.27534677734375 0.31437802734375 0.2517111328125 0.314659375 0.25311796875 0.299887109375 0.23117919921875 0.29755341796875 0.2312978515625 0.28501279296875 0.246927734375 0.28525556640625
0 0.2534900390625 0.36483662109375 0.256103125 0.33758662109375 0.27439423828125 0.33721337890625 0.272527734375 0.38872705078125 0.2389318359375 0.38798046875 0.2421712890625 0.368670703125 0.243101953125 0.36409013671875 0.2534900390625 0.36483662109375
1 0.02641123046875 0.4397568359375 0.0487806640625 0.44116376953125 0.049202734375 0.44608779296875 0.05623720703125 0.4449623046875 0.05581513671875 0.46606552734375 0.04835859375 0.46733173828125 0.04723310546875 0.49462529296875 0.02416025390625 0.4953287109375 0.0278181640625 0.47197451171875 0.0235974609375 0.47295927734375 0.02458232421875 0.4543884765625 0.028380859375 0.4553732421875 0.02641123046875 0.4397568359375
0 0.1193171875 0.443099609375 0.16833642578125 0.4432791015625 0.16887509765625 0.4590802734375 0.1530740234375 0.46159404296875 0.1516375 0.4843978515625 0.13242490234375 0.48511611328125 0.13368173828125 0.46536474609375 0.120933203125 0.46482607421875 0.1193171875 0.443099609375
0 0.0171384765625 0.51639736328125 0.02928427734375 0.51639736328125 0.02790927734375 0.50104326171875 0.051742578125 0.50264736328125 0.05220087890625 0.55100146484375 0.015992578125 0.5505431640625 0.0164509765625 0.5173140625 0.0171384765625 0.51639736328125
0 0.1279861328125 0.5022576171875 0.15518681640625 0.50313505859375 0.155479296875 0.52126884765625 0.16981083984375 0.52360869140625 0.1701033203125 0.53940263671875 0.1279861328125 0.54291240234375 0.129741015625 0.50372001953125 0.1279861328125 0.5022576171875
0 0.13343115234375 0.58101953125 0.1336603515625 0.57345703125 0.169639453125 0.57437373046875 0.16872275390625 0.60760283203125 0.13205615234375 0.60851943359375 0.133201953125 0.5860611328125 0.139389453125 0.58629033203125 0.13961865234375 0.5826236328125 0.13411865234375 0.58124873046875 0.13343115234375 0.58101953125
0 0.0181611328125 0.57597744140625 0.03450087890625 0.57669560546875 0.03557822265625 0.5714884765625 0.05550908203125 0.5736431640625 0.054611328125 0.58315966796875 0.06376875 0.58298017578125 0.06125498046875 0.599319921875 0.057843359375 0.59878125 0.056766015625 0.60829775390625 0.03090966796875 0.61045244140625 0.03180751953125 0.58944423828125 0.0143904296875 0.588546484375 0.0149291015625 0.57561826171875 0.018879296875 0.575438671875 0.0181611328125 0.57597744140625
0 0.02027685546875 0.63477763671875 0.02021005859375 0.62717900390625 0.05443037109375 0.62834892578125 0.056477734375 0.6353685546875 0.06144990234375 0.63507607421875 0.0617423828125 0.6423880859375 0.05033564453125 0.64326552734375 0.0512130859375 0.660521875 0.0465333984375 0.65818203125 0.0465333984375 0.66373916015625 0.01845517578125 0.66724892578125 0.01904013671875 0.65087001953125 0.01026572265625 0.6494076171875 0.01085068359375 0.6388783203125 0.0210875 0.63478359375 0.02027685546875 0.63477763671875
0 0.13309521484375 0.63589951171875 0.1733302734375 0.6368916015625 0.17344052734375 0.65276513671875 0.15690556640625 0.65232421875 0.1570158203125 0.67503212890625 0.1324337890625 0.6745912109375 0.13188271484375 0.65959951171875 0.12438681640625 0.65893818359375 0.124827734375 0.64945810546875 0.13144169921875 0.6493478515625 0.131551953125 0.63512783203125 0.13309521484375 0.63589951171875
0 0.01886025390625 0.6920546875 0.05140185546875 0.69159638671875 0.05186025390625 0.7204712890625 0.0550685546875 0.7204712890625 0.05415185546875 0.74751298828125 0.021151953125 0.7472837890625 0.0206935546875 0.7154296875 0.01198525390625 0.71565888671875 0.012214453125 0.69228388671875 0.01886025390625 0.6920546875
0 0.13656748046875 0.70169326171875 0.15901220703125 0.7024115234375 0.15955087890625 0.7442484375 0.13064208984375 0.745864453125 0.1292056640625 0.7142623046875 0.13584921875 0.7137236328125 0.13656748046875 0.70169326171875
1 0.25330322265625 0.4855302734375 0.251255859375 0.4755859375 0.254765625 0.4755859375 0.25622802734375 0.46300927734375 0.24394384765625 0.46300927734375 0.24452880859375 0.43931826171875 0.285476171875 0.43990322265625 0.28342880859375 0.4867001953125 0.25330322265625 0.4855302734375
0 0.3469990234375 0.4770494140625 0.3593884765625 0.47309912109375 0.36621171875 0.4845908203125 0.3480763671875 0.490875390625 0.3469990234375 0.4770494140625
0 0.36280009765625 0.46232568359375 0.38147412109375 0.447601953125 0.40571435546875 0.47722900390625 0.38147412109375 0.49249140625 0.35956806640625 0.46448037109375 0.3636978515625 0.46196650390625 0.36280009765625 0.46232568359375
0 0.30659853515625 0.4673533203125 0.3175515625 0.4675328125 0.3161150390625 0.4770494140625 0.30713720703125 0.47794716796875 0.30659853515625 0.4673533203125
0 0.2605119140625 0.51990712890625 0.2446994140625 0.52059462890625 0.24561611328125 0.50294873046875 0.265553515625 0.50271962890625 0.265553515625 0.50913623046875 0.27953271484375 0.50913623046875 0.280678515625 0.54786533203125 0.258678515625 0.54946953125 0.2605119140625 0.51990712890625
0 0.3832384765625 0.52918017578125 0.38249189453125 0.52843359375 0.382865234375 0.51798154296875 0.40488916015625 0.51798154296875 0.404142578125 0.5523240234375 0.3511357421875 0.55157744140625 0.35337548828125 0.5280603515625 0.3832384765625 0.52918017578125
0 0.2274361328125 0.569553125 0.24703232421875 0.56867568359375 0.24673984375 0.5607787109375 0.2698458984375 0.5607787109375 0.2710158203125 0.570723046875 0.277450390625 0.569553125 0.27891279296875 0.5771576171875 0.284469921875 0.57657265625 0.28359248046875 0.589441796875 0.277450390625 0.59207412109375 0.2745255859375 0.6099154296875 0.254929296875 0.61254775390625 0.25405185546875 0.58973427734375 0.22948349609375 0.5929515625 0.2274361328125 0.569553125
0 0.31216201171875 0.560883984375 0.32109951171875 0.560883984375 0.32109951171875 0.57211318359375 0.31445361328125 0.57165478515625 0.31216201171875 0.560883984375
0 0.36205107421875 0.57011416015625 0.401624609375 0.56812998046875 0.39975068359375 0.57915322265625 0.402065625 0.59006630859375 0.38453857421875 0.590727734375 0.384648828125 0.6023021484375 0.366791015625 0.6028533203125 0.366680859375 0.58841279296875 0.36183056640625 0.5883025390625 0.36205107421875 0.57011416015625
1 0.3755814453125 0.61228212890625 0.39851357421875 0.61228212890625 0.39795087890625 0.6346515625 0.40371904296875 0.6352142578125 0.40315634765625 0.64745419921875 0.3990763671875 0.64801689453125 0.39879501953125 0.6516748046875 0.3712201171875 0.649564453125 0.370938671875 0.62325576171875 0.3774103515625 0.62311513671875 0.3755814453125 0.61228212890625
0 0.34101669921875 0.66579345703125 0.351203125 0.66515712890625 0.3537169921875 0.6793421875 0.342045703125 0.679880859375 0.34090322265625 0.66598779296875 0.34101669921875 0.66579345703125
0 0.24414130859375 0.6451978515625 0.27933466796875 0.6462751953125 0.27861640625 0.681648046875 0.24683466796875 0.6836232421875 0.24683466796875 0.6793138671875 0.24037060546875 0.6798525390625 0.24414130859375 0.6451978515625
0 0.2478326171875 0.7029373046875 0.27785341796875 0.7015623046875 0.27762421875 0.71141640625 0.28702001953125 0.7104998046875 0.28747841796875 0.7235623046875 0.28564501953125 0.72379140625 0.28610341796875 0.74143720703125 0.24279091796875 0.74006220703125 0.24485341796875 0.7029373046875 0.24645625 0.7029373046875 0.2478326171875 0.7029373046875
1 0.3404248046875 0.7065412109375 0.3883916015625 0.7100509765625 0.38985400390625 0.7290623046875 0.33516005859375 0.723505078125 0.3404248046875 0.7065412109375
2 0.01610224609375 0.80240205078125 0.045729296875 0.80365888671875 0.04429287109375 0.81712578125 0.0493205078125 0.81712578125 0.0495 0.83400419921875 0.045729296875 0.833824609375 0.04501103515625 0.84639365234375 0.0232845703125 0.845675390625 0.02310498046875 0.833824609375 0.01771826171875 0.83508154296875 0.0173591796875 0.83005390625 0.02418232421875 0.82933564453125 0.0238232421875 0.8173052734375 0.01502490234375 0.81748486328125 0.01610224609375 0.80240205078125
2 0.13039697265625 0.7989453125 0.169226953125 0.80049287109375 0.1678201171875 0.82820849609375 0.1619111328125 0.8289119140625 0.1613484375 0.83299189453125 0.170915234375 0.8336953125 0.16950830078125 0.8436841796875 0.12856806640625 0.84129248046875 0.13039697265625 0.7989453125
0 0.01636337890625 0.86722431640625 0.05425 0.8665060546875 0.05532734375 0.8772794921875 0.0513771484375 0.8783568359375 0.05227490234375 0.89756953125 0.050479296875 0.89774912109375 0.05065888671875 0.9033154296875 0.01636337890625 0.90313583984375 0.0156451171875 0.88679609375 0.01367001953125 0.88607783203125 0.01384951171875 0.87476572265625 0.01744072265625 0.8745861328125 0.01636337890625 0.86722431640625
2 0.11779794921875 0.8740568359375 0.12839189453125 0.87423642578125 0.12857138671875 0.868849609375 0.15496640625 0.86938828125 0.15568466796875 0.87872529296875 0.152273046875 0.87854580078125 0.15263212890625 0.88931923828125 0.164123828125 0.889498828125 0.164123828125 0.9097888671875 0.1292896484375 0.908891015625 0.12893056640625 0.89255126953125 0.116541015625 0.89416728515625 0.11779794921875 0.8740568359375
2 0.01280546875 0.9462755859375 0.02083798828125 0.9461029296875 0.021442578125 0.94117978515625 0.04726728515625 0.941698046875 0.0457990234375 0.9733958984375 0.00339111328125 0.9740869140625 0.0044275390625 0.9534443359375 0.0131509765625 0.95353076171875 0.01280546875 0.9462755859375
0 0.01392783203125 0.9990013671875 0.0146919921875 0.9894599609375 0.04282958984375 0.98988203125 0.0429703125 0.99663505859375 0.0477537109375 0.99761982421875 0.04710009765625 0.99900205078125 0.01392783203125 0.9990013671875
0 0.14206513671875 0.99900380859375 0.14314033203125 0.98791240234375 0.1486271484375 0.98819375 0.1541140625 0.9921330078125 0.16311806640625 0.98847509765625 0.1680421875 0.9887564453125 0.166631640625 0.9990041015625 0.14206513671875 0.99900380859375
0 0.08162080078125 0.9857251953125 0.090419140625 0.98554560546875 0.088264453125 0.99524169921875 0.080465625 0.9938158203125 0.08162080078125 0.9857251953125
2 0.13656552734375 0.92898486328125 0.15847158203125 0.92898486328125 0.15865107421875 0.92521416015625 0.1642173828125 0.92521416015625 0.1696041015625 0.93078046875 0.169424609375 0.936705859375 0.1645765625 0.9402970703125 0.16278095703125 0.94263125 0.16170361328125 0.9569958984375 0.13459033203125 0.9580732421875 0.13512900390625 0.92880537109375 0.13656552734375 0.92898486328125
0 0.25303486328125 0.822875 0.25503828125 0.79998623046875 0.27703818359375 0.80067373046875 0.2793298828125 0.84559033203125 0.2428923828125 0.84834033203125 0.24174658203125 0.83665283203125 0.24541328125 0.82542373046875 0.25366328125 0.82519453125 0.25303486328125 0.822875
0 0.25710078125 0.88913193359375 0.2566423828125 0.87950693359375 0.25366328125 0.87927783203125 0.25228828125 0.86781943359375 0.26237158203125 0.86919443359375 0.2628298828125 0.8673611328125 0.285746484375 0.86781943359375 0.2875798828125 0.8790486328125 0.2910173828125 0.8797361328125 0.29147568359375 0.88775693359375 0.289871484375 0.8934861328125 0.28735068359375 0.89325693359375 0.2855173828125 0.905402734375 0.24335078125 0.9058611328125 0.24335078125 0.88775693359375 0.25755908203125 0.88981943359375 0.25710078125 0.88913193359375
1 0.24873486328125 0.95580205078125 0.2488755859375 0.94623525390625 0.25309619140625 0.945109765625 0.25436240234375 0.93877880859375 0.27926416015625 0.93891943359375 0.27729453125 0.94806416015625 0.27926416015625 0.94848623046875 0.2794048828125 0.950315234375 0.2767318359375 0.95495791015625 0.27574697265625 0.95439521484375 0.27574697265625 0.95749033203125 0.2767318359375 0.95889716796875 0.2777166015625 0.9594599609375 0.2785607421875 0.96804189453125 0.27715390625 0.97577978515625 0.239871484375 0.9752169921875 0.24085634765625 0.95833447265625 0.24873486328125 0.9559427734375 0.24873486328125 0.95580205078125
0 0.26160390625 0.926823046875 0.2761537109375 0.9274998046875 0.27622138671875 0.93088349609375 0.2614685546875 0.93074814453125 0.26160390625 0.9272291015625 0.26160390625 0.926823046875
0 0.34005009765625 0.924912109375 0.35524443359375 0.925052734375 0.35524443359375 0.9341974609375 0.33808046875 0.93461953125 0.33793974609375 0.92477138671875 0.34005009765625 0.92477138671875 0.34005009765625 0.924912109375
0 0.37108876953125 0.93103857421875 0.3880646484375 0.931258984375 0.38828505859375 0.9407390625 0.391151171875 0.94084921875 0.39104091796875 0.94349482421875 0.38729296875 0.94426650390625 0.38729296875 0.95297490234375 0.39291484375 0.9531953125 0.39269443359375 0.96675400390625 0.3906 0.96642333984375 0.38993857421875 0.97722607421875 0.3700966796875 0.97656474609375 0.370978515625 0.959368359375 0.36414404296875 0.95947861328125 0.36403388671875 0.951431640625 0.3700966796875 0.951431640625 0.37053759765625 0.93103857421875 0.37108876953125 0.93103857421875
0 0.36313515625 0.8684724609375 0.396173828125 0.868831640625 0.39653291015625 0.88553046875 0.38917109375 0.88840341796875 0.3877345703125 0.91156640625 0.36977880859375 0.91300283203125 0.36959921875 0.89738125 0.36098046875 0.89702216796875 0.35864619140625 0.88840341796875 0.36187822265625 0.8880443359375 0.36313515625 0.8684724609375
1 0.36906845703125 0.8064525390625 0.36906845703125 0.7995775390625 0.3819017578125 0.7995775390625 0.38236005859375 0.80828583984375 0.39404755859375 0.8071400390625 0.39565166015625 0.8229525390625 0.36586005859375 0.82180673828125 0.36563095703125 0.8078275390625 0.36906845703125 0.8064525390625
1 0.47391611328125 0.8092037109375 0.5121619140625 0.80884462890625 0.5121619140625 0.8187203125 0.5170099609375 0.81889990234375 0.51665087890625 0.834341796875 0.51126416015625 0.835419140625 0.51018681640625 0.84691083984375 0.48073935546875 0.8470904296875 0.48145751953125 0.84206279296875 0.48666474609375 0.84188330078125 0.48630556640625 0.82554345703125 0.47481396484375 0.82554345703125 0.47391611328125 0.8092037109375
1 0.60216015625 0.8076287109375 0.6092642578125 0.8076287109375 0.60949345703125 0.8048787109375 0.6312642578125 0.8064828125 0.63241005859375 0.8463578125 0.61109765625 0.84681611328125 0.60949345703125 0.82687861328125 0.60055595703125 0.8264203125 0.60078515625 0.80808701171875 0.60216015625 0.8076287109375
0 0.6058267578125 0.8775244140625 0.61155595703125 0.8775244140625 0.61224345703125 0.8692744140625 0.63309755859375 0.8692744140625 0.6326392578125 0.905941015625 0.60261845703125 0.90571181640625 0.60261845703125 0.878441015625 0.6058267578125 0.8775244140625
0 0.54542783203125 0.8948666015625 0.55273984375 0.8948666015625 0.55273984375 0.9030560546875 0.5439654296875 0.90276357421875 0.54484287109375 0.89457412109375 0.54542783203125 0.8948666015625
0 0.47479150390625 0.87054189453125 0.50114560546875 0.86985439453125 0.50160390625 0.87604189453125 0.51122890625 0.8778751953125 0.51168720703125 0.90995849609375 0.4793748046875 0.91270849609375 0.48029140625 0.89804189453125 0.46952060546875 0.89689599609375 0.46997900390625 0.8737501953125 0.47479150390625 0.87054189453125
1 0.59714365234375 0.93800751953125 0.61308955078125 0.93778095703125 0.61343505859375 0.92974853515625 0.6307955078125 0.92974853515625 0.63209111328125 0.96973798828125 0.631918359375 0.97103359375 0.61170771484375 0.97086083984375 0.611189453125 0.95047744140625 0.59590185546875 0.951168359375 0.59590185546875 0.9378673828125 0.6001744140625 0.93787734375 0.59714365234375 0.93800751953125
0 0.4752310546875 0.954043359375 0.4951197265625 0.9534583984375 0.4951197265625 0.93854189453125 0.51939560546875 0.93971181640625 0.5196880859375 0.97597939453125 0.491025 0.97597939453125 0.491025 0.96778994140625 0.47259873046875 0.96778994140625 0.47142880859375 0.9528734375 0.4752310546875 0.954043359375
4 0.95981005859375 0.88657255859375 0.98086875 0.8868650390625 0.98174619140625 0.9196228515625 0.959517578125 0.91874541015625 0.95981005859375 0.88657255859375
2 0.93816650390625 0.9620326171875 0.9606875 0.96144765625 0.96156494140625 0.995375390625 0.93524169921875 0.99683779296875 0.93494921875 0.9608626953125 0.93816650390625 0.9620326171875
0 0.698898046875 0.83403291015625 0.729243359375 0.8036876953125 0.75025166015625 0.83080087890625 0.7366052734375 0.84031748046875 0.7373234375 0.85109091796875 0.723856640625 0.85270693359375 0.7234974609375 0.8448064453125 0.72313837890625 0.8437291015625 0.72152236328125 0.8437291015625 0.72098369140625 0.8437291015625 0.7208041015625 0.8442677734375 0.72098369140625 0.8449859375 0.718469921875 0.84678154296875 0.71793125 0.84714072265625 0.71667431640625 0.8496544921875 0.7143400390625 0.85091142578125 0.713083203125 0.85162958984375 0.698898046875 0.83403291015625
1 0.784562109375 0.81388583984375 0.8259970703125 0.8112728515625 0.8278634765625 0.8370296875 0.78008271484375 0.8403892578125 0.77784296875 0.81351259765625 0.78941484375 0.812766015625 0.784562109375 0.81388583984375
1 0.7058423828125 0.86197158203125 0.730441796875 0.86215107421875 0.730441796875 0.87023125 0.733673828125 0.87166767578125 0.73277607421875 0.89141904296875 0.7026103515625 0.89070078125 0.70350810546875 0.8617919921875 0.70709931640625 0.8617919921875 0.7058423828125 0.86197158203125
0 0.80646796875 0.88953017578125 0.81845966796875 0.8868978515625 0.8187521484375 0.8632068359375 0.83483857421875 0.863791796875 0.83893330078125 0.88602041015625 0.84302802734375 0.8857279296875 0.84390546875 0.8915775390625 0.841565625 0.89771962890625 0.8374708984375 0.9032767578125 0.83717841796875 0.9126361328125 0.82489423828125 0.91468349609375 0.81904462890625 0.89450234375 0.80910029296875 0.89888955078125 0.80646796875 0.88953017578125
0 0.999069921875 0.731875 0.98047275390625 0.7325736328125 0.97988779296875 0.7229216796875 0.95912158203125 0.72204423828125 0.95795166015625 0.70683525390625 0.999069921875 0.70597724609375 0.999069921875 0.731875
0 0.71865048828125 0.70305068359375 0.777087890625 0.70213408203125 0.778462890625 0.73192568359375 0.7142962890625 0.73261318359375 0.71406708984375 0.7019048828125 0.71865048828125 0.70305068359375
1 0.701209765625 0.60512119140625 0.72320966796875 0.60672529296875 0.72366806640625 0.6145169921875 0.7296263671875 0.61360029296875 0.73191806640625 0.64660029296875 0.701209765625 0.64843359375 0.70098056640625 0.6055794921875 0.701209765625 0.60512119140625
0 0.7854767578125 0.58760986328125 0.82989794921875 0.58798310546875 0.82989794921875 0.60888720703125 0.7806240234375 0.611126953125 0.7795041015625 0.58760986328125 0.788836328125 0.5883564453125 0.7854767578125 0.58760986328125
1 0.83356513671875 0.515919921875 0.85923173828125 0.51706572265625 0.8603775390625 0.526919921875 0.86541923828125 0.52600322265625 0.86633583984375 0.53837822265625 0.85923173828125 0.540669921875 0.8576275390625 0.551669921875 0.81637763671875 0.55075322265625 0.8172943359375 0.528294921875 0.8340234375 0.52944072265625 0.8338029296875 0.51622451171875 0.83356513671875 0.515919921875
2 0.81530146484375 0.467653125 0.8384453125 0.443389453125 0.87092138671875 0.47623876953125 0.84255146484375 0.50012919921875 0.8126884765625 0.46951953125 0.81530146484375 0.467653125
0 0.76516875 0.4874474609375 0.7850107421875 0.48899072265625 0.783687890625 0.49626611328125 0.764507421875 0.497809375 0.76395625 0.4879986328125 0.76516875 0.4874474609375
1 0.71747177734375 0.4499322265625 0.75780498046875 0.45016142578125 0.75574248046875 0.47766142578125 0.74061748046875 0.47789052734375 0.74130498046875 0.46964052734375 0.71770087890625 0.46964052734375 0.717242578125 0.4492447265625 0.71747177734375 0.4499322265625
1 0.9580279296875 0.45020009765625 0.97803759765625 0.467827734375 0.93897119140625 0.51070546875 0.91467373046875 0.48879013671875 0.95374013671875 0.446865234375 0.9580279296875 0.45020009765625
0 0.55330166015625 0.490194140625 0.56412705078125 0.48982080078125 0.5637537109375 0.5013927734375 0.553675 0.50213935546875 0.552555078125 0.48982080078125 0.55330166015625 0.490194140625
0 0.6114822265625 0.4572349609375 0.61744052734375 0.4572349609375 0.61675302734375 0.44371416015625 0.64104462890625 0.4441724609375 0.6401279296875 0.4932140625 0.61331552734375 0.4939015625 0.612398828125 0.45769326171875 0.6114822265625 0.4572349609375
1 0.6159259765625 0.515858203125 0.63702919921875 0.515998828125 0.63745126953125 0.52669111328125 0.64054638671875 0.52711318359375 0.63970224609375 0.547231640625 0.6177548828125 0.5468095703125 0.61705146484375 0.53794619140625 0.6159259765625 0.53766484375 0.616348046875 0.533303515625 0.616348046875 0.5311931640625 0.6142376953125 0.5320373046875 0.6159259765625 0.51571748046875 0.6159259765625 0.515858203125
0 0.47512578125 0.53255703125 0.47512578125 0.5302171875 0.47512578125 0.51705556640625 0.49121220703125 0.516178125 0.4915046875 0.5109134765625 0.5084685546875 0.507988671875 0.5049587890625 0.5483509765625 0.49121220703125 0.5483509765625 0.487994921875 0.531387109375 0.47512578125 0.53255703125
0 0.5731068359375 0.5717494140625 0.5894857421875 0.5717494140625 0.58919326171875 0.5907607421875 0.57222939453125 0.589005859375 0.57281435546875 0.5705794921875 0.5731068359375 0.5717494140625
0 0.48561513671875 0.57794560546875 0.52133056640625 0.57827626953125 0.5219919921875 0.59403955078125 0.51670078125 0.595031640625 0.516590625 0.60263779296875 0.5256296875 0.60351962890625 0.52386591796875 0.618621484375 0.51670078125 0.62005458984375 0.51515751953125 0.62148759765625 0.50633896484375 0.621928515625 0.50049658203125 0.6221490234375 0.49542587890625 0.61895224609375 0.49421328125 0.61873173828125 0.493551953125 0.6180703125 0.49454404296875 0.61366103515625 0.4918984375 0.6112359375 0.492449609375 0.59888984375 0.48561513671875 0.5992205078125 0.4855048828125 0.57794560546875 0.48561513671875 0.57794560546875
0 0.6031380859375 0.57818642578125 0.62904287109375 0.57873759765625 0.628601953125 0.5980283203125 0.63609775390625 0.59791806640625 0.63554658203125 0.61577578125 0.6013744140625 0.61467353515625 0.60214599609375 0.57796591796875 0.6031380859375 0.57818642578125
0 0.59498515625 0.61705478515625 0.62765966796875 0.62180458984375 0.6291220703125 0.65821259765625 0.640236328125 0.6567501953125 0.6408212890625 0.67400654296875 0.60630859375 0.67283662109375 0.60835595703125 0.64885322265625 0.59460927734375 0.64943818359375 0.594316796875 0.62459052734375 0.59498515625 0.61705478515625
0 0.4881685546875 0.66027109375 0.48873134765625 0.63949384765625 0.51037490234375 0.64095625 0.50920498046875 0.66172236328125 0.518271875 0.663184765625 0.5176869140625 0.6824884765625 0.4746921875 0.6813185546875 0.4764470703125 0.65821259765625 0.48803896484375 0.6592529296875 0.4881685546875 0.66027109375
0 0.47732275390625 0.699153125 0.4980888671875 0.6985681640625 0.49721142578125 0.71874931640625 0.50393857421875 0.71757939453125 0.5030611328125 0.736590625 0.49955126953125 0.736590625 0.49955126953125 0.749459765625 0.47556787109375 0.7488748046875 0.4746904296875 0.7161169921875 0.47673779296875 0.71523955078125 0.47673779296875 0.6985681640625 0.47732275390625 0.699153125
0 0.5291505859375 0.7294181640625 0.54632177734375 0.72904482421875 0.54632177734375 0.7473359375 0.52840400390625 0.74808251953125 0.52728408203125 0.7294181640625 0.5291505859375 0.7294181640625
0 0.561462890625 0.73331376953125 0.57360869140625 0.73193876953125 0.574525390625 0.75004296875 0.562150390625 0.75004296875 0.562150390625 0.73354296875 0.561462890625 0.73331376953125
0 0.60271279296875 0.7058138671875 0.61967109375 0.7044388671875 0.62058779296875 0.72895966796875 0.63594189453125 0.72804296875 0.63685859375 0.74110546875 0.60133779296875 0.74270966796875 0.60034560546875 0.70586728515625 0.61059560546875 0.70513154296875 0.60271279296875 0.7058138671875
0 0.5085248046875 0.13468994140625 0.5085248046875 0.16370263671875 0.47850400390625 0.1618693359375 0.47850400390625 0.135062890625 0.5085248046875 0.13468994140625
0 0.51946884765625 0.2203537109375 0.5394505859375 0.2191421875 0.5394505859375 0.23084140625 0.518976953125 0.234351171875 0.51926943359375 0.2197271484375 0.51946884765625 0.2203537109375
1 0.601875 0.20853134765625 0.62732080078125 0.20970126953125 0.6293681640625 0.24158173828125 0.6001201171875 0.24158173828125 0.6012900390625 0.20794638671875 0.601875 0.20853134765625
1 0.4755390625 0.3444517578125 0.5073345703125 0.34515517578125 0.50677177734375 0.3669619140625 0.4882009765625 0.36555498046875 0.48791962890625 0.35598818359375 0.47413212890625 0.35472197265625 0.474694921875 0.34515517578125 0.4755390625 0.3444517578125
0 0.47873408203125 0.30467109375 0.50566806640625 0.3048064453125 0.50620947265625 0.33167275390625 0.47805732421875 0.33086064453125 0.47819267578125 0.3045357421875 0.47873408203125 0.30467109375
1 0.4761142578125 0.2709294921875 0.506593359375 0.27115859375 0.50613505859375 0.2988876953125 0.488030859375 0.30049189453125 0.4878017578125 0.27940859375 0.4761142578125 0.28147109375 0.47588505859375 0.27161689453125 0.4761142578125 0.2709294921875
0 0.55419716796875 0.3388359375 0.578817578125 0.3401021484375 0.57853623046875 0.35515576171875 0.55180546875 0.35346748046875 0.55250888671875 0.3393986328125 0.55518193359375 0.33911728515625 0.55419716796875 0.3388359375
0 0.6004513671875 0.345242578125 0.6230095703125 0.34594599609375 0.622446875 0.3581859375 0.6398921875 0.3604369140625 0.640736328125 0.36887822265625 0.6220248046875 0.371269921875 0.62230615234375 0.379992578125 0.60007744140625 0.3795705078125 0.6003587890625 0.345242578125 0.6004513671875 0.345242578125
0 0.58718818359375 0.27352705078125 0.62750322265625 0.27688662109375 0.6263833984375 0.29443115234375 0.58121552734375 0.2918181640625 0.58270869140625 0.274646875 0.5883080078125 0.2731537109375 0.58718818359375 0.27352705078125
0 0.53455458984375 0.2668078125 0.5670306640625 0.26568798828125 0.56964365234375 0.28845859375 0.52820869140625 0.28845859375 0.52783544921875 0.267927734375 0.53642099609375 0.26718115234375 0.53455458984375 0.2668078125
0 0.7077783203125 0.13519482421875 0.72606943359375 0.134075 0.7283091796875 0.16804423828125 0.71375087890625 0.17028388671875 0.71375087890625 0.1628181640625 0.7156173828125 0.16207158203125 0.71524404296875 0.1534859375 0.7077783203125 0.15273935546875 0.70852490234375 0.1355681640625 0.7077783203125 0.13519482421875
0 0.70780146484375 0.29360771484375 0.74299482421875 0.297198828125 0.740660546875 0.31605244140625 0.73401689453125 0.31497509765625 0.732041796875 0.328621484375 0.71785673828125 0.327544140625 0.71785673828125 0.31443642578125 0.70474892578125 0.31335908203125 0.70834013671875 0.29414638671875 0.70780146484375 0.29360771484375
0 0.70185576171875 0.36003984375 0.7228640625 0.34100673828125 0.74997724609375 0.3711724609375 0.72591650390625 0.390923828125 0.71101318359375 0.3765591796875 0.71460439453125 0.3727884765625 0.70131708984375 0.3598603515625 0.70185576171875 0.36003984375
2 0.74664384765625 0.21398515625 0.78957197265625 0.21659814453125 0.78807880859375 0.24496796875 0.73992470703125 0.24086181640625 0.7406712890625 0.21211865234375 0.74664384765625 0.21398515625
1 0.24820927734375 0.153036328125 0.2728373046875 0.15611484375 0.2728373046875 0.1886103515625 0.24752509765625 0.1886103515625 0.24820927734375 0.153036328125
0 0.344617578125 0.150475390625 0.3458775390625 0.16853486328125 0.33012802734375 0.1683248046875 0.33012802734375 0.1506853515625 0.344617578125 0.150475390625
1 0.3184890625 0.30956845703125 0.35004443359375 0.310391796875 0.3508970703125 0.32339189453125 0.31817255859375 0.3218244140625 0.3184890625 0.30956845703125
0 0.4901560546875 0.1725640625 0.50784482421875 0.172028125 0.508380859375 0.17899638671875 0.5220494140625 0.18033642578125 0.52446142578125 0.19668505859375 0.49203212890625 0.19695302734375 0.49096015625 0.2036533203125 0.47916767578125 0.20418935546875 0.47702353515625 0.18891279296875 0.48157978515625 0.1886447265625 0.48023974609375 0.18248046875 0.48908408203125 0.1808724609375 0.4901560546875 0.1725640625
0 0.82627216796875 0.35640146484375 0.8361884765625 0.35720546875 0.8361884765625 0.36872998046875 0.827076171875 0.37007001953125 0.82627216796875 0.35640146484375
0 0.80295517578125 0.35720546875 0.80402724609375 0.3708740234375 0.79545087890625 0.3708740234375 0.79491484375 0.3580095703125 0.80295517578125 0.35720546875
1 0.9990697265625 0.16139609375 0.99358251953125 0.16139609375 0.99505244140625 0.16958583984375 0.9969423828125 0.1702158203125 0.99715234375 0.18470537109375 0.971953125 0.1844953125 0.97090322265625 0.15341630859375 0.9990697265625 0.15158681640625 0.9990697265625 0.16139609375
0 0.53264716796875 0.43957421875 0.536637109375 0.4534337890625 0.5202576171875 0.45763359375 0.529497265625 0.46960322265625 0.50975791015625 0.485352734375 0.47048916015625 0.45574365234375 0.4853986328125 0.44293408203125 0.5000982421875 0.442094140625 0.503878125 0.45301376953125 0.5139578125 0.4488138671875 0.5129078125 0.44440400390625 0.53264716796875 0.43957421875
0 0.53474716796875 0.45973359375 0.5454568359375 0.45805361328125 0.54629677734375 0.47044326171875 0.535587109375 0.4710732421875 0.53474716796875 0.45973359375
1 0.999069921875 0.60474765625 0.993478125 0.60445439453125 0.994504296875 0.61711044921875 0.99553046875 0.645501171875 0.94866865234375 0.644475 0.9479845703125 0.58290478515625 0.999069921875 0.579209375 0.999069921875 0.60474765625
0 0.082445703125 0.9719216796875 0.0911326171875 0.97161865234375 0.09194072265625 0.979093359375 0.08325380859375 0.9796994140625 0.082445703125 0.9719216796875
1 0.7057509765625 0.93388759765625 0.73602548828125 0.93438115234375 0.7378353515625 0.9567580078125 0.7049283203125 0.95659345703125 0.7057509765625 0.93388759765625
1 0.725647265625 0.89485927734375 0.7262533203125 0.911425 0.703626953125 0.911223046875 0.704637109375 0.8944552734375 0.725647265625 0.89485927734375
