1 0.2089876953125 0.9454234375 0.2447984375 0.938725 0.25175439453125 0.97762724609375 0.2277947265625 0.9822646484375 0.2272794921875 0.977984375 0.2120384765625 0.98060146484375 0.2107095703125 0.97376279296875 0.20464873046875 0.97473466796875 0.20310302734375 0.96475068359375 0.21164560546875 0.96318203125 0.2089876953125 0.9454234375
2 0.61526767578125 0.41335615234375 0.63419677734375 0.40283759765625 0.6504064453125 0.432128125 0.630455859375 0.4413185546875 0.61526767578125 0.41335615234375
1 0.620355078125 0.40254501953125 0.61488095703125 0.393235546875 0.6296033203125 0.38549853515625 0.635664453125 0.3946990234375 0.620355078125 0.40254501953125
2 0.63622900390625 0.20080625 0.6751177734375 0.196530859375 0.67718134765625 0.208526171875 0.671056640625 0.209648046875 0.67291572265625 0.2219212890625 0.63877353515625 0.22597841796875 0.63622900390625 0.20080625
4 0.66808984375 0.16787890625 0.6803583984375 0.162426171875 0.69101591796875 0.18535234375 0.67825166015625 0.19092890625 0.66808984375 0.16787890625
2 0.66324482421875 0.07120380859375 0.6511873046875 0.0886748046875 0.642593359375 0.08252880859375 0.6476005859375 0.07582587890625 0.64329765625 0.07261005859375 0.65063515625 0.0625376953125 0.66324482421875 0.07120380859375
4 0.77964580078125 2.44140625e-06 0.780853515625 0.00981748046875 0.73782783203125 0.016908203125 0.7353947265625 2.83203125e-06 0.77964580078125 2.44140625e-06
1 0.71690126953125 0.01111669921875 0.73255947265625 0.0104091796875 0.73272470703125 0.0158228515625 0.7286724609375 0.016194921875 0.72882607421875 0.02094609375 0.72430830078125 0.02138154296875 0.7244017578125 0.02635126953125 0.71724326171875 0.0266298828125 0.71690126953125 0.01111669921875
1 0.723886328125 0.05918759765625 0.73447001953125 0.05831376953125 0.73553818359375 0.0763740234375 0.728644140625 0.07685947265625 0.724566015625 0.0736552734375 0.7203908203125 0.0736552734375 0.72000244140625 0.067441015625 0.724371875 0.06724677734375 0.723886328125 0.05918759765625
1 0.874587890625 0.01360078125 0.91612509765625 0.010660546875 0.919246875 0.03919287109375 0.87760029296875 0.04278212890625 0.874587890625 0.01360078125
2 0.6748298828125 0.0167287109375 0.67975859375 0.02140244140625 0.6802701171875 0.0265896484375 0.67507080078125 0.031229296875 0.6651126953125 0.02132109375 0.6693546875 0.01714130859375 0.6748298828125 0.0167287109375
1 0.2267486328125 0.09760068359375 0.23054189453125 0.08631357421875 0.24038115234375 0.08955029296875 0.2366662109375 0.10067978515625 0.2267486328125 0.09760068359375
2 0.3684158203125 0.4079310546875 0.3520775390625 0.40609208984375 0.3519912109375 0.40445107421875 0.34253125 0.40356416015625 0.34383251953125 0.3911685546875 0.3542580078125 0.39196455078125 0.3545171875 0.390237109375 0.3698501953125 0.39161865234375 0.3684158203125 0.4079310546875
1 0.36595400390625 0.4184244140625 0.36359130859375 0.41361708984375 0.37126962890625 0.4084873046875 0.37413955078125 0.41383466796875 0.36595400390625 0.4184244140625
1 0.33946787109375 0.5061212890625 0.360273828125 0.50781533203125 0.35788212890625 0.53216220703125 0.3370927734375 0.5287369140625 0.33946787109375 0.5061212890625
1 0.20577763671875 0.4775791015625 0.2062521484375 0.46413525390625 0.21969599609375 0.46476787109375 0.2185888671875 0.47821171875 0.20577763671875 0.4775791015625
1 0.20741181640625 0.4105546875 0.22236494140625 0.4095837890625 0.22265625 0.42240068359375 0.2130435546875 0.42278916015625 0.212946484375 0.417157421875 0.20750888671875 0.41744873046875 0.20741181640625 0.4105546875
3 0.968408984375 0.57458701171875 0.982135546875 0.57357763671875 0.98354853515625 0.58508369140625 0.96941826171875 0.58548740234375 0.968408984375 0.57458701171875
1 0.44846181640625 0.3561126953125 0.4557373046875 0.35200048828125 0.4585841796875 0.3561126953125 0.45183330078125 0.360066796875 0.44846181640625 0.3561126953125
4 0.88447568359375 0.450290234375 0.88764921875 0.45004501953125 0.88764921875 0.44822900390625 0.89289248046875 0.44803486328125 0.89366923828125 0.45764755859375 0.885124609375 0.45823017578125 0.88447568359375 0.450290234375
1 0.26006142578125 0.30728876953125 0.2672466796875 0.30437578125 0.2715189453125 0.31408564453125 0.2639453125 0.31758115234375 0.26006142578125 0.30728876953125
3 0.301073828125 0.947619140625 0.30825908203125 0.94101640625 0.3131140625 0.946259765625 0.312434375 0.9529595703125 0.30612294921875 0.95354208984375 0.301073828125 0.947619140625
3 0.2816568359375 0.9846498046875 0.29165791015625 0.9839701171875 0.29194921875 0.9912525390625 0.28214228515625 0.9914466796875 0.2816568359375 0.9846498046875
1 0.647283203125 0.70330771484375 0.65199677734375 0.69808642578125 0.6614134765625 0.7079505859375 0.656770703125 0.7129970703125 0.647283203125 0.70330771484375
2 0.9574619140625 0.113395703125 0.976638671875 0.11137705078125 0.97816875 0.1312193359375 0.9642603515625 0.1320267578125 0.9633158203125 0.121873828125 0.95847119140625 0.1222775390625 0.9574619140625 0.113395703125
3 0.95677880859375 0.087846875 0.96948544921875 0.0959658203125 0.96136396484375 0.1081705078125 0.948971484375 0.1001154296875 0.95677880859375 0.087846875
2 0.96292548828125 6.8359375e-07 0.9631482421875 0.00229189453125 0.97425361328125 0.00202412109375 0.9745193359375 0.0172623046875 0.96835458984375 0.0172330078125 0.968091015625 0.01136572265625 0.96524072265625 0.0114896484375 0.96539619140625 0.0174177734375 0.9550509765625 0.01777705078125 0.95434013671875 7.8125e-07 0.96292548828125 6.8359375e-07
4 0.92963466796875 0.026513671875 0.93987705078125 0.033071484375 0.93467216796875 0.0418701171875 0.9240146484375 0.0353021484375 0.92963466796875 0.026513671875
4 0.990729296875 0.1812822265625 0.99468544921875 0.17504375 0.99902880859375 0.17784501953125 0.99902880859375 0.18076357421875 0.9987615234375 0.18058544921875 0.9959564453125 0.1845642578125 0.990729296875 0.1812822265625
4 0.736328125 0.0338638671875 0.73639580078125 0.05084990234375 0.72556806640625 0.05098525390625 0.72570341796875 0.0335931640625 0.736328125 0.0338638671875
1 0.22774248046875 0.05353056640625 0.23929208984375 0.0475064453125 0.24427763671875 0.05743583984375 0.23310185546875 0.06354306640625 0.22774248046875 0.05353056640625
