1 0.01443662109375 0.13380654296875 0.022628515625 0.14101142578125 0.022924609375 0.1431828125 0.04177587890625 0.15917177734375 0.027958203125 0.1731869140625 0.0097978515625 0.1554212890625 0.00644208984375 0.1486111328125 0.01068603515625 0.14416982421875 0.00733037109375 0.140221875 0.01443662109375 0.13380654296875
1 0.024701171875 0.14239326171875 0.02697119140625 0.13587919921875 0.0253919921875 0.13410263671875 0.0327943359375 0.12403544921875 0.05490263671875 0.14170234375 0.04572373046875 0.15167080078125 0.04424326171875 0.1502890625 0.0419732421875 0.15295390625 0.0363474609375 0.14841376953125 0.03447216796875 0.15088125 0.024701171875 0.14239326171875
1 0.1973521484375 0.1100091796875 0.2133498046875 0.12550302734375 0.20553994140625 0.1336908203125 0.190298046875 0.115173828125 0.1973521484375 0.1100091796875
1 0.25784833984375 0.1482955078125 0.27548359375 0.1621517578125 0.26515439453125 0.177771484375 0.24625947265625 0.164923046875 0.25784833984375 0.1482955078125
1 0.22602451171875 0.08410751953125 0.24844638671875 0.1081669921875 0.2379912109375 0.11849619140625 0.2145615234375 0.0940587890625 0.22602451171875 0.08410751953125
1 0.23639609375 0.07328125 0.24042705078125 0.06698291015625 0.262219140625 0.04934775390625 0.28199580078125 0.07202158203125 0.27531953125 0.076178515625 0.2804841796875 0.0824767578125 0.2623451171875 0.10099375 0.23639609375 0.07328125
1 0.26490810546875 0.1171880859375 0.272946484375 0.10786357421875 0.280341796875 0.11381201171875 0.2838787109375 0.10931044921875 0.2805025390625 0.105934375 0.2890232421875 0.095484375 0.29802626953125 0.10416591796875 0.29674013671875 0.1060951171875 0.32117685546875 0.12763798828125 0.3046177734375 0.14693017578125 0.29657939453125 0.142589453125 0.280341796875 0.13085341796875 0.27230341796875 0.14226787109375 0.263621875 0.136641015625 0.26764111328125 0.13117490234375 0.26426494140625 0.12860263671875 0.26908798828125 0.122171875 0.26490810546875 0.1171880859375
1 0.3443015625 0.10595107421875 0.36632685546875 0.1209025390625 0.36375830078125 0.12474052734375 0.35902080078125 0.1319455078125 0.3351359375 0.1177330078125 0.3443015625 0.10595107421875
1 0.346712109375 0.2005087890625 0.372523046875 0.22211845703125 0.360679296875 0.23573876953125 0.33185966796875 0.20987998046875 0.33817626953125 0.2028724609375 0.34212421875 0.20591884765625 0.346712109375 0.2005087890625
1 0.37100185546875 0.2421283203125 0.376825 0.2335416015625 0.38077294921875 0.23610771484375 0.3845234375 0.23137021484375 0.3857078125 0.2317650390625 0.4112705078125 0.252294140625 0.403078515625 0.26186787109375 0.3902478515625 0.2513072265625 0.38679345703125 0.255551171875 0.37100185546875 0.2421283203125
1 0.351787109375 0.17909423828125 0.3667384765625 0.16446435546875 0.39358681640625 0.1868111328125 0.38683447265625 0.19452802734375 0.39808828125 0.20337021484375 0.38908525390625 0.21398095703125 0.351787109375 0.17909423828125
1 0.48034560546875 0.22295439453125 0.4895244140625 0.23213330078125 0.4783716796875 0.24220048828125 0.46909404296875 0.23272548828125 0.48034560546875 0.22295439453125
1 0.50834453125 0.25050263671875 0.52364267578125 0.2648138671875 0.51653642578125 0.27162392578125 0.50153447265625 0.25780634765625 0.50834453125 0.25050263671875
1 0.45645771484375 0.27649384765625 0.48652138671875 0.30318134765625 0.4813767578125 0.30912978515625 0.47060537109375 0.3112197265625 0.4444001953125 0.29080224609375 0.45645771484375 0.27649384765625
1 0.472938671875 0.25277939453125 0.50509228515625 0.27978837890625 0.4923916015625 0.2939359375 0.459594921875 0.2658015625 0.472938671875 0.25277939453125
1 0.6702765625 0.6012197265625 0.681528125 0.6077337890625 0.67698798828125 0.6154322265625 0.6655390625 0.60852333984375 0.6702765625 0.6012197265625
1 0.89149248046875 0.7856275390625 0.90565029296875 0.799580078125 0.89436513671875 0.8102498046875 0.88102802734375 0.79670751953125 0.89149248046875 0.7856275390625
4 0.96276484375 0.6909822265625 0.97233857421875 0.68308642578125 0.98161611328125 0.69443662109375 0.97421376953125 0.699075390625 0.97164765625 0.695522265625 0.9682919921875 0.697594921875 0.96276484375 0.6909822265625
1 0.27148154296875 3.3203125e-06 0.28046015625 0.0105279296875 0.27078779296875 0.01862109375 0.26920869140625 0.01664716796875 0.2643724609375 0.0201015625 0.24970732421875 3.125e-06 0.27148154296875 3.3203125e-06
1 0.3301650390625 0.04543603515625 0.3446736328125 0.03329619140625 0.354543359375 0.0453373046875 0.33776484375 0.0604380859375 0.32996767578125 0.05264091796875 0.33352080078125 0.04898916015625 0.3301650390625 0.04543603515625
1 0.35116865234375 0.00887763671875 0.3614578125 0.00132158203125 0.37174697265625 0.01370068359375 0.3614578125 0.022864453125 0.35116865234375 0.00887763671875
1 0.38489912109375 0.0314384765625 0.3954802734375 0.020857421875 0.399637109375 0.0252662109375 0.4141232421875 0.0138033203125 0.43566337890625 0.0415158203125 0.40757294921875 0.064063671875 0.38754443359375 0.03962626953125 0.38930791015625 0.03710703125 0.38489912109375 0.0314384765625
1 0.49080478515625 4.00390625e-06 0.50100478515625 0.01253427734375 0.48513310546875 0.02349326171875 0.46724892578125 3.90625e-06 0.49080478515625 4.00390625e-06
1 0.42026015625 0.083011328125 0.42807001953125 0.09107314453125 0.4046404296875 0.11198349609375 0.397082421875 0.10303994140625 0.42026015625 0.083011328125
1 0.45261484375 0.08015302734375 0.4639517578125 0.093253515625 0.43560947265625 0.113533984375 0.42779951171875 0.11240029296875 0.42313876953125 0.10547216796875 0.45261484375 0.08015302734375
1 0.44677392578125 0.1623259765625 0.47490830078125 0.19174658203125 0.458027734375 0.20750185546875 0.43069716796875 0.177759765625 0.44677392578125 0.1623259765625
1 0.4556162109375 0.16296904296875 0.49387900390625 0.1293685546875 0.5022388671875 0.13933623046875 0.46268994140625 0.1708466796875 0.4556162109375 0.16296904296875
1 0.49980458984375 0.17469326171875 0.5168099609375 0.1610888671875 0.5261314453125 0.17242587890625 0.53255576171875 0.16751318359375 0.54401865234375 0.1818732421875 0.51806962890625 0.20227978515625 0.51403876953125 0.19749306640625 0.50937802734375 0.200894140625 0.50244990234375 0.1911947265625 0.50900009765625 0.18527431640625 0.49980458984375 0.17469326171875
1 0.54528056640625 0.24015712890625 0.57775576171875 0.2155595703125 0.59270712890625 0.2300287109375 0.55492666015625 0.25832392578125 0.5470490234375 0.25060703125 0.55106826171875 0.246909375 0.54528056640625 0.24015712890625
1 0.61146435546875 0.17473583984375 0.62834501953125 0.19981572265625 0.62287890625 0.20479951171875 0.61757353515625 0.20640712890625 0.6011751953125 0.1826134765625 0.61146435546875 0.17473583984375
1 0.55330537109375 0.1562798828125 0.5889537109375 0.1397783203125 0.5982751953125 0.15741357421875 0.56237490234375 0.17353720703125 0.55330537109375 0.1562798828125
1 0.45001025390625 0.1357228515625 0.46142470703125 0.12527294921875 0.46705166015625 0.13266826171875 0.4546724609375 0.14392197265625 0.45001025390625 0.1357228515625
1 0.53570888671875 0.1253328125 0.54310419921875 0.1217958984375 0.54792724609375 0.12806591796875 0.55516181640625 0.12436826171875 0.56159248046875 0.13674736328125 0.558537890625 0.1386765625 0.5583771484375 0.14189189453125 0.54583720703125 0.146071875 0.53570888671875 0.1253328125
1 0.511640234375 0.1180712890625 0.52474072265625 0.10975751953125 0.53431416015625 0.1244955078125 0.5232291015625 0.13293525390625 0.511640234375 0.1180712890625
2 0.47097666015625 0.06122734375 0.5183744140625 0.032091015625 0.521041796875 0.03742587890625 0.50729443359375 0.0499421875 0.5056529296875 0.04604365234375 0.5033958984375 0.04706953125 0.50688408203125 0.05445625 0.47836328125 0.073948828125 0.4734388671875 0.06820361328125 0.4742595703125 0.06553623046875 0.47097666015625 0.06122734375
2 0.517193359375 0.0455751953125 0.52948369140625 0.030615234375 0.54157646484375 0.07823037109375 0.5238439453125 0.08772119140625 0.517193359375 0.0455751953125
1 0.5370625 0.054171484375 0.55037607421875 0.05010908203125 0.5534306640625 0.05975517578125 0.53919892578125 0.06352412109375 0.5370625 0.054171484375
1 0.54029443359375 0.03515556640625 0.55193740234375 0.0266189453125 0.56620869140625 0.046091796875 0.56138564453125 0.0496287109375 0.569300390625 0.06118408203125 0.56254814453125 0.0653640625 0.5563794921875 0.05673125 0.54029443359375 0.03515556640625
1 0.5654400390625 3.90625e-06 0.54808408203125 0.00977373046875 0.54085244140625 3.90625e-06 0.5654400390625 3.90625e-06
1 0.663196484375 3.61328125e-06 0.66496240234375 0.00253916015625 0.634898828125 0.02150986328125 0.62252177734375 3.80859375e-06 0.663196484375 3.61328125e-06
1 0.591936328125 0.08021943359375 0.61106767578125 0.0670365234375 0.6361474609375 0.101280078125 0.616373046875 0.11510615234375 0.591936328125 0.08021943359375
1 0.5825361328125 0.0952251953125 0.603875390625 0.12436142578125 0.5921798828125 0.13297919921875 0.5706353515625 0.1019962890625 0.5825361328125 0.0952251953125
1 0.65626630859375 0.116756640625 0.6837611328125 0.1575884765625 0.66549970703125 0.17010478515625 0.63636337890625 0.13091435546875 0.65626630859375 0.116756640625
1 0.7864375 0.214876171875 0.78200576171875 0.22031591796875 0.762867578125 0.20012783203125 0.79347783203125 0.1804763671875 0.80367314453125 0.20051318359375 0.82665380859375 0.1847138671875 0.8369130859375 0.2019494140625 0.79402939453125 0.22759765625 0.7864375 0.214876171875
1 0.86105703125 0.0911689453125 0.879223828125 0.11399794921875 0.86539775390625 0.1254125 0.84819560546875 0.10274423828125 0.8523755859375 0.09647421875 0.86105703125 0.0911689453125
1 0.93471962890625 0.10669560546875 0.94251669921875 0.12126376953125 0.9191255859375 0.1341904296875 0.9100974609375 0.1188015625 0.93471962890625 0.10669560546875
1 0.7928890625 0.1118970703125 0.816971875 0.0973056640625 0.84008173828125 0.14041787109375 0.83002763671875 0.14657333984375 0.82284609375 0.14041787109375 0.81463876953125 0.1459578125 0.7928890625 0.1118970703125
1 0.76539453125 0.04595341796875 0.78386123046875 0.0336423828125 0.80376416015625 0.0629837890625 0.78611826171875 0.07385859375 0.77955234375 0.0681134765625 0.76539453125 0.04595341796875
1 0.71575302734375 0.02768671875 0.71862568359375 0.023993359375 0.71636865234375 0.0203 0.724165625 0.0139392578125 0.7274486328125 0.01599111328125 0.73155234375 0.0116822265625 0.74899306640625 0.030764453125 0.733809375 0.04697412109375 0.71575302734375 0.02768671875
1 0.7949576171875 2.83203125e-06 0.80172568359375 0.0063474609375 0.786131640625 0.01968447265625 0.769308984375 3.02734375e-06 0.7949576171875 2.83203125e-06
1 0.8543578125 2.34375e-06 0.8252615234375 0.025721875 0.81240009765625 0.00916279296875 0.82461494140625 2.63671875e-06 0.8543578125 2.34375e-06
1 0.76801689453125 0.08448154296875 0.7508146484375 0.0994330078125 0.73731015625 0.08432080078125 0.7556376953125 0.06727939453125 0.76801689453125 0.08448154296875
1 0.96621865234375 0.425123828125 0.951815625 0.41491064453125 0.96778994140625 0.39369892578125 0.982716796875 0.40469755859375 0.96621865234375 0.425123828125
1 0.95469619140625 0.375105859375 0.959148046875 0.38034326171875 0.954434375 0.38558076171875 0.9476255859375 0.38086708984375 0.95469619140625 0.375105859375
1 0.9002263671875 0.33189658203125 0.90729697265625 0.32534970703125 0.91672451171875 0.33556279296875 0.92405693359375 0.32823037109375 0.9337462890625 0.3413240234375 0.9198669921875 0.35389404296875 0.9002263671875 0.33189658203125
1 0.89245166015625 0.324775 0.9193 0.36062626953125 0.90659931640625 0.371076171875 0.87637490234375 0.3334564453125 0.884091796875 0.32702568359375 0.8852171875 0.32911572265625 0.89245166015625 0.324775
1 0.90701767578125 0.2862869140625 0.9128052734375 0.295772265625 0.8758287109375 0.323906640625 0.86570029296875 0.3104021484375 0.90701767578125 0.2862869140625
1 0.99908349609375 0.30946923828125 0.99357578125 0.31422099609375 0.9652333984375 0.2741638671875 0.9818609375 0.2643384765625 0.99908349609375 0.2902919921875 0.99908349609375 0.30946923828125
1 0.8948505859375 0.210541796875 0.9178404296875 0.19768037109375 0.92603955078125 0.21134560546875 0.90208515625 0.22468935546875 0.8948505859375 0.210541796875
1 0.88828515625 0.24013984375 0.92180849609375 0.21547060546875 0.9321376953125 0.22718544921875 0.89911826171875 0.25135078125 0.89672490234375 0.24845361328125 0.8929458984375 0.25021708984375 0.88828515625 0.24013984375
1 0.968940625 0.180319140625 0.97448056640625 0.18852646484375 0.958476171875 0.19734951171875 0.95355166015625 0.1897576171875 0.968940625 0.180319140625
1 0.922064453125 0.01782080078125 0.9341572265625 0.0349521484375 0.924205859375 0.04150244140625 0.9112314453125 0.02537880859375 0.922064453125 0.01782080078125
1 0.92921005859375 0.0465162109375 0.94164599609375 0.03654775390625 0.948949609375 0.04493701171875 0.93542802734375 0.05599111328125 0.92921005859375 0.0465162109375
1 0.95362685546875 0.05060830078125 0.96020009765625 0.05865078125 0.94326435546875 0.07086923828125 0.93684580078125 0.061589453125 0.95362685546875 0.05060830078125
1 0.954713671875 0.0682720703125 0.960635546875 0.06402802734375 0.9669521484375 0.071923828125 0.959451171875 0.07527958984375 0.954713671875 0.0682720703125
2 0.962116015625 0.0762666015625 0.9669521484375 0.083767578125 0.95639150390625 0.09067646484375 0.95066708984375 0.08268193359375 0.962116015625 0.0762666015625
2 0.96445654296875 0.07762900390625 0.9683970703125 0.0751603515625 0.97157783203125 0.079195703125 0.96758994140625 0.0818068359375 0.96445654296875 0.07762900390625
1 0.95547783203125 0.09272421875 0.972746484375 0.08078759765625 0.978078515625 0.087998046875 0.9600828125 0.09975283203125 0.95547783203125 0.09272421875
1 0.96102216796875 0.1010888671875 0.97120166015625 0.0941208984375 0.9750794921875 0.09927119140625 0.965263671875 0.106602734375 0.96102216796875 0.1010888671875
1 0.96686787109375 0.107903125 0.98062216796875 0.0997837890625 0.984984765625 0.10602470703125 0.97135166015625 0.11499228515625 0.96686787109375 0.107903125
1 0.97268466796875 0.11693125 0.9857119140625 0.1071154296875 0.99535703125 0.12030830078125 0.9811228515625 0.12975576171875 0.97268466796875 0.11693125
