0 0.99846962890625 0.9476533203125 0.97001484375 0.9275138671875 0.97072705078125 0.9220302734375 0.9808654296875 0.911290625 0.982953515625 0.91013056640625 0.99803408203125 0.9132626953125 0.99846962890625 0.91282578125 0.99846962890625 0.9476533203125
0 0.99846953125 0.89025400390625 0.98497412109375 0.88088759765625 0.985233203125 0.87130048828125 0.99732509765625 0.85644482421875 0.99846953125 0.856219921875 0.99846953125 0.89025400390625
4 0.9492314453125 0.724143359375 0.95187705078125 0.72425361328125 0.96036494140625 0.7524732421875 0.956176171875 0.75963837890625 0.9531998046875 0.76018955078125 0.95165654296875 0.75875654296875 0.93787744140625 0.75941787109375 0.9345705078125 0.757874609375 0.92795654296875 0.73858388671875 0.928176953125 0.734284765625 0.9492314453125 0.724143359375
0 0.96146728515625 0.75622119140625 0.97215986328125 0.7617328125 0.9728212890625 0.764598828125 0.95793984375 0.79193662109375 0.939971875 0.78543291015625 0.938208203125 0.78102353515625 0.94371982421875 0.7614021484375 0.94934169921875 0.7604099609375 0.9568375 0.76404765625 0.96146728515625 0.75622119140625
0 0.94601171875 0.95311904296875 0.95893994140625 0.968022265625 0.94134326171875 0.98112998046875 0.940086328125 0.97843662109375 0.92482392578125 0.9888509765625 0.91584599609375 0.9764615234375 0.9171029296875 0.9726908203125 0.94601171875 0.95311904296875
0 0.917844921875 0.8116931640625 0.9194984375 0.80033916015625 0.92247470703125 0.79956748046875 0.92357705078125 0.8066224609375 0.9299705078125 0.80651220703125 0.939230078125 0.82029130859375 0.939230078125 0.82304716796875 0.930191015625 0.8325271484375 0.92677373046875 0.8316453125 0.9165220703125 0.8245904296875 0.9024123046875 0.81433876953125 0.89381416015625 0.8212833984375 0.8922708984375 0.820952734375 0.8815783203125 0.80563037109375 0.88234990234375 0.8033154296875 0.8951369140625 0.795709375 0.89745185546875 0.79725263671875 0.90494765625 0.8067326171875 0.90990810546875 0.8072837890625 0.9159708984375 0.81356708984375 0.917844921875 0.8116931640625
0 0.88549580078125 0.82759853515625 0.8914484375 0.82958271484375 0.911180078125 0.8445744140625 0.91173125 0.8474404296875 0.91603037109375 0.8514087890625 0.91614052734375 0.85482607421875 0.90875498046875 0.86529814453125 0.90566845703125 0.8632037109375 0.903243359375 0.86562890625 0.89244052734375 0.87698291015625 0.8732599609375 0.86276279296875 0.86752783203125 0.85008603515625 0.87678740234375 0.8420390625 0.88549580078125 0.82759853515625
0 0.8418095703125 0.8738181640625 0.8472109375 0.8734875 0.8547068359375 0.86665302734375 0.85691142578125 0.86665302734375 0.86550966796875 0.86235400390625 0.88799716796875 0.88759736328125 0.88755625 0.890904296875 0.8604388671875 0.91372255859375 0.8455021484375 0.888978515625 0.83914140625 0.89239365234375 0.82215009765625 0.8905935546875 0.8174009765625 0.8756994140625 0.8180115234375 0.85413759765625 0.83899951171875 0.85137373046875 0.8418095703125 0.8738181640625
0 0.79199970703125 0.9128921875 0.78810390625 0.89478798828125 0.8034580078125 0.8895171875 0.8068955078125 0.89341298828125 0.80849970703125 0.8957046875 0.81697880859375 0.89593388671875 0.82051845703125 0.89831318359375 0.82980390625 0.92996796875 0.79533525390625 0.936017578125 0.78970771484375 0.91955712890625 0.79199970703125 0.9128921875
0 0.73943251953125 0.893159765625 0.74033583984375 0.8905361328125 0.75685517578125 0.89035654296875 0.76044638671875 0.89556376953125 0.76224189453125 0.928063671875 0.73907900390625 0.92878193359375 0.73710380859375 0.9257294921875 0.73943251953125 0.893159765625
1 0.60594892578125 0.872667578125 0.619698828125 0.860292578125 0.6277197265625 0.85914677734375 0.632073828125 0.86006337890625 0.648573828125 0.89031337890625 0.647886328125 0.8942091796875 0.620386328125 0.90406328125 0.60594892578125 0.872667578125
4 0.647305859375 0.9048837890625 0.6478908203125 0.90225146484375 0.663684765625 0.89376953125 0.6666095703125 0.89698681640625 0.673044140625 0.90985595703125 0.67889375 0.9072236328125 0.68152607421875 0.90751611328125 0.69234794921875 0.92184765625 0.68211103515625 0.93032958984375 0.66573212890625 0.94027392578125 0.66397724609375 0.93734912109375 0.647305859375 0.9048837890625
0 0.84871572265625 0.78371953125 0.849278515625 0.77781064453125 0.8444951171875 0.7650080078125 0.84646474609375 0.76092802734375 0.8480123046875 0.75445634765625 0.869396875 0.75530048828125 0.87038173828125 0.7589583984375 0.87164794921875 0.78484501953125 0.86067421875 0.78906572265625 0.8589859375 0.79342705078125 0.86123701171875 0.80397861328125 0.84182197265625 0.80833994140625 0.83872685546875 0.78948779296875 0.8489970703125 0.78794013671875 0.84871572265625 0.78371953125
0 0.797223828125 0.774152734375 0.79834931640625 0.7716203125 0.80918232421875 0.7693693359375 0.81396572265625 0.77049482421875 0.8210001953125 0.8006021484375 0.8141064453125 0.8076365234375 0.8045396484375 0.805385546875 0.80383623046875 0.8015869140625 0.797223828125 0.774152734375
0 0.81652138671875 0.76797255859375 0.818946484375 0.76444501953125 0.82996982421875 0.76411435546875 0.83812705078125 0.80038095703125 0.8365837890625 0.80148330078125 0.83074140625 0.80291630859375 0.82500927734375 0.79971962890625 0.81652138671875 0.76797255859375
0 0.77582294921875 0.7905029296875 0.7790587890625 0.79683388671875 0.7870779296875 0.79598984375 0.791484375 0.8180859375 0.7708849609375 0.8244224609375 0.77438359375 0.8409162109375 0.75037978515625 0.8459169921875 0.752236328125 0.86005859375 0.7353046875 0.8642236328125 0.72710224609375 0.83294052734375 0.73033427734375 0.8309654296875 0.7552927734375 0.826296875 0.75584521484375 0.82384609375 0.752609375 0.80893310546875 0.7540162109375 0.80063251953125 0.75992509765625 0.79767802734375 0.76034716796875 0.79261328125 0.76850712890625 0.78811123046875 0.77582294921875 0.7905029296875
0 0.690506640625 0.79594833984375 0.70061923828125 0.7839208984375 0.70282392578125 0.7840310546875 0.71770537109375 0.7907552734375 0.7255318359375 0.79990458984375 0.72628251953125 0.8025716796875 0.7149703125 0.823400390625 0.71888154296875 0.83014638671875 0.7223646484375 0.8306998046875 0.72571748046875 0.8331412109375 0.72721484375 0.83740546875 0.72328701171875 0.85447470703125 0.70752998046875 0.84969130859375 0.69937001953125 0.8243673828125 0.68361298828125 0.8077662109375 0.68375361328125 0.80424892578125 0.690506640625 0.79594833984375
0 0.65092646484375 0.72902080078125 0.68896806640625 0.72489580078125 0.689884765625 0.7271875 0.69217646484375 0.75056240234375 0.689197265625 0.75399990234375 0.6717806640625 0.7562916015625 0.667197265625 0.7672916015625 0.667112890625 0.76946611328125 0.675835546875 0.7680591796875 0.6837140625 0.78395703125 0.65796806640625 0.79985478515625 0.655013671875 0.798869921875 0.642773828125 0.77256123046875 0.64516552734375 0.7697474609375 0.6424923828125 0.76200966796875 0.65473232421875 0.75778896484375 0.65824951171875 0.76552685546875 0.66218876953125 0.76046201171875 0.6614853515625 0.7549751953125 0.65571708984375 0.757085546875 0.65318466796875 0.755397265625 0.6489640625 0.73119892578125 0.65092646484375 0.72902080078125
2 0.48808525390625 0.71601826171875 0.49346708984375 0.71036318359375 0.49621708984375 0.712196484375 0.499425390625 0.705321484375 0.50584208984375 0.701883984375 0.50859208984375 0.70577978515625 0.513175390625 0.71402978515625 0.51340458984375 0.724571484375 0.51192353515625 0.73130576171875 0.518055859375 0.73571064453125 0.51909228515625 0.743483984375 0.51866044921875 0.7502208984375 0.51330546875 0.75358935546875 0.5105416015625 0.75047998046875 0.5034591796875 0.75358935546875 0.49844970703125 0.75453935546875 0.48203935546875 0.7399427734375 0.47927548828125 0.72577802734375 0.48808525390625 0.71601826171875
1 0.62220927734375 0.68139921875 0.62948466796875 0.6843755859375 0.62397294921875 0.72703564453125 0.5900212890625 0.7206421875 0.59354873046875 0.70763466796875 0.5917849609375 0.704327734375 0.59465107421875 0.68283232421875 0.60038310546875 0.67588759765625 0.602698046875 0.676218359375 0.62220927734375 0.68139921875
2 0.534272265625 0.6175837890625 0.50995791015625 0.65375517578125 0.4973888671875 0.65842373046875 0.4844607421875 0.65088232421875 0.48212646484375 0.64244306640625 0.4920021484375 0.624666796875 0.511691015625 0.60015810546875 0.534272265625 0.6175837890625
2 0.54209873046875 0.558769140625 0.56258330078125 0.5838390625 0.5414287109375 0.60616845703125 0.51577275390625 0.5866494140625 0.51534462890625 0.579238671875 0.535455078125 0.55841005859375 0.54209873046875 0.558769140625
2 0.5774228515625 0.53875849609375 0.57995517578125 0.53903984375 0.5844572265625 0.5438232421875 0.591913671875 0.53777373046875 0.5957123046875 0.539743359375 0.6000736328125 0.5372109375 0.60316875 0.53777373046875 0.607389453125 0.54480810546875 0.60387216796875 0.5480439453125 0.60457568359375 0.55226455078125 0.60162119140625 0.5549376953125 0.602324609375 0.55986171875 0.5878337890625 0.57224228515625 0.56841875 0.5490287109375 0.569262890625 0.54438603515625 0.5774228515625 0.53875849609375
2 0.60348837890625 0.5089220703125 0.62548837890625 0.49517216796875 0.6286966796875 0.49769296875 0.64680078125 0.5233595703125 0.6458841796875 0.53183876953125 0.6541341796875 0.54238037109375 0.63602998046875 0.55819287109375 0.60348837890625 0.51258876953125 0.60348837890625 0.5089220703125
0 0.67162587890625 0.67616181640625 0.6791841796875 0.6774845703125 0.68541982421875 0.69335703125 0.68938798828125 0.69430185546875 0.68901005859375 0.692034375 0.68825419921875 0.686365625 0.70526044921875 0.67918515625 0.7090396484375 0.68372021484375 0.716408984375 0.68145263671875 0.722077734375 0.6994037109375 0.7211330078125 0.70450556640625 0.69751318359375 0.71773271484375 0.69543466796875 0.7179216796875 0.69033271484375 0.70488349609375 0.68466396484375 0.70601728515625 0.67805048828125 0.6958134765625 0.67011416015625 0.69845888671875 0.6642564453125 0.68825517578125 0.67162587890625 0.67616181640625
0 0.7232115234375 0.666525 0.7281244140625 0.66520224609375 0.74531962890625 0.66350166015625 0.747587109375 0.66501328125 0.75098837890625 0.67011513671875 0.75004365234375 0.67351640625 0.74531962890625 0.67294951171875 0.74607548828125 0.67918515625 0.75741298828125 0.67824033203125 0.7579798828125 0.68258642578125 0.77120693359375 0.67918515625 0.77517509765625 0.70186015625 0.74853193359375 0.7050724609375 0.746264453125 0.6986478515625 0.74324111328125 0.69902578125 0.7385171875 0.68504287109375 0.72869130859375 0.6867435546875 0.7232115234375 0.666525
0 0.77578681640625 0.64720419921875 0.779376953125 0.64361396484375 0.80016240234375 0.640023828125 0.8080986328125 0.6630767578125 0.80545322265625 0.66628896484375 0.78145556640625 0.67101298828125 0.77578681640625 0.64720419921875
0 0.8031857421875 0.672524609375 0.80628603515625 0.6693962890625 0.82647080078125 0.66475615234375 0.82380263671875 0.6495595703125 0.84340732421875 0.64526748046875 0.846539453125 0.65512783203125 0.86336005859375 0.6536197265625 0.862548046875 0.6577958984375 0.87159638671875 0.65466376953125 0.87728056640625 0.656055859375 0.88273271484375 0.66846826171875 0.8801806640625 0.67867666015625 0.8530640625 0.685115234375 0.84728994140625 0.6649798828125 0.8327806640625 0.668829296875 0.8371982421875 0.68726337890625 0.81282265625 0.69331005859375 0.80790966796875 0.6917984375 0.8031857421875 0.672524609375
0 0.8853142578125 0.6317201171875 0.92405068359375 0.63247587890625 0.924617578125 0.64645888671875 0.9197046875 0.64702568359375 0.92102734375 0.6543951171875 0.92801884765625 0.65496201171875 0.9310421875 0.67404677734375 0.9225390625 0.67763701171875 0.8979744140625 0.6766921875 0.896273828125 0.657607421875 0.8994861328125 0.65533984375 0.90421005859375 0.65590673828125 0.90345419921875 0.64815947265625 0.88644794921875 0.6483484375 0.88436943359375 0.6345544921875 0.8853142578125 0.6317201171875
1 0.875617578125 0.56110458984375 0.8801525390625 0.56242724609375 0.8837427734375 0.5977625 0.88279794921875 0.60040791015625 0.83612529296875 0.60721044921875 0.8327240234375 0.6066435546875 0.8270552734375 0.5762212890625 0.82894482421875 0.573008984375 0.84028232421875 0.570174609375 0.84462841796875 0.56507275390625 0.875617578125 0.56110458984375
0 0.89398740234375 0.6038421875 0.8998451171875 0.60195263671875 0.90211259765625 0.6013857421875 0.9047580078125 0.6127232421875 0.8966328125 0.614612890625 0.89398740234375 0.6038421875
1 0.761234765625 0.5827955078125 0.7650841796875 0.5836837890625 0.769377734375 0.59804501953125 0.76834140625 0.60071005859375 0.7686375 0.61092578125 0.7576814453125 0.61344267578125 0.7576814453125 0.6166998046875 0.74642939453125 0.61906865234375 0.74228388671875 0.61847646484375 0.73828642578125 0.59315927734375 0.74598525390625 0.58679296875 0.761234765625 0.5827955078125
4 0.741604296875 0.5803947265625 0.74217119140625 0.5868193359375 0.7406595703125 0.58946474609375 0.7293220703125 0.5938107421875 0.727432421875 0.58379599609375 0.741604296875 0.5803947265625
2 0.76970869140625 0.47137880859375 0.77341005859375 0.472711328125 0.77681533203125 0.50128564453125 0.774742578125 0.50395068359375 0.7455759765625 0.5097248046875 0.741874609375 0.50928056640625 0.7378771484375 0.480854296875 0.74083818359375 0.473599609375 0.76970869140625 0.47137880859375
2 0.8893734375 0.43765205078125 0.89564365234375 0.439340234375 0.89902001953125 0.4752736328125 0.89660830078125 0.4784087890625 0.8681509765625 0.48323203125 0.86067490234375 0.4815439453125 0.857057421875 0.44753974609375 0.85898671875 0.44175185546875 0.8893734375 0.43765205078125
0 0.046909375 0.0863267578125 0.08577978515625 0.0445412109375 0.1042431640625 0.059117578125 0.06440107421875 0.1028466796875 0.046909375 0.0863267578125
