2 0.46974892578125 0.76112998046875 0.44427978515625 0.71783251953125 0.45497685546875 0.711592578125 0.45777841796875 0.71604970703125 0.4759888671875 0.70522529296875 0.48159208984375 0.715540234375 0.48439365234375 0.714012109375 0.4871953125 0.71885126953125 0.49610947265625 0.714394140625 0.51266435546875 0.74266484375 0.47255048828125 0.765587109375 0.46974892578125 0.76112998046875
1 0.4870193359375 0.69439931640625 0.48730146484375 0.69411708984375 0.507335546875 0.68240703125 0.5093107421875 0.68565205078125 0.52680537109375 0.67535283203125 0.55022548828125 0.71542099609375 0.51255576171875 0.73799462890625 0.51213251953125 0.73672490234375 0.4870193359375 0.69439931640625
1 0.562608203125 0.64672470703125 0.56537138671875 0.64481171875 0.5874771484375 0.68498466796875 0.57599912109375 0.6905111328125 0.580887890625 0.700501171875 0.56430859375 0.709428515625 0.5560189453125 0.69561240234375 0.55113017578125 0.69795048828125 0.53242529296875 0.66330400390625 0.562608203125 0.64672470703125
2 0.590042578125 0.67671484375 0.56887978515625 0.64172568359375 0.59215888671875 0.6276171875 0.59427509765625 0.63086220703125 0.61430927734375 0.61915205078125 0.62009375 0.62818154296875 0.624044140625 0.6263474609375 0.62799453125 0.63283740234375 0.62319765625 0.63565908203125 0.62700693359375 0.64158466796875 0.6213634765625 0.644970703125 0.62460849609375 0.6506140625 0.62221005859375 0.65160166015625 0.62587822265625 0.65752724609375 0.5911712890625 0.6786900390625 0.590042578125 0.67671484375
2 0.6454125 0.5201765625 0.65782802734375 0.5103005859375 0.66488232421875 0.519330078125 0.67518154296875 0.51044169921875 0.686609375 0.5245501953125 0.69394580078125 0.51876572265625 0.7043861328125 0.532027734375 0.70847763671875 0.528923828125 0.71567294921875 0.5372478515625 0.7110171875 0.54133935546875 0.71849462890625 0.55121533203125 0.70579697265625 0.56165556640625 0.7091830078125 0.56546494140625 0.69577998046875 0.57646953125 0.69098310546875 0.57026181640625 0.68519853515625 0.57463544921875 0.65811025390625 0.54063388671875 0.6520435546875 0.545430859375 0.63765283203125 0.526525390625 0.6454125 0.5201765625
1 0.7226861328125 0.580601953125 0.7235326171875 0.5501275390625 0.75979150390625 0.55111513671875 0.75866279296875 0.5866685546875 0.722262890625 0.58525771484375 0.7226861328125 0.580601953125
1 0.77121640625 0.57134755859375 0.77190615234375 0.5475541015625 0.80845830078125 0.54847373046875 0.8081134765625 0.56778427734375 0.81742392578125 0.56801416015625 0.81650439453125 0.58743974609375 0.80707900390625 0.58697998046875 0.8069640625 0.5965203125 0.7727107421875 0.5953708984375 0.7722509765625 0.60468134765625 0.75811279296875 0.60468134765625 0.75834267578125 0.59123291015625 0.76259560546875 0.59111796875 0.76317041015625 0.572841796875 0.77087158203125 0.5730716796875 0.77121640625 0.57134755859375
1 0.83584541015625 0.56136611328125 0.84620556640625 0.5602150390625 0.84735673828125 0.5653951171875 0.8567576171875 0.56443583984375 0.85618203125 0.558296484375 0.86481552734375 0.5577208984375 0.86596669921875 0.5661625 0.87498388671875 0.56501142578125 0.8799720703125 0.6076033203125 0.857333203125 0.6100974609375 0.855990234375 0.59954541015625 0.8414091796875 0.6010802734375 0.8425603515625 0.61086484375 0.82913046875 0.612016015625 0.82586884765625 0.58496435546875 0.83738017578125 0.5834294921875 0.8350779296875 0.56117431640625 0.83584541015625 0.56136611328125
1 0.87976943359375 0.5807525390625 0.8795775390625 0.5786421875 0.888978515625 0.57787470703125 0.8895541015625 0.58363037109375 0.891664453125 0.58343857421875 0.89454228515625 0.58036884765625 0.89780380859375 0.58363037109375 0.8987630859375 0.58343857421875 0.89818759765625 0.57845029296875 0.900681640625 0.57845029296875 0.89895498046875 0.5652123046875 0.9089314453125 0.5640611328125 0.90912333984375 0.56751455078125 0.927349609375 0.56578779296875 0.928692578125 0.580176953125 0.93598310546875 0.57998515625 0.93790166015625 0.600513671875 0.88283916015625 0.606844921875 0.87976943359375 0.5807525390625
1 0.94411123046875 0.5859416015625 0.9412853515625 0.56239287109375 0.9867345703125 0.5562701171875 0.9881474609375 0.56804453125 0.9959185546875 0.56686708984375 0.9978025390625 0.5800544921875 0.98861845703125 0.58123193359375 0.99003134765625 0.593241796875 0.9787279296875 0.5953611328125 0.978021484375 0.5892384765625 0.97072138671875 0.58970947265625 0.96530517578125 0.59606767578125 0.9554146484375 0.5970095703125 0.95423720703125 0.58688359375 0.94411123046875 0.5878255859375 0.94411123046875 0.5859416015625
2 0.6537056640625 0.455209765625 0.67222919921875 0.4272939453125 0.70322294921875 0.44807548828125 0.6790125 0.48990888671875 0.64822685546875 0.4687763671875 0.65553193359375 0.4588623046875 0.652140234375 0.45703603515625 0.6537056640625 0.455209765625
1 0.70050771484375 0.4368732421875 0.7526923828125 0.41672841796875 0.769959375 0.46008779296875 0.75422724609375 0.4662271484375 0.74904716796875 0.452797265625 0.72103623046875 0.4637330078125 0.7166236328125 0.45183798828125 0.70741953125 0.4550978515625 0.699935546875 0.4368732421875 0.70050771484375 0.4368732421875
1 0.7654453125 0.4220861328125 0.8004259765625 0.41827626953125 0.8042357421875 0.4477154296875 0.81324072265625 0.44667646484375 0.8142796875 0.4516984375 0.834887109375 0.4496203125 0.83852373046875 0.47957900390625 0.80250400390625 0.483215625 0.80163818359375 0.4750765625 0.7813771484375 0.47732783203125 0.778952734375 0.45706669921875 0.79142109375 0.4558544921875 0.7898625 0.44373251953125 0.769774609375 0.44615693359375 0.76579169921875 0.422432421875 0.7654453125 0.4220861328125
1 0.8410400390625 0.44064755859375 0.8529431640625 0.43490859375 0.86484619140625 0.4385220703125 0.86782197265625 0.45403857421875 0.859957421875 0.45552646484375 0.859957421875 0.45892734375 0.8455037109375 0.46105283203125 0.844866015625 0.4559515625 0.8410400390625 0.44086015625 0.8410400390625 0.44064755859375
1 0.88009560546875 0.4536138671875 0.87729404296875 0.440624609375 0.8946130859375 0.436804296875 0.8976693359375 0.4510669921875 0.90569208984375 0.4495388671875 0.911040625 0.47131494140625 0.90098037109375 0.47335244140625 0.8983060546875 0.4780642578125 0.9000888671875 0.48710576171875 0.884934765625 0.490544140625 0.883788671875 0.4790830078125 0.8701626953125 0.4817572265625 0.8696533203125 0.48685107421875 0.84966005859375 0.490926171875 0.8455849609375 0.47246103515625 0.86239462890625 0.4663484375 0.86213994140625 0.45743427734375 0.88009560546875 0.4537412109375 0.88009560546875 0.4536138671875
1 0.916923046875 0.45974658203125 0.96267685546875 0.4547666015625 0.96516689453125 0.47686533203125 0.9479443359375 0.47831787109375 0.93466435546875 0.47977041015625 0.9354943359375 0.48765537109375 0.91920556640625 0.4893154296875 0.91609306640625 0.45974658203125 0.916923046875 0.45974658203125
1 0.9985298828125 0.6618490234375 0.98928671875 0.66468779296875 0.98339892578125 0.64563896484375 0.9985298828125 0.64064892578125 0.9985298828125 0.6618490234375
1 0.93571162109375 0.65425498046875 0.95348837890625 0.651151171875 0.9565921875 0.6675169921875 0.93895654296875 0.6713263671875 0.9355705078125 0.65411396484375 0.93571162109375 0.65425498046875
1 0.941362890625 0.68171474609375 0.941235546875 0.68171474609375 0.95053173828125 0.68005927734375 0.94913095703125 0.6719091796875 0.96046474609375 0.66987158203125 0.96492177734375 0.68031396484375 0.966959375 0.67993193359375 0.96543115234375 0.6724185546875 0.97740166015625 0.66999892578125 0.97867509765625 0.6761115234375 0.9870798828125 0.6742013671875 0.99039091796875 0.68859140625 0.993956640625 0.70565576171875 0.97880244140625 0.70832998046875 0.97803837890625 0.70501904296875 0.96912421875 0.70450966796875 0.9684875 0.70654716796875 0.9585544921875 0.70896669921875 0.9563896484375 0.6975056640625 0.944928515625 0.6994158203125 0.941362890625 0.68171474609375
1 0.881666796875 0.663794921875 0.9152451171875 0.65758720703125 0.91651484375 0.66280732421875 0.9279427734375 0.66083212890625 0.93330400390625 0.6887669921875 0.92512109375 0.69046005859375 0.92610869140625 0.6966677734375 0.9176435546875 0.6982197265625 0.9193365234375 0.70866005859375 0.90367607421875 0.71190498046875 0.89831484375 0.68382900390625 0.88618154296875 0.6859453125 0.8819490234375 0.663794921875 0.881666796875 0.663794921875
1 0.87038251953125 0.64386640625 0.87077548828125 0.64390458984375 0.8757181640625 0.64930693359375 0.8784767578125 0.661491015625 0.8668673828125 0.6640197265625 0.867901953125 0.66792783203125 0.875143359375 0.67551416015625 0.87020078125 0.6805716796875 0.877787109375 0.68493955078125 0.8793962890625 0.6917212890625 0.8699708984375 0.69390517578125 0.86939619140625 0.69160634765625 0.85042958984375 0.69585927734375 0.83998740234375 0.69839169921875 0.8368078125 0.68895244140625 0.83316259765625 0.6713017578125 0.840453125 0.6699587890625 0.8387263671875 0.66209267578125 0.846976171875 0.6559533203125 0.8488947265625 0.65767998046875 0.85752822265625 0.65556962890625 0.85541787109375 0.64751171875 0.87038251953125 0.64386640625
1 0.26848046875 0.99901123046875 0.26006044921875 0.9853501953125 0.26965419921875 0.979424609375 0.2717705078125 0.9671501953125 0.30280927734375 0.94753935546875 0.3287689453125 0.987325390625 0.31016708984375 0.99901162109375 0.26848046875 0.99901123046875
1 0.1898166015625 0.99519990234375 0.142574609375 0.97657900390625 0.14740224609375 0.96393515625 0.1531494140625 0.9660041015625 0.15832197265625 0.9530154296875 0.1567126953125 0.9489923828125 0.160965625 0.93876240234375 0.20809267578125 0.9574982421875 0.20200068359375 0.97278583984375 0.1923453125 0.968877734375 0.19050625 0.97347548828125 0.192690234375 0.978303125 0.19016142578125 0.983245703125 0.19487412109375 0.98508486328125 0.19050625 0.995774609375 0.1898166015625 0.99519990234375
1 0.3441990234375 0.91784541015625 0.38922353515625 0.893255078125 0.39892119140625 0.911784375 0.39268701171875 0.91542099609375 0.3968431640625 0.92269423828125 0.4004796875 0.92078935546875 0.4105236328125 0.9381064453125 0.3660185546875 0.96200419921875 0.358572265625 0.94745771484375 0.3679234375 0.9424357421875 0.36099658203125 0.9287552734375 0.3507794921875 0.93412353515625 0.3425806640625 0.9186515625 0.3441990234375 0.91784541015625
1 0.43400751953125 0.8603140625 0.4685513671875 0.84280771484375 0.4782423828125 0.86203349609375 0.4860578125 0.85796953125 0.4887150390625 0.85671904296875 0.50247001953125 0.88360390625 0.4793365234375 0.895483203125 0.47370947265625 0.88454169921875 0.4524517578125 0.89454541015625 0.45057607421875 0.895483203125 0.43400751953125 0.8603140625
1 0.50241708984375 0.862155078125 0.491006640625 0.8444923828125 0.4914755859375 0.84167880859375 0.48334755859375 0.82917421875 0.5113265625 0.81119892578125 0.51695361328125 0.8210462890625 0.5192982421875 0.8199521484375 0.515703125 0.81416875 0.52601943359375 0.8082291015625 0.546495703125 0.84058466796875 0.53070869140625 0.85121357421875 0.52867666015625 0.84761845703125 0.50366748046875 0.86356181640625 0.50241708984375 0.862155078125
1 0.57267392578125 0.7894541015625 0.59252490234375 0.817745703125 0.56188876953125 0.83900341796875 0.55766845703125 0.8302501953125 0.5471958984375 0.83728408203125 0.525469140625 0.80602265625 0.54391337890625 0.79336171875 0.54860263671875 0.79992666015625 0.5504783203125 0.798676171875 0.5457890625 0.7916423828125 0.557355859375 0.78507744140625 0.561732421875 0.79195498046875 0.57064189453125 0.7863279296875 0.57267392578125 0.7894541015625
1 0.5929072265625 0.7900140625 0.58613515625 0.79410556640625 0.57640029296875 0.77900947265625 0.58317236328125 0.77505908203125 0.578093359375 0.76772265625 0.60913203125 0.74924052734375 0.631282421875 0.78578154296875 0.62154755859375 0.791425 0.62465146484375 0.79650400390625 0.6135056640625 0.80355830078125 0.61124833984375 0.79890244140625 0.60010263671875 0.8053923828125 0.59262509765625 0.79057841796875 0.5929072265625 0.7900140625
1 0.63831044921875 0.77713701171875 0.638049609375 0.776876171875 0.63335341796875 0.77974599609375 0.6218740234375 0.7607005859375 0.65918212890625 0.73852451171875 0.6777056640625 0.76931015625 0.68370634765625 0.76513583984375 0.691533203125 0.77713701171875 0.652659765625 0.80061767578125 0.63831044921875 0.77713701171875
1 0.67347685546875 0.70670615234375 0.67478134765625 0.69131328125 0.712089453125 0.69731396484375 0.71156767578125 0.7119240234375 0.7154810546875 0.7119240234375 0.7144375 0.7244470703125 0.7178291015625 0.72496884765625 0.71652470703125 0.74166611328125 0.67869482421875 0.73853544921875 0.6794775390625 0.72731689453125 0.66408466796875 0.72627333984375 0.66565 0.708271484375 0.67347685546875 0.7095759765625 0.67347685546875 0.70670615234375
1 0.793033984375 0.6873904296875 0.80654140625 0.68946845703125 0.80429013671875 0.702283203125 0.8152 0.70384169921875 0.81242919921875 0.72341005859375 0.80809990234375 0.72341005859375 0.80238525390625 0.7438443359375 0.77467783203125 0.7395150390625 0.78125830078125 0.70003193359375 0.786973046875 0.70089775390625 0.78801201171875 0.69708798828125 0.7921681640625 0.69726123046875 0.793553515625 0.68808310546875 0.793033984375 0.6873904296875
1 0.40001083984375 0.99901220703125 0.38887705078125 0.97596787109375 0.394616796875 0.973098046875 0.38652900390625 0.95561796875 0.41653203125 0.93970341796875 0.41809736328125 0.93944248046875 0.43088125 0.9642275390625 0.42931591796875 0.96761923828125 0.43609921875 0.97935947265625 0.4004140625 0.99901220703125 0.40001083984375 0.99901220703125
1 0.50872763671875 0.97300986328125 0.506176953125 0.97534794921875 0.47918251953125 0.93453740234375 0.493848828125 0.9251849609375 0.4976748046875 0.9311365234375 0.50723974609375 0.92475986328125 0.50277607421875 0.91817060546875 0.515104296875 0.91051865234375 0.51956796875 0.91880830078125 0.52658232421875 0.9145572265625 0.53635986328125 0.93007373046875 0.52509443359375 0.9373005859375 0.53635986328125 0.95494267578125 0.50872763671875 0.97300986328125
1 0.54161962890625 0.90185400390625 0.55586923828125 0.89352998046875 0.55262431640625 0.88845087890625 0.5687080078125 0.87970361328125 0.59142275390625 0.91821982421875 0.57801962890625 0.92640283203125 0.5742103515625 0.919912890625 0.56983671875 0.92217021484375 0.56969560546875 0.9297888671875 0.56221806640625 0.9345857421875 0.55939638671875 0.9299298828125 0.55671572265625 0.93105859375 0.56052509765625 0.9400880859375 0.5529064453125 0.9440384765625 0.539785546875 0.9218880859375 0.53766923828125 0.9218880859375 0.5307560546875 0.90947255859375 0.5417607421875 0.90227724609375 0.54161962890625 0.90185400390625
0 0.6114412109375 0.9963392578125 0.60555400390625 0.986448828125 0.64087724609375 0.96549033203125 0.65830341796875 0.99445537109375 0.65594853515625 0.9963392578125 0.6578396484375 0.99901181640625 0.6123263671875 0.999012109375 0.61191220703125 0.99728125 0.6114412109375 0.9963392578125
0 0.6532443359375 0.95072021484375 0.6652365234375 0.942960546875 0.6715853515625 0.94550009765625 0.68541171875 0.93675283203125 0.7112302734375 0.97639775390625 0.67539462890625 0.99897138671875 0.670315625 0.9909294921875 0.663261328125 0.99544423828125 0.65790009765625 0.9869791015625 0.66424892578125 0.9837341796875 0.663261328125 0.98204111328125 0.65874658203125 0.98443955078125 0.6533853515625 0.97541015625 0.66424892578125 0.969061328125 0.6525388671875 0.95072021484375 0.6532443359375 0.95072021484375
1 0.596033984375 0.90941142578125 0.5783919921875 0.8811416015625 0.61792724609375 0.8569103515625 0.63471904296875 0.88369228515625 0.59624658203125 0.90856123046875 0.596033984375 0.90941142578125
1 0.65256484375 0.8109419921875 0.65377705078125 0.8104224609375 0.66624541015625 0.83795673828125 0.653290234375 0.84851357421875 0.66624541015625 0.8717251953125 0.65325751953125 0.8770935546875 0.6473697265625 0.86566416015625 0.63282333984375 0.87813251953125 0.62122080078125 0.856832421875 0.62970625 0.8483470703125 0.63039892578125 0.840034765625 0.62745498046875 0.83570556640625 0.62745498046875 0.82739326171875 0.632996484375 0.82323720703125 0.634035546875 0.8190810546875 0.65256484375 0.8109419921875
1 0.73255849609375 0.78061142578125 0.7330802734375 0.7798287109375 0.74064619140625 0.78217685546875 0.74142890625 0.77695888671875 0.7643876953125 0.78217685546875 0.76386591796875 0.78530751953125 0.7766498046875 0.78791650390625 0.765953125 0.83513857421875 0.724209765625 0.82078935546875 0.73255849609375 0.78061142578125
0 0.7868427734375 0.75064541015625 0.7901396484375 0.74970341796875 0.80003017578125 0.769719921875 0.83888564453125 0.75111640625 0.8589021484375 0.79138486328125 0.82404990234375 0.80786904296875 0.80850771484375 0.776313671875 0.80473994140625 0.77796201171875 0.78754931640625 0.78738154296875 0.77342001953125 0.7572390625 0.7868427734375 0.75064541015625
0 0.84137119140625 0.81165107421875 0.892767578125 0.8119119140625 0.89224580078125 0.84504560546875 0.84867626953125 0.84400205078125 0.848937109375 0.8505244140625 0.83276162109375 0.8510462890625 0.8330224609375 0.81165107421875 0.84137119140625 0.81165107421875
0 0.88233173828125 0.85156806640625 0.88363623046875 0.849480859375 0.9058123046875 0.85495966796875 0.9011162109375 0.87322236328125 0.87841826171875 0.86826533203125 0.88233173828125 0.85156806640625
0 0.89668095703125 0.79391015625 0.89711279296875 0.79330517578125 0.94546845703125 0.78556142578125 0.951208203125 0.82130419921875 0.9423376953125 0.82313046875 0.9425986328125 0.829913671875 0.9496427734375 0.82808740234375 0.9543388671875 0.854437890625 0.93555439453125 0.8567859375 0.93477177734375 0.85287255859375 0.92824931640625 0.85365517578125 0.926944921875 0.83252265625 0.926423046875 0.82495673828125 0.90294248046875 0.8291310546875 0.89668095703125 0.79391015625
0 0.998530078125 0.83285556640625 0.98873828125 0.8352646484375 0.984408984375 0.81881337890625 0.977828515625 0.81967919921875 0.97557724609375 0.81119384765625 0.9651869140625 0.81309873046875 0.96691865234375 0.82227685546875 0.95600888671875 0.82418173828125 0.9476966796875 0.78140830078125 0.9802529296875 0.77430830078125 0.983369921875 0.77344248046875 0.998530078125 0.8165396484375 0.998530078125 0.83285556640625
0 0.6895064453125 0.93254990234375 0.69929111328125 0.92679423828125 0.696605078125 0.9221896484375 0.7075408203125 0.9154748046875 0.71041865234375 0.921422265625 0.72902861328125 0.91067841796875 0.75627216796875 0.9565318359375 0.7407318359375 0.9667001953125 0.737662109375 0.96152001953125 0.7278775390625 0.9668919921875 0.733633203125 0.97667666015625 0.7188603515625 0.98531015625 0.68777978515625 0.9335091796875 0.6895064453125 0.93254990234375
0 0.77112587890625 0.88807919921875 0.80105537109375 0.911485546875 0.79866240234375 0.91777470703125 0.8045505859375 0.92412880859375 0.78839287109375 0.946211328125 0.74810322265625 0.91532265625 0.7701666015625 0.88731171875 0.77112587890625 0.88807919921875
0 0.85444833984375 0.88521826171875 0.87570390625 0.8805419921875 0.880380078125 0.89818408203125 0.8599748046875 0.90349794921875 0.859337109375 0.90349794921875 0.85501455078125 0.88627548828125 0.85444833984375 0.88521826171875
0 0.74172216796875 0.9990111328125 0.74677333984375 0.99691962890625 0.7420970703125 0.9882048828125 0.75612578125 0.98182822265625 0.7586763671875 0.985866796875 0.76781630859375 0.98204072265625 0.76547822265625 0.97672685546875 0.77695615234375 0.97205068359375 0.78864287109375 0.999010546875 0.74172216796875 0.9990111328125
0 0.7786998046875 0.9578123046875 0.8148341796875 0.93995771484375 0.8339640625 0.97694228515625 0.832263671875 0.987357421875 0.82971298828125 0.99500947265625 0.8191484375 0.99901015625 0.8160337890625 0.99901015625 0.8118583984375 0.9907583984375 0.796341796875 0.9971349609375 0.77699931640625 0.95823740234375 0.7786998046875 0.9578123046875
0 0.82092626953125 0.93671708984375 0.844059765625 0.9268697265625 0.84108984375 0.9193669921875 0.85453232421875 0.9140525390625 0.86781845703125 0.944376171875 0.8800103515625 0.93937431640625 0.88829462890625 0.9579748046875 0.8575021484375 0.97079208984375 0.86109716796875 0.97892001953125 0.84234033203125 0.98736064453125 0.820613671875 0.9365607421875 0.82092626953125 0.93671708984375
0 0.87176640625 0.912502734375 0.892294921875 0.90386923828125 0.892294921875 0.90195068359375 0.90841083984375 0.89600322265625 0.904957421875 0.88506748046875 0.91512578125 0.8816140625 0.93220087890625 0.92478154296875 0.8863474609375 0.94339150390625 0.88346962890625 0.93399052734375 0.87828955078125 0.9361009765625 0.869272265625 0.91346201171875 0.87176640625 0.912502734375
0 0.934284375 0.889038671875 0.97553330078125 0.87714365234375 0.98455048828125 0.90822421875 0.9386970703125 0.92088671875 0.93083095703125 0.89057353515625 0.93332509765625 0.88923056640625 0.934284375 0.889038671875
1 0.9985298828125 0.6241171875 0.98931259765625 0.62665322265625 0.98490166015625 0.60410849609375 0.9985298828125 0.60410849609375 0.9985298828125 0.6241171875
1 0.64689892578125 0.62597939453125 0.66600283203125 0.63716884765625 0.66463818359375 0.64071669921875 0.667640234375 0.6445375 0.668458984375 0.649995703125 0.67036943359375 0.65054150390625 0.67036943359375 0.652451953125 0.671733984375 0.65463525390625 0.67473603515625 0.65654560546875 0.67500888671875 0.65954765625 0.67337138671875 0.6639142578125 0.67146103515625 0.667462109375 0.667640234375 0.667462109375 0.65999873046875 0.68192646484375 0.629432421875 0.66527880859375 0.62861376953125 0.65818310546875 0.64689892578125 0.62597939453125
