0 0.3804642578125 0.79888505859375 0.39120107421875 0.79362431640625 0.422887890625 0.83373251953125 0.40846162109375 0.84541572265625 0.37466162109375 0.80611640625 0.3804642578125 0.79888505859375
0 0.35009990234375 0.8656865234375 0.35559931640625 0.8591396484375 0.36450302734375 0.85311650390625 0.3774677734375 0.87073056640625 0.36614267578125 0.8791408203125 0.3715736328125 0.88663642578125 0.36057490234375 0.89449267578125 0.34381494140625 0.87013837890625 0.35009990234375 0.8656865234375
0 0.22475400390625 0.81751806640625 0.225444921875 0.81120146484375 0.23728857421875 0.80586142578125 0.239722265625 0.8118923828125 0.2408248046875 0.81584677734375 0.24429619140625 0.81662978515625 0.2502640625 0.8297302734375 0.23617021484375 0.835796875 0.2317484375 0.8242623046875 0.22475400390625 0.81751806640625
0 0.1097078125 0.9227447265625 0.12837958984375 0.93710771484375 0.10170556640625 0.97178408203125 0.1004744140625 0.97075810546875 0.096370703125 0.97547734375 0.08077666015625 0.96398701171875 0.0840595703125 0.9592677734375 0.08262333984375 0.95844697265625 0.1097078125 0.9227447265625
0 0.2287134765625 0.32026328125 0.24363251953125 0.30937744140625 0.24797744140625 0.314725 0.2519880859375 0.32074111328125 0.2573357421875 0.32809404296875 0.25232236328125 0.33210478515625 0.2613078125 0.3435943359375 0.22717919921875 0.36946171875 0.211486328125 0.34725927734375 0.21922880859375 0.3421537109375 0.21459306640625 0.33517333984375 0.21516279296875 0.33178623046875 0.2158087890625 0.32934794921875 0.2169931640625 0.32572529296875 0.21834580078125 0.322762109375 0.2204947265625 0.3196330078125 0.22465791015625 0.316981640625 0.2287134765625 0.32026328125
0 0.1833486328125 0.24886865234375 0.16306962890625 0.26204775390625 0.160873046875 0.26055263671875 0.1594166015625 0.259024609375 0.1583568359375 0.2569919921875 0.15803095703125 0.25461572265625 0.17793359375 0.24138935546875 0.1833486328125 0.24886865234375
0 0.1835833984375 0.24930009765625 0.1887515625 0.25589873046875 0.17039228515625 0.268744140625 0.16770947265625 0.26905078125 0.16571552734375 0.26819619140625 0.1640064453125 0.26634462890625 0.16319931640625 0.26354365234375 0.16485439453125 0.261390625 0.1835833984375 0.24930009765625
4 0.35416220703125 0.2572328125 0.3539244140625 0.2555775390625 0.35437080078125 0.25422861328125 0.3551587890625 0.2529599609375 0.35570302734375 0.25194296875 0.3564763671875 0.25124697265625 0.357481640625 0.25008701171875 0.3589509765625 0.24946826171875 0.36096162109375 0.248849609375 0.36227626953125 0.24830830078125 0.3643642578125 0.24830830078125 0.36575615234375 0.24830830078125 0.36812900390625 0.24982373046875 0.36930029296875 0.25093505859375 0.37049423828125 0.2528103515625 0.37136044921875 0.25493408203125 0.3715455078125 0.25770693359375 0.37077880859375 0.260104296875 0.36951435546875 0.26140859375 0.36792724609375 0.26272666015625 0.36568291015625 0.26322705078125 0.36328955078125 0.26364716796875 0.36111630859375 0.2632333984375 0.359471875 0.26275 0.35769072265625 0.26157626953125 0.35607958984375 0.26007041015625 0.3550158203125 0.2587021484375 0.35416220703125 0.2572328125
4 0.37253837890625 0.23590517578125 0.37415546875 0.23542890625 0.37655283203125 0.2356609375 0.37906806640625 0.236546875 0.38134736328125 0.237980859375 0.38289404296875 0.24130615234375 0.3833580078125 0.24385810546875 0.38150205078125 0.248807421875 0.38026474609375 0.2501994140625 0.37755810546875 0.25159140625 0.37361416015625 0.25213271484375 0.3708302734375 0.251359375 0.36812900390625 0.24982373046875 0.3669146484375 0.24780205078125 0.3660302734375 0.2457439453125 0.3656490234375 0.243703515625 0.36595830078125 0.24161552734375 0.366654296875 0.23999150390625 0.36858759765625 0.238135546875 0.3708302734375 0.23658896484375 0.37253837890625 0.23590517578125
0 0.5412287109375 0.17775849609375 0.551358203125 0.18099423828125 0.55107685546875 0.1833859375 0.5569857421875 0.1854962890625 0.5603623046875 0.17438193359375 0.57935517578125 0.180572265625 0.57499384765625 0.19126455078125 0.58202822265625 0.193796875 0.58245029296875 0.192812109375 0.59286123046875 0.19661064453125 0.585967578125 0.2167291015625 0.56950703125 0.2115236328125 0.5664119140625 0.2179953125 0.54892197265625 0.21213447265625 0.552198828125 0.2048275390625 0.54333896484375 0.20083134765625 0.54151005859375 0.203223046875 0.5353197265625 0.20040927734375 0.53405361328125 0.19886171875 0.53306875 0.1959072265625 0.5412287109375 0.17775849609375
0 0.77289697265625 0.17798876953125 0.78105419921875 0.21789306640625 0.78403046875 0.23508935546875 0.78193603515625 0.238616796875 0.7753220703125 0.2415931640625 0.769920703125 0.24258525390625 0.76496025390625 0.24269541015625 0.76220439453125 0.24060107421875 0.7522359375 0.18221103515625 0.76177177734375 0.17918251953125 0.77289697265625 0.17798876953125
0 0.010694921875 0.05338447265625 0.02595732421875 0.0429701171875 0.05163408203125 0.08283193359375 0.03601259765625 0.09342587890625 0.02416181640625 0.0751109375 0.0191341796875 0.07798388671875 0.0132087890625 0.06738994140625 0.01787724609375 0.06415791015625 0.010694921875 0.05338447265625
0 0.0722294921875 0.0523603515625 0.0781697265625 0.062869140625 0.07230732421875 0.067156640625 0.06953486328125 0.067868359375 0.066905859375 0.06616455078125 0.0651421875 0.0640701171875 0.06214794921875 0.05826875 0.0722294921875 0.0523603515625
0 0.13610576171875 8.0078125e-06 0.12402626953125 0.0049126953125 0.119952734375 7.71484375e-06 0.13610576171875 8.0078125e-06
0 0.01559150390625 5.46875e-06 0.0231501953125 0.01070712890625 -0.0 0.02308203125 -0.0 0.00818623046875 0.01557734375 5.46875e-06 0.01559150390625 5.46875e-06
0 0.0380490234375 5.95703125e-06 0.04148349609375 0.00658212890625 0.03048349609375 0.0125404296875 0.02338251953125 5.56640625e-06 0.0380490234375 5.95703125e-06
0 0.320685546875 0.42825595703125 0.3351755859375 0.41459287109375 0.3499841796875 0.42976181640625 0.33658427734375 0.44376962890625 0.320685546875 0.42825595703125
0 0.5089857421875 0.4424341796875 0.5106740234375 0.44651416015625 0.51644228515625 0.44975 0.5096892578125 0.4572064453125 0.50406171875 0.4534078125 0.5027955078125 0.4486244140625 0.5089857421875 0.4424341796875
0 0.69264130859375 0.2056251953125 0.71261083984375 0.21404658203125 0.7065587890625 0.227402734375 0.6870103515625 0.21800986328125 0.69264130859375 0.2056251953125
0 0.33056025390625 0.29938046875 0.31878603515625 0.2881603515625 0.351199609375 0.257824609375 0.3642205078125 0.2686291015625 0.33056025390625 0.29938046875
0 0.39358662109375 0.26890615234375 0.3787650390625 0.25491572265625 0.38334326171875 0.24668056640625 0.39040068359375 0.24037119140625 0.40688447265625 0.25491572265625 0.39358662109375 0.26890615234375
0 0.19758759765625 0.27266328125 0.2175654296875 0.258621484375 0.23765068359375 0.28341650390625 0.221582421875 0.29491357421875 0.21853505859375 0.29172763671875 0.21506962890625 0.29454580078125 0.20842314453125 0.2932513671875 0.20232822265625 0.284940234375 0.20487421875 0.28253642578125 0.19758759765625 0.27266328125
0 0.04522177734375 0.36621708984375 0.05407041015625 0.35993720703125 0.0631009765625 0.35146357421875 0.0697275390625 0.358465234375 0.0714779296875 0.35859033203125 0.08060517578125 0.368092578125 0.08198046875 0.374844140625 0.06747705078125 0.38584677734375 0.0616005859375 0.3852216796875 0.04522177734375 0.36621708984375
0 0.22215537109375 0.55287353515625 0.227656640625 0.54649697265625 0.23690888671875 0.54087060546875 0.25603837890625 0.56450126953125 0.24128486328125 0.577254296875 0.22215537109375 0.55287353515625
0 0.2609671875 0.68661162109375 0.2683796875 0.68309189453125 0.26943115234375 0.68503173828125 0.274058203125 0.68311318359375 0.27563818359375 0.68604736328125 0.2793623046875 0.68435458984375 0.28365078125 0.69676845703125 0.262095703125 0.7068125 0.25713017578125 0.69879990234375 0.2565658203125 0.69259287109375 0.2589357421875 0.69146435546875 0.2609671875 0.68661162109375
0 0.22718916015625 0.70133408203125 0.2353146484375 0.72085771484375 0.19750869140625 0.736205859375 0.19028603515625 0.727967578125 0.19310732421875 0.71510224609375 0.22718916015625 0.70133408203125
0 0.10221806640625 0.7675826171875 0.1211912109375 0.755838671875 0.13088251953125 0.7692705078125 0.11131025390625 0.7822833984375 0.10983916015625 0.78044453125 0.1043529296875 0.7841837890625 0.10066982421875 0.78080751953125 0.10221806640625 0.7675826171875
0 0.3091796875 0.78888076171875 0.30421474609375 0.78400771484375 0.30421474609375 0.7798703125 0.31239775390625 0.7753650390625 0.31340908203125 0.78014609375 0.31800634765625 0.783548046875 0.3091796875 0.78888076171875
