3 0.96013291015625 0.22312626953125 0.97132802734375 0.21139560546875 0.98425712890625 0.2234318359375 0.97165361328125 0.2351630859375 0.96013291015625 0.22312626953125
2 0.94801689453125 0.21257939453125 0.951645703125 0.20860947265625 0.9475421875 0.2047955078125 0.95539248046875 0.19648642578125 0.96847099609375 0.207594140625 0.96562900390625 0.2107744140625 0.96865458984375 0.2131560546875 0.96000908203125 0.222455859375 0.94801689453125 0.21257939453125
3 0.9402232421875 0.135016015625 0.943737890625 0.1288671875 0.94870009765625 0.13137939453125 0.9501517578125 0.12891357421875 0.95979052734375 0.13396982421875 0.95527412109375 0.14259345703125 0.9402232421875 0.135016015625
3 0.9090736328125 0.17932958984375 0.917830859375 0.1692130859375 0.92434921875 0.17527119140625 0.91537265625 0.18543720703125 0.9090736328125 0.17932958984375
3 0.86341552734375 0.1550267578125 0.867782421875 0.14478603515625 0.87750576171875 0.14897587890625 0.87321455078125 0.15932587890625 0.86341552734375 0.1550267578125
3 0.8375931640625 0.149694140625 0.8414546875 0.14265732421875 0.849976171875 0.14692978515625 0.8461576171875 0.15398046875 0.8375931640625 0.149694140625
3 0.81869140625 0.1280888671875 0.82665068359375 0.1168125 0.83590078125 0.12345166015625 0.82809404296875 0.13447451171875 0.81869140625 0.1280888671875
3 0.78828251953125 0.11488173828125 0.795141796875 0.103968359375 0.8055029296875 0.10952802734375 0.79873916015625 0.12089765625 0.78828251953125 0.11488173828125
3 0.7919326171875 0.064034765625 0.798461328125 0.05164775390625 0.81069140625 0.0572560546875 0.8044013671875 0.069329296875 0.7919326171875 0.064034765625
3 0.80004453125 0.04747509765625 0.80637470703125 0.03359638671875 0.8161390625 0.0375021484375 0.80995498046875 0.05149755859375 0.80004453125 0.04747509765625
3 0.76763505859375 0.10348896484375 0.77517646484375 0.0909349609375 0.7852412109375 0.0961650390625 0.77772392578125 0.10883564453125 0.76763505859375 0.10348896484375
3 0.70922294921875 0.073983203125 0.72206591796875 0.0743828125 0.72114091796875 0.09030029296875 0.70822392578125 0.0901681640625 0.70922294921875 0.073983203125
3 0.69203251953125 0.0685205078125 0.7066189453125 0.0715177734375 0.70302236328125 0.08670361328125 0.68803623046875 0.0837064453125 0.69203251953125 0.0685205078125
3 0.66929462890625 0.0659556640625 0.6858232421875 0.06636201171875 0.68534111328125 0.08589482421875 0.66870234375 0.085337109375 0.66929462890625 0.0659556640625
3 0.65070625 0.06498984375 0.66473232421875 0.0657548828125 0.6640708984375 0.08200048828125 0.65019619140625 0.08156611328125 0.65070625 0.06498984375
3 0.6113271484375 0.05896650390625 0.62720205078125 0.0615158203125 0.624804296875 0.07783857421875 0.60892939453125 0.07555107421875 0.6113271484375 0.05896650390625
3 0.56956591796875 0.0491755859375 0.5827537109375 0.0493978515625 0.582294921875 0.0665736328125 0.56956591796875 0.066159765625 0.56956591796875 0.0491755859375
3 0.55069677734375 0.0431978515625 0.564255859375 0.04281337890625 0.564544140625 0.05723046875 0.55060068359375 0.05732666015625 0.55069677734375 0.0431978515625
3 0.5238693359375 0.05235546875 0.52867236328125 0.03819267578125 0.53995380859375 0.04310869140625 0.535269140625 0.05670947265625 0.5238693359375 0.05235546875
3 0.50820625 0.04143896484375 0.5238142578125 0.04270908203125 0.52266083984375 0.05643359375 0.507156640625 0.0549142578125 0.50820625 0.04143896484375
3 0.29959267578125 0.04296044921875 0.313669140625 0.0420568359375 0.31407841796875 0.059709375 0.29974619140625 0.0600859375 0.29959267578125 0.04296044921875
3 0.223530078125 0.0534236328125 0.23775498046875 0.0534236328125 0.23775498046875 0.06399619140625 0.223433984375 0.06399619140625 0.223530078125 0.0534236328125
3 0.19286884765625 0.05840869140625 0.20132685546875 0.0581203125 0.201807421875 0.067251171875 0.19306103515625 0.067443359375 0.19286884765625 0.05840869140625
3 0.14875029296875 0.05789775390625 0.16211005859375 0.0564560546875 0.1630712890625 0.07087314453125 0.15009580078125 0.07193037109375 0.14875029296875 0.05789775390625
3 0.5619318359375 0.014806640625 0.56584580078125 0.00196875 0.57680498046875 0.00525654296875 0.5732041015625 0.01762470703125 0.5619318359375 0.014806640625
3 0.5876791015625 0.05349267578125 0.5947578125 0.0537279296875 0.59462373046875 0.0641853515625 0.58701767578125 0.0636341796875 0.5876791015625 0.05349267578125
