0 0.1953880859375 1.083984375e-05 0.19798359375 0.004503125 0.19754990234375 0.01187490234375 0.20145263671875 0.01621123046875 0.2010189453125 0.0287865234375 0.167195703125 0.03008740234375 0.16632880859375 1.044921875e-05 0.1953880859375 1.083984375e-05
0 0.139009765625 0.03745908203125 0.1871427734375 0.03485732421875 0.19234638671875 0.03919365234375 0.1914791015625 0.04656533203125 0.1958154296875 0.04873349609375 0.19451455078125 0.0652115234375 0.139009765625 0.0656451171875 0.139009765625 0.03745908203125
0 0.1468150390625 0.08906123046875 0.1463814453125 0.0747513671875 0.1528859375 0.0743177734375 0.1528859375 0.06694599609375 0.1871427734375 0.0673796875 0.19061181640625 0.0704150390625 0.19104541015625 0.07778681640625 0.19754990234375 0.08689306640625 0.19711630859375 0.099034765625 0.15635498046875 0.09816748046875 0.15375322265625 0.09339755859375 0.1468150390625 0.08906123046875
0 0.14724873046875 0.12071630859375 0.14768232421875 0.10770732421875 0.15375322265625 0.10770732421875 0.1528859375 0.1012029296875 0.1914791015625 0.10076923828125 0.18974453125 0.1107427734375 0.1962490234375 0.12071630859375 0.1958154296875 0.13068984375 0.15418681640625 0.13025615234375 0.15418681640625 0.1241853515625 0.14768232421875 0.12114990234375 0.14724873046875 0.12071630859375
0 0.3341462890625 1.220703125e-05 0.33587822265625 0.008405859375 0.28384248046875 0.009273046875 0.28384248046875 1.181640625e-05 0.3341462890625 1.220703125e-05
0 0.27473623046875 0.0114412109375 0.3280728515625 0.01187490234375 0.32894013671875 0.04829990234375 0.28340888671875 0.0474326171875 0.2825416015625 0.0296537109375 0.27690439453125 0.0287865234375 0.27473623046875 0.0114412109375
0 0.26996630859375 0.0491671875 0.32547109375 0.05090166015625 0.32547109375 0.0786541015625 0.2777716796875 0.07822041015625 0.27647080078125 0.072149609375 0.2712671875 0.0604416015625 0.26996630859375 0.0491671875
0 0.26953271484375 0.080822265625 0.3141966796875 0.08255673828125 0.31636484375 0.0855921875 0.3167984375 0.10770732421875 0.26736455078125 0.10727373046875 0.266930859375 0.090362109375 0.26996630859375 0.090362109375 0.26953271484375 0.080822265625
0 0.3185330078125 0.11247724609375 0.3180994140625 0.11898173828125 0.32156845703125 0.12158349609375 0.32156845703125 0.13068984375 0.2959841796875 0.1293888671875 0.2959841796875 0.135893359375 0.29294873046875 0.1376279296875 0.293816015625 0.14413232421875 0.2864443359375 0.14413232421875 0.28557705078125 0.14846865234375 0.2777716796875 0.14846865234375 0.2782052734375 0.14369873046875 0.27386904296875 0.144999609375 0.27430263671875 0.1285216796875 0.27083359375 0.13025615234375 0.2682318359375 0.126787109375 0.25825830078125 0.1289552734375 0.256957421875 0.12114990234375 0.26259462890625 0.12071630859375 0.26172734375 0.11464541015625 0.27039990234375 0.11421181640625 0.27039990234375 0.1107427734375 0.3185330078125 0.11247724609375
1 0.1651337890625 0.42560361328125 0.14345224609375 0.42560361328125 0.12046982421875 0.4269044921875 0.120859375 0.392470703125 0.16478515625 0.391015625 0.1651337890625 0.42560361328125
1 0.1187353515625 0.36966513671875 0.12046982421875 0.22179697265625 0.1651337890625 0.22223056640625 0.167301953125 0.37096611328125 0.1187353515625 0.36966513671875
1 0.21370048828125 0.2460802734375 0.24795732421875 0.24694755859375 0.24752373046875 0.28077080078125 0.2366830078125 0.28250537109375 0.23581572265625 0.2859744140625 0.22974482421875 0.28554072265625 0.22931123046875 0.28077080078125 0.21630234375 0.28077080078125 0.21370048828125 0.2460802734375
1 0.24925830078125 0.252584765625 0.27224072265625 0.252584765625 0.27267431640625 0.29377978515625 0.26096630859375 0.29377978515625 0.25836455078125 0.2998505859375 0.248824609375 0.30071787109375 0.24925830078125 0.252584765625
1 0.27224072265625 0.2456466796875 0.29955947265625 0.2460802734375 0.29825859375 0.2950806640625 0.28351513671875 0.2959478515625 0.27961240234375 0.29161162109375 0.27484248046875 0.28987705078125 0.27224072265625 0.2456466796875
1 0.32210830078125 0.243478515625 0.34769248046875 0.24391220703125 0.34856630859375 0.29664521484375 0.33468359375 0.2959478515625 0.33468359375 0.3046205078125 0.321674609375 0.30201875 0.321241015625 0.2959478515625 0.32210830078125 0.243478515625
1 0.3012939453125 0.25128388671875 0.320807421875 0.252584765625 0.321241015625 0.2959478515625 0.3099666015625 0.29638154296875 0.30909931640625 0.30288603515625 0.29999306640625 0.30071787109375 0.3012939453125 0.25128388671875
1 0.348634765625 0.25858056640625 0.35223017578125 0.25858056640625 0.35337421875 0.255475390625 0.3604017578125 0.25514853515625 0.3612189453125 0.25841708984375 0.363997265625 0.25727314453125 0.36367041015625 0.2548216796875 0.36791953125 0.254658203125 0.3693904296875 0.25710966796875 0.3731494140625 0.25710966796875 0.3729859375 0.29698681640625 0.3617091796875 0.29780400390625 0.358113671875 0.30058232421875 0.358113671875 0.30336064453125 0.351249609375 0.30287041015625 0.349125 0.29992861328125 0.348634765625 0.25858056640625
1 0.3746068359375 0.25608701171875 0.383758984375 0.25265498046875 0.38702763671875 0.25690419921875 0.39879462890625 0.25657734375 0.39863115234375 0.29629111328125 0.3976505859375 0.29825224609375 0.39683349609375 0.306423828125 0.3916037109375 0.30675068359375 0.3916037109375 0.297925390625 0.38751787109375 0.297925390625 0.38751787109375 0.30037685546875 0.38473955078125 0.30593349609375 0.3809806640625 0.30331865234375 0.37411650390625 0.30266484375 0.3746068359375 0.25608701171875
1 0.39961181640625 0.25428935546875 0.3894791015625 0.2551064453125 0.38964248046875 0.2461177734375 0.3984677734375 0.2454640625 0.42314580078125 0.24938642578125 0.4228189453125 0.29825224609375 0.411051953125 0.29825224609375 0.40843701171875 0.30511630859375 0.3992849609375 0.30462607421875 0.39961181640625 0.25428935546875
1 0.42428984375 0.25069384765625 0.44913134765625 0.251020703125 0.44847763671875 0.2977619140625 0.43654716796875 0.29841572265625 0.43654716796875 0.30037685546875 0.4326248046875 0.3007037109375 0.4305001953125 0.29580078125 0.42347275390625 0.29580078125 0.42428984375 0.25069384765625
1 0.4501119140625 0.25576015625 0.47380947265625 0.25690419921875 0.47380947265625 0.3028283203125 0.4602447265625 0.30380888671875 0.4586103515625 0.29612763671875 0.44929482421875 0.29629111328125 0.4501119140625 0.25576015625
1 0.51359140625 0.25072314453125 0.51730498046875 0.2504669921875 0.51730498046875 0.243936328125 0.52626865234375 0.243936328125 0.526652734375 0.24790595703125 0.5367689453125 0.2476498046875 0.53728115234375 0.2532841796875 0.5394580078125 0.25546103515625 0.539201953125 0.2952853515625 0.53292734375 0.29682197265625 0.5339517578125 0.3062978515625 0.5270369140625 0.3077064453125 0.5257564453125 0.30130380859375 0.5133353515625 0.30232822265625 0.51359140625 0.25072314453125
1 0.539073828125 0.30002333984375 0.53971416015625 0.27351640625 0.5408666015625 0.2718517578125 0.5408666015625 0.25955869140625 0.55482431640625 0.25968681640625 0.55892197265625 0.26340029296875 0.56340380859375 0.26378447265625 0.5630197265625 0.30476123046875 0.55444013671875 0.30476123046875 0.55175107421875 0.30348076171875 0.55136689453125 0.3119322265625 0.53971416015625 0.31244443359375 0.54035439453125 0.300535546875 0.539073828125 0.30002333984375
1 0.563916015625 0.2532841796875 0.59490478515625 0.253668359375 0.5960572265625 0.287986328125 0.56353193359375 0.2887546875 0.563916015625 0.2532841796875
1 0.6702689453125 0.24499462890625 0.69473173828125 0.2415970703125 0.7151173828125 0.2463537109375 0.71171982421875 0.40841982421875 0.667890625 0.40672099609375 0.6702689453125 0.24499462890625
2 0.73244521484375 0.26130322265625 0.749773046875 0.26028388671875 0.76302373046875 0.263341796875 0.76064541015625 0.33367236328125 0.75351044921875 0.3333326171875 0.75351044921875 0.3462435546875 0.73890068359375 0.343865234375 0.73822119140625 0.3316337890625 0.73176572265625 0.3316337890625 0.73244521484375 0.26130322265625
2 0.8020962890625 0.26266220703125 0.82180244140625 0.26368154296875 0.84116884765625 0.2623224609375 0.840149609375 0.31022880859375 0.8037951171875 0.31022880859375 0.8020962890625 0.26266220703125
2 0.80208759765625 0.40261494140625 0.82383232421875 0.39785830078125 0.8418396484375 0.401255859375 0.84082041015625 0.49095283203125 0.80616474609375 0.4906130859375 0.80038876953125 0.48449736328125 0.80208759765625 0.40261494140625
2 0.72224375 0.4039740234375 0.746026953125 0.4036341796875 0.74670654296875 0.40567275390625 0.76267529296875 0.4060125 0.762335546875 0.42537890625 0.7212244140625 0.42435966796875 0.72224375 0.4039740234375
2 0.89436484375 0.4810041015625 0.89445615234375 0.4882228515625 0.887053515625 0.4891892578125 0.887053515625 0.497441796875 0.87374287109375 0.49797421875 0.87374287109375 0.47987177734375 0.888118359375 0.47907314453125 0.89436484375 0.4810041015625
2 0.92139482421875 0.47987177734375 0.89845703125 0.481103515625 0.88802734375 0.47728515625 0.8878521484375 0.47374892578125 0.8814630859375 0.46895712890625 0.87587255859375 0.46869091796875 0.87454150390625 0.45404921875 0.8862548828125 0.452451953125 0.8862548828125 0.447127734375 0.91899892578125 0.4465953125 0.92139482421875 0.47987177734375
2 0.93177705078125 0.450322265625 0.9477498046875 0.450322265625 0.949080859375 0.47108681640625 0.946951171875 0.47667724609375 0.93390673828125 0.47667724609375 0.93337431640625 0.47561240234375 0.92858251953125 0.47561240234375 0.92858251953125 0.46043837890625 0.93284189453125 0.46043837890625 0.93177705078125 0.450322265625
2 0.93417294921875 0.496909375 0.9482822265625 0.4961107421875 0.949080859375 0.52432919921875 0.9466849609375 0.52432919921875 0.946951171875 0.52778994140625 0.9386986328125 0.52858857421875 0.93017978515625 0.52060224609375 0.93364052734375 0.5067591796875 0.93204326171875 0.4987728515625 0.93417294921875 0.496909375
2 0.8962890625 0.541904296875 0.87077197265625 0.54145146484375 0.87061572265625 0.53038876953125 0.8958798828125 0.5300619140625 0.8962890625 0.541904296875
2 0.89140673828125 0.51602607421875 0.90317373046875 0.51602607421875 0.90350068359375 0.52926396484375 0.8932044921875 0.52812001953125 0.89336787109375 0.52599541015625 0.88911875 0.5256685546875 0.89140673828125 0.51602607421875
1 0.5888375 0.6462921875 0.589369921875 0.68036728515625 0.55955419921875 0.68116591796875 0.56008662109375 0.6444287109375 0.5888375 0.6462921875
1 0.5427828125 0.62579384765625 0.54943818359375 0.62526142578125 0.55662587890625 0.62792353515625 0.55769072265625 0.67397822265625 0.5318681640625 0.67530927734375 0.5313357421875 0.6327154296875 0.5427828125 0.6321830078125 0.5427828125 0.62579384765625
1 0.530537109375 0.67956865234375 0.50657802734375 0.67956865234375 0.50577939453125 0.6343126953125 0.51536298828125 0.632981640625 0.51509677734375 0.6305857421875 0.51642783203125 0.62952080078125 0.51562919921875 0.62446279296875 0.52255078125 0.62579384765625 0.5292060546875 0.62472900390625 0.530537109375 0.67956865234375
1 0.4794244140625 0.62659248046875 0.4868783203125 0.62526142578125 0.49433232421875 0.6311181640625 0.50444833984375 0.631384375 0.50471455078125 0.67504306640625 0.481287890625 0.67610791015625 0.4794244140625 0.62659248046875
1 0.46797734375 0.62632626953125 0.4682435546875 0.6316505859375 0.478093359375 0.63244921875 0.479158203125 0.6518826171875 0.4778271484375 0.6518826171875 0.4775609375 0.67717275390625 0.45413427734375 0.67637412109375 0.45493291015625 0.62419658203125 0.4623869140625 0.62659248046875 0.46797734375 0.62632626953125
1 0.44268720703125 0.6305857421875 0.45253701171875 0.632981640625 0.45227080078125 0.67397822265625 0.4291103515625 0.67397822265625 0.42831171875 0.62739111328125 0.4336359375 0.62472900390625 0.44295341796875 0.62685869140625 0.44268720703125 0.6305857421875
1 0.40302158203125 0.62685869140625 0.410209375 0.62419658203125 0.4163322265625 0.62845595703125 0.416066015625 0.630851953125 0.427246875 0.631384375 0.427779296875 0.6508177734375 0.426714453125 0.6518826171875 0.42618203125 0.67317958984375 0.40435263671875 0.67397822265625 0.40302158203125 0.62685869140625
1 0.39237314453125 0.6311181640625 0.40248916015625 0.62978701171875 0.40328779296875 0.66998505859375 0.3782638671875 0.67051748046875 0.3771990234375 0.62579384765625 0.38465302734375 0.62339794921875 0.39210693359375 0.62552763671875 0.39237314453125 0.6311181640625
1 0.3670830078125 0.62526142578125 0.365751953125 0.62845595703125 0.3769328125 0.6305857421875 0.377465234375 0.67397822265625 0.351908984375 0.67451064453125 0.35350625 0.6524150390625 0.351908984375 0.64948671875 0.3516427734375 0.62552763671875 0.3590966796875 0.62206689453125 0.3670830078125 0.62526142578125
1 0.32848232421875 0.62393037109375 0.33646865234375 0.62313173828125 0.34099423828125 0.62845595703125 0.3516427734375 0.630851953125 0.3516427734375 0.65268125 0.3516427734375 0.67131611328125 0.32794990234375 0.67078369140625 0.32848232421875 0.62393037109375
1 0.302659765625 0.62180068359375 0.312243359375 0.62020341796875 0.3181 0.62472900390625 0.3181 0.62818974609375 0.32688505859375 0.62978701171875 0.32502158203125 0.66971884765625 0.3029259765625 0.66998505859375 0.302659765625 0.62180068359375
1 0.29387470703125 0.62845595703125 0.3007962890625 0.62845595703125 0.3023935546875 0.6305857421875 0.301594921875 0.67264716796875 0.27657099609375 0.67317958984375 0.27736962890625 0.62286552734375 0.28455732421875 0.61940478515625 0.29467333984375 0.62579384765625 0.29387470703125 0.62845595703125
1 0.27577236328125 0.66093388671875 0.27470751953125 0.67025126953125 0.2504822265625 0.66758916015625 0.251280859375 0.6332478515625 0.2552740234375 0.6337802734375 0.2552740234375 0.62818974609375 0.2659224609375 0.62499521484375 0.27683720703125 0.62818974609375 0.27603857421875 0.65907041015625 0.27577236328125 0.66093388671875
1 0.24353623046875 0.63499794921875 0.241450390625 0.6696228515625 0.22267783203125 0.6692056640625 0.2193404296875 0.666076953125 0.21808896484375 0.6616966796875 0.21725458984375 0.6562734375 0.2155859375 0.65481337890625 0.21537734375 0.648555859375 0.21266572265625 0.64584423828125 0.21391728515625 0.6249859375 0.2155859375 0.62561162109375 0.2155859375 0.62143994140625 0.2189232421875 0.6193541015625 0.223512109375 0.62185712890625 0.22580654296875 0.62248291015625 0.22601513671875 0.62519443359375 0.23268984375 0.62561162109375 0.23185546875 0.6285318359375 0.2374873046875 0.6276974609375 0.23769580078125 0.633329296875 0.24332763671875 0.633120703125 0.24353623046875 0.63499794921875
2 0.0669841796875 0.66269267578125 0.09416513671875 0.653519140625 0.119647265625 0.65691669921875 0.13697509765625 0.66575048828125 0.15124501953125 0.682398828125 0.16177763671875 0.6800205078125 0.170951171875 0.70040615234375 0.16007880859375 0.70448330078125 0.15837998046875 0.73030517578125 0.15056552734375 0.7476330078125 0.142071484375 0.76088369140625 0.11998701171875 0.77379462890625 0.1009603515625 0.778891015625 0.07174091796875 0.772435546875 0.0544130859375 0.75850537109375 0.03844423828125 0.73336298828125 0.03538642578125 0.7034640625 0.05237451171875 0.67458427734375 0.0669841796875 0.66269267578125
2 0.14411005859375 0.659634765625 0.1492064453125 0.6524998046875 0.16959208984375 0.67696259765625 0.1655150390625 0.6817193359375 0.14411005859375 0.659634765625
2 0.50893896484375 0.3384375 0.51709326171875 0.3347001953125 0.52456796875 0.337078515625 0.5255873046875 0.34217490234375 0.535780078125 0.34455322265625 0.53645966796875 0.38736318359375 0.53068369140625 0.388382421875 0.53068369140625 0.3907607421875 0.51063779296875 0.3907607421875 0.50893896484375 0.3384375
2 0.53747890625 0.340136328125 0.5480115234375 0.33979658203125 0.54767177734375 0.33266162109375 0.55412724609375 0.33198203125 0.5609224609375 0.3343603515625 0.5609224609375 0.38090771484375 0.53747890625 0.37920888671875 0.53747890625 0.340136328125
2 0.5928599609375 0.359502734375 0.59252021484375 0.3894017578125 0.56194169921875 0.38804267578125 0.56194169921875 0.35202802734375 0.57315380859375 0.3506689453125 0.574512890625 0.353047265625 0.5785900390625 0.349989453125 0.5850455078125 0.3537267578125 0.59116123046875 0.3554255859375 0.5928599609375 0.359502734375
2 0.5109775390625 0.40265244140625 0.5367994140625 0.4036716796875 0.53645966796875 0.44512255859375 0.5238884765625 0.446481640625 0.51063779296875 0.44987919921875 0.5109775390625 0.40265244140625
2 0.5381583984375 0.39925478515625 0.559903125 0.39925478515625 0.55956337890625 0.44852021484375 0.5497103515625 0.44682138671875 0.5480115234375 0.45429609375 0.53713916015625 0.4536166015625 0.5381583984375 0.39925478515625
2 0.59353955078125 0.401293359375 0.593879296875 0.436628515625 0.56126220703125 0.4359490234375 0.56296103515625 0.40095361328125 0.59353955078125 0.401293359375
2 0.509971484375 0.48256357421875 0.51789765625 0.479434765625 0.52415517578125 0.48172919921875 0.526658203125 0.4881953125 0.5372958984375 0.48923818359375 0.53667021484375 0.53929833984375 0.526241015625 0.53929833984375 0.526449609375 0.5332494140625 0.509971484375 0.53220654296875 0.509554296875 0.5009189453125 0.509971484375 0.4996673828125 0.509971484375 0.48256357421875
2 0.54835087890625 0.48673525390625 0.54835087890625 0.48131201171875 0.5548169921875 0.479851953125 0.56086591796875 0.48152060546875 0.56128310546875 0.528660546875 0.5379216796875 0.52803486328125 0.5379216796875 0.48673525390625 0.54835087890625 0.48673525390625
2 0.56190888671875 0.49779013671875 0.5706693359375 0.496955859375 0.57338095703125 0.49799873046875 0.57838701171875 0.49779013671875 0.58631318359375 0.4998759765625 0.59131923828125 0.50321337890625 0.592987890625 0.5345009765625 0.56190888671875 0.5347095703125 0.56190888671875 0.49779013671875
2 0.53521005859375 0.58748125 0.52753955078125 0.5878236328125 0.5170673828125 0.59155458984375 0.5094787109375 0.59131845703125 0.508719921875 0.546807421875 0.53646162109375 0.545555859375 0.53521005859375 0.58748125
2 0.559405859375 0.55160478515625 0.56044873046875 0.5995791015625 0.550228125 0.6002048828125 0.550228125 0.595824609375 0.5460564453125 0.595407421875 0.54501357421875 0.59353017578125 0.53541865234375 0.59373876953125 0.53687880859375 0.55202197265625 0.559405859375 0.55160478515625
2 0.559405859375 0.54451298828125 0.59048486328125 0.54472158203125 0.592570703125 0.579137890625 0.56107451171875 0.58122373046875 0.559405859375 0.54451298828125
2 0.45600654296875 0.54476689453125 0.4827052734375 0.546226953125 0.48166240234375 0.597747265625 0.4660185546875 0.59899873046875 0.4666443359375 0.59023818359375 0.4570494140625 0.59065537109375 0.45600654296875 0.54476689453125
2 0.45579794921875 0.59378408203125 0.44265712890625 0.5927412109375 0.437651171875 0.59148974609375 0.4330623046875 0.5835634765625 0.4332708984375 0.5510244140625 0.453920703125 0.5506072265625 0.453920703125 0.5589505859375 0.45579794921875 0.5599935546875 0.45579794921875 0.59378408203125
2 0.43181083984375 0.59128115234375 0.42179873046875 0.59128115234375 0.420130078125 0.597121484375 0.4084494140625 0.596912890625 0.4074064453125 0.54872998046875 0.4324365234375 0.54893857421875 0.43181083984375 0.59128115234375
2 0.38446220703125 0.54872998046875 0.404486328125 0.54893857421875 0.40594638671875 0.55811630859375 0.4074064453125 0.56061923828125 0.4074064453125 0.59002958984375 0.39280556640625 0.58961240234375 0.3919712890625 0.58564931640625 0.388008203125 0.58690087890625 0.38404501953125 0.580643359375 0.38446220703125 0.54872998046875
2 0.3825849609375 0.59023818359375 0.371321484375 0.59002958984375 0.37173857421875 0.597538671875 0.35901494140625 0.597538671875 0.35922353515625 0.547269921875 0.38154208984375 0.547687109375 0.3825849609375 0.59023818359375
2 0.33440205078125 0.546644140625 0.3571376953125 0.54831279296875 0.3583892578125 0.5510244140625 0.3581806640625 0.59065537109375 0.34712568359375 0.58961240234375 0.34712568359375 0.596078515625 0.3337763671875 0.596495703125 0.3335677734375 0.54893857421875 0.33440205078125 0.546644140625
2 0.3077033203125 0.53621494140625 0.320009765625 0.53642353515625 0.320009765625 0.545809765625 0.33043896484375 0.546226953125 0.33148193359375 0.54789560546875 0.3327333984375 0.55227587890625 0.3329419921875 0.58856953125 0.320218359375 0.5883609375 0.320009765625 0.59545283203125 0.30937197265625 0.59482705078125 0.3077033203125 0.53621494140625
2 0.287679296875 0.546852734375 0.30686904296875 0.547687109375 0.3085376953125 0.58794375 0.29518828125 0.58940390625 0.2918509765625 0.58606650390625 0.28872216796875 0.58564931640625 0.28830498046875 0.58231201171875 0.28601064453125 0.579808984375 0.287679296875 0.546852734375
2 0.26139765625 0.546852734375 0.28434189453125 0.546644140625 0.286636328125 0.54914716796875 0.28475908203125 0.58794375 0.27349560546875 0.58794375 0.2737041015625 0.59461845703125 0.25972900390625 0.59378408203125 0.25993759765625 0.54810419921875 0.26139765625 0.546852734375
2 0.23469892578125 0.53663212890625 0.25910322265625 0.53642353515625 0.25910322265625 0.579183203125 0.24429384765625 0.580017578125 0.24283369140625 0.5875265625 0.23574189453125 0.58648369140625 0.23469892578125 0.53663212890625
2 0.2353689453125 0.4771013671875 0.23745478515625 0.47084384765625 0.23849775390625 0.464794921875 0.24538095703125 0.4691751953125 0.247258203125 0.47564130859375 0.25122138671875 0.480855859375 0.2514298828125 0.47063525390625 0.25601875 0.4729296875 0.2572703125 0.480855859375 0.2608162109375 0.48398466796875 0.2601904296875 0.52298984375 0.2355775390625 0.52465849609375 0.2353689453125 0.4771013671875
2 0.2614419921875 0.47418115234375 0.2685337890625 0.47397255859375 0.27499990234375 0.47418115234375 0.27562568359375 0.481273046875 0.28334326171875 0.48252451171875 0.28376044921875 0.5259099609375 0.2603990234375 0.5263271484375 0.2614419921875 0.47418115234375
2 0.2854291015625 0.4729296875 0.29272958984375 0.47313828125 0.30044716796875 0.47376396484375 0.3019072265625 0.48231591796875 0.3096248046875 0.48252451171875 0.30858193359375 0.52528427734375 0.30044716796875 0.5261185546875 0.30065576171875 0.52799580078125 0.28396904296875 0.52799580078125 0.28334326171875 0.480438671875 0.2852205078125 0.481064453125 0.2854291015625 0.4729296875
2 0.3108763671875 0.47397255859375 0.322765625 0.47397255859375 0.32380859375 0.48377607421875 0.33361201171875 0.48377607421875 0.33361201171875 0.5271615234375 0.3098333984375 0.5271615234375 0.3108763671875 0.47397255859375
2 0.3356978515625 0.48356748046875 0.34278974609375 0.48356748046875 0.3429982421875 0.47897861328125 0.34633564453125 0.4773099609375 0.3517587890625 0.47856142578125 0.3515501953125 0.48335888671875 0.3601021484375 0.48398466796875 0.3598935546875 0.5104748046875 0.3569734375 0.52027822265625 0.355721875 0.52507568359375 0.3352806640625 0.52444990234375 0.33402919921875 0.5192353515625 0.33382060546875 0.48711337890625 0.3356978515625 0.48356748046875
2 0.3596849609375 0.47897861328125 0.36615107421875 0.4771013671875 0.37449443359375 0.480021484375 0.37491162109375 0.47397255859375 0.38033486328125 0.47397255859375 0.380960546875 0.481898828125 0.38450654296875 0.481898828125 0.38408935546875 0.5025486328125 0.38429794921875 0.5188181640625 0.382003515625 0.52173828125 0.38325498046875 0.5273701171875 0.35864208984375 0.5277873046875 0.35801630859375 0.52257265625 0.35905927734375 0.5184009765625 0.3605193359375 0.5058859375 0.3596849609375 0.47897861328125
2 0.38429794921875 0.47897861328125 0.3890953125 0.4762669921875 0.398690234375 0.4773099609375 0.39910732421875 0.48315029296875 0.405990625 0.48315029296875 0.4064078125 0.4850275390625 0.40891083984375 0.4850275390625 0.40911943359375 0.5261185546875 0.3847150390625 0.52507568359375 0.38429794921875 0.47897861328125
2 0.40891083984375 0.47960439453125 0.414751171875 0.47814423828125 0.4220515625 0.47918720703125 0.42267734375 0.48335888671875 0.42830908203125 0.48315029296875 0.43310654296875 0.48669619140625 0.43289794921875 0.52966455078125 0.4097451171875 0.52862158203125 0.40891083984375 0.47960439453125
2 0.43352373046875 0.52570146484375 0.43331513671875 0.4844017578125 0.43414951171875 0.48335888671875 0.43352373046875 0.47856142578125 0.44082412109375 0.4771013671875 0.44666455078125 0.47960439453125 0.447707421875 0.4848189453125 0.45646796875 0.4846103515625 0.4566765625 0.5269529296875 0.43352373046875 0.52570146484375
2 0.4731546875 0.48377607421875 0.47440615234375 0.48669619140625 0.4775349609375 0.48669619140625 0.480663671875 0.49128505859375 0.48337529296875 0.49128505859375 0.48358388671875 0.52841298828125 0.45876240234375 0.5271615234375 0.45855380859375 0.48669619140625 0.4604310546875 0.4854447265625 0.4606396484375 0.48377607421875 0.4731546875 0.48377607421875
2 0.24697626953125 0.399004296875 0.24458037109375 0.4336119140625 0.24032099609375 0.43920234375 0.220355078125 0.43920234375 0.2190240234375 0.42775517578125 0.2152970703125 0.42376201171875 0.2163619140625 0.41284736328125 0.21982265625 0.41337978515625 0.21982265625 0.40379609375 0.2208875 0.401133984375 0.2216861328125 0.3982056640625 0.24697626953125 0.399004296875
2 0.221419921875 0.3473591796875 0.22780908203125 0.346560546875 0.22834150390625 0.3438984375 0.23925615234375 0.3452294921875 0.24058720703125 0.3438984375 0.24990458984375 0.34496328125 0.2541640625 0.349755078125 0.2528330078125 0.3822330078125 0.2222185546875 0.3822330078125 0.220355078125 0.37664248046875 0.221419921875 0.3473591796875
2 0.254696484375 0.327393359375 0.264280078125 0.3271271484375 0.2709353515625 0.3324513671875 0.2754609375 0.3335162109375 0.2754609375 0.328458203125 0.28078525390625 0.3287244140625 0.28105146484375 0.37611005859375 0.254696484375 0.37664248046875 0.254696484375 0.327393359375
2 0.29516064453125 0.3268609375 0.29569306640625 0.3324513671875 0.30554287109375 0.3351134765625 0.30527666015625 0.35507939453125 0.30288076171875 0.35481318359375 0.30421181640625 0.37717490234375 0.28105146484375 0.37611005859375 0.28211630859375 0.326328515625 0.29516064453125 0.3268609375
2 0.30554287109375 0.327393359375 0.318853515625 0.3313865234375 0.3196521484375 0.3361783203125 0.3297681640625 0.336976953125 0.3297681640625 0.3779736328125 0.32471015625 0.3806357421875 0.30580908203125 0.379837109375 0.30554287109375 0.327393359375
2 0.330566796875 0.3848951171875 0.330034375 0.3340486328125 0.34254638671875 0.337509375 0.34760439453125 0.3351134765625 0.35505830078125 0.3377755859375 0.35505830078125 0.380901953125 0.35159755859375 0.3848951171875 0.330566796875 0.3848951171875
2 0.35559072265625 0.32792578125 0.36224599609375 0.32792578125 0.3689013671875 0.329523046875 0.3697 0.3361783203125 0.380880859375 0.336976953125 0.379816015625 0.3811681640625 0.35585693359375 0.3843626953125 0.35559072265625 0.32792578125
2 0.3806146484375 0.329523046875 0.39499013671875 0.328990625 0.39658740234375 0.334847265625 0.40723583984375 0.336976953125 0.40457373046875 0.3817005859375 0.40031435546875 0.384096484375 0.40058056640625 0.3886220703125 0.3811470703125 0.3878234375 0.3806146484375 0.329523046875
2 0.40776826171875 0.3396390625 0.41495595703125 0.3404376953125 0.41894921875 0.335912109375 0.4303962890625 0.339106640625 0.4282666015625 0.3864923828125 0.40483994140625 0.3859599609375 0.40776826171875 0.3396390625
2 0.4303962890625 0.3324513671875 0.4370515625 0.3308541015625 0.44610283203125 0.333782421875 0.44610283203125 0.338041796875 0.45648505859375 0.3377755859375 0.45568642578125 0.3790384765625 0.429065234375 0.379837109375 0.4303962890625 0.3324513671875
2 0.45542021484375 0.3918166015625 0.45781611328125 0.3404376953125 0.46180927734375 0.338041796875 0.46766591796875 0.3377755859375 0.4748537109375 0.333782421875 0.4812427734375 0.335912109375 0.480444140625 0.3923490234375 0.45542021484375 0.3918166015625
2 0.2534970703125 0.39541259765625 0.27331259765625 0.396246875 0.27477265625 0.39895849609375 0.2789443359375 0.39958427734375 0.2795701171875 0.43671220703125 0.27644130859375 0.44025810546875 0.267055078125 0.44025810546875 0.265386328125 0.44714140625 0.2532884765625 0.4469328125 0.25245419921875 0.41898251953125 0.2534970703125 0.4177310546875 0.2534970703125 0.39541259765625
2 0.2791529296875 0.39603828125 0.3041830078125 0.39645546875 0.3046001953125 0.43942373046875 0.30147138671875 0.4419267578125 0.2943794921875 0.4413009765625 0.2962568359375 0.44860146484375 0.2860361328125 0.44422119140625 0.2793615234375 0.44672421875 0.2791529296875 0.39603828125
2 0.30480869140625 0.44818427734375 0.3043916015625 0.39436962890625 0.3279615234375 0.39541259765625 0.3279615234375 0.44088388671875 0.31482080078125 0.4415095703125 0.31482080078125 0.446515625 0.30480869140625 0.44818427734375
2 0.3283787109375 0.44860146484375 0.3283787109375 0.3974984375 0.34715126953125 0.39728984375 0.34840283203125 0.39937568359375 0.3538259765625 0.39937568359375 0.3536173828125 0.4423439453125 0.35090576171875 0.44338681640625 0.34110234375 0.44359541015625 0.33818212890625 0.44776708984375 0.3283787109375 0.44860146484375
2 0.37176416015625 0.39874990234375 0.3734328125 0.4014615234375 0.3790646484375 0.4012529296875 0.3788560546875 0.438798046875 0.37322431640625 0.4421353515625 0.366132421875 0.4427611328125 0.36488095703125 0.4498529296875 0.3540345703125 0.4498529296875 0.3538259765625 0.39708125 0.37176416015625 0.39874990234375
2 0.3788560546875 0.39854130859375 0.4036775390625 0.39895849609375 0.4026345703125 0.4429697265625 0.39178828125 0.4423439453125 0.39262255859375 0.4469328125 0.37969033203125 0.44735 0.3788560546875 0.39854130859375
2 0.4030517578125 0.4511044921875 0.4040947265625 0.4010443359375 0.40618056640625 0.3997927734375 0.42265869140625 0.4002099609375 0.42307587890625 0.40292158203125 0.4287076171875 0.40208720703125 0.4276646484375 0.4427611328125 0.41431533203125 0.4431783203125 0.41389814453125 0.4502701171875 0.4030517578125 0.4511044921875
2 0.4282904296875 0.4506873046875 0.4291248046875 0.4000013671875 0.4541548828125 0.4006271484375 0.4526947265625 0.4431783203125 0.44205703125 0.44359541015625 0.44163984375 0.44943583984375 0.4282904296875 0.4506873046875
2 0.4537376953125 0.44588984375 0.4545720703125 0.40271298828125 0.45728359375 0.40271298828125 0.45957802734375 0.39937568359375 0.4789763671875 0.4006271484375 0.4789763671875 0.45214736328125 0.46833857421875 0.4515216796875 0.466252734375 0.44484697265625 0.4620810546875 0.44526416015625 0.4537376953125 0.44588984375
2 0.69485078125 0.415330078125 0.71047978515625 0.41465048828125 0.71183876953125 0.43231806640625 0.69587001953125 0.434356640625 0.6945109375 0.4306193359375 0.69485078125 0.415330078125
2 0.89512744140625 0.5572166015625 0.9343767578125 0.5572166015625 0.93612119140625 0.57745185546875 0.89512744140625 0.57623076171875 0.89512744140625 0.5572166015625
2 0.04585029296875 0.92188916015625 0.05131572265625 0.9213685546875 0.05157607421875 0.9364638671875 0.04585029296875 0.936984375 0.04585029296875 0.92188916015625
2 0.0562607421875 0.92188916015625 0.0609455078125 0.92110830078125 0.061466015625 0.9351625 0.05652099609375 0.9351625 0.0562607421875 0.92188916015625
2 0.044288671875 0.897944921875 0.04506943359375 0.882589453125 0.05209658203125 0.88232919921875 0.0523568359375 0.89768466796875 0.044288671875 0.897944921875
2 0.05600048828125 0.8831099609375 0.06276728515625 0.88284970703125 0.0619865234375 0.89872568359375 0.05600048828125 0.8984654296875 0.05600048828125 0.8831099609375
