4 0.38101787109375 0.9990033203125 0.3829119140625 0.9928931640625 0.3933755859375 0.99647275390625 0.3935072265625 0.9990033203125 0.38101787109375 0.9990033203125
2 0.33345185546875 0.9315234375 0.32466591796875 0.9179345703125 0.33673193359375 0.91172578125 0.34493212890625 0.92578330078125 0.33345185546875 0.9315234375
3 0.630934375 0.6725130859375 0.63436083984375 0.652087109375 0.65035849609375 0.6541802734375 0.64647119140625 0.6761583984375 0.630934375 0.6725130859375
4 0.6218568359375 0.67481064453125 0.61412529296875 0.6711791015625 0.6164681640625 0.664033203125 0.62443408203125 0.666258984375 0.6218568359375 0.67481064453125
3 0.305296875 0.551894921875 0.30365224609375 0.5521939453125 0.299914453125 0.53604677734375 0.31606162109375 0.5326080078125 0.3192013671875 0.5489046875 0.305296875 0.551894921875
4 0.1644380859375 0.490648828125 0.161746875 0.47390361328125 0.17909013671875 0.471062890625 0.1816318359375 0.48780810546875 0.1644380859375 0.490648828125
3 0.188896875 0.41496455078125 0.1877037109375 0.41551533203125 0.1808197265625 0.40450087890625 0.18320615234375 0.40312412109375 0.182012890625 0.40156376953125 0.19036552734375 0.3968826171875 0.19550556640625 0.40450087890625 0.1944958984375 0.40560234375 0.19688232421875 0.41019169921875 0.188896875 0.41496455078125
3 0.1885546875 0.37754755859375 0.1701171875 0.38739169921875 0.165594140625 0.3755560546875 0.1803544921875 0.36653583984375 0.1885546875 0.37754755859375
3 0.1701171875 0.38739169921875 0.1885546875 0.37754755859375 0.19302568359375 0.38811005859375 0.17993671875 0.39645244140625 0.1701171875 0.38739169921875
3 0.1601908203125 0.362305859375 0.154653125 0.35353193359375 0.16242021484375 0.34921689453125 0.16745439453125 0.35842236328125 0.1601908203125 0.362305859375
3 0.21967392578125 0.1718365234375 0.20921025390625 0.16063857421875 0.2189396484375 0.15182705078125 0.22848544921875 0.16320859375 0.21967392578125 0.1718365234375
3 0.29045322265625 0.11416953125 0.29091220703125 0.1058169921875 0.30137587890625 0.10618408203125 0.30110048828125 0.11490380859375 0.29045322265625 0.11416953125
3 0.280126171875 0.11292890625 0.28000908203125 0.10543154296875 0.2851634765625 0.10543154296875 0.2850462890625 0.11281171875 0.280126171875 0.11292890625
4 0.20482724609375 0.041661328125 0.20439580078125 0.03849697265625 0.20604990234375 0.0346853515625 0.2195703125 0.038928515625 0.21748466796875 0.04345927734375 0.20482724609375 0.041661328125
4 0.07350888671875 0.16049541015625 0.0798421875 0.15526357421875 0.086358984375 0.1627900390625 0.07929140625 0.168113671875 0.07350888671875 0.16049541015625
3 0.06662490234375 0.1770169921875 0.058455859375 0.164901171875 0.0672673828125 0.15884326171875 0.0743349609375 0.1701330078125 0.06662490234375 0.1770169921875
4 0.3648498046875 0.40828388671875 0.36230810546875 0.40888193359375 0.35258994140625 0.39527646484375 0.3672419921875 0.38585732421875 0.37651162109375 0.40215400390625 0.3648498046875 0.40828388671875
4 0.37621259765625 0.40768583984375 0.38309013671875 0.402303515625 0.39280830078125 0.41456337890625 0.3853328125 0.41979619140625 0.37621259765625 0.40768583984375
4 0.248049609375 0.47510849609375 0.244233203125 0.45888896484375 0.25358330078125 0.45755322265625 0.25701806640625 0.47300947265625 0.248049609375 0.47510849609375
3 0.2010681640625 0.451696875 0.19059609375 0.4460955078125 0.2005810546875 0.4356234375 0.2086177734375 0.44366015625 0.2010681640625 0.451696875
4 0.15931943359375 0.4693607421875 0.15752529296875 0.460240625 0.16515029296875 0.4581474609375 0.167991015625 0.46711806640625 0.15931943359375 0.4693607421875
3 0.9782310546875 0.2124150390625 0.97694248046875 0.21276640625 0.97108525390625 0.20011474609375 0.98303408203125 0.1948431640625 0.9893599609375 0.2080806640625 0.9782310546875 0.2124150390625
3 0.95515341796875 0.2298697265625 0.9489447265625 0.21639794921875 0.965696484375 0.20878349609375 0.97143662109375 0.22354384765625 0.95515341796875 0.2298697265625
3 0.76800283203125 0.08148212890625 0.7724880859375 0.0719134765625 0.78186162109375 0.07624921875 0.7760763671875 0.0843228515625 0.76800283203125 0.08148212890625
3 0.75963017578125 0.07938896484375 0.74901494140625 0.067428125 0.7624708984375 0.05457021484375 0.77203955078125 0.065633984375 0.75963017578125 0.07938896484375
