4 0.09201787109375 7.2265625e-06 0.09425244140625 0.0074375 0.075588671875 0.01353623046875 0.07057216796875 6.73828125e-06 0.09201787109375 7.2265625e-06
0 0.19766416015625 0.04188095703125 0.24080947265625 0.02450361328125 0.2453134765625 0.02770859375 0.2511326171875 0.04220302734375 0.20668291015625 0.060240625 0.202495703125 0.05927431640625 0.1966978515625 0.05122177734375 0.19766416015625 0.04188095703125
0 0.32032021484375 1.064453125e-05 0.3257591796875 0.013219921875 0.28173203125 0.03092958984375 0.27625634765625 0.021588671875 0.27400166015625 0.01160361328125 0.30264267578125 1.044921875e-05 0.32032021484375 1.064453125e-05
0 -0.0 0.2455966796875 0.003411328125 0.24553564453125 0.00946552734375 0.2599419921875 -0.0 0.26379736328125 -0.0 0.2455966796875
4 0.01784345703125 0.21396572265625 0.0218814453125 0.21245146484375 0.0256669921875 0.21320859375 0.030209765625 0.2220416015625 0.02238623046875 0.2253224609375 0.01784345703125 0.21396572265625
0 0.04484736328125 0.21320859375 0.0927982421875 0.1985708984375 0.0958267578125 0.20210419921875 0.10163134765625 0.22077978515625 0.057213671875 0.23592216796875 0.0524185546875 0.23592216796875 0.04686640625 0.2253224609375 0.04484736328125 0.21320859375
0 0.1293923828125 0.17964296875 0.14125390625 0.17535263671875 0.1427681640625 0.17030517578125 0.14756318359375 0.16853857421875 0.151853515625 0.16752900390625 0.1546296875 0.1715669921875 0.16724833984375 0.16702431640625 0.1700244140625 0.16853857421875 0.17608134765625 0.18645703125 0.13696357421875 0.2003375 0.13494453125 0.19907568359375 0.1296447265625 0.18898076171875 0.1293923828125 0.17964296875
0 0.3563580078125 0.09676884765625 0.3901716796875 0.0860908203125 0.39353330078125 0.0888591796875 0.3974880859375 0.10270107421875 0.36308115234375 0.1149609375 0.3609060546875 0.11318134765625 0.356951171875 0.10764453125 0.3563580078125 0.09676884765625
0 0.4503466796875 0.07863017578125 0.4654890625 0.07383515625 0.46574140625 0.06853525390625 0.47987431640625 0.063992578125 0.48138857421875 0.067778125 0.49965322265625 0.06131181640625 0.50662587890625 0.08191103515625 0.4591796875 0.0993248046875 0.45488935546875 0.0957796875 0.449084765625 0.09820029296875 0.4435326171875 0.090996484375 0.4435326171875 0.0824158203125 0.4503466796875 0.07863017578125
0 0.51944677734375 0.07318095703125 0.5288978515625 0.0694625 0.529517578125 0.070701953125 0.53106689453125 0.071166796875 0.5352501953125 0.0821671875 0.52409482421875 0.086350390625 0.52347509765625 0.08418134765625 0.5225455078125 0.08480107421875 0.51898193359375 0.08061787109375 0.51944677734375 0.07318095703125
0 0.67049453125 0.170435546875 0.6813548828125 0.16704833984375 0.69194326171875 0.16490146484375 0.6949740234375 0.1768775390625 0.69787294921875 0.175984765625 0.7010939453125 0.188473046875 0.6981859375 0.18898916015625 0.7033486328125 0.21134208984375 0.68209013671875 0.2161736328125 0.67854697265625 0.20135703125 0.67049453125 0.20264541015625 0.66759560546875 0.1926603515625 0.674359765625 0.1904056640625 0.67049453125 0.170435546875
0 0.656642578125 0.25451806640625 0.66460341796875 0.2511951171875 0.67074169921875 0.26542255859375 0.66392451171875 0.26883115234375 0.66175546875 0.266197265625 0.66082587890625 0.2651126953125 0.656642578125 0.25451806640625
0 0.535070703125 0.17648740234375 0.54901484375 0.17214921875 0.55490244140625 0.1893470703125 0.541423046875 0.19461484375 0.535070703125 0.17648740234375
0 0.7187728515625 0.5142029296875 0.72047236328125 0.51529541015625 0.72047236328125 0.515416796875 0.72059375 0.51711640625 0.72180771484375 0.51833037109375 0.723871484375 0.5195443359375 0.72557099609375 0.5211224609375 0.727027734375 0.52209365234375 0.73066962890625 0.52233642578125 0.732369140625 0.5227005859375 0.72933427734375 0.529984375 0.7236287109375 0.5339904296875 0.718530078125 0.5302271484375 0.703476953125 0.54989326171875 0.6952220703125 0.54345927734375 0.7021416015625 0.53508291015625 0.706656640625 0.5293591796875 0.7187728515625 0.5142029296875
0 0.69849970703125 0.5222150390625 0.706656640625 0.5293591796875 0.7021416015625 0.53508291015625 0.6936439453125 0.52816337890625 0.69849970703125 0.5222150390625
0 0.6514044921875 0.41241044921875 0.6606982421875 0.4084556640625 0.66583955078125 0.4094443359375 0.69016162109375 0.4521564453125 0.68146103515625 0.45749541015625 0.67750625 0.45749541015625 0.6514044921875 0.41241044921875
0 0.65377734375 0.4650095703125 0.65713896484375 0.4687666015625 0.660105078125 0.47291923828125 0.65357958984375 0.47885146484375 0.649229296875 0.4778626953125 0.64764736328125 0.474501171875 0.64764736328125 0.46935986328125 0.65377734375 0.4650095703125
0 0.67269736328125 0.57170625 0.68195869140625 0.57954765625 0.67639970703125 0.58631328125 0.68020302734375 0.58989921875 0.6742263671875 0.59804921875 0.6700427734375 0.5953869140625 0.65711142578125 0.6134255859375 0.653569921875 0.6137603515625 0.64444091796875 0.60760322265625 0.67269736328125 0.57170625
0 0.509730078125 0.7338654296875 0.53202197265625 0.7498576171875 0.52646982421875 0.7581859375 0.5292458984375 0.75919541015625 0.50829892578125 0.78493740234375 0.5055228515625 0.7839279296875 0.500475390625 0.79149912109375 0.48810908203125 0.78670400390625 0.47094775390625 0.7733283203125 0.4817998046875 0.7604572265625 0.48714755859375 0.76427158203125 0.509730078125 0.7338654296875
0 0.47661220703125 0.73336328125 0.4824998046875 0.73746220703125 0.4779537109375 0.74394599609375 0.47206611328125 0.74014521484375 0.47661220703125 0.73336328125
0 0.10972470703125 0.24652587890625 0.11824609375 0.24373701171875 0.120415234375 0.25163876953125 0.11142900390625 0.2536529296875 0.10972470703125 0.24652587890625
0 0.55026357421875 0.2116419921875 0.554777734375 0.20882060546875 0.56098466796875 0.20769208984375 0.56640166015625 0.22270166015625 0.55522919921875 0.22631298828125 0.55026357421875 0.2116419921875
0 0.541590234375 0.19594580078125 0.55582265625 0.1907771484375 0.5603919921875 0.20328671875 0.54548544921875 0.208680078125 0.541590234375 0.19594580078125
0 0.59107568359375 0.23789921875 0.576962109375 0.1878111328125 0.5918529296875 0.183722265625 0.59307353515625 0.1876890625 0.59478232421875 0.18720087890625 0.602227734375 0.1873228515625 0.608025390625 0.20734013671875 0.6112447265625 0.2065251953125 0.61776396484375 0.2300556640625 0.59107568359375 0.23789921875
0 0.6313029296875 0.219848828125 0.637278125 0.2164462890625 0.6461580078125 0.213790625 0.65304619140625 0.22590712890625 0.64142763671875 0.230803515625 0.63611630859375 0.22997353515625 0.6313029296875 0.219848828125
4 0.67327900390625 0.5200796875 0.6799181640625 0.51319150390625 0.68556142578125 0.51758994140625 0.67834130859375 0.525058984375 0.67327900390625 0.5200796875
0 0.67825830078125 0.52829560546875 0.68680625 0.518834765625 0.691370703125 0.52306728515625 0.6843166015625 0.53103427734375 0.68124599609375 0.53111728515625 0.67825830078125 0.52829560546875
0 0.57643330078125 0.66298623046875 0.6072787109375 0.6869994140625 0.60182060546875 0.69489052734375 0.571194921875 0.67141513671875 0.57643330078125 0.66298623046875
0 0.55497958984375 0.68819169921875 0.55653486328125 0.68205244140625 0.561364453125 0.6761587890625 0.5697138671875 0.6814794921875 0.5695501953125 0.68508115234375 0.57225146484375 0.6899107421875 0.5720876953125 0.6928576171875 0.569058984375 0.69637744140625 0.56619404296875 0.697359765625 0.55497958984375 0.68819169921875
0 0.94203828125 0.47781298828125 0.94738662109375 0.4946220703125 0.919880859375 0.50200791015625 0.91478720703125 0.485198828125 0.94203828125 0.47781298828125
