1 -0.0 0.2715505859375 0.00610595703125 0.27179765625 0.008329296875 0.275997265625 0.02735107421875 0.2750091796875 0.02908037109375 0.27278583984375 0.0520546875 0.27229169921875 0.0535369140625 0.2757501953125 0.06514755859375 0.2777265625 0.064653515625 0.3157701171875 0.05131357421875 0.315523046875 0.04810205078125 0.31774638671875 0.0350091796875 0.31626416015625 0.03402099609375 0.30761787109375 0.02685703125 0.3044064453125 0.025127734375 0.30045380859375 0.008329296875 0.3014419921875 0.0043767578125 0.30638271484375 -0.0 0.30786494140625 -0.0 0.2715505859375
1 0.06960537109375 0.26991416015625 0.0802279296875 0.2696671875 0.0819572265625 0.26719677734375 0.10344931640625 0.26719677734375 0.10517861328125 0.2696671875 0.12592958984375 0.27016123046875 0.12716474609375 0.2664556640625 0.149398046875 0.2681849609375 0.15409169921875 0.28276005859375 0.1592794921875 0.29708818359375 0.161996875 0.30128779296875 0.16150283203125 0.31215732421875 0.14717470703125 0.313392578125 0.13754033203125 0.31166328125 0.13902255859375 0.30104072265625 0.132599609375 0.30005263671875 0.1308703125 0.304993359375 0.124200390625 0.30548740234375 0.11901259765625 0.29659404296875 0.10666083984375 0.29387666015625 0.103943359375 0.29857041015625 0.09900263671875 0.29980556640625 0.09603828125 0.30968701171875 0.08220419921875 0.306228515625 0.0733109375 0.30400517578125 0.06837021484375 0.29659404296875 0.06812314453125 0.2723845703125 0.06960537109375 0.26991416015625
0 -0.0 0.3746140625 0.0196021484375 0.3755599609375 0.02149384765625 0.450913671875 0.01991748046875 0.4915857421875 0.01361171875 0.49599970703125 -0.0 0.49599970703125 -0.0 0.3746140625
0 0.024607421875 0.45287822265625 0.03078330078125 0.4511490234375 0.03103037109375 0.44843154296875 0.0470876953125 0.44324384765625 0.0483228515625 0.44571416015625 0.05869833984375 0.44299677734375 0.05869833984375 0.44052646484375 0.0747556640625 0.435338671875 0.076237890625 0.43756201171875 0.0789552734375 0.43632685546875 0.0777201171875 0.4296568359375 0.0848841796875 0.4271865234375 0.08513125 0.42446904296875 0.100200390625 0.42026943359375 0.1029177734375 0.42323388671875 0.108599609375 0.42224580078125 0.1118111328125 0.4311390625 0.1076115234375 0.43212724609375 0.11230517578125 0.4350916015625 0.114528515625 0.4452201171875 0.1221478515625 0.467103125 0.08513125 0.478569921875 0.06981494140625 0.48227548828125 0.06857978515625 0.47955810546875 0.06240390625 0.48227548828125 0.0621568359375 0.48647509765625 0.034241796875 0.49363916015625 0.02361923828125 0.4548544921875 0.024607421875 0.45287822265625
0 -0.0 0.5043974609375 0.006054296875 0.504150390625 0.007289453125 0.5058796875 0.01618271484375 0.502915234375 0.016923828125 0.49822158203125 0.031251953125 0.4959982421875 0.03347529296875 0.499209765625 0.04304873046875 0.49850419921875 0.04324228515625 0.50489169921875 0.0471134765625 0.51185986328125 0.0478876953125 0.5180537109375 0.04169384765625 0.52269912109375 0.03193427734375 0.5206767578125 0.010836328125 0.5297740234375 0.00735234375 0.53190322265625 0.00444892578125 0.53190322265625 0.0017390625 0.52590283203125 -0.0 0.52512861328125 -0.0 0.5043974609375
0 0.04674873046875 0.5032890625 0.05313623046875 0.501740625 0.05371689453125 0.49612744140625 0.0693951171875 0.4920626953125 0.07326630859375 0.49651455078125 0.0837185546875 0.493417578125 0.0837185546875 0.4916755859375 0.093009375 0.491869140625 0.1012791015625 0.489097265625 0.1030744140625 0.49864365234375 0.10771982421875 0.51374130859375 0.08836396484375 0.520322265625 0.08158935546875 0.5253548828125 0.07926669921875 0.53096806640625 0.078298828125 0.53271005859375 0.06997578125 0.53290361328125 0.0661046875 0.52148369140625 0.05894296875 0.52303212890625 0.0512005859375 0.518773828125 0.04674873046875 0.5032890625
0 0.1331546875 0.46337666015625 0.188984765625 0.44509599609375 0.19812509765625 0.45868291015625 0.207154296875 0.48195595703125 0.1833029296875 0.49153876953125 0.18552626953125 0.50512568359375 0.1694689453125 0.5103134765625 0.1635400390625 0.496232421875 0.156623046875 0.499196875 0.1467416015625 0.50561982421875 0.139824609375 0.511795703125 0.1311783203125 0.50932529296875 0.1279748046875 0.49329970703125 0.13093134765625 0.4920328125 0.14031865234375 0.48560986328125 0.1331546875 0.46337666015625
1 0.09309140625 0.3649390625 0.110383984375 0.35999833984375 0.11655986328125 0.37086796875 0.1239708984375 0.399030078125 0.1202654296875 0.40471181640625 0.11927724609375 0.4089115234375 0.10494912109375 0.411134765625 0.10396103515625 0.4084173828125 0.09383251953125 0.41039365234375 0.09407958984375 0.4138521484375 0.08982099609375 0.4165486328125 0.07821025390625 0.42050126953125 0.07425771484375 0.42000712890625 0.07079921875 0.423465625 0.06165888671875 0.42890048828125 0.049801171875 0.42890048828125 0.04337822265625 0.41481943359375 0.04584853515625 0.4093845703125 0.0409078125 0.39036279296875 0.07154033203125 0.37974033203125 0.08265693359375 0.3745525390625 0.094267578125 0.370105859375 0.09309140625 0.3649390625
2 0.24984775390625 0.2547732421875 0.2618484375 0.26522548828125 0.2364921875 0.29154951171875 0.22410439453125 0.280323046875 0.24752509765625 0.254192578125 0.24984775390625 0.2547732421875
2 0.22770810546875 0.287607421875 0.23506337890625 0.29457548828125 0.233901953125 0.298640234375 0.2056423828125 0.32651279296875 0.1973193359375 0.3162541015625 0.22615966796875 0.28702666015625 0.22770810546875 0.287607421875
1 0.2549078125 0.32259033203125 0.2622630859375 0.32955849609375 0.2463912109375 0.34717236328125 0.237100390625 0.3367201171875 0.24232646484375 0.3264615234375 0.2543271484375 0.32181611328125 0.2549078125 0.32259033203125
0 0.3087330078125 0.32376669921875 0.3247984375 0.33828369140625 0.3007970703125 0.36325283203125 0.285505859375 0.34718740234375 0.30641025390625 0.32396025390625 0.3087330078125 0.32376669921875
0 0.42279609375 0.23642509765625 0.42698681640625 0.239648828125 0.4332896484375 0.24343046875 0.44176484375 0.25033623046875 0.446186328125 0.25633671875 0.4578064453125 0.26400478515625 0.46025390625 0.266552734375 0.460079296875 0.26662958984375 0.5080029296875 0.31644501953125 0.5020125 0.33000234375 0.48498701171875 0.3451361328125 0.483410546875 0.343875 0.47237548828125 0.35396416015625 0.4742671875 0.35963935546875 0.4521970703125 0.38297060546875 0.44872890625 0.38044833984375 0.43706328125 0.39211396484375 0.43264931640625 0.3987349609375 0.42571298828125 0.40125732421875 0.418461328125 0.39778916015625 0.40963330078125 0.4031490234375 0.40017470703125 0.39684326171875 0.354205859375 0.348212890625 0.38076435546875 0.32136982421875 0.41605478515625 0.3493083984375 0.45607255859375 0.30682041015625 0.431751171875 0.2810099609375 0.4204736328125 0.2893455078125 0.4116271484375 0.28049892578125 0.37455126953125 0.3164189453125 0.36102529296875 0.33144765625 0.3478125 0.3462890625 0.33648662109375 0.33536220703125 0.3358560546875 0.3290564453125 0.33301845703125 0.32117431640625 0.3292349609375 0.31644501953125 0.32860439453125 0.304779296875 0.33301845703125 0.299734765625 0.3311267578125 0.29469013671875 0.34121591796875 0.28333984375 0.34657578125 0.285862109375 0.37715869140625 0.25307216796875 0.3970927734375 0.2296861328125 0.41018564453125 0.21486396484375 0.419072265625 0.20642578125 0.42279609375 0.23642509765625
0 0.56616123046875 0.128734765625 0.565173046875 0.16353583984375 0.55924423828125 0.16628427734375 0.52663544921875 0.203092578125 0.4830794921875 0.24793525390625 0.4615873046875 0.26596884765625 0.460732421875 0.26634765625 0.4581208984375 0.26362724609375 0.44652783203125 0.2559771484375 0.4421212890625 0.24999677734375 0.4335708984375 0.24302978515625 0.42726220703125 0.23924462890625 0.42325556640625 0.2361625 0.41977216796875 0.20643876953125 0.41982001953125 0.2057236328125 0.420808203125 0.20201806640625 0.4361244140625 0.1871958984375 0.46026201171875 0.16126748046875 0.49893916015625 0.12155029296875 0.5276236328125 0.09340859375 0.56616123046875 0.128734765625
0 0.634345703125 0.026416015625 0.6276080078125 0.0343640625 0.563919921875 0.09994384765625 0.5487861328125 0.0810265625 0.5557224609375 0.07314443359375 0.5556640625 0.07306640625 0.55876689453125 0.0715884765625 0.617978515625 0.006396484375 0.634345703125 0.026416015625
0 0.64337236328125 0.015762109375 0.63466796875 0.02603515625 0.618193359375 0.005888671875 0.6180072265625 1.201171875e-05 0.64337236328125 1.19140625e-05 0.64337236328125 0.015762109375
0 0.58765625 0.039052734375 0.5584701171875 0.07118896484375 0.555390625 0.07265625 0.54941669921875 0.06400107421875 0.57936904296875 0.03215703125 0.581171875 0.030205078125 0.58765625 0.039052734375
0 0.60208984375 0.023154296875 0.58798828125 0.038681640625 0.581513671875 0.02984375 0.5937890625 0.01658203125 0.60208984375 0.023154296875
0 0.6177078125 0.00596318359375 0.602421875 0.02279296875 0.59560576171875 0.01600859375 0.5951333984375 0.01513154296875 0.5878818359375 0.00724931640625 0.5982689453125 1.2109375e-05 0.617512890625 1.201171875e-05 0.6177078125 0.00596318359375
0 0.75057919921875 0.12730087890625 0.7593376953125 0.133670703125 0.76715439453125 0.1444939453125 0.768759765625 0.14720703125 0.7644283203125 0.1545376953125 0.76822265625 0.1673626953125 0.76679345703125 0.1711740234375 0.75345361328125 0.19499501953125 0.75011875 0.2092876953125 0.74630732421875 0.216433984375 0.7520244140625 0.221674609375 0.7558357421875 0.2169103515625 0.77012841796875 0.22643876953125 0.75964716796875 0.2416841796875 0.75011875 0.24740126953125 0.74773662109375 0.24597197265625 0.7396375 0.237396484375 0.74440166015625 0.22977373046875 0.7401138671875 0.22643876953125 0.7310619140625 0.226915234375 0.70057099609375 0.25454755859375 0.73868466796875 0.29075546875 0.76869912109375 0.31886435546875 0.76822265625 0.32791630859375 0.69533037109375 0.41081337890625 0.67722646484375 0.399379296875 0.659598828125 0.38222822265625 0.707071484375 0.32542119140625 0.70183095703125 0.3278033203125 0.69039677734375 0.32018056640625 0.6789626953125 0.306364453125 0.6789626953125 0.30017099609375 0.64942470703125 0.2715857421875 0.58796650390625 0.33209111328125 0.578914453125 0.33066181640625 0.57224462890625 0.334949609375 0.56557470703125 0.329708984375 0.56414541015625 0.32018056640625 0.55699912109375 0.306364453125 0.56366904296875 0.29493037109375 0.60082978515625 0.253958203125 0.59892412109375 0.24204765625 0.60130625 0.238236328125 0.58510791015625 0.22537294921875 0.550329296875 0.19154716796875 0.55652275390625 0.1801130859375 0.5560462890625 0.17582529296875 0.5665275390625 0.1682025390625 0.5703388671875 0.1715375 0.5755794921875 0.16582041015625 0.5874900390625 0.1715375 0.615598828125 0.19916982421875 0.64799541015625 0.22394375 0.66371728515625 0.20012265625 0.725651953125 0.13723525390625 0.72993974609375 0.13532958984375 0.74232666015625 0.12723037109375 0.742197265625 0.12712890625 0.75057919921875 0.12730087890625
0 0.7240685546875 0.01121943359375 0.7192158203125 0.01308583984375 0.7210822265625 0.02764404296875 0.72668154296875 0.03510986328125 0.74758564453125 0.0492947265625 0.778941796875 0.078037890625 0.7804349609375 0.0843837890625 0.78416787109375 0.0855037109375 0.78939384765625 0.07318515625 0.8013390625 0.0552673828125 0.83418837890625 0.02577763671875 0.83530830078125 0.013832421875 0.8326953125 0.00935302734375 0.830830859375 9.9609375e-06 0.8924212890625 8.984375e-06 0.8924212890625 0.0201783203125 0.8987671875 0.03025712890625 0.92976240234375 0.05948935546875 0.957548046875 0.08756748046875 0.955208203125 0.09751181640625 0.94289443359375 0.1141642578125 0.924230078125 0.1346951171875 0.92384765625 0.13552734375 0.90826171875 0.1231640625 0.9078046875 0.11997548828125 0.90657861328125 0.11206171875 0.9041775390625 0.10990068359375 0.9012869140625 0.111568359375 0.894914453125 0.1074640625 0.88925068359375 0.10332509765625 0.886480078125 0.09512431640625 0.8811380859375 0.09341943359375 0.87750869140625 0.09363935546875 0.87456884765625 0.09248447265625 0.8721400390625 0.08663310546875 0.8697251953125 0.08586474609375 0.8685115234375 0.08222353515625 0.86557421875 0.081366796875 0.86149052734375 0.0872654296875 0.85974892578125 0.09151064453125 0.85755634765625 0.0927470703125 0.85377880859375 0.0952169921875 0.85391982421875 0.10325107421875 0.84635400390625 0.1093037109375 0.8436720703125 0.10902138671875 0.8390490234375 0.11321103515625 0.83792744140625 0.11587470703125 0.8318130859375 0.12059951171875 0.82522783203125 0.1233798828125 0.82989091796875 0.1297916015625 0.83186875 0.1351599609375 0.83679111328125 0.1397927734375 0.8401703125 0.138948046875 0.8519982421875 0.14969931640625 0.85519873046875 0.154555078125 0.8624609375 0.16046875 0.8736759765625 0.17223466796875 0.875341796875 0.181923828125 0.87524072265625 0.18194228515625 0.8652962890625 0.19773623046875 0.85798427734375 0.205633203125 0.8430677734375 0.21996474609375 0.83868056640625 0.222012109375 0.8290287109375 0.21411513671875 0.82581142578125 0.2073880859375 0.81996181640625 0.2021234375 0.81528212890625 0.20124599609375 0.7986107421875 0.19042421875 0.780476953125 0.17609267578125 0.7810619140625 0.17492275390625 0.77901455078125 0.16146865234375 0.7692810546875 0.14632529296875 0.76904296875 0.146728515625 0.76756337890625 0.144226171875 0.759687890625 0.1333216796875 0.75074228515625 0.12681572265625 0.741552734375 0.126630859375 0.7404931640625 0.12581875 0.730414453125 0.12320576171875 0.72369521484375 0.11350029296875 0.70876376953125 0.10118173828125 0.69943154296875 0.0940892578125 0.6923390625 0.09782216796875 0.68039384765625 0.10902080078125 0.6781541015625 0.11685986328125 0.65948974609375 0.130671484375 0.65650341796875 0.13963037109375 0.642691796875 0.1526955078125 0.627013671875 0.13925712890625 0.6236541015625 0.13963037109375 0.60163017578125 0.11984619140625 0.59677744140625 0.111260546875 0.61805478515625 0.08513037109375 0.650530859375 0.04406875 0.66098291015625 0.03436328125 0.66882197265625 0.0220447265625 0.66695546875 0.01308583984375 0.663971875 1.171875e-05 0.7251873046875 1.123046875e-05 0.7240685546875 0.01121943359375
0 0.9236328125 0.135986328125 0.91751083984375 0.1492533203125 0.8887677734375 0.1794896484375 0.87995009765625 0.17860390625 0.87413203125 0.1720052734375 0.863108984375 0.160448828125 0.901140625 0.120631640625 0.90364755859375 0.1201302734375 0.9236328125 0.135986328125
0 0.88831494140625 0.21237451171875 0.90916904296875 0.2286453125 0.90229404296875 0.2366662109375 0.8887732421875 0.2284162109375 0.8818982421875 0.21924951171875 0.88831494140625 0.21237451171875
0 0.91787734375 0.17891630859375 0.94904404296875 0.2071037109375 0.93781484375 0.21833291015625 0.9286482421875 0.2119162109375 0.9203982421875 0.21833291015625 0.8990857421875 0.19908291015625 0.9073357421875 0.1851037109375 0.91787734375 0.17891630859375
0 0.94743984375 0.1468330078125 0.9868564453125 0.18029130859375 0.98158564453125 0.1899162109375 0.98731474609375 0.19839541015625 0.97631474609375 0.21099951171875 0.92841904296875 0.16791630859375 0.93598154296875 0.15416630859375 0.94743984375 0.1468330078125
0 0.998530078125 0.14804853515625 0.99694755859375 0.1527962890625 0.98850830078125 0.16051728515625 0.95852216796875 0.137354296875 0.96767958984375 0.12119404296875 0.97827353515625 0.11526865234375 0.998530078125 0.132679296875 0.998530078125 0.14804853515625
0 0.9985302734375 0.04126318359375 0.9984763671875 0.04147392578125 0.98335146484375 0.059348828125 0.976934765625 0.06668212890625 0.9560806640625 0.04995302734375 0.952184765625 0.04376552734375 0.97739306640625 0.012828125 0.990684765625 0.021078125 0.9985302734375 0.03246572265625 0.9985302734375 0.04126318359375
0 0.94989990234375 8.0078125e-06 0.9560806640625 0.007328125 0.96203896484375 0.01741142578125 0.9430181640625 0.03734892578125 0.93224736328125 0.02428642578125 0.9189556640625 0.01191142578125 0.933612109375 8.30078125e-06 0.94989990234375 8.0078125e-06
0 0.07807216796875 0.6497568359375 0.08001953125 0.65546875 0.064035546875 0.65848330078125 0.04526083984375 0.6604595703125 0.034144140625 0.65996552734375 0.02945048828125 0.664412109375 0.0205572265625 0.66564736328125 0.01092275390625 0.6604595703125 -0.0 0.661941796875 -0.0 0.6377322265625 0.02105126953125 0.63476787109375 0.072434765625 0.62636865234375 0.073828125 0.6260546875 0.07807216796875 0.6497568359375
0 0.14728662109375 0.636744140625 0.1470396484375 0.64464931640625 0.1297470703125 0.64563740234375 0.12480634765625 0.63970859375 0.09022138671875 0.647613671875 0.0919505859375 0.6562599609375 0.0835513671875 0.6574951171875 0.0810810546875 0.65527177734375 0.08056494140625 0.65418056640625 0.0785462890625 0.6496341796875 0.074306640625 0.6259375 0.09837353515625 0.62043974609375 0.1413578125 0.60907607421875 0.14728662109375 0.636744140625
0 0.06325322265625 0.689130078125 0.06364033203125 0.69164638671875 0.07525380859375 0.69222705078125 0.076005859375 0.69228515625 0.0753662109375 0.7388748046875 0.05531728515625 0.7388748046875 0.0111857421875 0.73655205078125 0.00363701171875 0.73461650390625 0.0024755859375 0.72764833984375 0.0032498046875 0.69261416015625 0.0164119140625 0.69203349609375 0.0164119140625 0.688355859375 0.06325322265625 0.689130078125
0 0.1387412109375 0.69454970703125 0.14880634765625 0.69513037109375 0.14783857421875 0.73635849609375 0.10544912109375 0.7388748046875 0.0758544921875 0.7388748046875 0.076494140625 0.692314453125 0.08849970703125 0.69198154296875 0.13467646484375 0.69164638671875 0.1387412109375 0.69454970703125
0 0.15815087890625 0.5997677734375 0.18305859375 0.6019748046875 0.18242802734375 0.65809599609375 0.18078525390625 0.72525556640625 0.17756611328125 0.781591015625 0.152215234375 0.7803837890625 0.1538248046875 0.7256580078125 0.1570439453125 0.65725078125 0.1542271484375 0.65523876953125 0.1566416015625 0.602525 0.15815087890625 0.5997677734375
0 -0.0 0.811087890625 0.12045400390625 0.8131421875 0.123021875 0.81622353515625 0.13432041015625 0.8177642578125 0.13432041015625 0.8141693359375 0.173865234375 0.8146828125 0.17540595703125 0.8218728515625 0.17540595703125 0.95642822265625 0.173865234375 0.97697099609375 0.150241015625 0.97491669921875 0.14818681640625 0.97183525390625 0.13123896484375 0.97286240234375 0.130725390625 0.97029462890625 0.11891328125 0.96926748046875 0.1158318359375 0.97286240234375 -0.0 0.9677267578125 -0.0 0.93177685546875 0.05368984375 0.93537177734375 0.14664609375 0.93639892578125 0.1476732421875 0.9271546875 0.150241015625 0.92458681640625 0.14818681640625 0.8511462890625 0.111209765625 0.848578515625 -0.0 0.84652421875 -0.0 0.811087890625
0 0.05879921875 0.86131015625 0.091273828125 0.86225595703125 0.098525390625 0.8578419921875 0.11523564453125 0.859103125 0.116812109375 0.928781640625 0.09316552734375 0.9297275390625 0.0925349609375 0.91995361328125 0.04271953125 0.91963828125 0.0417736328125 0.92846630859375 0.0127671875 0.92594404296875 0.01528955078125 0.8546890625 0.0465029296875 0.85689609375 0.054700390625 0.8581572265625 0.05879921875 0.86131015625
0 0.2759759765625 0.8203173828125 0.308908984375 0.82211484375 0.3101701171875 0.81770087890625 0.40538701171875 0.81896201171875 0.4063328125 0.82243017578125 0.4164220703125 0.8230607421875 0.4167373046875 0.82053837890625 0.424934765625 0.82022314453125 0.4258806640625 0.82400654296875 0.43092529296875 0.82369130859375 0.4328169921875 0.819592578125 0.46024697265625 0.82022314453125 0.4599068359375 0.97525185546875 0.4310666015625 0.97787373046875 0.4271337890625 0.97394091796875 0.42189013671875 0.97656279296875 0.412713671875 0.97656279296875 0.412713671875 0.971974609375 0.4035373046875 0.97262998046875 0.4015708984375 0.97852919921875 0.30456279296875 0.97852919921875 0.30259638671875 0.971319140625 0.296041796875 0.971319140625 0.295386328125 0.97721826171875 0.2842435546875 0.97721826171875 0.2809662109375 0.97328544921875 0.26654609375 0.97328544921875 0.24753779296875 0.97262998046875 0.24884873046875 0.81728603515625 0.27572255859375 0.81728603515625 0.27637802734375 0.93723515625 0.4271337890625 0.93526884765625 0.4264783203125 0.855302734375 0.27692802734375 0.85021044921875 0.2759759765625 0.8203173828125
0 0.363119140625 0.8679615234375 0.40189951171875 0.8701685546875 0.40063828125 0.91935341796875 0.36406494140625 0.91840751953125 0.365326171875 0.90548076171875 0.38235166015625 0.9051654296875 0.38172109375 0.88561767578125 0.363434375 0.88467177734375 0.363119140625 0.8679615234375
0 0.30731328125 0.8597640625 0.33726552734375 0.86007939453125 0.33600439453125 0.92723564453125 0.305421484375 0.92502861328125 0.30731328125 0.8597640625
0 0.27713681640625 0.54642861328125 0.3654173828125 0.51426923828125 0.37802880859375 0.550842578125 0.3206236328125 0.5696458984375 0.28751845703125 0.5787892578125 0.277429296875 0.5497828125 0.27713681640625 0.54642861328125
0 0.37453779296875 0.51226357421875 0.46313359375 0.4977603515625 0.4666017578125 0.52708212890625 0.4413787109375 0.53527958984375 0.43475771484375 0.52487509765625 0.410165234375 0.5299197265625 0.391248046875 0.53401845703125 0.3903021484375 0.540639453125 0.377375390625 0.53874775390625 0.37233076171875 0.51541650390625 0.37453779296875 0.51226357421875
0 0.254390234375 0.56527666015625 0.277091015625 0.56527666015625 0.28844130859375 0.5917607421875 0.28623466796875 0.6440341796875 0.281405859375 0.648862890625 0.27899150390625 0.71002705078125 0.284625 0.7353779296875 0.28341787109375 0.794530078125 0.250823828125 0.79372529296875 0.24881181640625 0.76435048828125 0.251226171875 0.76153369140625 0.25283583984375 0.709222265625 0.24840947265625 0.70519833984375 0.2492142578125 0.6528869140625 0.25162861328125 0.65087490234375 0.251226171875 0.63558388671875 0.25404296875 0.63316953125 0.2552501953125 0.59775869140625 0.25283583984375 0.593734765625 0.25283583984375 0.56757900390625 0.254390234375 0.56527666015625
0 0.313688671875 0.59536064453125 0.313688671875 0.5915771484375 0.35877470703125 0.5940994140625 0.3590900390625 0.597567578125 0.3729626953125 0.6010357421875 0.3704404296875 0.643599609375 0.30139248046875 0.6388703125 0.30265361328125 0.5985134765625 0.31400390625 0.59819814453125 0.313688671875 0.59536064453125
0 0.2979458984375 0.64800009765625 0.33546513671875 0.64926123046875 0.3329427734375 0.71515634765625 0.3309873046875 0.7450056640625 0.304187890625 0.7459515625 0.2915763671875 0.73365537109375 0.292522265625 0.706855859375 0.2972515625 0.70622529296875 0.2985126953125 0.68037177734375 0.29220693359375 0.67911064453125 0.292522265625 0.662400390625 0.29819736328125 0.6614544921875 0.2979458984375 0.64800009765625
0 0.3558818359375 0.64793408203125 0.37858251953125 0.64793408203125 0.38047421875 0.6526634765625 0.38268125 0.7065775390625 0.3817353515625 0.7390521484375 0.3795283203125 0.75450126953125 0.36817802734375 0.7548166015625 0.35209833984375 0.751663671875 0.3539900390625 0.6507716796875 0.3558818359375 0.64793408203125
0 0.3927087890625 0.55115576171875 0.4273904296875 0.55336279296875 0.428336328125 0.57448701171875 0.433065625 0.57543291015625 0.43369619140625 0.5877291015625 0.428336328125 0.5877291015625 0.4286515625 0.6202037109375 0.43148916015625 0.62178017578125 0.4321197265625 0.630608203125 0.428336328125 0.63123876953125 0.42675986328125 0.65425478515625 0.40216748046875 0.65330888671875 0.39649228515625 0.62524833984375 0.38608779296875 0.6246177734375 0.386718359375 0.61169091796875 0.39144765625 0.61042978515625 0.39207822265625 0.59151259765625 0.38703369140625 0.5899361328125 0.386718359375 0.56534375 0.391132421875 0.56313671875 0.39176298828125 0.551786328125 0.3927087890625 0.55115576171875
0 0.4468044921875 0.536483984375 0.45657841796875 0.5330158203125 0.468874609375 0.53396171875 0.4654064453125 0.6465193359375 0.459416015625 0.65881552734375 0.4471197265625 0.65503212890625 0.44428212890625 0.64021357421875 0.4398681640625 0.63643017578125 0.44049873046875 0.6162517578125 0.44396689453125 0.614990625 0.44491279296875 0.60174853515625 0.4420751953125 0.599226171875 0.44270576171875 0.5790478515625 0.44522802734375 0.57841728515625 0.445543359375 0.56612099609375 0.441129296875 0.56454462890625 0.44270576171875 0.54373564453125 0.44648916015625 0.54278974609375 0.4468044921875 0.536483984375
0 0.31793623046875 0.75224736328125 0.31954580078125 0.7566736328125 0.336848828125 0.75828330078125 0.33765361328125 0.75385693359375 0.35495654296875 0.75466171875 0.35938291015625 0.757478515625 0.3899650390625 0.75586884765625 0.397353515625 0.754814453125 0.4035546875 0.757108203125 0.426376953125 0.756953125 0.426338671875 0.75828466796875 0.427041015625 0.77451171875 0.4266994140625 0.7744861328125 0.4266994140625 0.78374130859375 0.29218291015625 0.78121982421875 0.288963671875 0.7687455078125 0.28976845703125 0.7562712890625 0.2990236328125 0.75586884765625 0.301035546875 0.751844921875 0.31793623046875 0.75224736328125
0 0.42629697265625 0.660608203125 0.429423828125 0.660859375 0.426396484375 0.75646484375 0.40364052734375 0.7566193359375 0.398369140625 0.75466796875 0.39841533203125 0.75466171875 0.39841533203125 0.73655390625 0.397610546875 0.7321275390625 0.397610546875 0.7232748046875 0.40163447265625 0.72045810546875 0.40163447265625 0.7140197265625 0.39720810546875 0.71120302734375 0.39841533203125 0.69913115234375 0.40163447265625 0.69792392578125 0.4024392578125 0.6926927734375 0.398012890625 0.6894736328125 0.398012890625 0.678608984375 0.403646484375 0.6741826171875 0.40445126953125 0.66613466796875 0.403762890625 0.6589986328125 0.42629697265625 0.660608203125
0 0.44118564453125 0.6618154296875 0.43675927734375 0.77529091796875 0.4275390625 0.77455078125 0.42682734375 0.7582818359375 0.42990234375 0.6608984375 0.44118564453125 0.6618154296875
0 0.4547927734375 0.676598046875 0.4796537109375 0.67776796875 0.47643642578125 0.7944677734375 0.45040556640625 0.79183544921875 0.4536228515625 0.67923037109375 0.4547927734375 0.676598046875
0 0.4695751953125 0.50168046875 0.48332177734375 0.502850390625 0.47981201171875 0.647043359375 0.4654064453125 0.6465193359375 0.468990234375 0.51484208984375 0.4695751953125 0.50168046875
0 0.4980537109375 0.46254140625 0.50999892578125 0.4640345703125 0.50999892578125 0.47896611328125 0.49693388671875 0.4767263671875 0.4980537109375 0.46254140625
0 0.49654140625 0.488047265625 0.5117869140625 0.4885236328125 0.5064404296875 0.6425412109375 0.49262431640625 0.640635546875 0.4973884765625 0.49389814453125 0.49654140625 0.488047265625
0 0.493373828125 0.65242578125 0.50536552734375 0.65242578125 0.50207548828125 0.810890625 0.48825927734375 0.8089849609375 0.4925470703125 0.65414833984375 0.493373828125 0.65242578125
0 0.490008203125 0.82248154296875 0.50239521484375 0.822005078125 0.50002626953125 0.9990123046875 0.48525732421875 0.9990123046875 0.48857900390625 0.82438720703125 0.490008203125 0.82248154296875
0 0.464064453125 0.8219296875 0.47371630859375 0.823099609375 0.4735373046875 0.99480712890625 0.46019755859375 0.9919486328125 0.4625796875 0.8256779296875 0.464064453125 0.8219296875
0 0.14406650390625 0.74790791015625 0.14326171875 0.78009951171875 -0.0 0.77768515625 -0.0 0.7430791015625 0.00725205078125 0.7430791015625 0.00886162109375 0.74790791015625 0.01690947265625 0.74831025390625 0.018921484375 0.744286328125 0.03139580078125 0.7454935546875 0.0322005859375 0.74790791015625 0.04065087890625 0.74790791015625 0.04105322265625 0.74348154296875 0.0539298828125 0.74388388671875 0.055137109375 0.74750546875 0.0631849609375 0.74790791015625 0.06519697265625 0.74509111328125 0.0825 0.74509111328125 0.08330478515625 0.74790791015625 0.09255986328125 0.74790791015625 0.09376708984375 0.74468876953125 0.10583896484375 0.744286328125 0.10664375 0.74750546875 0.11308203125 0.74790791015625 0.11388681640625 0.74468876953125 0.12917783203125 0.74629833984375 0.12877548828125 0.74951748046875 0.1360185546875 0.74951748046875 0.13642099609375 0.74509111328125 0.14406650390625 0.74468876953125 0.14406650390625 0.74790791015625
0 0.68294765625 0.51182265625 0.68011015625 0.51056142578125 0.67979482421875 0.50299453125 0.68231708984375 0.49290537109375 0.68294765625 0.482185546875 0.68200185546875 0.474933984375 0.68200185546875 0.46389892578125 0.6933521484375 0.46295302734375 0.69713564453125 0.46137666015625 0.70344140625 0.46137666015625 0.70659423828125 0.46295302734375 0.715422265625 0.4623224609375 0.7207822265625 0.46389892578125 0.743167578125 0.46358359375 0.7441134765625 0.46137666015625 0.74915810546875 0.46137666015625 0.7535720703125 0.46389892578125 0.7652376953125 0.46421416015625 0.7652376953125 0.4878607421875 0.768390625 0.4992111328125 0.7674447265625 0.50898505859375 0.76240009765625 0.514344921875 0.7444287109375 0.51466015625 0.74127587890625 0.51182265625 0.73875361328125 0.51182265625 0.70785537109375 0.51150732421875 0.70659423828125 0.51245322265625 0.68294765625 0.51182265625
0 0.78079794921875 0.51944931640625 0.77757880859375 0.5182421875 0.7767740234375 0.48766005859375 0.78120029296875 0.48283134765625 0.78240751953125 0.47196669921875 0.79608896484375 0.46874755859375 0.79729619140625 0.47075947265625 0.80534404296875 0.47035712890625 0.8073560546875 0.46633310546875 0.817818359375 0.4655283203125 0.8222447265625 0.46794267578125 0.82506142578125 0.4655283203125 0.8351212890625 0.46593076171875 0.835926171875 0.4683451171875 0.841962109375 0.4683451171875 0.84518125 0.4655283203125 0.85403388671875 0.4655283203125 0.8560458984375 0.466735546875 0.8745560546875 0.467137890625 0.8769705078125 0.4715642578125 0.891054296875 0.4715642578125 0.896687890625 0.47558828125 0.89910224609375 0.48605048828125 0.9043333984375 0.49611044921875 0.903126171875 0.5202541015625 0.8982974609375 0.5230708984375 0.89145673828125 0.52508291015625 0.88421357421875 0.52468046875 0.87053212890625 0.521058984375 0.86731298828125 0.5182421875 0.85846025390625 0.5142181640625 0.83351171875 0.5142181640625 0.81419677734375 0.51582783203125 0.79327216796875 0.52186376953125 0.78079794921875 0.51944931640625
0 0.99852978515625 0.5158623046875 0.987958203125 0.516512890625 0.9859818359375 0.51453662109375 0.98252333984375 0.51478369140625 0.98104111328125 0.51601884765625 0.97412412109375 0.51577177734375 0.97288896484375 0.51428955078125 0.96943046875 0.51453662109375 0.96720712890625 0.51626591796875 0.96029013671875 0.51453662109375 0.95905498046875 0.48810380859375 0.96844228515625 0.4868685546875 0.9733830078125 0.4868685546875 0.97980595703125 0.48810380859375 0.98524072265625 0.48760966796875 0.989193359375 0.48785673828125 0.9943810546875 0.48909189453125 0.99852978515625 0.487450390625 0.99852978515625 0.5158623046875
0 0.679290234375 0.6101595703125 0.6773984375 0.60038564453125 0.67897490234375 0.58304482421875 0.67956806640625 0.5601349609375 0.68906416015625 0.560659375 0.6944240234375 0.55845244140625 0.702621484375 0.55656064453125 0.7035673828125 0.5638123046875 0.73698779296875 0.56286640625 0.74045595703125 0.558137109375 0.75527451171875 0.5612900390625 0.75685087890625 0.56538876953125 0.76473310546875 0.5660193359375 0.7650484375 0.6088984375 0.76126494140625 0.6126818359375 0.75432861328125 0.6123666015625 0.7445546875 0.61551943359375 0.739825390625 0.61110537109375 0.73068203125 0.61079013671875 0.72059287109375 0.6101595703125 0.7155482421875 0.609213671875 0.702621484375 0.615834765625 0.679290234375 0.6101595703125
0 0.82677080078125 0.5679109375 0.8275119140625 0.593602734375 0.82924111328125 0.59854345703125 0.82973525390625 0.6118833984375 0.82677080078125 0.61534189453125 0.82726484375 0.64004541015625 0.82257119140625 0.6467154296875 0.7909505859375 0.64745654296875 0.7909505859375 0.63905732421875 0.78625693359375 0.629669921875 0.78600986328125 0.61114228515625 0.781069140625 0.60694267578125 0.78181025390625 0.59780234375 0.7867509765625 0.59533193359375 0.78872724609375 0.56889912109375 0.7909505859375 0.56593466796875 0.82553564453125 0.56568759765625 0.82677080078125 0.5679109375
0 0.85687236328125 0.65756640625 0.8548603515625 0.65716396484375 0.856469921875 0.5621986328125 0.87498017578125 0.5605890625 0.8794064453125 0.5621986328125 0.87860166015625 0.64348251953125 0.877796875 0.65716396484375 0.85687236328125 0.65756640625
0 0.90297783203125 0.6193357421875 0.896801953125 0.60624287109375 0.895566796875 0.6055017578125 0.89260234375 0.59784365234375 0.8953197265625 0.59487919921875 0.89161416015625 0.5857388671875 0.89037900390625 0.57783369140625 0.90964775390625 0.57042265625 0.91162412109375 0.575857421875 0.924469921875 0.57289296875 0.9247169921875 0.56671708984375 0.93237509765625 0.56276455078125 0.9390451171875 0.56449375 0.94373876953125 0.57783369140625 0.94522099609375 0.58771513671875 0.93558662109375 0.59364404296875 0.93706875 0.60031396484375 0.92372880859375 0.60426650390625 0.92397587890625 0.61192470703125 0.9163177734375 0.617853515625 0.90297783203125 0.6193357421875
0 0.69382294921875 0.62076201171875 0.7054923828125 0.62035966796875 0.71032109375 0.62076201171875 0.7340625 0.6231763671875 0.73486728515625 0.64007705078125 0.73486728515625 0.67991416015625 0.73687919921875 0.69359560546875 0.72842890625 0.7141177734375 0.7054923828125 0.71612978515625 0.6930181640625 0.706472265625 0.69140849609375 0.67186630859375 0.6934205078125 0.65818486328125 0.6934205078125 0.64812490234375 0.6906037109375 0.64289375 0.69100615234375 0.621164453125 0.69382294921875 0.62076201171875
0 0.77356376953125 0.653477734375 0.797305078125 0.65227060546875 0.797305078125 0.65428251953125 0.80696259765625 0.6558921875 0.80857216796875 0.6514658203125 0.83150869140625 0.6546849609375 0.83271591796875 0.65830654296875 0.84800693359375 0.66031845703125 0.8504212890625 0.66434248046875 0.85565244140625 0.665147265625 0.85846923828125 0.707801171875 0.845592578125 0.7122275390625 0.83875185546875 0.71142275390625 0.82507041015625 0.71021552734375 0.8230583984375 0.6989484375 0.81863203125 0.69935087890625 0.8105841796875 0.69935087890625 0.80696259765625 0.69492451171875 0.79609794921875 0.69613173828125 0.7952931640625 0.69975322265625 0.77959970703125 0.70096044921875 0.77799013671875 0.707801171875 0.7683326171875 0.707801171875 0.75223681640625 0.70860595703125 0.7457984375 0.70538681640625 0.74499365234375 0.68245029296875 0.74620087890625 0.665549609375 0.74620087890625 0.6611232421875 0.7711494140625 0.659513671875 0.77356376953125 0.653477734375
0 0.87217900390625 0.66376884765625 0.8728095703125 0.660616015625 0.89046572265625 0.65998544921875 0.89551025390625 0.66093125 0.89677138671875 0.6536796875 0.9005548828125 0.65304912109375 0.90465361328125 0.65431025390625 0.91032880859375 0.651787890625 0.91758037109375 0.65115732421875 0.92294033203125 0.65903955078125 0.93145302734375 0.65872421875 0.93113779296875 0.65462548828125 0.936812890625 0.6527337890625 0.9446951171875 0.65431025390625 0.9541537109375 0.65336435546875 0.9585677734375 0.6621923828125 0.96392763671875 0.66376884765625 0.96645 0.6596701171875 0.97906142578125 0.6618771484375 0.98032255859375 0.672281640625 0.98347548828125 0.68583896484375 0.98252958984375 0.69592822265625 0.982844921875 0.70254921875 0.98126845703125 0.70759384765625 0.97780029296875 0.71484541015625 0.9692875 0.71610654296875 0.966765234375 0.71137724609375 0.9585677734375 0.71137724609375 0.95100087890625 0.7082244140625 0.945641015625 0.7012880859375 0.9377587890625 0.7012880859375 0.9355517578125 0.705071484375 0.9308224609375 0.70097275390625 0.91947216796875 0.7034951171875 0.9100134765625 0.6990810546875 0.9052841796875 0.700026953125 0.90465361328125 0.70286455078125 0.89046572265625 0.70664794921875 0.88605166015625 0.7107466796875 0.87785419921875 0.7107466796875 0.871863671875 0.70790908203125 0.8683955078125 0.693405859375 0.8715484375 0.67385810546875 0.87217900390625 0.66376884765625
0 0.925462890625 0.7355837890625 0.95573056640625 0.73684501953125 0.9541541015625 0.7494564453125 0.9219947265625 0.7481953125 0.92357119140625 0.7365296875 0.925462890625 0.7355837890625
0 0.75662197265625 0.7353765625 0.78750146484375 0.734882421875 0.78774853515625 0.747975390625 0.7561279296875 0.74723427734375 0.75662197265625 0.7353765625
0 0.99853017578125 0.91627490234375 0.99238388671875 0.915278125 0.9916427734375 0.9179955078125 0.9844787109375 0.9184896484375 0.98349052734375 0.91626630859375 0.9689154296875 0.91626630859375 0.96397470703125 0.918242578125 0.95977509765625 0.9155251953125 0.91654384765625 0.9142900390625 0.91456748046875 0.91923076171875 0.911108984375 0.91898369140625 0.91086201171875 0.91725439453125 0.8886287109375 0.91651328125 0.887640625 0.91923076171875 0.8814646484375 0.92021884765625 0.87850029296875 0.9137958984375 0.8634310546875 0.91330185546875 0.8609607421875 0.9058908203125 0.863185546875 0.80916796875 0.917911328125 0.80916796875 0.9195208984375 0.79629130859375 0.923947265625 0.7834146484375 0.942457421875 0.7834146484375 0.94527421875 0.7866337890625 0.987928125 0.7854265625 0.98994013671875 0.7745619140625 0.99852998046875 0.77490546875 0.99853017578125 0.91627490234375
0 0.69339375 0.7723947265625 0.7034830078125 0.7723947265625 0.7034830078125 0.79257314453125 0.6943396484375 0.79288837890625 0.69370908203125 0.775862890625 0.69339375 0.7723947265625
0 0.68331572265625 0.76832080078125 0.6841205078125 0.7928669921875 0.6943396484375 0.79288837890625 0.6937890625 0.829853515625 0.69168125 0.83206611328125 0.68994814453125 0.8882685546875 0.690546875 0.89080078125 0.6887224609375 0.9549640625 0.68709990234375 0.9572318359375 0.6866080078125 0.9990115234375 0.53730751953125 0.9990123046875 0.5393982421875 0.88501669921875 0.5419427734375 0.7902404296875 0.5899455078125 0.79082109375 0.589751953125 0.76778759765625 0.59076474609375 0.7659064453125 0.68331572265625 0.76832080078125
0 0.702803515625 0.95521103515625 0.70232041015625 0.99901142578125 0.6870962890625 0.9990115234375 0.68758623046875 0.95740859375 0.6895703125 0.95498046875 0.702803515625 0.95521103515625
0 0.72918876953125 0.83350888671875 0.72717685546875 0.88018681640625 0.70464267578125 0.8813939453125 0.703837890625 0.8898443359375 0.690908203125 0.890234375 0.69043818359375 0.8882193359375 0.69216357421875 0.8322673828125 0.6940234375 0.8303125 0.72918876953125 0.83350888671875
0 0.3478125 0.3462890625 0.36102529296875 0.33144765625 0.37455126953125 0.3164189453125 0.38076435546875 0.32136982421875 0.354205859375 0.348212890625 0.3478125 0.3462890625
1 0.13732119140625 0.37624033203125 0.172862109375 0.3832744140625 0.1628662109375 0.43954755859375 0.16005283203125 0.45436171875 0.141662890625 0.46059052734375 0.1252009765625 0.4484294921875 0.11926875 0.443387109375 0.13732119140625 0.37624033203125
