2 0.41561865234375 0.67534033203125 0.42806650390625 0.6760349609375 0.4298580078125 0.7118068359375 0.40918486328125 0.7114595703125 0.407978125 0.6760349609375 0.41561865234375 0.67534033203125
2 0.2381509765625 0.55234736328125 0.2485869140625 0.54735380859375 0.25675048828125 0.565313671875 0.24504931640625 0.5693955078125 0.2381509765625 0.55234736328125
2 0.3311177734375 0.56579013671875 0.346042578125 0.5662166015625 0.34582939453125 0.5805017578125 0.33069130859375 0.58028857421875 0.3311177734375 0.56579013671875
2 0.32079912109375 0.48484560546875 0.32143876953125 0.47887568359375 0.32378408203125 0.46245830078125 0.34020146484375 0.46331123046875 0.3380693359375 0.48548525390625 0.32079912109375 0.48484560546875
2 0.3571330078125 0.44001591796875 0.35780126953125 0.4346701171875 0.3691611328125 0.4351712890625 0.3691611328125 0.4411853515625 0.3571330078125 0.44001591796875
2 0.38107041015625 0.47317275390625 0.38140458984375 0.4723375 0.374722265625 0.47133515625 0.37622578125 0.4594740234375 0.38107041015625 0.4599751953125 0.38257392578125 0.44527421875 0.41114072265625 0.4474458984375 0.40809814453125 0.48554091796875 0.379733984375 0.483864453125 0.38107041015625 0.47317275390625
2 0.3116103515625 1.064453125e-05 0.30863017578125 0.0066275390625 0.31523974609375 0.00982578125 0.308843359375 0.0247505859375 0.30456435546875 0.0241109375 0.298683984375 0.0369498046875 0.2794201171875 0.03114697265625 0.28420791015625 0.01602783203125 0.27362705078125 0.01189736328125 0.27792392578125 1.03515625e-05 0.3116103515625 1.064453125e-05
2 0.4094388671875 0.0510041015625 0.41912822265625 0.0575193359375 0.4119447265625 0.0630322265625 0.4044271484375 0.05918994140625 0.4094388671875 0.0510041015625
2 0.16607998046875 0.184966796875 0.19047041015625 0.1527248046875 0.21770068359375 0.17310576171875 0.19548212890625 0.20518076171875 0.16607998046875 0.184966796875
2 0.22578564453125 0.21593232421875 0.2313515625 0.20803515625 0.22687412109375 0.20462373046875 0.2356158203125 0.194602734375 0.23710830078125 0.19545556640625 0.24712919921875 0.1830892578125 0.2667447265625 0.2001462890625 0.23973984375 0.22695205078125 0.22578564453125 0.21593232421875
2 0.6253115234375 0.6413951171875 0.6187806640625 0.64112294921875 0.6201412109375 0.61445537109375 0.643464453125 0.6141484375 0.6421828125 0.64112294921875 0.6253115234375 0.6413951171875
2 0.353041796875 0.67525859375 0.3620822265625 0.67453740234375 0.36291337890625 0.68561904296875 0.35363251953125 0.68645009765625 0.353041796875 0.67525859375
2 0.34801708984375 0.67576337890625 0.35266142578125 0.67562939453125 0.3530359375 0.6819806640625 0.34840615234375 0.682130859375 0.34801708984375 0.67576337890625
2 0.32189638671875 0.5680654296875 0.3278185546875 0.568021875 0.32798447265625 0.5732501953125 0.32200927734375 0.573333203125 0.32189638671875 0.5680654296875
2 0.207528125 0.7445052734375 0.2187482421875 0.75295498046875 0.21067109375 0.76251279296875 0.19935546875 0.75378603515625 0.207528125 0.7445052734375
