2 0.02485166015625 0.8925998046875 0.03068017578125 0.8873263671875 0.0426146484375 0.8856611328125 0.04566767578125 0.897595703125 0.04815869140625 0.8970794921875 0.047779296875 0.89129296875 0.05087841796875 0.88797890625 0.05850322265625 0.88737109375 0.0699509765625 0.9274982421875 0.05177373046875 0.93561962890625 0.0478880859375 0.9234076171875 0.0340107421875 0.92812587890625 0.0287373046875 0.91480361328125 0.0281822265625 0.904534375 0.02485166015625 0.8925998046875
2 0.09786767578125 0.87570556640625 0.10648818359375 0.91036640625 0.1009373046875 0.91258681640625 0.10343515625 0.91897041015625 0.07984365234375 0.92701923828125 0.0765130859375 0.916194921875 0.070962109375 0.90620322265625 0.069851953125 0.89232587890625 0.07483408203125 0.889834765625 0.08294541015625 0.8892796875 0.08304599609375 0.89055673828125 0.0847064453125 0.8899529296875 0.08132998046875 0.88024541015625 0.08780166015625 0.876446875 0.09786767578125 0.87570556640625
0 0.1416970703125 0.96366611328125 0.1492384765625 0.97443955078125 0.13666943359375 0.98251962890625 0.13002578125 0.9721052734375 0.1416970703125 0.96366611328125
2 0.18102021484375 0.8336662109375 0.20508095703125 0.86472978515625 0.19933515625 0.8683208984375 0.20400361328125 0.87496455078125 0.18425224609375 0.890765625 0.1752744140625 0.8780169921875 0.16809208984375 0.87137333984375 0.164141796875 0.862575 0.165219140625 0.85629052734375 0.1758130859375 0.8518015625 0.168451171875 0.8431828125 0.17114453125 0.8379755859375 0.18102021484375 0.8336662109375
2 0.215116796875 0.79920556640625 0.241152734375 0.8288326171875 0.23127705078125 0.83601494140625 0.23953671875 0.845351953125 0.2235560546875 0.859357421875 0.2122439453125 0.846429296875 0.203266015625 0.839965234375 0.20021357421875 0.8326033203125 0.19626328125 0.82811435546875 0.19752021484375 0.8223685546875 0.20506162109375 0.8198546875 0.20919140625 0.8234458984375 0.2117052734375 0.820393359375 0.20344560546875 0.81087685546875 0.20524111328125 0.80441279296875 0.215116796875 0.79920556640625
2 0.22750634765625 0.78322490234375 0.23806669921875 0.77589765625 0.2463263671875 0.78307998046875 0.247583203125 0.78146396484375 0.24399208984375 0.777513671875 0.24524892578125 0.77158828125 0.249662109375 0.767873046875 0.26086337890625 0.7815529296875 0.2699302734375 0.78652509765625 0.2816294921875 0.79676201171875 0.26612802734375 0.81548076171875 0.25735361328125 0.80963115234375 0.25282392578125 0.8142884765625 0.22499248046875 0.791305078125 0.22750634765625 0.78322490234375
2 0.2800330078125 0.83431982421875 0.29049921875 0.8438173828125 0.29265390625 0.8427400390625 0.297501953125 0.84758818359375 0.3000158203125 0.8448947265625 0.30342744140625 0.84776767578125 0.2994771484375 0.85099970703125 0.3107892578125 0.86105498046875 0.285651171875 0.8865521484375 0.2739798828125 0.87865166015625 0.271645703125 0.8720080078125 0.280264453125 0.86159365234375 0.27541640625 0.85620693359375 0.27793017578125 0.854411328125 0.26895234375 0.84561298828125 0.27200478515625 0.840405859375 0.2800330078125 0.83431982421875
2 0.33125888671875 0.9025328125 0.34741904296875 0.892298046875 0.35711513671875 0.90361015625 0.35280576171875 0.90702177734375 0.3540626953125 0.908996875 0.3707615234375 0.89714609375 0.38207373046875 0.9109720703125 0.34957373046875 0.9389830078125 0.3427505859375 0.9282095703125 0.33502958984375 0.93323720703125 0.32659033203125 0.92569580078125 0.32551298828125 0.9195908203125 0.33197705078125 0.91564052734375 0.326769921875 0.908458203125 0.33125888671875 0.9025328125
2 0.370286328125 0.924454296875 0.3796578125 0.9205353515625 0.3886884765625 0.91389013671875 0.3989119140625 0.92240966796875 0.39243701171875 0.92803251953125 0.39277783203125 0.9287140625 0.40385322265625 0.92121689453125 0.4171435546875 0.936381640625 0.38255439453125 0.96125859375 0.375398046875 0.95086474609375 0.3697751953125 0.95427255859375 0.36023330078125 0.94660498046875 0.35733671875 0.93876708984375 0.365174609375 0.93280341796875 0.370286328125 0.924454296875
2 0.39739580078125 0.99901123046875 0.39385322265625 0.99650703125 0.3914677734375 0.98866904296875 0.4004984375 0.98219423828125 0.39368291015625 0.96912158203125 0.39879453125 0.9624763671875 0.4085068359375 0.9588982421875 0.42418271484375 0.948333984375 0.42759052734375 0.9549318359375 0.4361099609375 0.9625994140625 0.42333076171875 0.97180048828125 0.42435302734375 0.97248203125 0.4308279296875 0.9677111328125 0.43849541015625 0.9789568359375 0.42724970703125 0.98475009765625 0.4284423828125 0.9874763671875 0.41212080078125 0.999011328125 0.39739580078125 0.99901123046875
2 0.419592578125 0.999011328125 0.42180009765625 0.99779716796875 0.43368203125 0.993525 0.44569755859375 0.9832451171875 0.4559990234375 0.99901142578125 0.419592578125 0.999011328125
2 0.55043642578125 0.963110546875 0.56287490234375 0.9549318359375 0.5666234375 0.96754072265625 0.57872109375 0.9789568359375 0.5696904296875 0.98304619140625 0.5730982421875 0.98986181640625 0.562333984375 0.99901142578125 0.52968662109375 0.9990115234375 0.528796875 0.9982109375 0.54242802734375 0.98900986328125 0.541746484375 0.98730595703125 0.53203427734375 0.99378076171875 0.52351474609375 0.9810015625 0.53595322265625 0.97265244140625 0.53987216796875 0.9677111328125 0.55043642578125 0.963110546875
2 0.51312099609375 0.93022529296875 0.52692255859375 0.9249431640625 0.5369755859375 0.916764453125 0.53970185546875 0.92852138671875 0.55350341796875 0.93959677734375 0.54617666015625 0.9445380859375 0.55043642578125 0.95084248046875 0.51482490234375 0.97708251953125 0.50664619140625 0.9687333984375 0.50745927734375 0.95932314453125 0.51567685546875 0.95305751953125 0.51499521484375 0.9515240234375 0.50937236328125 0.9557837890625 0.5008529296875 0.951012890625 0.50068251953125 0.9436861328125 0.5086908203125 0.93806318359375 0.51312099609375 0.93022529296875
2 0.5106408203125 0.88266376953125 0.516294921875 0.89397197265625 0.53303984375 0.9085421875 0.4932435546875 0.94311923828125 0.480848046875 0.93246337890625 0.4812830078125 0.9255044921875 0.493026171875 0.91702333984375 0.49193876953125 0.9157185546875 0.48302275390625 0.92159013671875 0.47649873046875 0.9148486328125 0.474758984375 0.9081072265625 0.48541484375 0.90180068359375 0.48911171875 0.89571171875 0.5008548828125 0.891144921875 0.5106408203125 0.88266376953125
2 0.45791484375 0.862249609375 0.47154599609375 0.8540708984375 0.479554296875 0.86480546875 0.48824423828125 0.85781943359375 0.4906296875 0.86582783203125 0.501705078125 0.872643359375 0.46728623046875 0.90160966796875 0.46370810546875 0.898201953125 0.460641015625 0.8927494140625 0.4660935546875 0.88780810546875 0.46490078125 0.88542265625 0.45382548828125 0.894964453125 0.44496513671875 0.8867857421875 0.44189814453125 0.88082216796875 0.453655078125 0.8712802734375 0.45791484375 0.862249609375
2 0.44241259765625 0.8219611328125 0.44667236328125 0.8289470703125 0.45706611328125 0.83508115234375 0.43082607421875 0.86796640625 0.42366962890625 0.86302509765625 0.4246919921875 0.859446875 0.42656630859375 0.85603916015625 0.4246919921875 0.8546759765625 0.41549091796875 0.867114453125 0.40254130859375 0.85655029296875 0.40032626953125 0.85399443359375 0.40254130859375 0.8493939453125 0.40952734375 0.839681640625 0.41242392578125 0.8306509765625 0.421625 0.8255392578125 0.42486240234375 0.82315380859375 0.428440625 0.8236650390625 0.43133720703125 0.827583984375 0.43304111328125 0.82962861328125 0.4349154296875 0.8315029296875 0.44241259765625 0.8219611328125
2 0.3770201171875 0.8005529296875 0.38876328125 0.79359404296875 0.39724443359375 0.78446044921875 0.40050634765625 0.79163681640625 0.4124669921875 0.7990306640625 0.4072478515625 0.80598955078125 0.41833857421875 0.8155580078125 0.38876328125 0.84339365234375 0.377455078125 0.83730458984375 0.3754978515625 0.8314330078125 0.384196484375 0.8216470703125 0.3822392578125 0.82034228515625 0.37658515625 0.8262138671875 0.368973828125 0.8209947265625 0.36810400390625 0.814470703125 0.37419306640625 0.8103388671875 0.3770201171875 0.8005529296875
2 0.3452701171875 0.769890234375 0.3577865234375 0.76293759765625 0.3637501953125 0.75424775390625 0.36818037109375 0.76089296875 0.37806298828125 0.76804931640625 0.37124736328125 0.7763984375 0.38198193359375 0.787644140625 0.353867578125 0.814225 0.34415537109375 0.80672783203125 0.3422810546875 0.79940107421875 0.35173427734375 0.790835546875 0.35070673828125 0.78967958984375 0.34548759765625 0.79468134765625 0.335919140625 0.79098447265625 0.33526669921875 0.785112890625 0.34026845703125 0.779676171875 0.3452701171875 0.769890234375
2 0.31876728515625 0.7295412109375 0.327968359375 0.72391826171875 0.33904365234375 0.71522841796875 0.3422810546875 0.72255517578125 0.35403798828125 0.7314154296875 0.3490966796875 0.73669755859375 0.3533564453125 0.74266123046875 0.32694599609375 0.7673677734375 0.3174041015625 0.7627671875 0.3172337890625 0.75595166015625 0.32387900390625 0.74998798828125 0.32319736328125 0.74879521484375 0.31871376953125 0.7532240234375 0.3123369140625 0.74602451171875 0.3129765625 0.7379322265625 0.31876728515625 0.7295412109375
2 0.27441279296875 0.69994462890625 0.28514736328125 0.6932994140625 0.29128134765625 0.6854615234375 0.29554111328125 0.68938046875 0.31172822265625 0.69687763671875 0.30440146484375 0.70590830078125 0.3205884765625 0.71834677734375 0.3050830078125 0.73777119140625 0.2863400390625 0.721073046875 0.28054677734375 0.72703662109375 0.26896025390625 0.72141376953125 0.26674521484375 0.71374619140625 0.26964189453125 0.7094865234375 0.27441279296875 0.69994462890625
2 0.2232931640625 0.62695205078125 0.229434375 0.630690234375 0.23424052734375 0.62494951171875 0.2385126953125 0.6292216796875 0.2462560546875 0.634161328125 0.24198388671875 0.64043603515625 0.2485255859375 0.64657724609375 0.225146484375 0.680583203125 0.21487392578125 0.67420712890625 0.20920625 0.67101904296875 0.223375390625 0.65295341796875 0.221119921875 0.65085498046875 0.2186134765625 0.65422685546875 0.21143017578125 0.65184140625 0.2090447265625 0.6467296875 0.2098966796875 0.64315146484375 0.21398603515625 0.633950390625 0.2232931640625 0.62695205078125
2 0.1756275390625 0.61072333984375 0.18499892578125 0.60305576171875 0.1970966796875 0.59095810546875 0.2006748046875 0.6006703125 0.21669150390625 0.6114048828125 0.2100462890625 0.6178796875 0.2143060546875 0.622139453125 0.18653251953125 0.651276171875 0.1773314453125 0.64820908203125 0.17239013671875 0.64343818359375 0.18326806640625 0.629230078125 0.1807392578125 0.62656953125 0.17397431640625 0.63285888671875 0.169323046875 0.62997734375 0.1662560546875 0.62486572265625 0.1730716796875 0.61805009765625 0.1756275390625 0.61072333984375
2 0.1381478515625 0.57920205078125 0.1498048828125 0.57059814453125 0.1556333984375 0.56254921875 0.16451494140625 0.5739287109375 0.1833880859375 0.5869734375 0.151192578125 0.61667099609375 0.1417560546875 0.61167509765625 0.14064580078125 0.61167509765625 0.14064580078125 0.605569140625 0.146287109375 0.59940478515625 0.14513642578125 0.59814951171875 0.14022001953125 0.6032751953125 0.12999912109375 0.5987083984375 0.1286943359375 0.59240185546875 0.13500087890625 0.5880525390625 0.1381478515625 0.57920205078125
2 0.115515625 0.53581259765625 0.1210666015625 0.54108603515625 0.12550732421875 0.53442490234375 0.13327861328125 0.5427513671875 0.14549072265625 0.5502451171875 0.1205115234375 0.57855498046875 0.11190751953125 0.57411416015625 0.115515625 0.5688408203125 0.11135244140625 0.56606533203125 0.10496884765625 0.57439169921875 0.0944220703125 0.571338671875 0.09192412109375 0.5646775390625 0.10025048828125 0.55524091796875 0.10441376953125 0.54524921875 0.115515625 0.53581259765625
2 0.07943447265625 0.50750283203125 0.089426171875 0.51582919921875 0.094699609375 0.50805791015625 0.101083203125 0.512776171875 0.11079736328125 0.5194373046875 0.08470791015625 0.55579609375 0.077769140625 0.55302060546875 0.07603134765625 0.5496537109375 0.083042578125 0.53775546875 0.08109970703125 0.537200390625 0.07298671875 0.55018095703125 0.05861845703125 0.542473828125 0.05528779296875 0.53414736328125 0.064446875 0.5247107421875 0.0683326171875 0.51749453125 0.07943447265625 0.50750283203125
2 0.0536205078125 0.4799939453125 0.0595841796875 0.48544638671875 0.072874609375 0.49328427734375 0.053109375 0.521739453125 0.04390830078125 0.51850205078125 0.04339716796875 0.514071875 0.0389669921875 0.5118568359375 0.03436650390625 0.5203763671875 0.02584697265625 0.5178205078125 0.02107607421875 0.51236796875 0.0277212890625 0.5033373046875 0.02635810546875 0.50180380859375 0.03010673828125 0.49788486328125 0.02976591796875 0.49055810546875 0.04169326171875 0.48203857421875 0.04816806640625 0.4861279296875 0.0536205078125 0.4799939453125
2 -0.0 0.46056943359375 0.0054001953125 0.46448837890625 0.00948955078125 0.45545771484375 0.01766826171875 0.45920634765625 0.031640234375 0.466021875 0.0166458984375 0.50401884765625 0.0079560546875 0.5031669921875 0.00522978515625 0.49856640625 0.0088080078125 0.49106923828125 0.00335546875 0.489024609375 -0.0 0.5016333984375 -0.0 0.46056943359375
2 -0.0 0.57778740234375 0.0047626953125 0.580591015625 0.006898828125 0.58339462890625 0.01677822265625 0.58846787109375 0.00356123046875 0.5974126953125 -0.0 0.61303271484375 -0.0 0.57778740234375
2 0.0391796875 0.63879013671875 0.053833203125 0.62890751953125 0.05571630859375 0.632403125 0.062034765625 0.6377220703125 0.06899794921875 0.6318041015625 0.07121298828125 0.63674541015625 0.08654814453125 0.643390625 0.06167119140625 0.67320888671875 0.0524701171875 0.663155859375 0.04275791015625 0.6703123046875 0.03219365234375 0.6640078125 0.02861552734375 0.65719228515625 0.03372724609375 0.6498654296875 0.0391796875 0.63879013671875
1 0.026286328125 0.69844501953125 0.039065625 0.70491982421875 0.03940634765625 0.7038974609375 0.03463544921875 0.70083046875 0.03378349609375 0.69333330078125 0.038383984375 0.68941435546875 0.05099287109375 0.69708193359375 0.07143974609375 0.70628291015625 0.05116328125 0.737805078125 0.02713828125 0.7243443359375 0.03242041015625 0.71786943359375 0.0172556640625 0.71122421875 0.019470703125 0.70526064453125 0.026286328125 0.69844501953125
2 0.0965978515625 0.66154755859375 0.11244404296875 0.6750083984375 0.09097490234375 0.69579599609375 0.08347783203125 0.6947736328125 0.08092197265625 0.6886396484375 0.08603359375 0.681483203125 0.079899609375 0.676371484375 0.08177392578125 0.67483798828125 0.07734375 0.669385546875 0.0795587890625 0.66325146484375 0.09012294921875 0.6569470703125 0.0965978515625 0.66154755859375
2 0.12493720703125 0.68765927734375 0.13014384765625 0.69206494140625 0.1318794921875 0.69139736328125 0.13668564453125 0.6971380859375 0.14018662109375 0.6951544921875 0.144072265625 0.69904013671875 0.14112109375 0.70170322265625 0.15265517578125 0.70984345703125 0.12436640625 0.7326234375 0.11574130859375 0.728017578125 0.11520732421875 0.7195787109375 0.11827431640625 0.713955859375 0.11435537109375 0.70969609375 0.11776318359375 0.70577705078125 0.11277099609375 0.70127314453125 0.11554814453125 0.693508984375 0.12493720703125 0.68765927734375
2 0.16695390625 0.71222880859375 0.16949052734375 0.7189041015625 0.18070498046875 0.72571279296875 0.16949052734375 0.7406654296875 0.17189365234375 0.7441365234375 0.1754982421875 0.740932421875 0.1849771484375 0.7506783203125 0.16361630859375 0.77163857421875 0.158142578125 0.7683009765625 0.1544044921875 0.77070400390625 0.1466611328125 0.76496328125 0.1414544921875 0.75815458984375 0.14692822265625 0.7536154296875 0.1402529296875 0.74747412109375 0.1425224609375 0.73746123046875 0.1490642578125 0.73452412109375 0.16695390625 0.71222880859375
2 0.1208947265625 0.7570865234375 0.1283529296875 0.76538916015625 0.12983955078125 0.77137158203125 0.14225546875 0.7825859375 0.11221689453125 0.80007509765625 0.10460703125 0.791397265625 0.1050076171875 0.7840544921875 0.1102142578125 0.7812509765625 0.10834521484375 0.7764447265625 0.1126173828125 0.7747091796875 0.10660966796875 0.76603134765625 0.10941328125 0.76069111328125 0.1208947265625 0.7570865234375
2 0.99842470703125 0.70974404296875 0.98828759765625 0.705790234375 0.97580703125 0.6998482421875 0.98089150390625 0.69060341796875 0.9879458984375 0.69363046875 0.98863134765625 0.69155634765625 0.98372255859375 0.689221484375 0.9882185546875 0.6793744140625 0.99403876953125 0.6810513671875 0.99483671875 0.6793205078125 0.987184375 0.67614560546875 0.99199404296875 0.66656826171875 0.99842470703125 0.6696537109375 0.99842470703125 0.70974404296875
2 0.43247939453125 0.39717880859375 0.436705859375 0.39500234375 0.447978125 0.405631640625 0.446312890625 0.40785205078125 0.447978125 0.40896220703125 0.44996494140625 0.40757451171875 0.45963515625 0.4186763671875 0.456755078125 0.421415625 0.45800615234375 0.4228396484375 0.46300966796875 0.4198251953125 0.474067578125 0.42963251953125 0.46934931640625 0.4356068359375 0.47517783203125 0.4436556640625 0.4610228515625 0.4569779296875 0.45436171875 0.451426953125 0.446312890625 0.45864326171875 0.4077337890625 0.4164560546875 0.43247939453125 0.39717880859375
2 0.36547041015625 0.40739111328125 0.3472033203125 0.39456064453125 0.36294677734375 0.37426787109375 0.366376171875 0.37656064453125 0.3699921875 0.37316611328125 0.37483935546875 0.37615234375 0.37764853515625 0.37303154296875 0.385759765625 0.3783919921875 0.384331640625 0.38020791015625 0.39822236328125 0.389352734375 0.37264677734375 0.43196474609375 0.364165625 0.42261376953125 0.35611943359375 0.4193517578125 0.36547041015625 0.40739111328125
2 0.21653505859375 0.251140234375 0.226755859375 0.25701181640625 0.226103515625 0.26005634765625 0.22885068359375 0.25894423828125 0.2312345703125 0.26137763671875 0.22588603515625 0.266362890625 0.2302353515625 0.267015234375 0.23132265625 0.27158203125 0.2341541015625 0.27075224609375 0.23741171875 0.2672162109375 0.2332798828125 0.26266591796875 0.2400212890625 0.2530974609375 0.24328330078125 0.25592451171875 0.245675390625 0.2530974609375 0.25328671875 0.259621484375 0.22392880859375 0.30920361328125 0.198050390625 0.29267626953125 0.20696650390625 0.2781060546875 0.19913779296875 0.27375673828125 0.21653505859375 0.251140234375
2 0.17255615234375 0.1986021484375 0.18030703125 0.2040123046875 0.18530283203125 0.20181474609375 0.187245703125 0.2032025390625 0.19029873046875 0.2048677734375 0.192519140625 0.20625556640625 0.1933517578125 0.209863671875 0.192519140625 0.21402685546875 0.21113525390625 0.2258017578125 0.19809052734375 0.24800556640625 0.181602734375 0.2351154296875 0.17668837890625 0.2362376953125 0.17141435546875 0.23556865234375 0.1694791015625 0.23143154296875 0.169503125 0.22663447265625 0.15784609375 0.2188630859375 0.17255615234375 0.1986021484375
1 -0.0 0.16493837890625 0.0048568359375 0.16472099609375 0.00500546875 0.16326337890625 0.014959375 0.162897265625 0.01529521484375 0.16124150390625 0.0311701171875 0.1625462890625 0.0305177734375 0.19255654296875 0.02355888671875 0.1923390625 0.02312392578125 0.19473125 0.0166 0.1949486328125 0.0161650390625 0.1988630859375 0.0124681640625 0.199950390625 0.005944140625 0.19908056640625 -0.0 0.199950390625 -0.0 0.16493837890625
2 0.04467802734375 0.1689416015625 0.05172236328125 0.15696396484375 0.05324462890625 0.14195888671875 0.0715796875 0.143875 0.0694701171875 0.1568892578125 0.06676201171875 0.15832587890625 0.08856552734375 0.161307421875 0.0868716796875 0.18859912109375 0.07089951171875 0.1874775390625 0.0718208984375 0.1906421875 0.0568845703125 0.18928583984375 0.056432421875 0.1852169921875 0.0482947265625 0.18476494140625 0.04467802734375 0.1689416015625
1 0.0270013671875 5.859375e-06 0.026584375 0.02878017578125 0.0041091796875 0.02910966796875 0.00370341796875 0.047159375 -0.0 0.0505033203125 -0.0 5.17578125e-06 0.0270013671875 5.859375e-06
2 0.5163455078125 0.277992578125 0.52928984375 0.28446572265625 0.5266802734375 0.288380078125 0.5440775390625 0.29947080078125 0.5214611328125 0.32969853515625 0.4918857421875 0.31121396484375 0.4934080078125 0.3077345703125 0.500584375 0.2964263671875 0.50232412109375 0.29729619140625 0.50476552734375 0.2942458984375 0.50247060546875 0.2926482421875 0.5074505859375 0.28586962890625 0.50882470703125 0.28669169921875 0.5163455078125 0.277992578125
2 0.53339736328125 0.1161146484375 0.54615908203125 0.12008623046875 0.54528916015625 0.1233482421875 0.5477005859375 0.1233482421875 0.5540390625 0.1077099609375 0.5724626953125 0.1158173828125 0.55035244140625 0.1649197265625 0.53892568359375 0.15889990234375 0.53699296875 0.1631326171875 0.52028662109375 0.158047265625 0.52281416015625 0.152200390625 0.51896064453125 0.150125 0.53339736328125 0.1161146484375
2 0.561795703125 0.20182490234375 0.57883466796875 0.1675765625 0.60285966796875 0.17967421875 0.60575634765625 0.17439208984375 0.620069140625 0.1818892578125 0.61904677734375 0.1847859375 0.62790703125 0.189216015625 0.61342392578125 0.2178416015625 0.594510546875 0.20915166015625 0.59076201171875 0.21562646484375 0.561795703125 0.20182490234375
2 0.7683873046875 0.1517783203125 0.7852408203125 0.15998076171875 0.783319140625 0.16512265625 0.78755185546875 0.167012109375 0.7896083984375 0.16130830078125 0.795479296875 0.15620849609375 0.80502119140625 0.16183134765625 0.80450654296875 0.16269130859375 0.809110546875 0.16609111328125 0.7731560546875 0.21164130859375 0.74828125 0.20085068359375 0.73897451171875 0.1890009765625 0.752541015625 0.16745419921875 0.75869345703125 0.1723587890625 0.7622732421875 0.16912236328125 0.7572521484375 0.1650427734375 0.7579935546875 0.1577419921875 0.7683873046875 0.1517783203125
2 0.9795498046875 0.12621787109375 0.9865830078125 0.11756875 0.98923115234375 0.1098197265625 0.99842509765625 0.1147998046875 0.998425 0.14581767578125 0.9780853515625 0.1328080078125 0.9795498046875 0.12621787109375
2 0.769137109375 9.66796875e-06 0.75775341796875 0.020137890625 0.7690958984375 0.02569658203125 0.75978046875 0.05413330078125 0.75076748046875 0.05864609375 0.74872275390625 0.05762373046875 0.7480412109375 0.0574533203125 0.7463373046875 0.05523828125 0.745996484375 0.0548974609375 0.745826171875 0.05200087890625 0.74565576171875 0.04995615234375 0.74480380859375 0.0496154296875 0.744122265625 0.049274609375 0.74224794921875 0.04825224609375 0.74088486328125 0.0453556640625 0.7412255859375 0.04348134765625 0.74054404296875 0.04058466796875 0.73849931640625 0.04058466796875 0.7359435546875 0.03871044921875 0.73475078125 0.03666572265625 0.73406923828125 0.0329171875 0.7352619140625 0.03121328125 0.73321728515625 0.02882783203125 0.7335580078125 0.02593115234375 0.7359435546875 0.02235302734375 0.72163076171875 0.01553740234375 0.71958603515625 0.01996748046875 0.70887060546875 0.0149142578125 0.7169828125 1.025390625e-05 0.769137109375 9.66796875e-06
2 0.68573662109375 1.064453125e-05 0.6754611328125 0.02482607421875 0.6630451171875 0.02188896484375 0.65850595703125 0.01694921875 0.6650435546875 1.083984375e-05 0.68573662109375 1.064453125e-05
2 0.6087125 1.123046875e-05 0.60616142578125 0.0060521484375 0.59798271484375 0.00997109375 0.58605537109375 0.01048232421875 0.581966015625 0.007244921875 0.58468798828125 1.1328125e-05 0.6087125 1.123046875e-05
2 0.34684130859375 0.192533984375 0.32770107421875 0.17954873046875 0.33157275390625 0.17394150390625 0.32823515625 0.171137890625 0.3444453125 0.15142529296875 0.34833095703125 0.1533681640625 0.35082890625 0.1509720703125 0.35443701171875 0.1539232421875 0.3563798828125 0.1522580078125 0.38718759765625 0.1725189453125 0.358877734375 0.21442861328125 0.34083720703125 0.2108205078125 0.3372291015625 0.2061021484375 0.34684130859375 0.192533984375
2 0.23538359375 0.09900224609375 0.24117685546875 0.101898828125 0.2444142578125 0.096787109375 0.26292421875 0.10529375 0.2612462890625 0.10920625 0.2631205078125 0.11023505859375 0.273891796875 0.0954240234375 0.291101171875 0.10684013671875 0.26281640625 0.14926728515625 0.2606013671875 0.1477337890625 0.25600078125 0.14500751953125 0.25569892578125 0.14556904296875 0.2431572265625 0.13864267578125 0.2435234375 0.13780078125 0.2404953125 0.13563603515625 0.23879140625 0.138021484375 0.2323166015625 0.13478408203125 0.22959033203125 0.1298427734375 0.22055966796875 0.12336796875 0.23538359375 0.09900224609375
2 0.06063359375 0.056251171875 0.068060546875 0.0564603515625 0.06711904296875 0.0655609375 0.06000595703125 0.065142578125 0.06063359375 0.056251171875
2 0.3616345703125 1.103515625e-05 0.33444482421875 0.03012197265625 0.324453125 0.02512607421875 0.3225103515625 0.0217955078125 0.3297265625 0.01319150390625 0.32195517578125 0.00625283203125 0.3183470703125 0.0101384765625 0.3069794921875 1.0546875e-05 0.3616345703125 1.103515625e-05
2 -0.0 0.83805068359375 -0.0 0.79093828125 0.00305888671875 0.78952138671875 0.01545693359375 0.833445703125 -0.0 0.83805068359375
2 -0.0 0.76046396484375 -0.0 0.72548564453125 0.00856806640625 0.72682060546875 0.00735595703125 0.73794375 0.010437109375 0.76033037109375 -0.0 0.76046396484375
