0 0.2129572265625 7.8125e-06 0.21314677734375 0.002038671875 0.20599033203125 0.01080732421875 0.20133544921875 0.0081685546875 0.19385986328125 0.0183353515625 0.1645263671875 7.03125e-06 0.2129572265625 7.8125e-06
0 0.16297001953125 0.013364453125 0.18096611328125 0.017815625 0.19232900390625 0.0300755859375 0.18763642578125 0.04137021484375 0.183966796875 0.0416115234375 0.1761552734375 0.0519041015625 0.1425626953125 0.03463935546875 0.14251826171875 0.03135302734375 0.150466015625 0.0223009765625 0.15631015625 0.02464873046875 0.16297001953125 0.013364453125
0 0.13321484375 0.04105625 0.147082421875 0.046564453125 0.15979091796875 0.0495546875 0.17563896484375 0.0610669921875 0.17728359375 0.06628662109375 0.1684625 0.07512099609375 0.1615849609375 0.07302783203125 0.157503515625 0.08340888671875 0.125851953125 0.07048623046875 0.13452353515625 0.05209638671875 0.12869267578125 0.0492556640625 0.13321484375 0.04105625
0 0.1225783203125 0.0793791015625 0.1429375 0.08341376953125 0.15910888671875 0.09496552734375 0.15448173828125 0.106898828125 0.14936748046875 0.1071423828125 0.14327900390625 0.11834501953125 0.1038259765625 0.10251513671875 0.1067484375 0.0927736328125 0.11648994140625 0.09423486328125 0.1168537109375 0.089744921875 0.1225783203125 0.0793791015625
0 0.10226376953125 0.11330703125 0.12660380859375 0.116770703125 0.14148759765625 0.12631162109375 0.14501796875 0.12751806640625 0.14650595703125 0.1342375 0.14206005859375 0.14005048828125 0.1372896484375 0.13890556640625 0.13271005859375 0.15073623046875 0.13061103515625 0.15321689453125 0.0913025390625 0.13985966796875 0.0955005859375 0.1308912109375 0.093019921875 0.1301279296875 0.0968724609375 0.11915234375 0.09948603515625 0.1200291015625 0.10226376953125 0.11330703125
0 0.09884208984375 0.1525521484375 0.117160546875 0.15503271484375 0.12746474609375 0.1630470703125 0.133380078125 0.164001171875 0.13182333984375 0.17493818359375 0.12778955078125 0.17464345703125 0.12485 0.18863359375 0.090064453125 0.1804115234375 0.09884208984375 0.1525521484375
0 0.08553525390625 0.19133759765625 0.10816337890625 0.1916158203125 0.11877109375 0.197436328125 0.12451025390625 0.20149970703125 0.12101376953125 0.20621015625 0.117837109375 0.2240388671875 0.08064580078125 0.2189185546875 0.08553525390625 0.19133759765625
0 0.0816572265625 0.2317041015625 0.10034609375 0.2299099609375 0.112157421875 0.2329001953125 0.11230693359375 0.23514287109375 0.1172408203125 0.23559140625 0.1171830078125 0.24667880859375 0.114549609375 0.2471037109375 0.11366943359375 0.26037158203125 0.07373310546875 0.25966259765625 0.07373310546875 0.2589150390625 0.0738826171875 0.24755224609375 0.08001259765625 0.2477017578125 0.080162109375 0.24366494140625 0.08150771484375 0.24396396484375 0.0816572265625 0.2317041015625
0 0.08082578125 0.26933154296875 0.10370087890625 0.26693935546875 0.1171568359375 0.26992958984375 0.1183529296875 0.296991015625 0.07140654296875 0.2984861328125 0.07140654296875 0.28742236328125 0.08067626953125 0.2878708984375 0.08082578125 0.26933154296875
0 0.10088994140625 0.342495703125 0.125887109375 0.3394353515625 0.138000390625 0.34102470703125 0.138290234375 0.3535630859375 0.1419375 0.35409208984375 0.14214287109375 0.36863046875 0.094211328125 0.3697826171875 0.094211328125 0.3573794921875 0.10108076171875 0.3581427734375 0.10088994140625 0.342495703125
0 0.08380185546875 0.46165498046875 0.076961328125 0.460401171875 0.07604345703125 0.45114189453125 0.09819931640625 0.45003759765625 0.10667705078125 0.44864755859375 0.118637890625 0.452086328125 0.122226171875 0.462103515625 0.12147861328125 0.479297265625 0.08439990234375 0.4795962890625 0.08380185546875 0.46165498046875
0 0.08926298828125 0.49178896484375 0.1086056640625 0.48941455078125 0.12062724609375 0.48960537109375 0.125779296875 0.4954603515625 0.1231078125 0.50487080078125 0.1231078125 0.51860966796875 0.080937109375 0.51860966796875 0.0809443359375 0.5064673828125 0.0893693359375 0.50620654296875 0.08926298828125 0.49178896484375
0 0.0833001953125 0.52687431640625 0.1093150390625 0.52478115234375 0.12037880859375 0.52567822265625 0.12331982421875 0.528291796875 0.1259107421875 0.52836943359375 0.12576123046875 0.54077880859375 0.12366806640625 0.54077880859375 0.12339736328125 0.55451865234375 0.090249609375 0.55508828125 0.09113525390625 0.53838662109375 0.083001171875 0.53808759765625 0.0833001953125 0.52687431640625
0 0.08617802734375 0.571751953125 0.110394921875 0.56459150390625 0.12298896484375 0.56363740234375 0.128904296875 0.57680380859375 0.1283318359375 0.58939775390625 0.082535546875 0.601228515625 0.07929169921875 0.58882529296875 0.08883251953125 0.587298828125 0.08617802734375 0.571751953125
0 0.15257958984375 0.62793935546875 0.17206259765625 0.63621962890625 0.17936875 0.641333984375 0.17181904296875 0.6569203125 0.1596421875 0.670801953125 0.13553203125 0.65594619140625 0.15257958984375 0.62793935546875
0 0.18572587890625 0.64978486328125 0.197415625 0.65246376953125 0.19936396484375 0.6488107421875 0.2083748046875 0.6483236328125 0.21525380859375 0.6531380859375 0.20252998046875 0.69532626953125 0.17427958984375 0.68753310546875 0.18572587890625 0.64978486328125
0 0.299119140625 0.61467978515625 0.30120361328125 0.61662412109375 0.3090416015625 0.60933681640625 0.3256427734375 0.6171603515625 0.33480205078125 0.6326166015625 0.31610185546875 0.6511259765625 0.3109498046875 0.651316796875 0.28690673828125 0.62670126953125 0.299119140625 0.61467978515625
0 0.3844958984375 0.52497431640625 0.38963349609375 0.53002744140625 0.40604384765625 0.53861416015625 0.4157755859375 0.55521533203125 0.41024189453125 0.561703125 0.41215 0.56399296875 0.40528056640625 0.57181650390625 0.4029908203125 0.57009912109375 0.3982203125 0.57448798828125 0.39497646484375 0.575251171875 0.36501806640625 0.547391796875 0.37455888671875 0.538041796875 0.3716966796875 0.5353703125 0.3844958984375 0.52497431640625
0 0.38418671875 0.514626171875 0.3951458984375 0.50488466796875 0.3924669921875 0.50269287109375 0.40391328125 0.493194921875 0.4063486328125 0.495873828125 0.42071728515625 0.5036669921875 0.4282669921875 0.517305078125 0.4358166015625 0.52315 0.42656220703125 0.5309431640625 0.42169150390625 0.5260724609375 0.4090275390625 0.53800576171875 0.38418671875 0.514626171875
0 0.4160630859375 0.45707333984375 0.42252431640625 0.46217705078125 0.43416416015625 0.46847412109375 0.4423693359375 0.48087724609375 0.42500498046875 0.4988140625 0.3990537109375 0.47706083984375 0.4053072265625 0.46956591796875 0.40922421875 0.4724470703125 0.41114228515625 0.47068017578125 0.40666884765625 0.4672439453125 0.4160630859375 0.45707333984375
0 0.443256640625 0.451745703125 0.44167255859375 0.4505609375 0.45213828125 0.4396466796875 0.47097666015625 0.45190654296875 0.4774056640625 0.46237236328125 0.48547919921875 0.47029638671875 0.4786017578125 0.477771875 0.4768076171875 0.478369921875 0.4714251953125 0.47328662109375 0.46589326171875 0.47941650390625 0.46559423828125 0.48150966796875 0.459912890625 0.48689208984375 0.4335990234375 0.46311982421875 0.443256640625 0.451745703125
0 0.48379501953125 0.41973486328125 0.50009169921875 0.42885498046875 0.5126505859375 0.44903896484375 0.506520703125 0.454271875 0.501736328125 0.450085546875 0.4875328125 0.46354150390625 0.47018955078125 0.44784287109375 0.4664517578125 0.437676171875 0.48379501953125 0.41973486328125
0 0.49101650390625 0.41641298828125 0.50110087890625 0.406087109375 0.49976513671875 0.403797265625 0.512931640625 0.39311142578125 0.53086845703125 0.40665947265625 0.5421267578125 0.42497802734375 0.52056435546875 0.446349609375 0.49101650390625 0.41641298828125
0 0.51450986328125 0.3895970703125 0.53648798828125 0.3676189453125 0.55188759765625 0.37853330078125 0.559662109375 0.39154072265625 0.5393287109375 0.412920703125 0.51450986328125 0.3895970703125
0 0.540232421875 0.36413408203125 0.551688671875 0.3519796875 0.54991572265625 0.3500498046875 0.56043974609375 0.34068525390625 0.58163984375 0.35421162109375 0.592134765625 0.3721484375 0.57171728515625 0.39409248046875 0.540232421875 0.36413408203125
0 0.56767109375 0.3383037109375 0.5899482421875 0.31632568359375 0.60953408203125 0.33322041015625 0.59951689453125 0.3436861328125 0.60250712890625 0.3466763671875 0.5935365234375 0.358188671875 0.56767109375 0.3383037109375
0 0.59057646484375 0.31031787109375 0.60066181640625 0.30155439453125 0.5990408203125 0.29980478515625 0.609632421875 0.28952255859375 0.6308052734375 0.30331162109375 0.640812109375 0.319298828125 0.63438310546875 0.32571748046875 0.636027734375 0.329006640625 0.61971025390625 0.33880625 0.59057646484375 0.31031787109375
0 0.61583095703125 0.288140625 0.6263259765625 0.2772640625 0.6228912109375 0.27287529296875 0.63224130859375 0.262952734375 0.6518955078125 0.275355859375 0.66582529296875 0.2929111328125 0.657429296875 0.29958974609375 0.6534220703125 0.29558251953125 0.6391107421875 0.31046630859375 0.61583095703125 0.288140625
0 0.6419529296875 0.25965546875 0.651073046875 0.24933916015625 0.64733525390625 0.24724599609375 0.6579505859375 0.2361822265625 0.690693359375 0.26742998046875 0.67230361328125 0.28761396484375 0.6419529296875 0.25965546875
0 0.6631740234375 0.23201513671875 0.67733076171875 0.21770380859375 0.68034755859375 0.220184375 0.687775 0.21233916015625 0.71163447265625 0.23402958984375 0.69858876953125 0.2489978515625 0.70374091796875 0.25356298828125 0.69656708984375 0.26159189453125 0.6631740234375 0.23201513671875
0 0.68797197265625 0.20581171875 0.7072587890625 0.1835345703125 0.74000166015625 0.2113435546875 0.733722265625 0.21810615234375 0.73473203125 0.21906181640625 0.72603857421875 0.22824052734375 0.72420986328125 0.2265373046875 0.717724609375 0.23302265625 0.68797197265625 0.20581171875
0 0.71018076171875 0.1777865234375 0.720323828125 0.1673 0.7200484375 0.1641810546875 0.7299029296875 0.15443916015625 0.73380341796875 0.15775205078125 0.7479388671875 0.16552666015625 0.7565291015625 0.17973017578125 0.7617619140625 0.18391650390625 0.7541369140625 0.19184052734375 0.74860498046875 0.1872056640625 0.7351490234375 0.2003626953125 0.71018076171875 0.1777865234375
0 0.73085654296875 0.14236796875 0.74135146484375 0.13206376953125 0.7446171875 0.13521591796875 0.7536701171875 0.1263537109375 0.78216474609375 0.15328798828125 0.77779765625 0.158969140625 0.77924697265625 0.16039658203125 0.7707537109375 0.16901337890625 0.7692416015625 0.1674091796875 0.76272314453125 0.172898828125 0.73085654296875 0.14236796875
0 0.75262158203125 0.1155123046875 0.7738759765625 0.0963701171875 0.79499638671875 0.1083916015625 0.80644541015625 0.1246111328125 0.78621875 0.14292958984375 0.783547265625 0.14464697265625 0.75262158203125 0.1155123046875
0 0.79021123046875 0.102615234375 0.7921595703125 0.1004234375 0.79045478515625 0.09847509765625 0.8092072265625 0.07996630859375 0.8269853515625 0.089220703125 0.83697041015625 0.103589453125 0.82455 0.11722744140625 0.82917724609375 0.121367578125 0.82138408203125 0.1301349609375 0.79021123046875 0.102615234375
0 0.82298759765625 0.08281845703125 0.835546484375 0.069960546875 0.83808818359375 0.07145556640625 0.8458626953125 0.0630830078125 0.86500009765625 0.0748943359375 0.87651240234375 0.091191015625 0.8536373046875 0.1137671875 0.82298759765625 0.08281845703125
0 0.83953779296875 7.03125e-06 0.8284396484375 0.005959765625 0.82565751953125 7.2265625e-06 0.83953779296875 7.03125e-06
0 0.8210177734375 7.32421875e-06 0.82135087890625 0.0073984375 0.80780283203125 0.01445869140625 0.80532216796875 0.01045146484375 0.79310986328125 0.01312294921875 0.78306826171875 7.8125e-06 0.8210177734375 7.32421875e-06
0 0.7789087890625 7.91015625e-06 0.7823419921875 0.00325966796875 0.78806650390625 0.01871591796875 0.77490009765625 0.02539453125 0.77604501953125 0.0301650390625 0.76039794921875 0.03588955078125 0.74939736328125 0.01303271484375 0.74501923828125 8.30078125e-06 0.7789087890625 7.91015625e-06
0 0.64546884765625 0.019630078125 0.68568720703125 0.0145466796875 0.686434765625 0.02127470703125 0.69077060546875 0.02157373046875 0.6915181640625 0.02800263671875 0.689425 0.028451171875 0.68957451171875 0.04310322265625 0.6477115234375 0.048037109375 0.64756201171875 0.04145859375 0.64516982421875 0.04130908203125 0.64382421875 0.0287501953125 0.64606689453125 0.02800263671875 0.64546884765625 0.019630078125
0 0.67365380859375 0.06563203125 0.68666123046875 0.07116396484375 0.68666123046875 0.07355615234375 0.69176826171875 0.07476259765625 0.6897091796875 0.088163671875 0.68557021484375 0.0879091796875 0.68247490234375 0.10046806640625 0.643303125 0.09299248046875 0.64225654296875 0.09119833984375 0.64248740234375 0.08183974609375 0.64326171875 0.072080078125 0.6465923828125 0.07121123046875 0.6482369140625 0.06488447265625 0.67365380859375 0.06563203125
0 0.64326171875 0.072080078125 0.64248740234375 0.08183974609375 0.6332962890625 0.08026552734375 0.6354248046875 0.070398046875 0.64326171875 0.072080078125
0 0.63502392578125 0.107553125 0.65728154296875 0.11727626953125 0.67145615234375 0.1333251953125 0.66489599609375 0.14398544921875 0.6624359375 0.1430482421875 0.6543529296875 0.1530056640625 0.6509556640625 0.1541771484375 0.6173349609375 0.1312166015625 0.62254267578125 0.1244859375 0.620974609375 0.12330400390625 0.6282642578125 0.11280615234375 0.62963525390625 0.11411328125 0.63502392578125 0.107553125
0 0.6080880859375 0.14219501953125 0.63841484375 0.1683974609375 0.63291640625 0.174633984375 0.63520908203125 0.17685478515625 0.6306515625 0.1815005859375 0.62793310546875 0.17899501953125 0.623851171875 0.1814564453125 0.6243076171875 0.183840234375 0.6183921875 0.1879912109375 0.58805224609375 0.1612767578125 0.5933951171875 0.15612470703125 0.592059375 0.15536142578125 0.60083701171875 0.1446755859375 0.6028755859375 0.1462890625 0.6080880859375 0.14219501953125
0 0.5688783203125 0.18656904296875 0.5671048828125 0.1850607421875 0.5757349609375 0.17614306640625 0.5773171875 0.17758134765625 0.58255 0.172498046875 0.61349873046875 0.200905078125 0.5930158203125 0.2206404296875 0.56401064453125 0.19208388671875 0.5688783203125 0.18656904296875
0 0.53536376953125 0.21863681640625 0.55188125 0.20001064453125 0.57296748046875 0.21113955078125 0.57800478515625 0.2212140625 0.58714208984375 0.230819921875 0.5777705078125 0.2403087890625 0.57402177734375 0.23726298828125 0.5645330078125 0.24698603515625 0.53981533203125 0.22742275390625 0.53536376953125 0.21863681640625
0 0.5313275390625 0.23429990234375 0.54780791015625 0.24287216796875 0.5592134765625 0.25928974609375 0.54943349609375 0.26979921875 0.54760263671875 0.2682509765625 0.53764384765625 0.27799716796875 0.5070646484375 0.250575 0.517248046875 0.2407732421875 0.521827734375 0.24420791015625 0.530414453125 0.238292578125 0.52994111328125 0.2360728515625 0.5313275390625 0.23429990234375
0 0.498153125 0.25697275390625 0.5090673828125 0.26594345703125 0.52043017578125 0.27207333984375 0.53179296875 0.2894166015625 0.52282236328125 0.29973291015625 0.5184865234375 0.29674267578125 0.511160546875 0.30466669921875 0.506376171875 0.30526474609375 0.4824544921875 0.28373525390625 0.49620947265625 0.269083203125 0.4906775390625 0.264298828125 0.498153125 0.25697275390625
0 0.47504794921875 0.29090166015625 0.4917931640625 0.29987236328125 0.502707421875 0.31691650390625 0.4940802734375 0.32660068359375 0.4917326171875 0.3254623046875 0.48314521484375 0.33276181640625 0.47816689453125 0.3335359375 0.45006640625 0.3059208984375 0.458302734375 0.29867626953125 0.46368515625 0.30241396484375 0.47504794921875 0.29090166015625
0 0.440091015625 0.31747841796875 0.46262080078125 0.33018955078125 0.47483310546875 0.34755390625 0.4651013671875 0.35766728515625 0.46090341796875 0.35556826171875 0.4511716796875 0.3635826171875 0.4267470703125 0.34221103515625 0.4399134765625 0.32770888671875 0.43399814453125 0.3229384765625 0.440091015625 0.31747841796875
0 0.38673623046875 0.36023505859375 0.39390380859375 0.3560337890625 0.3930095703125 0.353683203125 0.40391630859375 0.34790537109375 0.40498837890625 0.34958505859375 0.41254814453125 0.34560205078125 0.42675166015625 0.36100166015625 0.43243310546875 0.3816341796875 0.42645263671875 0.3849234375 0.42705068359375 0.38656806640625 0.4069498046875 0.3950609375 0.38673623046875 0.36023505859375
0 0.30222060546875 0.46693369140625 0.3211115234375 0.47189501953125 0.320920703125 0.4743755859375 0.32874423828125 0.475711328125 0.33065244140625 0.48696962890625 0.3207298828125 0.5068146484375 0.3083267578125 0.5037615234375 0.30584609375 0.51215751953125 0.29160166015625 0.50876416015625 0.30222060546875 0.46693369140625
0 0.265183203125 0.45866494140625 0.29314169921875 0.4679345703125 0.29403876953125 0.47989541015625 0.27744306640625 0.50830244140625 0.251577734375 0.4990328125 0.265183203125 0.45866494140625
0 0.22959970703125 0.4431158203125 0.241560546875 0.44565751953125 0.24694296875 0.4522359375 0.25352138671875 0.455226171875 0.2524748046875 0.46569189453125 0.24051396484375 0.48288564453125 0.22750654296875 0.4757091796875 0.22302119140625 0.48303515625 0.21210693359375 0.4775033203125 0.22959970703125 0.4431158203125
0 0.198873828125 0.42248291015625 0.211810546875 0.42934423828125 0.209418359375 0.43353056640625 0.21898701171875 0.438464453125 0.215398828125 0.4499767578125 0.2025408203125 0.46851611328125 0.1889353515625 0.459096875 0.1883373046875 0.459694921875 0.1840015625 0.465675390625 0.17312275390625 0.458215625 0.198873828125 0.42248291015625
0 0.30245458984375 0.370509375 0.31725615234375 0.37275205078125 0.31875126953125 0.36527646484375 0.33131015625 0.36707060546875 0.33131015625 0.387105078125 0.32129296875 0.4116248046875 0.30664091796875 0.40878408203125 0.30693994140625 0.40504638671875 0.29512861328125 0.40205615234375 0.30245458984375 0.370509375
0 0.26208671875 0.3524185546875 0.28406484375 0.36467841796875 0.27942998046875 0.378134375 0.26462841796875 0.39398251953125 0.2405572265625 0.37947998046875 0.2576013671875 0.35466123046875 0.26208671875 0.3524185546875
0 0.2033794921875 0.33485078125 0.22819833984375 0.31810556640625 0.22819833984375 0.31601240234375 0.23492626953125 0.311228125 0.2389630859375 0.314666796875 0.24105625 0.3191521484375 0.2341787109375 0.3233384765625 0.2449435546875 0.33769150390625 0.21982568359375 0.3577259765625 0.2033794921875 0.33724296875 0.2033794921875 0.33485078125
0 0.175932421875 0.22268955078125 0.19482333984375 0.22192626953125 0.201501953125 0.22059052734375 0.21066123046875 0.22345283203125 0.22153779296875 0.22402529296875 0.22420927734375 0.228795703125 0.22268271484375 0.23356611328125 0.21428671875 0.23337529296875 0.21314189453125 0.24940400390625 0.17879462890625 0.24902236328125 0.17955791015625 0.23719169921875 0.17555078125 0.23681005859375 0.175932421875 0.22268955078125
0 0.19539580078125 0.17479423828125 0.2051275390625 0.17479423828125 0.2140958984375 0.17593916015625 0.22573583984375 0.183953515625 0.2175306640625 0.210286328125 0.18413759765625 0.200173046875 0.19006015625 0.1870138671875 0.18375595703125 0.1850984375 0.1892123046875 0.17297783203125 0.19539580078125 0.17479423828125
0 0.22865556640625 0.13694736328125 0.2465923828125 0.146869921875 0.24411181640625 0.15564755859375 0.2364791015625 0.15354853515625 0.22796962890625 0.1709697265625 0.1946900390625 0.1579373046875 0.20060537109375 0.146106640625 0.197595703125 0.144580078125 0.20384921875 0.13230732421875 0.22865556640625 0.13694736328125
0 0.21871220703125 0.1069271484375 0.21623154296875 0.10578232421875 0.2236734375 0.0918525390625 0.2501970703125 0.09929443359375 0.2641267578125 0.11169765625 0.26069208984375 0.11952119140625 0.26214853515625 0.1204607421875 0.25725732421875 0.13058857421875 0.25534921875 0.12982529296875 0.2494337890625 0.1382212890625 0.21222431640625 0.12009365234375 0.21871220703125 0.1069271484375
0 0.2393578125 0.06395517578125 0.2418162109375 0.064935546875 0.24713232421875 0.054685546875 0.25221572265625 0.05722724609375 0.253561328125 0.05528359375 0.27344619140625 0.06754345703125 0.26402705078125 0.0827935546875 0.26851240234375 0.08488671875 0.26731630859375 0.0910166015625 0.2596912109375 0.096698046875 0.230387109375 0.078308203125 0.2393578125 0.06395517578125
0 0.27240390625 0.02002861328125 0.29627060546875 0.0295265625 0.307716796875 0.0431646484375 0.30187197265625 0.05241904296875 0.30339482421875 0.0532390625 0.2981232421875 0.06237646484375 0.296483203125 0.06179072265625 0.29121171875 0.06553935546875 0.28711162109375 0.066359375 0.2568880859375 0.04152451171875 0.26344814453125 0.0321529296875 0.26204248046875 0.03074716796875 0.27240390625 0.02002861328125
0 0.319381640625 8.984375e-06 0.32528916015625 0.009206640625 0.3327646484375 0.0159345703125 0.32678427734375 0.02326064453125 0.31930869140625 0.016831640625 0.31332822265625 0.02296162109375 0.3143748046875 0.02417099609375 0.30772822265625 0.03156513671875 0.2801369140625 0.00905712890625 0.2880578125 8.69140625e-06 0.319381640625 8.984375e-06
0 0.3416521484375 9.1796875e-06 0.3370890625 0.00432001953125 0.33308837890625 9.08203125e-06 0.3416521484375 9.1796875e-06
0 0.65117265625 9.27734375e-06 0.63669541015625 0.005743359375 0.6343865234375 9.375e-06 0.65117265625 9.27734375e-06
