2 0.9984609375 0.24969873046875 0.9975275390625 0.252058984375 0.9666177734375 0.2388615234375 0.9898869140625 0.189544921875 0.99846103515625 0.19366728515625 0.9984609375 0.24969873046875
2 0.99846083984375 0.3773888671875 0.9833369140625 0.37003515625 0.98674833984375 0.3610802734375 0.992291796875 0.35489716796875 0.99846083984375 0.358651171875 0.99846083984375 0.3773888671875
2 0.8867435546875 0.5686587890625 0.89356640625 0.5603435546875 0.9227763671875 0.57740048828125 0.9144611328125 0.59125927734375 0.8843982421875 0.57676083984375 0.8867435546875 0.5686587890625
2 0.8244291015625 0.59077333984375 0.83071201171875 0.59352216796875 0.84484853515625 0.57127021484375 0.8604248046875 0.58095634765625 0.8601630859375 0.58331240234375 0.8439322265625 0.6155123046875 0.83071201171875 0.6081822265625 0.831235546875 0.605826171875 0.8199787109375 0.5975798828125 0.8207640625 0.5947001953125 0.8244291015625 0.59077333984375
2 0.80631953125 0.6687765625 0.81250068359375 0.654242578125 0.82152177734375 0.65808486328125 0.815340625 0.67211767578125 0.80631953125 0.6687765625
2 0.73853876953125 0.6934923828125 0.75450771484375 0.7012150390625 0.74992646484375 0.70972314453125 0.75935078125 0.71417353515625 0.75267529296875 0.72673935546875 0.74154931640625 0.72320517578125 0.73578994140625 0.733283984375 0.72682275390625 0.73062822265625 0.72073720703125 0.727262890625 0.72171494140625 0.7247650390625 0.71150517578125 0.7182203125 0.72165341796875 0.69417783203125 0.73343388671875 0.70006806640625 0.73853876953125 0.6934923828125
2 0.72385751953125 0.77681279296875 0.73136171875 0.77618544921875 0.74104130859375 0.7801205078125 0.736352734375 0.797410546875 0.72637958984375 0.797081640625 0.7191146484375 0.79553720703125 0.72385751953125 0.77681279296875
2 0.863691015625 0.32203310546875 0.8771958984375 0.32924599609375 0.871824609375 0.33922119140625 0.8583197265625 0.33246875 0.863691015625 0.32203310546875
2 0.63342060546875 0.05856552734375 0.6389869140625 0.0559234375 0.63691904296875 0.05089150390625 0.648655859375 0.0457001953125 0.65136435546875 0.051230078125 0.65486279296875 0.04987578125 0.665132421875 0.07030234375 0.64222314453125 0.07978203125 0.63375908203125 0.06748095703125 0.63342060546875 0.05856552734375
2 0.63447998046875 0.02189873046875 0.6515208984375 0.02189873046875 0.6523109375 0.03984248046875 0.63278720703125 0.0400681640625 0.6312072265625 0.031152734375 0.63447998046875 0.02189873046875
