0 0.840262890625 8.7890625e-06 0.83877783203125 0.00467216796875 0.82579873046875 9.08203125e-06 0.840262890625 8.7890625e-06
0 0.694547265625 0.04312197265625 0.69215078125 0.0339009765625 0.7265298828125 0.0237630859375 0.7296041015625 0.03348955078125 0.6992462890625 0.043370703125 0.694547265625 0.04312197265625
0 0.68039990234375 1.09375e-05 0.682389453125 0.0122427734375 0.66966689453125 0.013754296875 0.6676771484375 1.103515625e-05 0.68039990234375 1.09375e-05
0 0.60777978515625 0.0717013671875 0.611727734375 0.08097890625 0.61873525390625 0.07762314453125 0.62564404296875 0.09223046875 0.61883388671875 0.0954875 0.63106318359375 0.119171484375 0.61988857421875 0.1246326171875 0.61281337890625 0.110193359375 0.6067056640625 0.11327666015625 0.60185791015625 0.10664033203125 0.601364453125 0.1023962890625 0.60481884765625 0.1003236328125 0.59415947265625 0.07683359375 0.595146484375 0.07604404296875 0.605213671875 0.0714052734375 0.60777978515625 0.0717013671875
0 0.63876962890625 0.1133400390625 0.630869140625 0.1171875 0.62640302734375 0.10896484375 0.634504296875 0.10471376953125 0.63876962890625 0.1133400390625
0 0.44933447265625 0.0790470703125 0.4567939453125 0.073319140625 0.46752490234375 0.07049912109375 0.47520283203125 0.08544482421875 0.482808984375 0.08191728515625 0.4916275390625 0.09723974609375 0.48435224609375 0.10175927734375 0.489533203125 0.11112900390625 0.47939169921875 0.11675087890625 0.47575400390625 0.11024716796875 0.46869912109375 0.11410537109375 0.44933447265625 0.0790470703125
0 0.35838271484375 0.071103515625 0.342581640625 0.05566162109375 0.35209814453125 0.04452900390625 0.35536376953125 0.03788876953125 0.36287158203125 0.0368080078125 0.375979296875 0.048479296875 0.35838271484375 0.071103515625
0 0.285419921875 0.08211845703125 0.3275865234375 0.07614130859375 0.3310240234375 0.07980791015625 0.33194072265625 0.08826826171875 0.326421875 0.08938330078125 0.32839443359375 0.09669150390625 0.311544921875 0.1002037109375 0.31149267578125 0.104594140625 0.299837109375 0.1067451171875 0.297107421875 0.102037109375 0.2906908203125 0.1029537109375 0.28702412109375 0.102037109375 0.284044921875 0.093099609375 0.285419921875 0.08211845703125
0 0.15470185546875 0.12817333984375 0.17337578125 0.12476171875 0.17341669921875 0.11857490234375 0.1856232421875 0.116379296875 0.18592890625 0.122855859375 0.19425419921875 0.12150625 0.1979751953125 0.1380490234375 0.1882791015625 0.14002412109375 0.189715625 0.14702685546875 0.1699642578125 0.1509771484375 0.16870732421875 0.144692578125 0.15757470703125 0.14648818359375 0.153444921875 0.1369716796875 0.15470185546875 0.12817333984375
0 0.70673427734375 0.28007685546875 0.72054306640625 0.28303134765625 0.722616796875 0.28401083984375 0.71963916015625 0.30147060546875 0.7174265625 0.30205673828125 0.7022322265625 0.2997732421875 0.70673427734375 0.28007685546875
0 0.7243203125 0.27768515625 0.75105107421875 0.28092099609375 0.74584560546875 0.308073828125 0.719958984375 0.30469736328125 0.7243203125 0.27768515625
0 0.785393359375 0.33123037109375 0.803459375 0.33484990234375 0.7969259765625 0.3689375 0.77448125 0.36337119140625 0.78145126953125 0.33616962890625 0.78398662109375 0.336720703125 0.785393359375 0.33123037109375
0 0.71401494140625 0.3977712890625 0.7158314453125 0.40489208984375 0.721621875 0.41233603515625 0.715508203125 0.41483642578125 0.71733447265625 0.4173046875 0.69356083984375 0.42946796875 0.68497890625 0.4207453125 0.68315966796875 0.40919638671875 0.70748896484375 0.3976724609375 0.70833310546875 0.40020478515625 0.71401494140625 0.3977712890625
0 0.6351552734375 0.40955634765625 0.6469501953125 0.40525732421875 0.64926513671875 0.4149578125 0.65235166015625 0.42080009765625 0.64022607421875 0.42576064453125 0.63658837890625 0.4198080078125 0.6351552734375 0.40955634765625
0 0.673075390625 0.4321541015625 0.67428798828125 0.43987041015625 0.6811224609375 0.44692529296875 0.66635126953125 0.45364951171875 0.66050888671875 0.44637412109375 0.65995771484375 0.4383271484375 0.673075390625 0.4321541015625
0 0.63469423828125 0.44898203125 0.6476224609375 0.4455705078125 0.65049541015625 0.45760087890625 0.6379263671875 0.46101240234375 0.63469423828125 0.44898203125
0 0.85751728515625 0.4773517578125 0.8868505859375 0.48468505859375 0.88639228515625 0.4869767578125 0.89365712890625 0.48881005859375 0.89128505859375 0.49706005859375 0.88519677734375 0.49627333984375 0.8833138671875 0.50503125 0.878371484375 0.504393359375 0.8779130859375 0.50691416015625 0.850871484375 0.500268359375 0.85041318359375 0.488580859375 0.85751728515625 0.4773517578125
0 0.9316298828125 0.62169072265625 0.93522099609375 0.6101990234375 0.98693369140625 0.62294755859375 0.9837015625 0.63515751953125 0.9316298828125 0.62169072265625
0 0.8431078125 0.6198951171875 0.85711337890625 0.6209724609375 0.85029013671875 0.6696326171875 0.84005537109375 0.66927353515625 0.8359255859375 0.66765751953125 0.8431078125 0.6198951171875
0 0.6417630859375 0.61685087890625 0.67590888671875 0.610892578125 0.6782005859375 0.62578837890625 0.68484638671875 0.62441337890625 0.6892005859375 0.64916337890625 0.6839296875 0.6503091796875 0.68622138671875 0.66245498046875 0.6507005859375 0.6681841796875 0.64061728515625 0.66932998046875 0.6383255859375 0.65970498046875 0.64655966796875 0.65815302734375 0.64604189453125 0.652802734375 0.66277822265625 0.64945791015625 0.65986728515625 0.63243427734375 0.64611728515625 0.6344966796875 0.640158984375 0.6351841796875 0.6362630859375 0.61753837890625 0.6417630859375 0.61685087890625
0 0.52369208984375 0.6661009765625 0.54833486328125 0.66200625 0.5520291015625 0.67763310546875 0.52603193359375 0.6824798828125 0.52369208984375 0.6661009765625
0 0.5065068359375 0.70545302734375 0.5273609375 0.70545302734375 0.52759013671875 0.7338697265625 0.50536103515625 0.73432802734375 0.5065068359375 0.70545302734375
0 0.35720390625 0.6485154296875 0.36761826171875 0.64456513671875 0.38198291015625 0.6828109375 0.37192763671875 0.6871203125 0.35720390625 0.6485154296875
0 0.59893330078125 0.7902134765625 0.6205779296875 0.79195517578125 0.61941142578125 0.80020234375 0.622219921875 0.8008380859375 0.6214220703125 0.80787255859375 0.61883798828125 0.80829990234375 0.61588896484375 0.82714677734375 0.60744765625 0.8260212890625 0.60632216796875 0.83066396484375 0.60111669921875 0.829960546875 0.6022421875 0.82405166015625 0.59366015625 0.822926171875 0.59520771484375 0.81012353515625 0.58550029296875 0.808998046875 0.585781640625 0.80322978515625 0.5970259765625 0.80408994140625 0.59893330078125 0.7902134765625
0 0.57212744140625 0.80665400390625 0.58380458984375 0.8078017578125 0.58550029296875 0.808998046875 0.5845080078125 0.82269248046875 0.576237890625 0.82383681640625 0.5705798828125 0.8215669921875 0.57212744140625 0.80665400390625
0 0.52378134765625 0.82950615234375 0.54009580078125 0.82498662109375 0.54395400390625 0.82586845703125 0.548914453125 0.8397578125 0.52995439453125 0.8456001953125 0.52356083984375 0.83953740234375 0.52378134765625 0.82950615234375
0 0.6697935546875 0.89247041015625 0.69190390625 0.89239521484375 0.6918080078125 0.900588671875 0.68906787109375 0.90055380859375 0.68906787109375 0.90196064453125 0.6916091796875 0.90198916015625 0.69147099609375 0.90961572265625 0.68878642578125 0.9095578125 0.6889369140625 0.91413642578125 0.67964169921875 0.91419072265625 0.67954287109375 0.91711318359375 0.6689494140625 0.91737939453125 0.6697935546875 0.89247041015625
0 0.0678705078125 0.73472431640625 0.08165673828125 0.7322556640625 0.10014228515625 0.73031796875 0.104637109375 0.76369130859375 0.0818921875 0.76739423828125 0.0704232421875 0.7659068359375 0.0678705078125 0.73472431640625
0 0.55383857421875 0.0432603515625 0.55774345703125 0.0406150390625 0.56089267578125 0.0456537109375 0.55686171875 0.047669140625 0.55383857421875 0.0432603515625
0 0.29890546875 1.07421875e-05 0.30051337890625 0.00311435546875 0.291695703125 0.0079009765625 0.28797783203125 1.064453125e-05 0.29890546875 1.07421875e-05
0 0.29217470703125 0.0693728515625 0.29507197265625 0.06798720703125 0.29922880859375 0.06798720703125 0.30011064453125 0.07478935546875 0.29255263671875 0.0755451171875 0.29217470703125 0.0693728515625
0 0.2177849609375 0.1629630859375 0.22458720703125 0.16888349609375 0.2179109375 0.17593759765625 0.2113607421875 0.17064697265625 0.2177849609375 0.1629630859375
0 0.61630546875 0.96796123046875 0.632536328125 0.9674376953125 0.6326671875 0.97817099609375 0.6227193359375 0.97869453125 0.62258837890625 0.97699287109375 0.61630546875 0.977123828125 0.61630546875 0.96796123046875
0 0.77528291015625 0.0136142578125 0.7876451171875 0.0136142578125 0.7871439453125 0.0532068359375 0.7746146484375 0.0527056640625 0.774775 0.04578408203125 0.77512626953125 0.03350078125 0.77528291015625 0.0246400390625 0.77528291015625 0.0136142578125
0 0.77497431640625 9.86328125e-06 0.77528291015625 0.0136142578125 0.77528291015625 0.0246400390625 0.75623837890625 0.024305859375 0.75696572265625 1.005859375e-05 0.77497431640625 9.86328125e-06
0 0.77512626953125 0.03350078125 0.774775 0.04578408203125 0.75387099609375 0.0469919921875 0.75400185546875 0.03430693359375 0.77512626953125 0.03350078125
