0 0.0857115234375 0.00660546875 0.09353505859375 0.004697265625 0.09677900390625 0.006223828125 0.0984962890625 0.01404736328125 0.0883830078125 0.01671875 0.0857115234375 0.00660546875
0 0.0836634765625 0.02353544921875 0.0987626953125 0.0201259765625 0.1019287109375 0.02207421875 0.10606884765625 0.03985244140625 0.1233599609375 0.03546884765625 0.12676953125 0.0505681640625 0.1238470703125 0.0551953125 0.0917001953125 0.06250146484375 0.0836634765625 0.02353544921875
0 0.1438388671875 0.02435703125 0.1599185546875 0.0190625 0.15936376953125 0.01489248046875 0.1637408203125 0.0135140625 0.1701447265625 0.0352771484375 0.16917060546875 0.0374689453125 0.1348318359375 0.046236328125 0.12849990234375 0.03405947265625 0.12849990234375 0.023830859375 0.12557744140625 0.01384580078125 0.14275390625 0.008505859375 0.1438388671875 0.02435703125
0 0.15936376953125 0.01489248046875 0.1599185546875 0.0190625 0.1438388671875 0.02435703125 0.14275390625 0.008505859375 0.15772431640625 0.00386083984375 0.15936376953125 0.01489248046875
0 0.18281171875 9.08203125e-06 0.18597470703125 0.00946220703125 0.16649169921875 0.0155505859375 0.16186708984375 8.7890625e-06 0.18281171875 9.08203125e-06
0 0.33449990234375 1.09375e-05 0.33766171875 0.0083501953125 0.3133080078125 0.0163869140625 0.31257744140625 0.01419501953125 0.296991015625 0.0185787109375 0.29017197265625 0.00761953125 0.2909015625 1.0546875e-05 0.33449990234375 1.09375e-05
0 0.659800390625 0.0673708984375 0.64716904296875 0.069964453125 0.6453515625 0.06083984375 0.658388671875 0.058447265625 0.659800390625 0.0673708984375
0 0.6756302734375 0.050566796875 0.6734384765625 0.05543759765625 0.65884765625 0.05802734375 0.658388671875 0.058447265625 0.6453515625 0.06083984375 0.64455087890625 0.05723056640625 0.64226572265625 0.04959267578125 0.64323984375 0.04033828125 0.653468359375 0.0369287109375 0.6595568359375 0.03303212890625 0.670516015625 0.03303212890625 0.6756302734375 0.050566796875
0 0.64455087890625 0.05723056640625 0.64716904296875 0.069964453125 0.63617822265625 0.07292919921875 0.633487109375 0.06066923828125 0.64455087890625 0.05723056640625
0 0.57652666015625 0.067645703125 0.57823134765625 0.05595595703125 0.60526396484375 0.0486498046875 0.60916064453125 0.052059375 0.61378779296875 0.06910693359375 0.6123265625 0.07178583984375 0.585050390625 0.0790919921875 0.57652666015625 0.067645703125
0 0.467626953125 0.09643076171875 0.46855947265625 0.08057880859375 0.49043408203125 0.07606953125 0.490821484375 0.077195703125 0.51624111328125 0.07186396484375 0.51673681640625 0.07470859375 0.52730478515625 0.07218662109375 0.532899609375 0.074983984375 0.535075390625 0.093944140625 0.51704765625 0.098295703125 0.51798017578125 0.10420126953125 0.49995244140625 0.1082419921875 0.4980875 0.102336328125 0.471978515625 0.106687890625 0.467626953125 0.09643076171875
0 0.45444755859375 0.08577607421875 0.461126171875 0.08424951171875 0.46398837890625 0.08673017578125 0.46914052734375 0.1084833984375 0.460362890625 0.1103916015625 0.45444755859375 0.08577607421875
0 0.390951171875 0.1475330078125 0.37292939453125 0.15240380859375 0.369306640625 0.142021484375 0.38792294921875 0.13701904296875 0.390951171875 0.1475330078125
0 0.3826708984375 0.11660380859375 0.398987890625 0.11148955078125 0.4045892578125 0.1324337890625 0.38792294921875 0.13701904296875 0.369306640625 0.142021484375 0.345409765625 0.14875078125 0.3371294921875 0.13852216796875 0.340051953125 0.12512763671875 0.35661240234375 0.12001337890625 0.35734306640625 0.113437890625 0.37950498046875 0.10661884765625 0.3826708984375 0.11660380859375
0 0.238541796875 0.1583162109375 0.24027919921875 0.14202392578125 0.25592626953125 0.13877998046875 0.25668955078125 0.14126064453125 0.2633681640625 0.13916162109375 0.26623046875 0.14087900390625 0.27176416015625 0.16244140625 0.2631447265625 0.1644876953125 0.264098828125 0.169047265625 0.246247265625 0.173147265625 0.238541796875 0.1583162109375
0 0.2496572265625 0.193905859375 0.2518330078125 0.1842703125 0.27421220703125 0.1774322265625 0.278563671875 0.19452744140625 0.25431962890625 0.20105478515625 0.2496572265625 0.193905859375
0 0.18687119140625 0.1606478515625 0.194641796875 0.15909375 0.19681748046875 0.16935087890625 0.200771484375 0.168525390625 0.20224990234375 0.17807509765625 0.1991427734375 0.17899814453125 0.1996267578125 0.1828775390625 0.171330078125 0.18893271484375 0.167289453125 0.166553515625 0.17164091796875 0.16562099609375 0.17070849609375 0.1606478515625 0.18593876953125 0.15722880859375 0.18687119140625 0.1606478515625
0 0.22261572265625 0.178986328125 0.20318349609375 0.1828775390625 0.20224990234375 0.17807509765625 0.200771484375 0.168525390625 0.2191966796875 0.16468857421875 0.22261572265625 0.178986328125
0 0.07305771484375 0.20821923828125 0.09209912109375 0.201475390625 0.0992396484375 0.1951283203125 0.10915712890625 0.19830185546875 0.12383486328125 0.19473154296875 0.13018203125 0.18917783203125 0.1393060546875 0.19036787109375 0.1492234375 0.18679765625 0.153587109375 0.18917783203125 0.158744140625 0.2098060546875 0.14604990234375 0.213773046875 0.14723994140625 0.21694658203125 0.13375224609375 0.22091357421875 0.1349423828125 0.22567392578125 0.09487607421875 0.23598798828125 0.092892578125 0.22726064453125 0.0794048828125 0.23083095703125 0.07305771484375 0.20821923828125
0 0.140197265625 0.25654267578125 0.15729248046875 0.25281279296875 0.16008984375 0.2655564453125 0.14299462890625 0.26897548828125 0.140197265625 0.25654267578125
0 0.01222802734375 0.32296650390625 -0.0 0.3251068359375 -0.0 0.3161328125 0.011708984375 0.313662109375 0.01222802734375 0.32296650390625
0 0.0106857421875 0.30621591796875 0.011708984375 0.313662109375 -0.0 0.3161328125 -0.0 0.30392607421875 0.00572451171875 0.30297197265625 0.0106857421875 0.30621591796875
0 0.03919716796875 0.41804033203125 0.04434931640625 0.4069728515625 0.048165625 0.4058279296875 0.03996044921875 0.3794951171875 0.0496921875 0.37510625 0.0611412109375 0.37377060546875 0.07010966796875 0.40334736328125 0.07373525390625 0.4073544921875 0.07316279296875 0.41193408203125 0.0758341796875 0.4189943359375 0.04415849609375 0.42739033203125 0.03919716796875 0.41804033203125
0 0.02500068359375 0.40410458984375 0.03706669921875 0.40035595703125 0.0394095703125 0.40164453125 0.04140107421875 0.40972763671875 0.0274607421875 0.413827734375 0.02500068359375 0.40410458984375
0 -0.0 0.429391796875 0.0186888671875 0.424158984375 0.023024609375 0.42520556640625 0.02885556640625 0.44464189453125 -0.0 0.45510771484375 -0.0 0.429391796875
4 0.225629296875 0.3352685546875 0.21336943359375 0.337959765625 0.212236328125 0.3326171875 0.22471064453125 0.33002763671875 0.225629296875 0.3352685546875
4 0.2329552734375 0.3165796875 0.2353474609375 0.32764345703125 0.22471064453125 0.33002763671875 0.212236328125 0.3326171875 0.20918310546875 0.31822431640625 0.22861953125 0.31373896484375 0.2329552734375 0.3165796875
0 0.23449619140625 0.3523037109375 0.25166982421875 0.34791484375 0.25281474609375 0.35268525390625 0.254150390625 0.35325771484375 0.2739955078125 0.34791484375 0.27609443359375 0.34944140625 0.28067412109375 0.366805859375 0.26617197265625 0.37062216796875 0.26197392578125 0.37157626953125 0.26330966796875 0.3765375 0.26159228515625 0.3790181640625 0.2427013671875 0.38397939453125 0.23449619140625 0.3523037109375
0 0.28367294921875 0.3503884765625 0.28562119140625 0.3365068359375 0.305834765625 0.3306619140625 0.30242529296875 0.3175109375 0.29658037109375 0.31117890625 0.29828515625 0.3033857421875 0.3194728515625 0.29875849609375 0.3231259765625 0.31507548828125 0.31922939453125 0.31653671875 0.3223953125 0.33090546875 0.31874228515625 0.33236669921875 0.320203515625 0.3386986328125 0.32945791015625 0.3355326171875 0.3331109375 0.35111904296875 0.29292734375 0.36256533203125 0.28367294921875 0.3503884765625
0 0.37844248046875 0.309528515625 0.380029296875 0.2968341796875 0.40065751953125 0.2916771484375 0.404227734375 0.295644140625 0.4038310546875 0.30357802734375 0.42406259765625 0.29802431640625 0.42485595703125 0.2837431640625 0.44954150390625 0.27876689453125 0.455888671875 0.30498408203125 0.44826103515625 0.3067515625 0.4462775390625 0.3238095703125 0.39669052734375 0.333726953125 0.390343359375 0.32142939453125 0.38320283203125 0.32142939453125 0.37844248046875 0.309528515625
0 0.49213203125 0.2191455078125 0.48755234375 0.213230078125 0.48755234375 0.2029259765625 0.5031994140625 0.198537109375 0.5058708984375 0.200063671875 0.50968720703125 0.2138025390625 0.49213203125 0.2191455078125
0 0.5189759765625 0.2518912109375 0.50631201171875 0.25627490234375 0.5041796875 0.248447265625 0.517138671875 0.24478515625 0.5189759765625 0.2518912109375
0 0.5111828125 0.22120556640625 0.51386171875 0.22948583984375 0.5238466796875 0.22607626953125 0.52798681640625 0.24093203125 0.517138671875 0.24478515625 0.5041796875 0.248447265625 0.49145625 0.252134765625 0.488290234375 0.23727900390625 0.49949296875 0.23435654296875 0.497301171875 0.225345703125 0.50335419921875 0.2198962890625 0.5111828125 0.22120556640625
0 0.6391056640625 0.21419931640625 0.63740087890625 0.20324013671875 0.642028125 0.19958701171875 0.65931923828125 0.19812578125 0.66272880859375 0.20177890625 0.66613828125 0.228080859375 0.64348935546875 0.231733984375 0.64275869140625 0.22661962890625 0.63884521484375 0.2269017578125 0.63813154296875 0.21882646484375 0.64002431640625 0.21852744140625 0.6391056640625 0.21419931640625
0 0.80646123046875 9.27734375e-06 0.81011044921875 0.00878505859375 0.8062138671875 0.010976953125 0.8147376953125 0.0275375 0.8196083984375 0.02510205078125 0.82618388671875 0.03727890625 0.8164423828125 0.04239326171875 0.82910634765625 0.065529296875 0.8281322265625 0.069912890625 0.8062138671875 0.08257685546875 0.79160166015625 0.05700546875 0.7845390625 0.06065849609375 0.78064248046875 0.05213466796875 0.76895263671875 0.05822314453125 0.75580166015625 0.03313876953125 0.7575064453125 0.02851162109375 0.76359482421875 0.02558916015625 0.75896767578125 0.01584765625 0.788661328125 9.5703125e-06 0.80646123046875 9.27734375e-06
0 0.748366015625 0.1430447265625 0.76127353515625 0.13817392578125 0.77466806640625 0.13573857421875 0.7790517578125 0.13890458984375 0.79585576171875 0.20368544921875 0.7649265625 0.21196572265625 0.748366015625 0.1430447265625
4 0.78164990234375 0.123945703125 0.78871015625 0.123182421875 0.7908091796875 0.12528134765625 0.7908091796875 0.13215078125 0.78260400390625 0.1331048828125 0.78164990234375 0.123945703125
0 0.81122666015625 0.12680791015625 0.8295451171875 0.11974765625 0.85091669921875 0.11497724609375 0.85435146484375 0.11707626953125 0.87209755859375 0.18004609375 0.87076181640625 0.1832900390625 0.82820947265625 0.194357421875 0.81122666015625 0.12680791015625
0 0.888071484375 0.108055078125 0.8941599609375 0.10391494140625 0.90609326171875 0.1024537109375 0.90901572265625 0.10464560546875 0.9160783203125 0.12729453125 0.9219232421875 0.12607685546875 0.923871484375 0.1275380859375 0.92801162109375 0.146046875 0.90146611328125 0.15359658203125 0.888071484375 0.108055078125
0 0.9233642578125 0.189477734375 0.93290517578125 0.22687802734375 0.93099697265625 0.22935869140625 0.8994794921875 0.23687060546875 0.890734375 0.19806455078125 0.90717158203125 0.1930712890625 0.906953125 0.19095703125 0.920501953125 0.18756962890625 0.9233642578125 0.189477734375
0 0.9067630859375 0.191004296875 0.906953125 0.19095703125 0.90717158203125 0.1930712890625 0.890734375 0.19806455078125 0.8888576171875 0.1914359375 0.89947265625 0.1889453125 0.89951201171875 0.18909609375 0.9059998046875 0.18756962890625 0.9067630859375 0.191004296875
0 0.89947265625 0.1889453125 0.8888576171875 0.1914359375 0.8874203125 0.18496845703125 0.8977193359375 0.18258828125 0.89947265625 0.1889453125
0 0.95566708984375 0.2835880859375 0.9651650390625 0.270437109375 0.9785595703125 0.28017861328125 0.979290234375 0.28334453125 0.97076640625 0.2943037109375 0.95566708984375 0.2835880859375
0 0.90281953125 0.32986015625 0.905985546875 0.3269376953125 0.8994099609375 0.29820029296875 0.9271732421875 0.29089423828125 0.9305828125 0.29284248046875 0.93983720703125 0.3296166015625 0.905011328125 0.3386275390625 0.90281953125 0.32986015625
0 0.90217353515625 0.34581748046875 0.91045380859375 0.33802421875 0.9221435546875 0.3389984375 0.9360251953125 0.33437119140625 0.94089599609375 0.33680654296875 0.946984375 0.35604599609375 0.9365123046875 0.359942578125 0.93821708984375 0.37017119140625 0.94868916015625 0.36749228515625 0.9506375 0.368953515625 0.955508203125 0.390871875 0.91556806640625 0.40012626953125 0.90217353515625 0.34581748046875
0 0.91540869140625 0.4052169921875 0.95388818359375 0.395299609375 0.95864853515625 0.41473779296875 0.99842470703125 0.40367177734375 0.99842470703125 0.431387109375 0.926912890625 0.44885361328125 0.91540869140625 0.4052169921875
0 0.83711279296875 0.352502734375 0.8420466796875 0.3551939453125 0.845732421875 0.371201171875 0.84163515625 0.3727533203125 0.844521484375 0.385087890625 0.83501962890625 0.38793681640625 0.833375 0.38195634765625 0.833125 0.38203125 0.8315548828125 0.37576806640625 0.82417294921875 0.37777001953125 0.82575263671875 0.38421015625 0.825927734375 0.384169921875 0.82380634765625 0.3847970703125 0.8148357421875 0.349662109375 0.820367578125 0.3481669921875 0.81932099609375 0.34502724609375 0.8336740234375 0.34054189453125 0.83711279296875 0.352502734375
0 0.833125 0.38203125 0.82575263671875 0.38421015625 0.82417294921875 0.37777001953125 0.8315548828125 0.37576806640625 0.833125 0.38203125
0 0.855951171875 0.38165732421875 0.844521484375 0.385087890625 0.84163515625 0.3727533203125 0.845732421875 0.371201171875 0.8526619140625 0.36984599609375 0.855951171875 0.38165732421875
0 0.7441115234375 0.40782685546875 0.75219287109375 0.40565107421875 0.75312529296875 0.40223203125 0.7714638671875 0.3966373046875 0.77270712890625 0.40036708984375 0.7807884765625 0.39788056640625 0.786694140625 0.42088134765625 0.77208544921875 0.4249220703125 0.7745720703125 0.43611162109375 0.76369326171875 0.4395306640625 0.76027421875 0.428651953125 0.74908466796875 0.43144931640625 0.74380068359375 0.41932724609375 0.7441115234375 0.40782685546875
0 0.9661138671875 0.48717275390625 0.97804716796875 0.48473740234375 0.98096962890625 0.489608203125 0.979751953125 0.49545302734375 0.96854921875 0.4978884765625 0.9661138671875 0.48717275390625
4 0.9695578125 0.56437412109375 0.99842470703125 0.55652236328125 0.99842470703125 0.5804205078125 0.9724802734375 0.58799716796875 0.9695578125 0.56437412109375
0 0.966965234375 0.6648220703125 0.975357421875 0.65922734375 0.98561455078125 0.6570515625 0.99152021484375 0.65829482421875 0.9984248046875 0.68891787109375 0.9984248046875 0.69888662109375 0.99835830078125 0.6990125 0.97660078125 0.704296484375 0.966965234375 0.6648220703125
0 0.89516533203125 0.69155283203125 0.897651953125 0.68098486328125 0.95826220703125 0.66420048828125 0.96105966796875 0.6669978515625 0.96478955078125 0.68564716796875 0.90107099609375 0.702120703125 0.89516533203125 0.69155283203125
0 0.9984248046875 0.74106318359375 0.9816615234375 0.745325 0.9748234375 0.7300947265625 0.97606669921875 0.71921591796875 0.9984248046875 0.7128279296875 0.9984248046875 0.74106318359375
0 0.838994140625 0.69310693359375 0.8762927734375 0.6828498046875 0.87971181640625 0.68471474609375 0.883130859375 0.70553974609375 0.8417916015625 0.715796875 0.838994140625 0.69310693359375
0 0.89307724609375 0.759001171875 0.89680703125 0.7415951171875 0.9499576171875 0.7332029296875 0.95244423828125 0.736000390625 0.9552416015625 0.7658392578125 0.8996044921875 0.7732990234375 0.89307724609375 0.759001171875
0 0.80884443359375 0.77392060546875 0.81288515625 0.75713623046875 0.88033349609375 0.7459466796875 0.87971181640625 0.76304189453125 0.8859283203125 0.77765048828125 0.8153716796875 0.78946171875 0.80884443359375 0.77392060546875
0 0.80611064453125 0.71948046875 0.80673232421875 0.74558955078125 0.77689345703125 0.74652197265625 0.7775150390625 0.76703623046875 0.78093408203125 0.76703623046875 0.781244921875 0.78599638671875 0.75513583984375 0.78692890625 0.75264931640625 0.7210345703125 0.80611064453125 0.71948046875
0 0.86656962890625 0.82974794921875 0.86981357421875 0.83203779296875 0.8763013671875 0.824405078125 0.89118515625 0.8354724609375 0.89919951171875 0.82478662109375 0.91160263671875 0.8349 0.91503740234375 0.83089287109375 0.9184720703125 0.8335642578125 0.918662890625 0.8362357421875 0.89805458984375 0.862377734375 0.89461982421875 0.85951552734375 0.88011767578125 0.878215625 0.86924111328125 0.86943798828125 0.87076767578125 0.8671482421875 0.8640890625 0.8618052734375 0.8625625 0.863904296875 0.8484419921875 0.85264609375 0.86656962890625 0.82974794921875
0 0.89229609375 0.93209248046875 0.89633681640625 0.92152451171875 0.91591865234375 0.91997041015625 0.91622939453125 0.92307861328125 0.9330138671875 0.92214619140625 0.935500390625 0.92587607421875 0.935500390625 0.93520068359375 0.9392302734375 0.93520068359375 0.93954111328125 0.9606880859375 0.93798701171875 0.9628638671875 0.90352744140625 0.964308984375 0.90224248046875 0.9454578125 0.89633681640625 0.94483623046875 0.89229609375 0.93209248046875
0 0.93129814453125 0.900353515625 0.93378466796875 0.8947587890625 0.94610859375 0.89289384765625 0.9468392578125 0.90377255859375 0.93533876953125 0.90594833984375 0.93129814453125 0.900353515625
0 0.9638419921875 0.97971416015625 0.9661318359375 0.97494365234375 0.9754818359375 0.97437119140625 0.976054296875 0.9837212890625 0.9668951171875 0.983148828125 0.9638419921875 0.97971416015625
0 0.90476025390625 0.99900751953125 0.9050701171875 0.9951341796875 0.91384775390625 0.994943359375 0.91403857421875 0.990363671875 0.9317845703125 0.9907453125 0.93159375 0.996469921875 0.93846318359375 0.996469921875 0.93846318359375 0.99900673828125 0.90476025390625 0.99900751953125
0 0.7023302734375 0.918667578125 0.6979466796875 0.90356826171875 0.70159970703125 0.89333974609375 0.73618203125 0.89066083984375 0.73910439453125 0.89480087890625 0.74032216796875 0.9125791015625 0.73764326171875 0.91404033203125 0.7225439453125 0.91477099609375 0.7225439453125 0.91586875 0.74264521484375 0.91495087890625 0.745215234375 0.9171537109375 0.74613310546875 0.94423076171875 0.712103515625 0.94521259765625 0.7122943359375 0.9373890625 0.70542490234375 0.9371982421875 0.70542490234375 0.9205970703125 0.7023302734375 0.918667578125
0 0.71284541015625 0.99901044921875 0.71337802734375 0.99095458984375 0.7241427734375 0.991403125 0.72503984375 0.98004033203125 0.75987587890625 0.98153544921875 0.7627166015625 0.98512373046875 0.76201875 0.99900986328125 0.71284541015625 0.99901044921875
0 0.55118779296875 0.867948046875 0.55605859375 0.86307724609375 0.56799189453125 0.86307724609375 0.57286259765625 0.8681916015625 0.569940234375 0.87744599609375 0.57028369140625 0.89361044921875 0.57271904296875 0.89702001953125 0.57286259765625 0.91300244140625 0.5533796875 0.91251533203125 0.55323603515625 0.89653291015625 0.55567138671875 0.89312333984375 0.555571484375 0.8789072265625 0.55118779296875 0.867948046875
0 0.3297197265625 0.89891435546875 0.3297197265625 0.8659671875 0.34681494140625 0.86565634765625 0.3517880859375 0.86876455078125 0.3517880859375 0.89891435546875 0.3297197265625 0.89891435546875
0 0.2723181640625 0.91017470703125 0.274978515625 0.90027587890625 0.275562109375 0.89888193359375 0.29128720703125 0.89861298828125 0.29426220703125 0.9017787109375 0.29426220703125 0.9181890625 0.27518046875 0.9191431640625 0.2723181640625 0.91017470703125
0 0.2116380859375 0.90750322265625 0.20763095703125 0.89510009765625 0.2124013671875 0.8851775390625 0.23701689453125 0.88479599609375 0.2398791015625 0.8859408203125 0.2398791015625 0.89185625 0.25011142578125 0.8918533203125 0.25018330078125 0.890711328125 0.26563955078125 0.8909021484375 0.26601904296875 0.90038857421875 0.26659365234375 0.91074716796875 0.25323642578125 0.91112880859375 0.25323642578125 0.91456357421875 0.23377294921875 0.9153267578125 0.23186474609375 0.90883896484375 0.2116380859375 0.90750322265625
0 0.26601904296875 0.90038857421875 0.274978515625 0.90027587890625 0.2723181640625 0.91017470703125 0.26659365234375 0.91074716796875 0.26601904296875 0.90038857421875
0 0.03414814453125 0.9196416015625 0.03338486328125 0.900178125 0.0698310546875 0.8986515625 0.0709759765625 0.9177333984375 0.03414814453125 0.9196416015625
0 -0.0 0.77117119140625 0.03943759765625 0.759725 0.04576953125 0.78042568359375 0.0433341796875 0.7845658203125 -0.0 0.7972296875 -0.0 0.77117119140625
0 0.043090625 0.80891953125 0.0530755859375 0.80429228515625 0.06817490234375 0.80234404296875 0.0732892578125 0.8269412109375 0.0477177734375 0.8327861328125 0.043090625 0.80891953125
0 0.20471806640625 0.73216796875 0.20471806640625 0.740916015625 0.2042666015625 0.7509009765625 0.22764619140625 0.751631640625 0.2266720703125 0.77476767578125 0.21376455078125 0.77476767578125 0.21376455078125 0.7781771484375 0.1908720703125 0.778420703125 0.1908720703125 0.77476767578125 0.1769904296875 0.77428056640625 0.177233984375 0.753336328125 0.1823482421875 0.7535798828125 0.1828353515625 0.7316615234375 0.20471806640625 0.73216796875
0 0.21425166015625 0.7323921875 0.21400810546875 0.740916015625 0.20471806640625 0.740916015625 0.20471806640625 0.73216796875 0.21425166015625 0.7323921875
0 0.2723021484375 0.729389453125 0.29979541015625 0.7288044921875 0.30213525390625 0.73202177734375 0.30272021484375 0.75951494140625 0.321146484375 0.75951494140625 0.321146484375 0.78408330078125 0.28634130859375 0.78466826171875 0.28575634765625 0.7586375 0.2816615234375 0.75834501953125 0.28136904296875 0.74547587890625 0.27259462890625 0.745768359375 0.2723021484375 0.729389453125
0 0.36307626953125 0.75443603515625 0.41311865234375 0.75381435546875 0.41405107421875 0.7793017578125 0.36307626953125 0.78116669921875 0.36307626953125 0.75443603515625
0 0.55499013671875 0.62224765625 0.58793720703125 0.6154095703125 0.59228876953125 0.63716708984375 0.59011298828125 0.6374779296875 0.592599609375 0.64555927734375 0.592599609375 0.65301904296875 0.6078298828125 0.65674892578125 0.60845146484375 0.66016796875 0.60192421875 0.6816146484375 0.59974853515625 0.68347958984375 0.59353203125 0.682236328125 0.588248046875 0.70088564453125 0.584207421875 0.70212890625 0.560895703125 0.69622333984375 0.57053125 0.665451953125 0.56586884765625 0.6436943359375 0.5593416015625 0.6452484375 0.55499013671875 0.62224765625
0 0.48244970703125 0.53634345703125 0.4800142578125 0.52514072265625 0.50339384765625 0.51978291015625 0.50875166015625 0.539996484375 0.51386591796875 0.53853525390625 0.5158142578125 0.54048359375 0.51873671875 0.5514427734375 0.51337890625 0.55266044921875 0.51508369140625 0.5611841796875 0.49194765625 0.56629853515625 0.49048642578125 0.55826181640625 0.48147548828125 0.56045361328125 0.47636123046875 0.53804814453125 0.48244970703125 0.53634345703125
0 0.42359921875 0.48501396484375 0.42854873046875 0.48331083984375 0.42595751953125 0.47274306640625 0.43713857421875 0.4701966796875 0.43835625 0.46678720703125 0.45369912109375 0.46337763671875 0.45686513671875 0.47628515625 0.4529685546875 0.4787205078125 0.4519943359375 0.4896796875 0.4610052734375 0.48700078125 0.4658759765625 0.5011259765625 0.43445966796875 0.50940625 0.43153720703125 0.503561328125 0.43226787109375 0.49625517578125 0.4407916015625 0.49357626953125 0.44036005859375 0.49198251953125 0.4257080078125 0.4954212890625 0.42226923828125 0.4900388671875 0.42359921875 0.48501396484375
0 0.34516259765625 0.52200126953125 0.3335126953125 0.524822265625 0.331904296875 0.51759765625 0.34470234375 0.51518681640625 0.34516259765625 0.52200126953125
0 0.35527021484375 0.48596953125 0.35962177734375 0.51145693359375 0.34470234375 0.51518681640625 0.33189443359375 0.51753984375 0.331904296875 0.51759765625 0.32605302734375 0.51891669921875 0.31921494140625 0.50834873046875 0.32170146484375 0.49467255859375 0.337242578125 0.491253515625 0.3366208984375 0.485037109375 0.35216201171875 0.4813072265625 0.35527021484375 0.48596953125
0 0.26593828125 0.50642548828125 0.28858720703125 0.500337109375 0.29638046875 0.52761328125 0.273487890625 0.53467587890625 0.263746484375 0.52128134765625 0.26593828125 0.50642548828125
0 0.2196662109375 0.53491943359375 0.22088388671875 0.52371669921875 0.2447505859375 0.51543642578125 0.24840361328125 0.51860244140625 0.25887568359375 0.552210546875 0.23963623046875 0.5578119140625 0.23500908203125 0.54368671875 0.22697236328125 0.545878515625 0.2196662109375 0.53491943359375
0 0.1708630859375 0.54210234375 0.17754169921875 0.540194140625 0.17696923828125 0.537904296875 0.183838671875 0.53599619140625 0.18345712890625 0.53408798828125 0.19280712890625 0.53122568359375 0.19357041015625 0.53370634765625 0.1998673828125 0.53179814453125 0.20425625 0.53370634765625 0.20741748046875 0.54741962890625 0.18021318359375 0.55603203125 0.17868662109375 0.55126162109375 0.173628515625 0.552453515625 0.1708630859375 0.54210234375
0 0.18526455078125 0.58024521484375 0.188683203125 0.579412890625 0.191244921875 0.59115947265625 0.1891517578125 0.59385068359375 0.17046298828125 0.59773798828125 0.16673828125 0.581845703125 0.184482421875 0.57689453125 0.18526455078125 0.58024521484375
0 0.1782662109375 0.5588521484375 0.18074736328125 0.57188291015625 0.183134765625 0.571162109375 0.184482421875 0.57689453125 0.16673828125 0.581845703125 0.160445703125 0.5549779296875 0.173628515625 0.552453515625 0.176443359375 0.55183818359375 0.1782662109375 0.5588521484375
0 0.19021787109375 0.56940908203125 0.183134765625 0.571162109375 0.18074736328125 0.57188291015625 0.1782662109375 0.5588521484375 0.18752451171875 0.556882421875 0.19021787109375 0.56940908203125
0 -0.0 0.58601669921875 0.0204646484375 0.5801111328125 0.0416005859375 0.6525326171875 0.0058560546875 0.66216806640625 0.00709931640625 0.66683046875 -0.0 0.66900615234375 -0.0 0.58601669921875
0 0.16923017578125 0.6139236328125 0.21550224609375 0.6141671875 0.21525869140625 0.63462431640625 0.20113349609375 0.63462431640625 0.20148798828125 0.641443359375 0.1948015625 0.641443359375 0.1950451171875 0.65288955078125 0.191635546875 0.656542578125 0.16947373046875 0.656542578125 0.16923017578125 0.6139236328125
0 0.3108001953125 0.58727509765625 0.31862373046875 0.58536689453125 0.31633388671875 0.5762076171875 0.33560654296875 0.57124638671875 0.3417126953125 0.59624345703125 0.3266380859375 0.59986904296875 0.3271904296875 0.60235185546875 0.31461650390625 0.604639453125 0.3108001953125 0.58727509765625
0 0.3406044921875 0.6578048828125 0.33718544921875 0.6431962890625 0.35987548828125 0.63822314453125 0.3654703125 0.6590482421875 0.36826767578125 0.6584265625 0.3701326171875 0.66681875 0.3679568359375 0.66775126953125 0.37355166015625 0.68764384765625 0.35055078125 0.69417109375 0.347442578125 0.6820490234375 0.3437126953125 0.6795625 0.33159072265625 0.6820490234375 0.32350927734375 0.6705486328125 0.32537421875 0.661534765625 0.3406044921875 0.6578048828125
0 0.08376953125 0.7313123046875 0.08352607421875 0.7232755859375 0.0876662109375 0.71329052734375 0.0871791015625 0.7013572265625 0.10422666015625 0.70087021484375 0.10471376953125 0.731555859375 0.08376953125 0.7313123046875
