2 0.2318384765625 0.37564365234375 0.224463671875 0.40432294921875 0.20105859375 0.397182421875 0.2101826171875 0.36743017578125 0.2318384765625 0.37564365234375
2 0.2102259765625 0.3630904296875 0.20015146484375 0.387456640625 0.18211103515625 0.37761640625 0.19394267578125 0.35629599609375 0.2102259765625 0.3630904296875
2 0.19891650390625 0.32386943359375 0.2148873046875 0.333415234375 0.20543330078125 0.350946484375 0.18891171875 0.3385552734375 0.19891650390625 0.32386943359375
2 0.17568740234375 0.26121328125 0.18997919921875 0.2682419921875 0.17791318359375 0.2923740234375 0.163504296875 0.28487666015625 0.17568740234375 0.26121328125
2 0.334894140625 0.07177666015625 0.34609677734375 0.07713447265625 0.3207689453125 0.12365009765625 0.3095662109375 0.11804873046875 0.334894140625 0.07177666015625
2 0.71485625 0.22650986328125 0.7007357421875 0.2192587890625 0.702834765625 0.21105361328125 0.68776015625 0.206283203125 0.69558369140625 0.18376669921875 0.70646025390625 0.162204296875 0.71848173828125 0.16678388671875 0.72229814453125 0.1578154296875 0.741570703125 0.16582978515625 0.73718193359375 0.1763248046875 0.71485625 0.22650986328125
2 0.697526953125 0.28311640625 0.757437109375 0.312097265625 0.754878125 0.3179421875 0.76121005859375 0.32199052734375 0.75335322265625 0.33793671875 0.746721484375 0.33523330078125 0.7433119140625 0.34205234375 0.6834017578125 0.31648095703125 0.6843759765625 0.3101490234375 0.697526953125 0.28311640625
2 0.51871337890625 0.559690234375 0.539644921875 0.57224912109375 0.54128955078125 0.5782294921875 0.5127330078125 0.6220361328125 0.5067525390625 0.61934501953125 0.5061544921875 0.61605576171875 0.49778193359375 0.610523828125 0.496436328125 0.6114208984375 0.49060537109375 0.6084306640625 0.49000732421875 0.603496875 0.51871337890625 0.559690234375
2 0.4348345703125 0.64778876953125 0.4609765625 0.6666796875 0.45029072265625 0.68442578125 0.42414873046875 0.6657255859375 0.428155859375 0.6548490234375 0.4348345703125 0.64778876953125
2 0.44015595703125 0.68683203125 0.4526388671875 0.6953681640625 0.444469921875 0.70665791015625 0.4321705078125 0.69821357421875 0.44015595703125 0.68683203125
2 0.44620419921875 0.653296875 0.45005927734375 0.64852392578125 0.4577693359375 0.65366396484375 0.4540978515625 0.65944658203125 0.44620419921875 0.653296875
2 0.4608021484375 0.5840755859375 0.47425810546875 0.56643330078125 0.4869666015625 0.57525439453125 0.47246396484375 0.59394326171875 0.4608021484375 0.5840755859375
2 0.51772138671875 0.52379560546875 0.5237017578125 0.5263373046875 0.5172728515625 0.539045703125 0.5127875 0.5375505859375 0.51114287109375 0.53366337890625 0.51772138671875 0.52379560546875
3 0.2181275390625 0.27600859375 0.22724765625 0.28094248046875 0.22171572265625 0.29335185546875 0.21259560546875 0.28841796875 0.2181275390625 0.27600859375
2 0.16346806640625 0.3491330078125 0.170046484375 0.353618359375 0.1618234375 0.36662578125 0.15584296875 0.36199091796875 0.16346806640625 0.3491330078125
3 0.21311943359375 0.28094248046875 0.20660263671875 0.2942515625 0.198708984375 0.29048828125 0.205684765625 0.27763818359375 0.21311943359375 0.28094248046875
