0 0.48344453125 0.90856787109375 0.49649912109375 0.85821474609375 0.51421591796875 0.86287705078125 0.50077978515625 0.913971875 0.48344453125 0.90856787109375
0 0.3152169921875 0.92719833984375 0.315789453125 0.9178482421875 0.3308640625 0.91806923828125 0.3304087890625 0.92709443359375 0.3152169921875 0.92719833984375
0 0.216091015625 0.88451533203125 0.23498193359375 0.8780275390625 0.2414697265625 0.89481943359375 0.2479576171875 0.8923388671875 0.25272802734375 0.9049328125 0.2460494140625 0.9074134765625 0.25120146484375 0.9205798828125 0.2317380859375 0.92706767578125 0.216091015625 0.88451533203125
0 0.4485642578125 0.80261396484375 0.45925712890625 0.80225439453125 0.459107421875 0.79277373046875 0.468183203125 0.7927796875 0.4683619140625 0.80214541015625 0.47293056640625 0.80214541015625 0.47316484375 0.81526572265625 0.4695333984375 0.81538291015625 0.469884765625 0.83541474609375 0.44903291015625 0.83553193359375 0.4485642578125 0.80261396484375
0 0.4145525390625 0.797075390625 0.44080869140625 0.79708583984375 0.44041796875 0.83669580078125 0.42157958984375 0.83669580078125 0.42157958984375 0.81770791015625 0.41440302734375 0.8175583984375 0.4145525390625 0.797075390625
0 0.616233984375 0.437308203125 0.6539939453125 0.4493353515625 0.65032236328125 0.46137939453125 0.641052734375 0.4583892578125 0.63761396484375 0.46855595703125 0.64538857421875 0.47094814453125 0.63761396484375 0.49427177734375 0.6105525390625 0.485301171875 0.621466796875 0.45196025390625 0.6123466796875 0.44897001953125 0.616233984375 0.437308203125
0 0.569863671875 0.49491357421875 0.57724384765625 0.496801171875 0.57513076171875 0.50477158203125 0.5677505859375 0.502780078125 0.569863671875 0.49491357421875
0 0.57282822265625 0.479391796875 0.58173154296875 0.4815029296875 0.57962041015625 0.4917830078125 0.57062529296875 0.489763671875 0.57282822265625 0.479391796875
0 0.42066044921875 0.5088615234375 0.42123291015625 0.48787158203125 0.45367197265625 0.48825322265625 0.45348115234375 0.5092431640625 0.42066044921875 0.5088615234375
0 0.42607060546875 0.43321884765625 0.43045654296875 0.434067578125 0.43175693359375 0.42952001953125 0.43669814453125 0.4215751953125 0.44864697265625 0.42520673828125 0.4497837890625 0.42176826171875 0.456612890625 0.42298095703125 0.46457880859375 0.42661240234375 0.46313837890625 0.43047822265625 0.47371611328125 0.434226953125 0.4707875 0.4476986328125 0.46810693359375 0.4473818359375 0.46727314453125 0.45074443359375 0.4690302734375 0.45152978515625 0.46774169921875 0.460233203125 0.46493017578125 0.46058466796875 0.46454853515625 0.46211123046875 0.4214578125 0.44703662109375 0.42607060546875 0.43321884765625
0 0.6854494140625 0.26742734375 0.70473623046875 0.2734078125 0.7026431640625 0.2795376953125 0.7057828125 0.2807337890625 0.695167578125 0.31183203125 0.67289052734375 0.30420703125 0.6854494140625 0.26742734375
0 0.45909541015625 0.269364453125 0.47836796875 0.27604306640625 0.4665373046875 0.3124892578125 0.44707392578125 0.30600146484375 0.45909541015625 0.269364453125
0 0.47210703125 0.16377001953125 0.48791201171875 0.16665107421875 0.48449697265625 0.1846130859375 0.46860458984375 0.18096376953125 0.47210703125 0.16377001953125
0 0.7939720703125 8.88671875e-06 0.79116279296875 0.01137734375 0.77101376953125 0.00505146484375 0.77218310546875 9.1796875e-06 0.7939720703125 8.88671875e-06
0 0.57106591796875 0.30043408203125 0.59021083984375 0.3057677734375 0.58130205078125 0.33927724609375 0.5627064453125 0.3336986328125 0.57106591796875 0.30043408203125
0 0.647041796875 0.38635556640625 0.6244890625 0.3811767578125 0.63551484375 0.3430876953125 0.64537119140625 0.34425712890625 0.659069921875 0.34843359375 0.647041796875 0.38635556640625
0 0.49877578125 0.19315390625 0.51765322265625 0.1983326171875 0.50746279296875 0.23007353515625 0.4897546875 0.22456064453125 0.49877578125 0.19315390625
0 0.52219794921875 0.4670328125 0.50732978515625 0.46185400390625 0.50816513671875 0.4541693359375 0.51217451171875 0.4436447265625 0.52714833984375 0.44887646484375 0.52817392578125 0.44610732421875 0.53525048828125 0.44856875 0.53463515625 0.45092763671875 0.5489021484375 0.45637001953125 0.54134404296875 0.47829267578125 0.52040107421875 0.4727951171875 0.52219794921875 0.4670328125
0 0.49153330078125 0.48820712890625 0.523301953125 0.49183173828125 0.521573828125 0.513593359375 0.48918798828125 0.5093150390625 0.49153330078125 0.48820712890625
0 0.75440478515625 0.04417119140625 0.77529951171875 0.05142041015625 0.76911640625 0.06719814453125 0.7708220703125 0.06783779296875 0.7671974609375 0.07849833984375 0.76463896484375 0.078071875 0.7612275390625 0.0908646484375 0.74011953125 0.08446826171875 0.75440478515625 0.04417119140625
0 0.73109619140625 0.11889873046875 0.753670703125 0.1261919921875 0.73873681640625 0.16439501953125 0.7158150390625 0.15640703125 0.73109619140625 0.11889873046875
0 0.41379423828125 0.7753560546875 0.41279189453125 0.759652734375 0.43851865234375 0.759652734375 0.43818447265625 0.77552314453125 0.41379423828125 0.7753560546875
