0 0.8660431640625 0.83986640625 0.87467490234375 0.8400669921875 0.87485849609375 0.83593662109375 0.89193076171875 0.8365791015625 0.891747265625 0.84107666015625 0.89842587890625 0.84126748046875 0.89747177734375 0.86931767578125 0.86484189453125 0.86817275390625 0.8660431640625 0.83986640625
0 0.84627470703125 0.81546728515625 0.86601005859375 0.8165138671875 0.865412109375 0.83580078125 0.84537763671875 0.83475419921875 0.84388251953125 0.8254845703125 0.84627470703125 0.81546728515625
0 0.6667255859375 0.9990099609375 0.66600703125 0.98311259765625 0.6850888671875 0.98254013671875 0.68966845703125 0.97471669921875 0.7106583984375 0.97376259765625 0.72306162109375 0.98254013671875 0.72325244140625 0.9907453125 0.72058095703125 0.9937984375 0.72074130859375 0.99900947265625 0.6667255859375 0.9990099609375
0 0.5262099609375 0.9990107421875 0.52386513671875 0.98193798828125 0.52634580078125 0.96476435546875 0.5616470703125 0.96648173828125 0.579965625 0.97010732421875 0.5793931640625 0.9912880859375 0.5612654296875 0.990715625 0.5614359375 0.99901064453125 0.5262099609375 0.9990107421875
0 0.21988759765625 0.954096484375 0.22961923828125 0.950280078125 0.2553796875 0.9670720703125 0.24774697265625 0.97852119140625 0.2420224609375 0.97470478515625 0.2261845703125 0.9983662109375 0.20462216796875 0.984245703125 0.209392578125 0.97718544921875 0.20614873046875 0.97489560546875 0.21988759765625 0.954096484375
0 0.2513724609375 0.91612373046875 0.27598798828125 0.89494296875 0.2973595703125 0.91536044921875 0.2672103515625 0.9395943359375 0.25461640625 0.93291572265625 0.25938681640625 0.92852685546875 0.25109970703125 0.920402734375 0.2513724609375 0.91612373046875
0 0.259911328125 0.8803984375 0.27812958984375 0.8754806640625 0.28460419921875 0.8876458984375 0.26601748046875 0.8926107421875 0.259911328125 0.8803984375
0 0.3715765625 0.83278828125 0.37561337890625 0.8324892578125 0.37516484375 0.824565234375 0.39071396484375 0.82277109375 0.39789052734375 0.8248642578125 0.39789052734375 0.82949912109375 0.4122435546875 0.829349609375 0.41358916015625 0.84430068359375 0.405366015625 0.844599609375 0.4062630859375 0.8568595703125 0.39848857421875 0.85730810546875 0.39938564453125 0.8686708984375 0.37860361328125 0.87031552734375 0.3784541015625 0.86672724609375 0.37471630859375 0.8680728515625 0.37262314453125 0.851178125 0.36948349609375 0.844151171875 0.3715765625 0.83278828125
0 0.44070107421875 0.8389484375 0.44047802734375 0.83081845703125 0.4550541015625 0.8308748046875 0.4550541015625 0.83401455078125 0.4794244140625 0.8341640625 0.47957392578125 0.84373271484375 0.4794244140625 0.8444802734375 0.47852734375 0.84552685546875 0.47777978515625 0.8465734375 0.47748076171875 0.84791904296875 0.47748076171875 0.84941416015625 0.47748076171875 0.8516568359375 0.47837783203125 0.8540490234375 0.479125390625 0.8552451171875 0.479125390625 0.85763720703125 0.47897587890625 0.85913232421875 0.4788263671875 0.8604779296875 0.4788263671875 0.86152451171875 0.47957392578125 0.86272060546875 0.4800224609375 0.8646642578125 0.4797234375 0.86511279296875 0.47777978515625 0.86571083984375 0.47568662109375 0.86481376953125 0.475537109375 0.86481376953125 0.474341015625 0.86481376953125 0.47359345703125 0.86481376953125 0.4728458984375 0.86481376953125 0.47209833984375 0.86496328125 0.4698556640625 0.86541181640625 0.46746357421875 0.8694486328125 0.4616326171875 0.8694486328125 0.4610345703125 0.8556935546875 0.439505078125 0.855544140625 0.43487021484375 0.84462978515625 0.44070107421875 0.8389484375
0 0.53017373046875 0.83690712890625 0.546619921875 0.83780419921875 0.5463208984375 0.84019638671875 0.5463208984375 0.8428875 0.54587236328125 0.844681640625 0.54482578125 0.8461767578125 0.5439287109375 0.84752236328125 0.5439287109375 0.84931650390625 0.544227734375 0.85111064453125 0.54482578125 0.8539513671875 0.54527431640625 0.85559599609375 0.5457228515625 0.85664248046875 0.54617138671875 0.85903466796875 0.546021875 0.86008125 0.54587236328125 0.8615763671875 0.54527431640625 0.87144404296875 0.52808056640625 0.87039755859375 0.5279310546875 0.860679296875 0.52389423828125 0.8485689453125 0.53017373046875 0.83690712890625
0 0.5327154296875 0.80580888671875 0.53196787109375 0.83152470703125 0.51178388671875 0.83092666015625 0.5125314453125 0.805061328125 0.5327154296875 0.80580888671875
0 0.68273779296875 0.84084716796875 0.69123447265625 0.84097607421875 0.69394873046875 0.83779501953125 0.6945416015625 0.83649345703125 0.7084509765625 0.83715244140625 0.7083591796875 0.83862109375 0.71204189453125 0.83875400390625 0.71263994140625 0.830082421875 0.728787109375 0.8309794921875 0.72699296875 0.862526171875 0.68154169921875 0.85953603515625 0.68273779296875 0.84084716796875
0 0.953704296875 0.52716123046875 0.95439091796875 0.47749150390625 0.96669111328125 0.47760859375 0.96622255859375 0.52762978515625 0.97161123046875 0.52762978515625 0.97114267578125 0.55211318359375 0.92686162109375 0.5512931640625 0.92744736328125 0.52669267578125 0.953704296875 0.52716123046875
0 0.98240341796875 0.49726640625 0.96609208984375 0.49685419921875 0.9663916015625 0.4783140625 0.98266162109375 0.47834951171875 0.98240341796875 0.49726640625
0 0.89130986328125 0.43775087890625 0.907919140625 0.43771591796875 0.90780205078125 0.44755615234375 0.91963369140625 0.4476732421875 0.9193994140625 0.4695794921875 0.89128447265625 0.4696966796875 0.89130986328125 0.43775087890625
0 0.91515634765625 0.33720458984375 0.9218349609375 0.33605966796875 0.935573828125 0.33930361328125 0.93442890625 0.37212421875 0.91420224609375 0.37174267578125 0.91515634765625 0.33720458984375
0 0.758142578125 0.273469921875 0.87501162109375 0.27999716796875 0.87345751953125 0.322890625 0.75627763671875 0.31729580078125 0.75192607421875 0.29678154296875 0.758142578125 0.273469921875
0 0.61721884765625 0.3122609375 0.6529017578125 0.296423046875 0.66015283203125 0.31302412109375 0.6490853515625 0.31779462890625 0.65194765625 0.324282421875 0.64660478515625 0.3263814453125 0.6496578125 0.33382333984375 0.62542392578125 0.34469990234375 0.61683720703125 0.3256181640625 0.62224287109375 0.3231447265625 0.61721884765625 0.3122609375
0 0.551 0.23024697265625 0.67253134765625 0.175853125 0.67940078125 0.18100517578125 0.69352138671875 0.21325341796875 0.57197041015625 0.27049873046875 0.551 0.23024697265625
0 0.7189623046875 0.17291103515625 0.8544806640625 0.180681640625 0.85323740234375 0.22171015625 0.7189623046875 0.21393955078125 0.7189623046875 0.17291103515625
0 0.69169638671875 0.16814716796875 0.70562607421875 0.168558984375 0.70581689453125 0.1800080078125 0.69169638671875 0.17962646484375 0.69169638671875 0.16814716796875
0 0.456988671875 0.2497529296875 0.473787890625 0.25055966796875 0.4728337890625 0.26677919921875 0.4558509765625 0.26582509765625 0.456988671875 0.2497529296875
0 0.45595673828125 0.276746484375 0.4844505859375 0.2785837890625 0.4812845703125 0.32607353515625 0.45376484375 0.32436884765625 0.45254716796875 0.311461328125 0.45376484375 0.30756474609375 0.45595673828125 0.276746484375
0 0.3484142578125 0.23446318359375 0.38250947265625 0.24428173828125 0.37706796875 0.25908896484375 0.37490263671875 0.27179638671875 0.34062109375 0.26368759765625 0.34062109375 0.2493189453125 0.3484142578125 0.23446318359375
0 0.9544751953125 0.23731240234375 0.97914443359375 0.237162890625 0.978994921875 0.26781259765625 0.9588109375 0.267962109375 0.9588109375 0.25659931640625 0.95402666015625 0.25659931640625 0.9544751953125 0.23731240234375
0 0.94998984375 0.195150390625 0.98034052734375 0.19619697265625 0.98034052734375 0.20053271484375 0.98467626953125 0.2006822265625 0.98422783203125 0.2166798828125 0.97974248046875 0.21653037109375 0.97959296875 0.2214642578125 0.95866142578125 0.22041767578125 0.9588109375 0.217576953125 0.94894326171875 0.2172779296875 0.94998984375 0.195150390625
0 0.94984033203125 0.17063056640625 0.98655185546875 0.17220419921875 0.98589609375 0.1867673828125 0.94894326171875 0.18498359375 0.94984033203125 0.17063056640625
0 0.9608279296875 0.1352970703125 0.96094521484375 0.126176953125 0.9794845703125 0.126176953125 0.97958994140625 0.148250390625 0.96002451171875 0.14793740234375 0.9598986328125 0.14471630859375 0.95541337890625 0.144566796875 0.95541337890625 0.1352970703125 0.9608279296875 0.1352970703125
0 0.95822548828125 0.07213896484375 0.95493623046875 0.10338671875 0.91755849609375 0.09964892578125 0.91621298828125 0.09680830078125 0.90843837890625 0.09576171875 0.90993349609375 0.08081064453125 0.91755849609375 0.08170771484375 0.91785751953125 0.0782689453125 0.93280859375 0.0800630859375 0.9340046875 0.068401171875 0.95822548828125 0.07213896484375
0 0.8785458984375 0.05486884765625 0.896487109375 0.058606640625 0.89349697265625 0.0719130859375 0.87839638671875 0.06847431640625 0.878844921875 0.06608212890625 0.8761537109375 0.0654841796875 0.8785458984375 0.05486884765625
0 0.82801123046875 0.04574873046875 0.87301396484375 0.05965322265625 0.8707712890625 0.0668296875 0.874060546875 0.06802578125 0.86583740234375 0.0914990234375 0.8423642578125 0.08387392578125 0.84101865234375 0.0778935546875 0.819638671875 0.07086650390625 0.82801123046875 0.04574873046875
0 0.926569921875 0.03081689453125 0.94605009765625 0.033681640625 0.94405615234375 0.04698173828125 0.9244876953125 0.04379501953125 0.926569921875 0.03081689453125
0 0.082549609375 0.4124708984375 0.1128583984375 0.41301201171875 0.11321123046875 0.433931640625 0.083051953125 0.43403916015625 0.082549609375 0.4124708984375
0 0.0082841796875 0.40726064453125 0.01471884765625 0.407421484375 0.01471318359375 0.400831640625 0.0254779296875 0.40098115234375 0.0254779296875 0.40785869140625 0.038784375 0.40785869140625 0.03863486328125 0.42266025390625 0.00813466796875 0.42221171875 0.0082841796875 0.40726064453125
0 0.00063232421875 0.482045703125 0.03139912109375 0.486294140625 0.029605078125 0.50692666015625 0.00063232421875 0.50282978515625 0.00063232421875 0.482045703125
0 0.53725126953125 0.52574072265625 0.55156259765625 0.52612236328125 0.55041767578125 0.5478755859375 0.53610634765625 0.54711240234375 0.53725126953125 0.52574072265625
0 0.8863064453125 0.1248283203125 0.90097236328125 0.12585390625 0.9002544921875 0.139494140625 0.885280859375 0.13887880859375 0.8863064453125 0.1248283203125
0 0.8530287109375 0.1234572265625 0.86546357421875 0.115341796875 0.8755423828125 0.12830029296875 0.8623220703125 0.13667744140625 0.8530287109375 0.1234572265625
0 0.99318828125 4.4921875e-06 0.99209580078125 0.00639072265625 0.99496220703125 0.007199609375 0.99376640625 0.01474365234375 0.9904251953125 0.01674833984375 0.9723830078125 0.01324013671875 0.96937607421875 0.02743994140625 0.94849384765625 0.023096484375 0.95213974609375 0.00594853515625 0.95798564453125 0.0065638671875 0.9593177734375 5.37109375e-06 0.99318828125 4.4921875e-06
0 0.85262021484375 0.4292685546875 0.87508056640625 0.42937109375 0.877234375 0.4317298828125 0.87696923828125 0.44376796875 0.874513671875 0.444115234375 0.8743423828125 0.46100771484375 0.852467578125 0.45986474609375 0.85262021484375 0.4292685546875
0 0.48680595703125 0.4953044921875 0.4888865234375 0.49393818359375 0.498703515625 0.4942 0.4992271484375 0.49066591796875 0.534306640625 0.49223662109375 0.53312861328125 0.51056171875 0.53181962890625 0.51160888671875 0.52671484375 0.51173974609375 0.525405859375 0.51383408203125 0.49961982421875 0.511870703125 0.498703515625 0.529803125 0.48626865234375 0.52888681640625 0.48639951171875 0.5129177734375 0.48546953125 0.51067373046875 0.481961328125 0.5038244140625 0.48680595703125 0.4953044921875
0 0.778165234375 0.84453603515625 0.77923125 0.829184765625 0.79522216796875 0.83003759765625 0.79415615234375 0.84410966796875 0.8197416015625 0.846028515625 0.81760947265625 0.87865 0.7739009765625 0.87587822265625 0.77539345703125 0.8479474609375 0.778165234375 0.84453603515625
0 0.94532890625 0.35080869140625 0.94563623046875 0.3351302734375 0.95147724609375 0.3351302734375 0.95147724609375 0.32406318359375 0.980374609375 0.32529287109375 0.98683046875 0.32713740234375 0.98683046875 0.35203837890625 0.9800671875 0.34957900390625 0.94532890625 0.35080869140625
