2 0.57148447265625 0.94152802734375 0.54444296875 0.949609375 0.536983203125 0.9185271484375 0.53791572265625 0.90516181640625 0.56091650390625 0.89925615234375 0.57148447265625 0.94152802734375
2 0.500544140625 0.99901181640625 0.5170396484375 0.989669921875 0.52141767578125 0.99901181640625 0.500544140625 0.99901181640625
2 0.4685337890625 0.7965041015625 0.48595634765625 0.78901484375 0.490887890625 0.8024521484375 0.47387841796875 0.8105626953125 0.4685337890625 0.7965041015625
2 0.38313193359375 0.7143005859375 0.478731640625 0.6728931640625 0.49471748046875 0.706721875 0.39858818359375 0.748075390625 0.3865666015625 0.732619140625 0.38313193359375 0.7143005859375
2 0.27776826171875 0.6792400390625 0.53739736328125 0.5636025390625 0.54941884765625 0.58726396484375 0.54922802734375 0.5968048828125 0.29284287109375 0.71206064453125 0.28196630859375 0.69660439453125 0.27776826171875 0.6792400390625
2 0.18484873046875 0.59251171875 0.4697396484375 0.46313720703125 0.4882490234375 0.49500380859375 0.19935087890625 0.62628642578125 0.18885595703125 0.61044853515625 0.18484873046875 0.59251171875
2 0.11470087890625 0.49577470703125 0.4005458984375 0.3686900390625 0.41695625 0.40093828125 0.12901220703125 0.529740234375 0.1194712890625 0.515810546875 0.11470087890625 0.49577470703125
2 0.0357580078125 0.3900072265625 0.32021279296875 0.2586533203125 0.3381541015625 0.29139619140625 0.05110078125 0.42410244140625 0.03965458984375 0.4082724609375 0.0357580078125 0.3900072265625
2 -0.0 0.26643388671875 0.2363736328125 0.15234091796875 0.2526703125 0.18463525390625 -0.0 0.30759892578125 -0.0 0.26643388671875
4 0.25527802734375 0.931086328125 0.25319716796875 0.9176380859375 0.2614001953125 0.91283369140625 0.26723115234375 0.912983203125 0.2738095703125 0.9110396484375 0.27724833984375 0.92479462890625 0.25527802734375 0.931086328125
2 0.623453515625 0.60326103515625 0.63861337890625 0.59458681640625 0.64853740234375 0.60970224609375 0.649744921875 0.60907216796875 0.6627373046875 0.6304173828125 0.64460419921875 0.64086591796875 0.63199873046875 0.62156337890625 0.63350224609375 0.62056103515625 0.623453515625 0.60326103515625
3 0.59818291015625 0.6746625 0.59365048828125 0.666957421875 0.61903193359375 0.6553998046875 0.6226578125 0.6628783203125 0.59818291015625 0.6746625
