2 0.28248662109375 0.025390625 0.28248662109375 0.044921875 0.26197880859375 0.044921875 0.26197880859375 0.05078125 0.26686162109375 0.05078125 0.26686162109375 0.0751953125 0.26197880859375 0.0751953125 0.23951787109375 0.0751953125 0.23951787109375 0.0556640625 0.23268193359375 0.0556640625 0.23268193359375 0.0380859375 0.23854130859375 0.0380859375 0.23854130859375 0.029296875 0.25611943359375 0.029296875 0.25611943359375 0.025390625 0.26197880859375 0.025390625 0.28248662109375 0.025390625
0 0.18738681640625 0.02645390625 0.18738681640625 0.02840703125 0.19812900390625 0.02840703125 0.19812900390625 0.04891484375 0.19812900390625 0.05477421875 0.19812900390625 0.06356328125 0.18055087890625 0.06356328125 0.18055087890625 0.05477421875 0.16785556640625 0.05477421875 0.16785556640625 0.04891484375 0.15418369140625 0.04891484375 0.15418369140625 0.02840703125 0.16883212890625 0.02840703125 0.16883212890625 0.02645390625 0.18738681640625 0.02645390625
1 0.10564208984375 0.2486501953125 0.10564208984375 0.2623220703125 0.11540771484375 0.2623220703125 0.11540771484375 0.2632986328125 0.12907958984375 0.2632986328125 0.12907958984375 0.2769705078125 0.11443115234375 0.2769705078125 0.11443115234375 0.2799001953125 0.11540771484375 0.2799001953125 0.11540771484375 0.2935720703125 0.08708740234375 0.2935720703125 0.08708740234375 0.2847830078125 0.08611083984375 0.2847830078125 0.08611083984375 0.2623220703125 0.08708740234375 0.2623220703125 0.08708740234375 0.2486501953125 0.10564208984375 0.2486501953125
2 0.2373046875 0.298828125 0.2373046875 0.3154296875 0.2373046875 0.33984375 0.2109375 0.3388671875 0.2109375 0.3154296875 0.22265625 0.3154296875 0.22265625 0.298828125 0.2373046875 0.298828125
0 0.122100390625 0.3326345703125 0.141631640625 0.3326345703125 0.141631640625 0.3287283203125 0.163116015625 0.3287283203125 0.164092578125 0.3365408203125 0.164092578125 0.3453298828125 0.142608203125 0.3453298828125 0.141631640625 0.3414236328125 0.122100390625 0.3414236328125 0.121123828125 0.3414236328125 0.121123828125 0.3531423828125 0.099639453125 0.3531423828125 0.099639453125 0.3345876953125 0.088897265625 0.3345876953125 0.088897265625 0.3414236328125 0.085967578125 0.3414236328125 0.085967578125 0.3345876953125 0.085967578125 0.3179861328125 0.121123828125 0.3170095703125 0.121123828125 0.3257986328125 0.122100390625 0.3257986328125 0.122100390625 0.3326345703125
0 0.2534763671875 0.41707890625 0.2534763671875 0.43465703125 0.2163669921875 0.43465703125 0.2163669921875 0.41707890625 0.2163669921875 0.39461796875 0.2368748046875 0.39461796875 0.2378513671875 0.41707890625 0.2534763671875 0.41707890625
0 0.106475390625 0.38755205078125 0.106475390625 0.43052080078125 0.085967578125 0.43052080078125 0.085967578125 0.42173173828125 0.083037890625 0.42173173828125 0.083037890625 0.40122392578125 0.085967578125 0.40122392578125 0.085967578125 0.38755205078125 0.106475390625 0.38755205078125
0 0.1567966796875 0.4169921875 0.1567966796875 0.4345703125 0.1294529296875 0.4345703125 0.1294529296875 0.4267578125 0.1255466796875 0.4267578125 0.1255466796875 0.4169921875 0.1294529296875 0.4169921875 0.1567966796875 0.4169921875
0 0.161162890625 0.49339404296875 0.161162890625 0.50804248046875 0.127959765625 0.50804248046875 0.126983203125 0.49339404296875 0.161162890625 0.49339404296875
0 0.19008642578125 0.55830712890625 0.19008642578125 0.57686181640625 0.18910986328125 0.57686181640625 0.18910986328125 0.57881494140625 0.17250830078125 0.57881494140625 0.17250830078125 0.57588525390625 0.17250830078125 0.55830712890625 0.17250830078125 0.55342431640625 0.18910986328125 0.55342431640625 0.18910986328125 0.55830712890625 0.19008642578125 0.55830712890625
0 6.93359375e-05 0.5864283203125 0.005859375 0.5869140625 0.005859375 0.595703125 0.0078125 0.595703125 0.0078125 0.615234375 0.005859375 0.615234375 0.005859375 0.62109375 0.005859375 0.6357421875 6.923828125e-05 0.6357421875 6.93359375e-05 0.5864283203125
0 0.1875 0.59375 0.1675416015625 0.5920384765625 0.16848505859375 0.582415234375 0.1865234375 0.58203125 0.1875 0.59375
0 0.24000224609375 0.59600087890625 0.24000224609375 0.61553212890625 0.23902568359375 0.61553212890625 0.23902568359375 0.62041494140625 0.2459939453125 0.6211830078125 0.2450173828125 0.63467939453125 0.21949443359375 0.63603994140625 0.21949443359375 0.63408681640625 0.21070537109375 0.63408681640625 0.21168193359375 0.61455556640625 0.20777568359375 0.61455556640625 0.20875224609375 0.59502431640625 0.24000224609375 0.59600087890625
0 0.1068486328125 0.59765625 0.1068486328125 0.6279296875 0.1166142578125 0.6279296875 0.1166142578125 0.642578125 0.1068486328125 0.642578125 0.0882939453125 0.642578125 0.0882939453125 0.6337890625 0.0863408203125 0.6337890625 0.0863408203125 0.6103515625 0.0882939453125 0.6103515625 0.0882939453125 0.59765625 0.1068486328125 0.59765625
0 0.193359375 0.5986328125 0.193359375 0.62109375 0.177734375 0.62109375 0.177734375 0.5986328125 0.193359375 0.5986328125
0 6.923828125e-05 0.66457275390625 0.005859375 0.6650390625 0.005859375 0.7158203125 6.923828125e-05 0.71594326171875 6.923828125e-05 0.66457275390625
0 0.12222353515625 0.6803896484375 0.12222353515625 0.7038271484375 0.11441103515625 0.7038271484375 0.11441103515625 0.7077333984375 0.09780947265625 0.7077333984375 0.09097353515625 0.7077333984375 0.09097353515625 0.6872255859375 0.09780947265625 0.6872255859375 0.09780947265625 0.6784365234375 0.07730166015625 0.6784365234375 0.07730166015625 0.6618349609375 0.09780947265625 0.6618349609375 0.09976259765625 0.6618349609375 0.09976259765625 0.6676943359375 0.11441103515625 0.6676943359375 0.11441103515625 0.6803896484375 0.12222353515625 0.6803896484375
0 0.10960615234375 0.73500380859375 0.10960615234375 0.73598037109375 0.11937177734375 0.73598037109375 0.12034833984375 0.75160537109375 0.11155927734375 0.75160537109375 0.11155927734375 0.75746474609375 0.10960615234375 0.75746474609375 0.11058271484375 0.78090224609375 0.09202802734375 0.78090224609375 0.09105146484375 0.75258193359375 0.08714521484375 0.75258193359375 0.08714521484375 0.73598037109375 0.09105146484375 0.73500380859375 0.10960615234375 0.73500380859375
0 6.923828125e-05 0.75318642578125 0.001953125 0.7529296875 0.001953125 0.7724609375 6.923828125e-05 0.772354296875 6.923828125e-05 0.75318642578125
0 6.904296875e-05 0.02149599609375 0.02065927734375 0.02112392578125 0.02028603515625 0.029336328125 0.03633740234375 0.02896298828125 0.0520154296875 0.02858974609375 0.05238876953125 0.040908203125 0.05276201171875 0.050613671875 6.904296875e-05 0.05173212890625 6.904296875e-05 0.02149599609375
1 6.9140625e-05 0.121958203125 0.009334375 0.11284384765625 0.015370703125 0.117875 0.02071240234375 0.1242048828125 0.02662431640625 0.1296708984375 0.03093134765625 0.13350654296875 0.0176953125 0.14719296875 0.02862060546875 0.15944248046875 0.02150263671875 0.16556728515625 0.01670205078125 0.17202314453125 0.0044525390625 0.15861484375 6.9140625e-05 0.15978955078125 6.9140625e-05 0.121958203125
1 0.11502099609375 0.5668197265625 0.0810517578125 0.5649533203125 0.0821716796875 0.5182923828125 0.12248671875 0.51978544921875 0.124353125 0.52239853515625 0.124353125 0.53882314453125 0.1239798828125 0.54031630859375 0.1083017578125 0.54068955078125 0.107928515625 0.54666220703125 0.1180072265625 0.54666220703125 0.119500390625 0.550768359375 0.1191271484375 0.5638333984375 0.11502099609375 0.5668197265625
0 0.2023703125 0.51978544921875 0.2523908203125 0.52090537109375 0.2523908203125 0.541062890625 0.22738056640625 0.5425560546875 0.22775380859375 0.56607314453125 0.20834287109375 0.5668197265625 0.2075962890625 0.539196484375 0.1997572265625 0.53882314453125 0.199383984375 0.519724609375 0.2026138671875 0.519724609375 0.2023703125 0.51978544921875
0 0.22703671875 0.45143046875 0.249433984375 0.45105712890625 0.24980732421875 0.46076259765625 0.25466005859375 0.46076259765625 0.25503330078125 0.4801736328125 0.24980732421875 0.48092021484375 0.25055380859375 0.50070439453125 0.2255435546875 0.5014509765625 0.22576376953125 0.45135712890625 0.22693828125 0.45135712890625 0.22703671875 0.45143046875
0 0.08355390625 0.4508541015625 0.10893740234375 0.45010751953125 0.10893740234375 0.45608017578125 0.11789638671875 0.45608017578125 0.11864296875 0.487436328125 0.1093107421875 0.48780966796875 0.109683984375 0.50124794921875 0.0820607421875 0.50199453125 0.08131416015625 0.4508541015625 0.0828556640625 0.4508541015625 0.08355390625 0.4508541015625
0 0.20132275390625 0.7391046875 0.21522763671875 0.7391046875 0.230787890625 0.73927021484375 0.23128447265625 0.751188671875 0.2340986328125 0.7508576171875 0.2344296875 0.75764453125 0.2311189453125 0.75781005859375 0.230787890625 0.7665833984375 0.2211869140625 0.7665833984375 0.22069033203125 0.7791640625 0.218132421875 0.77965634765625 0.20538623046875 0.77932529296875 0.17774189453125 0.7788287109375 0.176583203125 0.779159765625 0.17707978515625 0.76260634765625 0.199426953125 0.76227529296875 0.200916796875 0.762109765625 0.20108232421875 0.7394314453125 0.20132275390625 0.7391046875
1 0.225953515625 0.66274296875 0.2487240234375 0.66236962890625 0.24909736328125 0.694845703125 0.2565630859375 0.694845703125 0.25842958984375 0.71164365234375 0.2147548828125 0.71201689453125 0.21550146484375 0.69148603515625 0.225953515625 0.69148603515625 0.22487587890625 0.66266181640625 0.22735888671875 0.66266181640625 0.225953515625 0.66274296875
0 6.9140625e-05 0.85912978515625 0.00538837890625 0.85367451171875 0.00922958984375 0.85780859375 0.014144921875 0.852828125 0.020004296875 0.85865498046875 0.02192490234375 0.8569623046875 0.032504296875 0.8673138671875 0.03992431640625 0.87591123046875 0.0367791015625 0.878725390625 0.041407421875 0.88335029296875 0.0302087890625 0.8952955078125 0.035434765625 0.922172265625 0.01863681640625 0.9244119140625 0.01677041015625 0.9050009765625 6.9140625e-05 0.88561376953125 6.9140625e-05 0.85912978515625
1 0.0598359375 0.86008603515625 0.07324423828125 0.86008603515625 0.073409765625 0.8577685546875 0.0959224609375 0.8574375 0.096253515625 0.85909287109375 0.12009052734375 0.8585962890625 0.1209181640625 0.882433203125 0.05900830078125 0.88309541015625 0.0586771484375 0.8599205078125 0.06000146484375 0.8599205078125 0.0598359375 0.86008603515625
1 0.238090234375 0.8665685546875 0.23775908203125 0.85382236328125 0.25249169921875 0.85415341796875 0.252326171875 0.86772724609375 0.256630078125 0.86756171875 0.25646455078125 0.8832875 0.25398154296875 0.8832875 0.25398154296875 0.9008341796875 0.25712666015625 0.90099970703125 0.25745771484375 0.91391142578125 0.23295859375 0.914076953125 0.23279306640625 0.86756171875 0.23775908203125 0.86756171875 0.238199609375 0.86741494140625 0.238052734375 0.86653408203125 0.238090234375 0.8665685546875
1 0.59412861328125 0.55099638671875 0.63672744140625 0.55198701171875 0.6382134765625 0.55941708984375 0.66050361328125 0.55941708984375 0.6714009765625 0.54752900390625 0.69517705078125 0.5579310546875 0.7050837890625 0.5589216796875 0.7040931640625 0.5490150390625 0.71053251953125 0.55198701171875 0.71053251953125 0.5495103515625 0.7130091796875 0.5495103515625 0.7130091796875 0.53910830078125 0.7209345703125 0.5321736328125 0.73529931640625 0.53910830078125 0.73529931640625 0.54851962890625 0.742233984375 0.5500056640625 0.741738671875 0.554463671875 0.76749609375 0.55545439453125 0.775916796875 0.54455693359375 0.79523486328125 0.553968359375 0.83288037109375 0.553968359375 0.83188974609375 0.536631640625 0.87349794921875 0.536631640625 0.8725072265625 0.5990439453125 0.83436640625 0.6005298828125 0.83436640625 0.5955765625 0.79028154296875 0.59706259765625 0.7803748046875 0.59854853515625 0.76700078125 0.59854853515625 0.76501943359375 0.59706259765625 0.743224609375 0.59805322265625 0.742233984375 0.62331533203125 0.7461966796875 0.62331533203125 0.7457013671875 0.63124072265625 0.7457013671875 0.654026171875 0.742233984375 0.654521484375 0.74124326171875 0.6634375 0.742729296875 0.67829755859375 0.76601005859375 0.67928828125 0.84526376953125 0.6758208984375 0.8477404296875 0.71891513671875 0.78681416015625 0.71941044921875 0.77888876953125 0.71891513671875 0.76700078125 0.71990576171875 0.74124326171875 0.720401171875 0.741738671875 0.72287783203125 0.73628994140625 0.72287783203125 0.73628994140625 0.73278447265625 0.72440185546875 0.73179384765625 0.7135044921875 0.73278447265625 0.7139998046875 0.7248591796875 0.70756044921875 0.7253544921875 0.70706513671875 0.71941044921875 0.68923310546875 0.71891513671875 0.68972841796875 0.722382421875 0.658522265625 0.720896484375 0.659017578125 0.7179244140625 0.6545595703125 0.704550390625 0.6555501953125 0.69761572265625 0.65356884765625 0.6827556640625 0.66149423828125 0.6758208984375 0.6872517578125 0.6753255859375 0.6882423828125 0.6847369140625 0.70656982421875 0.6837462890625 0.70656982421875 0.653530859375 0.6966630859375 0.654026171875 0.6961677734375 0.6411474609375 0.6961677734375 0.621829296875 0.70607451171875 0.620838671875 0.7050837890625 0.5995392578125 0.69517705078125 0.5995392578125 0.693195703125 0.5955765625 0.6877470703125 0.59706259765625 0.6872517578125 0.6074646484375 0.66496162109375 0.604987890625 0.66198955078125 0.59854853515625 0.6387087890625 0.59755791015625 0.6387087890625 0.620343359375 0.65356884765625 0.620838671875 0.65753154296875 0.6297546875 0.6624849609375 0.63025 0.66149423828125 0.654026171875 0.65208291015625 0.65650283203125 0.65703623046875 0.66987685546875 0.65356884765625 0.6753255859375 0.6461388671875 0.67879296875 0.63524150390625 0.69068095703125 0.62236279296875 0.687708984375 0.6134466796875 0.67780224609375 0.61047470703125 0.6500634765625 0.592642578125 0.65551220703125 0.56589453125 0.654026171875 0.56490380859375 0.6327267578125 0.592642578125 0.6327267578125 0.591651953125 0.61538994140625 0.59016591796875 0.6089505859375 0.59313798828125 0.59805322265625 0.592642578125 0.56833310546875 0.592642578125 0.55099638671875 0.59412861328125 0.55099638671875
0 0.51235927734375 0.32881923828125 0.5518974609375 0.3296978515625 0.5518974609375 0.3119056640625 0.563758984375 0.31234501953125 0.57540078125 0.31168603515625 0.5750734375 0.33014599609375 0.60758271484375 0.33014599609375 0.61658857421875 0.328828125 0.61614931640625 0.3354177734375 0.6159296875 0.34530234375 0.62779111328125 0.34552197265625 0.6280107421875 0.356944140625 0.6157099609375 0.356944140625 0.6170279296875 0.404829296875 0.50983544921875 0.4050490234375 0.51049443359375 0.32904775390625 0.51203203125 0.3286083984375 0.51235927734375 0.32881923828125
0 0.475382421875 0.1164431640625 0.4810935546875 0.1157841796875 0.49097802734375 0.17750771484375 0.45407568359375 0.18299912109375 0.44572880859375 0.1261080078125 0.440616796875 0.12620546875 0.434871875 0.12604833984375 0.42894111328125 0.12544365234375 0.42168427734375 0.1252009765625 0.4176126953125 0.125009765625 0.4179716796875 0.11554990234375 0.41138203125 0.115110546875 0.408087109375 0.10193115234375 0.40457265625 0.10193115234375 0.40435302734375 0.0856765625 0.4063298828125 0.08413896484375 0.4069888671875 0.07249716796875 0.4168734375 0.067884375 0.4168734375 0.06129462890625 0.4168734375 0.059098046875 0.4357638671875 0.05580322265625 0.4438912109375 0.05712119140625 0.45184716796875 0.00594404296875 0.468601171875 0.00594404296875 0.4865240234375 0.00594404296875 0.47964609375 0.06731533203125 0.4752529296875 0.0668759765625 0.47503330078125 0.07829814453125 0.49260576171875 0.08005537109375 0.49386767578125 0.09477236328125 0.4938533203125 0.1020408203125 0.47534599609375 0.10428115234375 0.4752486328125 0.1168466796875 0.475382421875 0.1164431640625
1 0.41085244140625 0.70594638671875 0.418101171875 0.70572666015625 0.41766181640625 0.69057041015625 0.4457779296875 0.6894720703125 0.44533857421875 0.706166015625 0.4530265625 0.70638564453125 0.45346591796875 0.72329921875 0.4506103515625 0.73713759765625 0.4530265625 0.7465828125 0.45401728515625 0.7787796875 0.421672265625 0.77975986328125 0.4212330078125 0.77119326171875 0.4111287109375 0.7716326171875 0.41090908203125 0.749447265625 0.41420390625 0.749447265625 0.41420390625 0.746811328125 0.40915185546875 0.746811328125 0.410689453125 0.7369267578125 0.409371484375 0.72814052734375 0.41420390625 0.72814052734375 0.4137646484375 0.72638330078125 0.41090908203125 0.72682255859375 0.409371484375 0.70595517578125 0.41683984375 0.705735546875 0.41085244140625 0.70594638671875
1 0.38722734375 0.83580712890625 0.4013513671875 0.83580712890625 0.3999876953125 0.8151568359375 0.40427353515625 0.81291650390625 0.40894912109375 0.81252685546875 0.4168390625 0.81233203125 0.42093017578125 0.813111328125 0.42219638671875 0.813890625 0.4220990234375 0.8229494140625 0.4259953125 0.82304677734375 0.42813828125 0.82285205078125 0.42823564453125 0.8296705078125 0.42901494140625 0.83434599609375 0.4292345703125 0.84862373046875 0.426818359375 0.848843359375 0.4279166015625 0.86136376953125 0.40924580078125 0.86202275390625 0.39892197265625 0.86224248046875 0.389916015625 0.86202275390625 0.38640146484375 0.86202275390625 0.384424609375 0.84620751953125 0.38706044921875 0.83588359375 0.38722734375 0.83580712890625
1 0.3865 0.942902734375 0.41324814453125 0.941912109375 0.412752734375 0.9300240234375 0.44643564453125 0.92903330078125 0.44742626953125 0.943398046875 0.45634228515625 0.942902734375 0.4573330078125 0.9542955078125 0.4494076171875 0.9547908203125 0.45089365234375 0.9810435546875 0.4489123046875 0.9805482421875 0.44841689453125 0.99095029296875 0.40284609375 0.99144560546875 0.40136005859375 0.9632115234375 0.38798603515625 0.9637068359375 0.3866056640625 0.94299189453125 0.3865 0.942902734375
0 0.3851197265625 0.9023607421875 0.4022529296875 0.9017017578125 0.40203330078125 0.87819853515625 0.41016064453125 0.87797890625 0.4233400390625 0.8784181640625 0.42421865234375 0.9214708984375 0.38665732421875 0.92169052734375 0.38841455078125 0.911586328125 0.3857787109375 0.9023607421875 0.3851197265625 0.9023607421875
0 0.84537890625 0.9397611328125 0.8656876953125 0.9392658203125 0.8788126953125 0.99900341796875 0.8546154296875 0.99900380859375 0.84438828125 0.94075185546875 0.84553154296875 0.9397611328125 0.84537890625 0.9397611328125
0 0.80426142578125 0.9990044921875 0.802487890625 0.9873697265625 0.81149384765625 0.98693046875 0.81149384765625 0.97726552734375 0.83060390625 0.9763869140625 0.831262890625 0.98780908203125 0.83829189453125 0.98649111328125 0.83785263671875 0.99681494140625 0.83104326171875 0.99681494140625 0.82928603515625 0.99703466796875 0.82986953125 0.99900419921875 0.80426142578125 0.9990044921875
0 0.60283466796875 0.006505078125 0.61337822265625 0.00694443359375 0.613817578125 0.00123330078125 0.63248837890625 0.00189228515625 0.63248837890625 0.03022802734375 0.61513544921875 0.029788671875 0.61579443359375 0.02210078125 0.60283466796875 0.0212220703125 0.60305439453125 0.0177076171875 0.59953984375 0.0177076171875 0.5997595703125 0.0089212890625 0.60305439453125 0.00936064453125 0.6032740234375 0.00694443359375 0.60283466796875 0.006505078125
2 0.91836884765625 0.202636328125 0.9278140625 0.203954296875 0.93550205078125 0.20175771484375 0.935282421875 0.229873828125 0.94099345703125 0.22921484375 0.94055419921875 0.25381640625 0.91661162109375 0.25579326171875 0.91551328125 0.2432728515625 0.9111201171875 0.2426138671875 0.910021875 0.21976962890625 0.9141953125 0.2193302734375 0.9150740234375 0.20241669921875 0.91836884765625 0.2028560546875 0.91836884765625 0.202636328125
2 0.2359150390625 0.13287255859375 0.23897978515625 0.1291005859375 0.23968701171875 0.1140126953125 0.26302607421875 0.1158986328125 0.26326181640625 0.122499609375 0.264440625 0.1232068359375 0.26302607421875 0.15126083984375 0.2597255859375 0.15102509765625 0.2587826171875 0.1602193359375 0.23827255859375 0.15809755859375 0.23945126953125 0.1441884765625 0.23756533203125 0.14159521484375 0.236622265625 0.1378232421875 0.23615078125 0.13499423828125 0.2359150390625 0.13287255859375
0 0.0975099609375 0.0261638671875 0.0998140625 0.035380078125 0.12631064453125 0.03499609375 0.1270787109375 0.05765263671875 0.0844537109375 0.05765263671875 0.0840697265625 0.05112451171875 0.0786935546875 0.05227646484375 0.0783095703125 0.02693193359375 0.0975099609375 0.0261638671875
0 0.2610654296875 0.940781640625 0.26336943359375 0.9615181640625 0.2491611328125 0.96267021484375 0.25108115234375 0.97803056640625 0.22957666015625 0.9772625 0.2311126953125 0.94154970703125 0.2430169921875 0.94193369140625 0.2526171875 0.94116572265625 0.2610654296875 0.940781640625
3 0.2130642578125 0.9192771484375 0.221896484375 0.91774111328125 0.22957666015625 0.91774111328125 0.22996064453125 0.92964541015625 0.21652041015625 0.93194951171875 0.2130642578125 0.9192771484375
0 0.129350390625 0.88932451171875 0.13088642578125 0.8632119140625 0.1385666015625 0.8632119140625 0.14010263671875 0.860523828125 0.16467919921875 0.860523828125 0.16467919921875 0.8628279296875 0.1788875 0.8639798828125 0.178503515625 0.8820283203125 0.17811953125 0.88356435546875 0.166215234375 0.88471640625 0.16544716796875 0.8947005859375 0.129734375 0.89508466796875 0.129350390625 0.88932451171875
2 0.180477734375 0.92502802734375 0.17927421875 0.9117892578125 0.19552177734375 0.91088662109375 0.19612353515625 0.92382451171875 0.180477734375 0.92502802734375
0 0.43396376953125 0.91263916015625 0.44010791015625 0.91302314453125 0.43972392578125 0.905726953125 0.450476171875 0.9061109375 0.4535482421875 0.924159375 0.43626787109375 0.92531142578125 0.43396376953125 0.91263916015625
3 0.42687509765625 0.80571484375 0.44745947265625 0.80424453125 0.44892978515625 0.8179673828125 0.43058876953125 0.81844111328125 0.42687509765625 0.80571484375
0 0.9544134765625 0.50945205078125 0.95253701171875 0.52196220703125 0.92626552734375 0.52821728515625 0.9237634765625 0.513205078125 0.9544134765625 0.50945205078125
0 0.930644140625 0.55011015625 0.930644140625 0.58764072265625 0.91375537109375 0.58638974609375 0.916257421875 0.55073564453125 0.930644140625 0.55011015625
3 0.72524814453125 0.22711552734375 0.7408859375 0.23837470703125 0.7052318359375 0.280909375 0.685841015625 0.26902470703125 0.72524814453125 0.22711552734375
0 0.66722353515625 0.36605048828125 0.66722353515625 0.3829392578125 0.6490837890625 0.3829392578125 0.648458203125 0.36479951171875 0.66722353515625 0.36605048828125
