0 0.2524009765625 1.1328125e-05 0.180451953125 0.0713109375 0.1853765625 0.078082421875 0.1829142578125 0.08454609375 0.18506884765625 0.0867005859375 0.18691552734375 0.09162529296875 0.16229208984375 0.11624873046875 0.1582908203125 0.1187111328125 0.0641060546875 0.0368380859375 0.0576423828125 0.04545625 0.05610341796875 0.052843359375 0.04748515625 0.06023037109375 0.0379435546875 0.05992255859375 0.02994091796875 0.05407451171875 0.0259396484375 0.04761083984375 0.0108578125 0.05899921875 0.00636572265625 0.06023076171875 -0.0 0.06405556640625 -0.0 7.32421875e-06 0.2524009765625 1.1328125e-05
0 0.2104716796875 0.86154716796875 0.2143302734375 0.85648271484375 0.27100390625 0.83357216796875 0.28885 0.8251314453125 0.29077939453125 0.82223740234375 0.32671279296875 0.81017919921875 0.33467119140625 0.81644951171875 0.348417578125 0.8509359375 0.34576474609375 0.86034140625 0.29367333984375 0.87866982421875 0.29053818359375 0.875534765625 0.28475029296875 0.8784287109375 0.2295236328125 0.90109814453125 0.22494150390625 0.90085693359375 0.2104716796875 0.86154716796875
0 0.337932421875 0.46414189453125 0.34095576171875 0.46319716796875 0.34662451171875 0.47075546875 0.3262169921875 0.4888955078125 0.32035927734375 0.48341572265625 0.3205482421875 0.4788806640625 0.337932421875 0.46414189453125
0 0.38876220703125 0.4206814453125 0.39632060546875 0.42805087890625 0.38554990234375 0.43863251953125 0.37969228515625 0.43258583984375 0.3795033203125 0.42823984375 0.38876220703125 0.4206814453125
0 0.3326416015625 0.40046298828125 0.33887724609375 0.40254150390625 0.34171162109375 0.40839921875 0.32319365234375 0.426161328125 0.318091796875 0.42124833984375 0.3156353515625 0.416146484375 0.3326416015625 0.40046298828125
0 0.3007076171875 0.41425693359375 0.29938486328125 0.4144458984375 0.3050537109375 0.413312109375 0.326594921875 0.43107421875 0.3286734375 0.434664453125 0.28426826171875 0.48398251953125 0.25913681640625 0.46489775390625 0.2589478515625 0.458662109375 0.3007076171875 0.41425693359375
0 0.6856271484375 0.415008203125 0.68474140625 0.35308837890625 0.68628662109375 0.35254296875 0.70491416015625 0.35445458984375 0.70447001953125 0.35193759765625 0.7060986328125 0.349124609375 0.71142861328125 0.348828515625 0.7429640625 0.34927265625 0.7429640625 0.34690380859375 0.7508109375 0.34645966796875 0.76073046875 0.35578701171875 0.76117470703125 0.36289365234375 0.75895390625 0.366002734375 0.75830087890625 0.4071515625 0.755158203125 0.40793720703125 0.75476533203125 0.4401494140625 0.74926572265625 0.44368486328125 0.68798408203125 0.44525615234375 0.686019921875 0.4401494140625 0.6738421875 0.43818525390625 0.67148515625 0.41815087890625 0.67344931640625 0.41304404296875 0.6856271484375 0.415008203125
0 0.935480078125 0.560343359375 0.9350359375 0.560047265625 0.94095810546875 0.56286025390625 0.94317890625 0.56833828125 0.9819689453125 0.5821072265625 0.9884833984375 0.593211328125 0.98789111328125 0.60016982421875 0.9893716796875 0.6068322265625 0.98641064453125 0.6146791015625 0.97885986328125 0.61704794921875 0.97693515625 0.62060126953125 0.9727896484375 0.6222298828125 0.9652388671875 0.61630771484375 0.95517119140625 0.61275439453125 0.9440671875 0.63392607421875 0.9394775390625 0.63214951171875 0.93799697265625 0.63333388671875 0.9362203125 0.63629501953125 0.92111884765625 0.6302248046875 0.92185908203125 0.62548701171875 0.919194140625 0.62148955078125 0.9159369140625 0.61734404296875 0.9237837890625 0.60046591796875 0.91312392578125 0.594395703125 0.91741748046875 0.57944228515625 0.9157888671875 0.57899814453125 0.9140123046875 0.57618515625 0.9181578125 0.56656162109375 0.935480078125 0.560343359375
0 0.99847880859375 0.39417236328125 0.9886369140625 0.3962611328125 0.97971376953125 0.39071435546875 0.96886142578125 0.39722578125 0.95559736328125 0.39264365234375 0.95680322265625 0.38806162109375 0.95294462890625 0.38468525390625 0.9512564453125 0.3822736328125 0.9551150390625 0.37166240234375 0.9601794921875 0.36925078125 0.97489052734375 0.3764857421875 0.98091962890625 0.37190361328125 0.99514833984375 0.350198828125 0.99847890625 0.35135771484375 0.99847880859375 0.39417236328125
0 0.99588193359375 0.2956693359375 0.9973935546875 0.311541796875 0.9945591796875 0.31569892578125 0.9939923828125 0.3198560546875 0.997771484375 0.31966708984375 0.99663779296875 0.32590263671875 0.98624501953125 0.32571376953125 0.9854892578125 0.33100458984375 0.96357001953125 0.330815625 0.96281416015625 0.3247689453125 0.96357001953125 0.31796640625 0.95714541015625 0.3162658203125 0.95997978515625 0.2928349609375 0.96753818359375 0.28867783203125 0.97150625 0.2907564453125 0.9718841796875 0.29434658203125 0.9960708984375 0.29529140625 0.99588193359375 0.2956693359375
0 0.99847890625 0.29185009765625 0.97405634765625 0.29167900390625 0.9724203125 0.26750166015625 0.9509697265625 0.2685923828125 0.95060615234375 0.246596484375 0.967512109375 0.24650556640625 0.9685673828125 0.25638232421875 0.972278125 0.25427890625 0.99789140625 0.253834765625 0.99847900390625 0.2539732421875 0.99847890625 0.29185009765625
0 0.91779482421875 0.30316923828125 0.92255107421875 0.3044453125 0.92440712890625 0.33112626953125 0.921275 0.33193828125 0.91999892578125 0.33901455078125 0.90874658203125 0.3380865234375 0.90828251953125 0.34504677734375 0.90457041015625 0.3453947265625 0.89900224609375 0.34272666015625 0.8959861328125 0.32509404296875 0.89447802734375 0.32138193359375 0.89633408203125 0.30421328125 0.89761015625 0.3022412109375 0.91779482421875 0.30316923828125
0 0.94075810546875 0.247416015625 0.94431142578125 0.25022900390625 0.94490361328125 0.264294140625 0.93202294921875 0.264886328125 0.92920986328125 0.2765826171875 0.92402802734375 0.27791513671875 0.92077080078125 0.29094384765625 0.8972302734375 0.2930166015625 0.892640625 0.29198017578125 0.892196484375 0.25467060546875 0.89545361328125 0.25496669921875 0.8975263671875 0.25718759765625 0.926248828125 0.256447265625 0.926841015625 0.25008095703125 0.92743330078125 0.24726796875 0.94075810546875 0.247416015625
0 0.88909501953125 0.2119615234375 0.89309248046875 0.20900048828125 0.910858984375 0.20766796875 0.91855771484375 0.2110732421875 0.92151884765625 0.24305283203125 0.89338857421875 0.2436451171875 0.89309248046875 0.23431767578125 0.88879892578125 0.23342939453125 0.8871703125 0.22262138671875 0.8905755859375 0.22188115234375 0.88909501953125 0.2119615234375
0 0.99847900390625 0.24290439453125 0.972545703125 0.24304423828125 0.9695845703125 0.24171181640625 0.9688443359375 0.22498173828125 0.964698828125 0.215654296875 0.95788837890625 0.215358203125 0.95448310546875 0.21402568359375 0.9532986328125 0.19655537109375 0.95463115234375 0.1944826171875 0.9984791015625 0.19546357421875 0.99847900390625 0.24290439453125
0 0.8894138671875 0.14590302734375 0.89086083984375 0.14083857421875 0.9084658203125 0.14156201171875 0.92438271484375 0.1471087890625 0.9388525390625 0.14662646484375 0.94560517578125 0.1480734375 0.94849912109375 0.186659765625 0.94367578125 0.19220654296875 0.9306529296875 0.1895537109375 0.9306529296875 0.19510048828125 0.8932724609375 0.19244765625 0.8906197265625 0.189794921875 0.8894138671875 0.14590302734375
0 0.9984791015625 0.1901353515625 0.98153857421875 0.19124189453125 0.9762330078125 0.1885890625 0.9769564453125 0.16471376953125 0.96755107421875 0.16471376953125 0.9648982421875 0.1623021484375 0.9648982421875 0.14469716796875 0.96658642578125 0.14276787109375 0.9984791015625 0.14645087890625 0.9984791015625 0.1901353515625
0 0.72495654296875 0.00649658203125 0.7800515625 0.007419921875 0.7800515625 0.01419140625 0.77851259765625 0.04096943359375 0.77266455078125 0.04312392578125 0.76712431640625 0.04066162109375 0.7643541015625 0.03696806640625 0.7209552734375 0.0363525390625 0.7206474609375 0.031735546875 0.72187861328125 0.007419921875 0.72495654296875 0.00649658203125
0 0.648316015625 0.03081220703125 0.6652447265625 0.01203681640625 0.6704771484375 0.01234462890625 0.67847978515625 0.019731640625 0.68124990234375 0.0289654296875 0.6707849609375 0.03943046875 0.66832265625 0.0363525390625 0.661243359375 0.04404736328125 0.65293291015625 0.03696806640625 0.648316015625 0.03081220703125
0 0.71163974609375 0.0696861328125 0.78744326171875 0.0699822265625 0.789516015625 0.072943359375 0.789219921875 0.1021099609375 0.78744326171875 0.1025541015625 0.7097150390625 0.10151767578125 0.70749423828125 0.09722412109375 0.70764228515625 0.07116669921875 0.71163974609375 0.0696861328125
0 0.90842451171875 9.08203125e-06 0.907480078125 0.02716943359375 0.89028486328125 0.02754736328125 0.88952900390625 0.022634375 0.88934013671875 9.375e-06 0.90842451171875 9.08203125e-06
0 0.94659453125 8.3984375e-06 0.94697236328125 0.027736328125 0.92996611328125 0.027736328125 0.92958818359375 0.0245240234375 0.93055322265625 8.69140625e-06 0.94659453125 8.3984375e-06
0 0.89028486328125 0.03132646484375 0.90332294921875 0.030570703125 0.9233525390625 0.0315154296875 0.92675380859375 0.0343498046875 0.9269427734375 0.0541904296875 0.92259677734375 0.0557021484375 0.90955859375 0.0549462890625 0.90899169921875 0.0626935546875 0.8880173828125 0.063071484375 0.88631669921875 0.060237109375 0.88669462890625 0.03453876953125 0.89028486328125 0.03132646484375
0 0.9290212890625 0.0315154296875 0.92921025390625 0.03000380859375 0.94205947265625 0.030570703125 0.94281533203125 0.03378291015625 0.9482951171875 0.034727734375 0.9503736328125 0.05230087890625 0.92883232421875 0.0538125 0.9290212890625 0.0315154296875
0 0.9431931640625 0.05589111328125 0.9630337890625 0.0549462890625 0.96605712890625 0.0642052734375 0.97456025390625 0.064583203125 0.97720576171875 0.071574609375 0.978339453125 0.09122626953125 0.94073671875 0.09273798828125 0.9403587890625 0.0585365234375 0.9431931640625 0.05589111328125
0 0.998479296875 0.06676669921875 0.9794732421875 0.06571689453125 0.9779615234375 0.044742578125 0.981173828125 0.03737314453125 0.99847939453125 0.0382416015625 0.998479296875 0.06676669921875
0 0.99847939453125 0.03074560546875 0.9794732421875 0.030570703125 0.97815087890625 7.71484375e-06 0.9984794921875 7.32421875e-06 0.99847939453125 0.03074560546875
0 0.91880400390625 0.99900888671875 0.917676171875 0.95280654296875 0.9395646484375 0.95280654296875 0.94110068359375 0.95319052734375 0.94110068359375 0.94397431640625 0.96798134765625 0.94359033203125 0.9699013671875 0.9512705078125 0.996398046875 0.94896640625 0.998479296875 0.94941015625 0.99847939453125 0.99900732421875 0.91880400390625 0.99900888671875
0 0.8004603515625 0.9384693359375 0.8063541015625 0.92173115234375 0.8087115234375 0.92220263671875 0.808947265625 0.9233814453125 0.86458388671875 0.94412724609375 0.86788427734375 0.94530595703125 0.861990625 0.962515625 0.85869013671875 0.962515625 0.8004603515625 0.9384693359375
0 0.7947158203125 0.99901083984375 0.798713671875 0.98311787109375 0.81653564453125 0.9916111328125 0.81987724609375 0.9932123046875 0.818212109375 0.99901044921875 0.7947158203125 0.99901083984375
