1 0.11217021484375 0.18578505859375 0.12174365234375 0.1980037109375 0.1059978515625 0.21097822265625 0.09617255859375 0.19913740234375 0.11217021484375 0.18578505859375
1 0.092523046875 0.31470830078125 0.10091240234375 0.32388720703125 0.088081640625 0.3356322265625 0.0791001953125 0.3255650390625 0.092523046875 0.31470830078125
1 0.06483076171875 0.36521806640625 0.0757345703125 0.3798337890625 0.06436669921875 0.3881083984375 0.053694921875 0.37264189453125 0.06483076171875 0.36521806640625
1 0.098026953125 0.4040767578125 0.10888369140625 0.41345302734375 0.10197490234375 0.4221384765625 0.0911181640625 0.41246611328125 0.098026953125 0.4040767578125
0 0.01446396484375 0.66874228515625 0.02127412109375 0.6781185546875 0.01288486328125 0.68394169921875 0.0062720703125 0.6742693359375 0.01446396484375 0.66874228515625
4 0.05086123046875 0.70585419921875 0.0598048828125 0.716309375 0.0497275390625 0.72537890625 0.04053203125 0.71492373046875 0.05086123046875 0.70585419921875
1 0.35184873046875 0.5766314453125 0.36529677734375 0.5962361328125 0.357262109375 0.6023482421875 0.3438865234375 0.583225390625 0.35184873046875 0.5766314453125
0 0.3314396484375 0.60891005859375 0.330413671875 0.62614560546875 0.31092109375 0.625530078125 0.31174189453125 0.60829443359375 0.3314396484375 0.60891005859375
1 0.40996708984375 0.57659501953125 0.4183513671875 0.58653505859375 0.4091759765625 0.59528837890625 0.40046669921875 0.58507880859375 0.40996708984375 0.57659501953125
1 0.39228154296875 0.48217626953125 0.3990337890625 0.49198310546875 0.38617236328125 0.50146845703125 0.379259375 0.49182236328125 0.39228154296875 0.48217626953125
0 0.4039279296875 0.464970703125 0.41413125 0.477189453125 0.40669921875 0.4834876953125 0.39649599609375 0.47076513671875 0.4039279296875 0.464970703125
1 0.4319451171875 0.44740537109375 0.4397421875 0.45638681640625 0.4319451171875 0.462703515625 0.42701015625 0.45668291015625 0.42829326171875 0.455005078125 0.42622060546875 0.45214287109375 0.4319451171875 0.44740537109375
1 0.4750892578125 0.57661650390625 0.482693359375 0.58672333984375 0.47689248046875 0.59097294921875 0.46962314453125 0.580475 0.4750892578125 0.57661650390625
0 0.527423828125 0.62539072265625 0.521223828125 0.630958203125 0.52266015625 0.633830859375 0.50952822265625 0.6455263671875 0.49496015625 0.62664931640625 0.50234677734375 0.621930078125 0.49783271484375 0.61495380859375 0.508434375 0.60823798828125 0.51213203125 0.61322177734375 0.516955078125 0.610488671875 0.527423828125 0.62539072265625
1 0.93728017578125 0.20769296875 0.94253876953125 0.2142662109375 0.932330859375 0.22261806640625 0.927381640625 0.215116796875 0.93728017578125 0.20769296875
1 0.95450283203125 0.1463171875 0.97037451171875 0.13120126953125 0.9804517578125 0.14115263671875 0.96319443359375 0.15727626953125 0.95450283203125 0.1463171875
1 0.92686591796875 0.07010185546875 0.91578583984375 0.07871962890625 0.90593701171875 0.0647669921875 0.9170169921875 0.05697001953125 0.92686591796875 0.07010185546875
1 0.9284833984375 1.5625e-06 0.931622265625 0.003678125 0.9182978515625 0.01663583984375 0.9231208984375 0.02242353515625 0.89096728515625 0.0512009765625 0.88067822265625 0.04026875 0.90270341796875 0.019208203125 0.8947875 0.01020263671875 0.906559765625 1.7578125e-06 0.9284833984375 1.5625e-06
1 0.8040142578125 2.734375e-06 0.80667666015625 0.00309326171875 0.799588671875 0.00853310546875 0.79228916015625 2.83203125e-06 0.8040142578125 2.734375e-06
1 0.8291822265625 2.5390625e-06 0.83302900390625 0.00388291015625 0.82296181640625 0.01375263671875 0.809640234375 2.63671875e-06 0.8291822265625 2.5390625e-06
0 0.88524814453125 0.16918291015625 0.8925947265625 0.177921484375 0.87635498046875 0.19153193359375 0.86869912109375 0.18240673828125 0.88524814453125 0.16918291015625
1 0.97974462890625 0.12996484375 0.9843833984375 0.1338140625 0.9799419921875 0.13884765625 0.9755005859375 0.13470234375 0.97974462890625 0.12996484375
1 0.7242701171875 0.1382396484375 0.71696650390625 0.1462341796875 0.70482666015625 0.13498271484375 0.7118341796875 0.12767900390625 0.7242701171875 0.1382396484375
1 0.651944140625 0.0466337890625 0.6584943359375 0.05469560546875 0.6489208984375 0.06166865234375 0.6427955078125 0.05293203125 0.651944140625 0.0466337890625
1 0.6093818359375 0.07737705078125 0.61837109375 0.090883203125 0.60525625 0.1001115234375 0.59587734375 0.08621923828125 0.6093818359375 0.07737705078125
1 0.57124716796875 0.11654267578125 0.58168701171875 0.12968916015625 0.57379912109375 0.13556640625 0.56382333984375 0.12195595703125 0.57124716796875 0.11654267578125
0 0.5731671875 0.1472896484375 0.5818486328125 0.1595080078125 0.5598234375 0.1742986328125 0.55178505859375 0.1624017578125 0.55564345703125 0.1598294921875 0.55339267578125 0.1561318359375 0.55950185546875 0.15146953125 0.563199609375 0.1550064453125 0.5731671875 0.1472896484375
1 0.521889453125 0.03135546875 0.53860927734375 0.048396875 0.52124638671875 0.06206220703125 0.5059734375 0.0445384765625 0.521889453125 0.03135546875
1 0.3861685546875 0.0402431640625 0.39743564453125 0.05679541015625 0.3865845703125 0.06453935546875 0.37505419921875 0.047699609375 0.3861685546875 0.0402431640625
0 0.3602966796875 0.07131083984375 0.38113076171875 0.0942392578125 0.3714302734375 0.1020658203125 0.3518087890625 0.07825556640625 0.3602966796875 0.07131083984375
1 0.2372880859375 0.21067529296875 0.22392275390625 0.22193037109375 0.20999462890625 0.20490712890625 0.2164662109375 0.20054580078125 0.215903515625 0.1973099609375 0.22012412109375 0.19421484375 0.22434482421875 0.1947775390625 0.2372880859375 0.21067529296875
1 0.2397248046875 0.21373759765625 0.24456162109375 0.21943798828125 0.23670185546875 0.2260021484375 0.23212421875 0.22021533203125 0.2397248046875 0.21373759765625
1 0.29544892578125 0.12057265625 0.30543779296875 0.133656640625 0.295308203125 0.1409724609375 0.2861634765625 0.12746630859375 0.29544892578125 0.12057265625
1 0.28672626953125 0.14167587890625 0.29854404296875 0.154619140625 0.28644482421875 0.16615556640625 0.274486328125 0.15293095703125 0.28672626953125 0.14167587890625
1 0.29134228515625 0.16828857421875 0.29741435546875 0.17734501953125 0.28583994140625 0.18406923828125 0.2804384765625 0.1746994140625 0.29134228515625 0.16828857421875
0 0.3226931640625 0.13246533203125 0.33486484375 0.150675 0.3241 0.15778916015625 0.31256357421875 0.13907763671875 0.3226931640625 0.13246533203125
0 0.88936533203125 0.19498505859375 0.8965404296875 0.20764697265625 0.88584814453125 0.21285244140625 0.87951708984375 0.2000498046875 0.88936533203125 0.19498505859375
1 0.10914013671875 0.9247978515625 0.122698828125 0.94122255859375 0.1154234375 0.9467341796875 0.10241591796875 0.93019921875 0.10914013671875 0.9247978515625
1 0.07843046875 0.74711025390625 0.0854853515625 0.74292138671875 0.0911072265625 0.75251171875 0.08394208984375 0.7567005859375 0.07843046875 0.74711025390625
1 0.324421875 0.71698955078125 0.33145634765625 0.7243052734375 0.31668408203125 0.73921826171875 0.3092275390625 0.73133974609375 0.324421875 0.71698955078125
1 0.371109375 0.78488984375 0.38692177734375 0.8119314453125 0.3720259765625 0.8208689453125 0.357359375 0.79382734375 0.371109375 0.78488984375
0 0.43963623046875 0.79548291015625 0.452016796875 0.80898896484375 0.44427890625 0.8158826171875 0.43274248046875 0.8022359375 0.43963623046875 0.79548291015625
1 0.4361607421875 0.82493896484375 0.44980751953125 0.811995703125 0.4575453125 0.81959287109375 0.4438986328125 0.83267685546875 0.4361607421875 0.82493896484375
0 0.33303916015625 0.8879625 0.3468265625 0.90371962890625 0.338948046875 0.9110353515625 0.325160546875 0.89485625 0.33303916015625 0.8879625
4 0.4433162109375 0.9121896484375 0.45083994140625 0.92165771484375 0.4358875 0.93389609375 0.4282814453125 0.92419560546875 0.4433162109375 0.9121896484375
0 0.36752890625 0.92580556640625 0.37323974609375 0.940898828125 0.36042470703125 0.94597216796875 0.35518076171875 0.930847265625 0.36752890625 0.92580556640625
1 0.49216474609375 0.893362890625 0.50222001953125 0.88564189453125 0.5134380859375 0.8998740234375 0.50239189453125 0.90757099609375 0.49216474609375 0.893362890625
0 0.39926220703125 0.9787876953125 0.3967095703125 0.9692267578125 0.4091916015625 0.96476748046875 0.41201083984375 0.97411923828125 0.39926220703125 0.9787876953125
1 0.5175650390625 0.9417388671875 0.534844921875 0.93564248046875 0.54011572265625 0.9503091796875 0.52269912109375 0.95626748046875 0.5175650390625 0.9417388671875
1 0.14148466796875 0.94661044921875 0.1511921875 0.9401388671875 0.15794521484375 0.950127734375 0.147815625 0.9567400390625 0.14148466796875 0.94661044921875
1 0.1227224609375 0.60234033203125 0.13205947265625 0.6032380859375 0.13072080078125 0.613643359375 0.1216451171875 0.61295361328125 0.1227224609375 0.60234033203125
4 0.342916796875 0.1677375 0.34952548828125 0.17553037109375 0.342011328125 0.18062626953125 0.33631083984375 0.172519921875 0.342916796875 0.1677375
1 0.53746494140625 0.1894642578125 0.55075654296875 0.20229755859375 0.53838154296875 0.214443359375 0.52508994140625 0.20161005859375 0.53746494140625 0.1894642578125
0 0.5728298828125 0.23212099609375 0.586808984375 0.24747509765625 0.5735224609375 0.2599416015625 0.55989482421875 0.2444908203125 0.5728298828125 0.23212099609375
4 0.3639921875 0.19157236328125 0.36774013671875 0.19653291015625 0.36410244140625 0.1995091796875 0.36553544921875 0.2022650390625 0.35737822265625 0.2074458984375 0.35285869140625 0.199288671875 0.3639921875 0.19157236328125
1 0.45544599609375 0.49534501953125 0.46192373046875 0.5026001953125 0.448536328125 0.5146919921875 0.44145400390625 0.50648681640625 0.45544599609375 0.49534501953125
1 0.36844140625 0.61984755859375 0.38222060546875 0.62646162109375 0.3781419921875 0.6359416015625 0.363921875 0.6281150390625 0.36844140625 0.61984755859375
0 0.4097197265625 0.41892109375 0.39688134765625 0.40402021484375 0.4165896484375 0.3877494140625 0.42896455078125 0.403103515625 0.4097197265625 0.41892109375
1 0.1431708984375 0.9196650390625 0.138398046875 0.91360712890625 0.14418056640625 0.90874248046875 0.14932060546875 0.9148921875 0.1431708984375 0.9196650390625
1 0.585001953125 0.22547568359375 0.6019212890625 0.208678125 0.61986259765625 0.2266193359375 0.60296787109375 0.244112109375 0.585001953125 0.22547568359375
1 0.906559765625 1.7578125e-06 0.8947875 0.01020263671875 0.883187890625 0.00065966796875 0.8704759765625 0.00659208984375 0.862491015625 2.24609375e-06 0.906559765625 1.7578125e-06
