0 0.4102240234375 0.20226396484375 0.39936533203125 0.18706181640625 0.3986970703125 0.1878970703125 0.3911794921875 0.17921015625 0.40738408203125 0.167683203125 0.41556982421875 0.16283857421875 0.4187439453125 0.16751611328125 0.428934375 0.160666796875 0.43260966796875 0.163673828125 0.435449609375 0.16233740234375 0.4471435546875 0.17854189453125 0.447477734375 0.18104775390625 0.444971875 0.1828853515625 0.44614130859375 0.18505712890625 0.44597421875 0.187730078125 0.43912490234375 0.192240625 0.43461435546875 0.1929087890625 0.428934375 0.18505712890625 0.428433203125 0.1843888671875 0.42358857421875 0.187730078125 0.42592734375 0.1909041015625 0.4262615234375 0.19407822265625 0.41339814453125 0.20176279296875 0.4102240234375 0.20226396484375
0 0.36548173828125 0.2294533203125 0.3539291015625 0.23342734375 0.35066611328125 0.2292583984375 0.35080078125 0.223046875 0.362734375 0.218544921875 0.36548173828125 0.2294533203125
0 0.362607421875 0.218076171875 0.350478515625 0.222646484375 0.34889443359375 0.22166220703125 0.347398828125 0.22030517578125 0.3467634765625 0.2161421875 0.34467939453125 0.2130533203125 0.3449060546875 0.20512158203125 0.35066611328125 0.20169404296875 0.3573484375 0.19902109375 0.362607421875 0.218076171875
0 0.997101953125 0.3203978515625 0.9914220703125 0.334896484375 0.97414443359375 0.32784296875 0.98002421875 0.3136248046875 0.997101953125 0.3203978515625
4 0.95246259765625 0.26951767578125 0.94966982421875 0.27406875 0.92764267578125 0.264091796875 0.929951953125 0.25954150390625 0.95246259765625 0.26951767578125
0 0.828883203125 0.46219912109375 0.83381787109375 0.47023505859375 0.83680859375 0.47502021484375 0.822453125 0.48350439453125 0.81482685546875 0.4705341796875 0.8215689453125 0.4659115234375 0.828883203125 0.46219912109375
0 0.7555912109375 0.50047724609375 0.76593662109375 0.49134892578125 0.7766876953125 0.4860748046875 0.78561318359375 0.4990572265625 0.80386982421875 0.48668330078125 0.813947265625 0.50199833984375 0.789873046875 0.5199509765625 0.78686552734375 0.515730859375 0.77344208984375 0.52502216796875 0.7555912109375 0.50047724609375
0 0.86874560546875 0.5432875 0.8760482421875 0.55870419921875 0.86002294921875 0.56681826171875 0.8524822265625 0.5512384765625 0.86874560546875 0.5432875
0 0.3493279296875 0.86115419921875 0.3492849609375 0.85218583984375 0.3553705078125 0.8418404296875 0.37230341796875 0.84647470703125 0.376061328125 0.830075 0.3947236328125 0.83595771484375 0.38640673828125 0.8731431640625 0.3493279296875 0.86115419921875
0 0.437541796875 0.8458126953125 0.43809296875 0.841623828125 0.44669111328125 0.836553125 0.4580451171875 0.8470251953125 0.45782470703125 0.84989130859375 0.448675390625 0.8568359375 0.437541796875 0.8458126953125
0 0.74466494140625 0.88983828125 0.75244072265625 0.8838568359375 0.76231015625 0.878623046875 0.76829150390625 0.88639892578125 0.76799248046875 0.88834287109375 0.772478515625 0.893726171875 0.7753197265625 0.8941748046875 0.7751701171875 0.89671689453125 0.77068408203125 0.90015625 0.76799248046875 0.8997076171875 0.7641044921875 0.90239921875 0.76380546875 0.904791796875 0.76051572265625 0.9076330078125 0.75573056640625 0.90733388671875 0.74466494140625 0.88983828125
4 0.76381787109375 0.8725505859375 0.75738779296875 0.8607765625 0.76585576171875 0.85581025390625 0.76794921875 0.85655791015625 0.768696875 0.85416533203125 0.776622265625 0.85057646484375 0.781407421875 0.859997265625 0.77258486328125 0.8641841796875 0.7739306640625 0.8667263671875 0.76381787109375 0.8725505859375
0 0.81583544921875 0.881275390625 0.80852373046875 0.87147666015625 0.80583388671875 0.8699333984375 0.80461669921875 0.8603994140625 0.8281474609375 0.84538837890625 0.8419458984375 0.86654228515625 0.83663203125 0.87074482421875 0.83266357421875 0.87381826171875 0.82571328125 0.87764169921875 0.8234642578125 0.87723603515625 0.81583544921875 0.881275390625
