0 0.2959919921875 0.07359951171875 0.3064564453125 0.066212890625 0.31445859375 0.0592365234375 0.34072236328125 0.0935025390625 0.33292529296875 0.100683984375 0.322666015625 0.10991728515625 0.2959919921875 0.07359951171875
0 0.18447890625 0.12062333984375 0.18447890625 0.11634052734375 0.1941783203125 0.11608857421875 0.19405234375 0.112939453125 0.206019140625 0.112939453125 0.2063970703125 0.12100126953125 0.20664892578125 0.131078515625 0.1848568359375 0.13208623046875 0.18447890625 0.12062333984375
0 0.01399189453125 0.12994921875 0.03457021484375 0.1286630859375 0.03698173828125 0.1260908203125 0.09968125 0.1190169921875 0.1024142578125 0.14007763671875 0.05193310546875 0.14779453125 0.02604951171875 0.15068828125 0.0157603515625 0.14972373046875 0.01399189453125 0.12994921875
3 0.422259375 3.90625e-06 0.43082119140625 0.00865078125 0.41709091796875 0.0202396484375 0.417720703125 0.0207435546875 0.39151982421875 0.0405201171875 0.37967900390625 0.0252783203125 0.39391318359375 0.01293359375 0.39353525390625 0.01230380859375 0.40796943359375 3.90625e-06 0.422259375 3.90625e-06
1 0.37711513671875 0.07512900390625 0.39240419921875 0.0656552734375 0.40748251953125 0.0507119140625 0.4250501953125 0.0396669921875 0.43702919921875 0.02773115234375 0.47355224609375 0.07574453125 0.46206181640625 0.0896970703125 0.44462109375 0.09769931640625 0.43046328125 0.113908984375 0.4165107421875 0.12416826171875 0.39476103515625 0.09728896484375 0.37711513671875 0.07512900390625
4 0.5152908203125 4.00390625e-06 0.5083880859375 0.00453173828125 0.50582421875 4.00390625e-06 0.5152908203125 4.00390625e-06
4 0.5089802734375 0.00591357421875 0.51785703125 4.00390625e-06 0.5178658203125 4.00390625e-06 0.52033046875 0.00364345703125 0.51154638671875 0.00996015625 0.5089802734375 0.00591357421875
4 0.5205888671875 0.00421767578125 0.52472294921875 0.0089703125 0.51440390625 0.01746640625 0.5103349609375 0.01242080078125 0.5205888671875 0.00421767578125
4 0.4868171875 0.009437109375 0.491960546875 0.00715703125 0.50214111328125 0.0277833984375 0.49630849609375 0.03080576171875 0.4868171875 0.009437109375
4 0.4934970703125 0.0065365234375 0.4977919921875 0.0042564453125 0.5026171875 0.013164453125 0.49826923828125 0.01544453125 0.4934970703125 0.0065365234375
4 0.498855859375 0.0045166015625 0.503055078125 0.0020751953125 0.511453515625 0.0159423828125 0.50709150390625 0.01874189453125 0.499832421875 0.0064697265625 0.498855859375 0.0045166015625
0 0.5624341796875 3.90625e-06 0.554138671875 0.00623642578125 0.54883193359375 4.00390625e-06 0.5624341796875 3.90625e-06
0 0.539173828125 0.02253486328125 0.56843701171875 0.000728125 0.58588232421875 0.01775146484375 0.58419404296875 0.020565234375 0.58897744140625 0.028584375 0.58503818359375 0.03167958984375 0.58982158203125 0.03730712890625 0.56407568359375 0.05447109375 0.539173828125 0.02253486328125
0 0.7038703125 0.000891015625 0.70879443359375 0.00764404296875 0.713437109375 0.00764404296875 0.7182205078125 0.01566328125 0.7156880859375 0.0174921875 0.71850185546875 0.02213486328125 0.7224412109375 0.01932109375 0.72750595703125 0.0283251953125 0.7217376953125 0.03324931640625 0.72835009765625 0.04211259765625 0.71934599609375 0.04942841796875 0.71146748046875 0.0492876953125 0.70907578125 0.04591123046875 0.6895201171875 0.06026142578125 0.68150087890625 0.04731806640625 0.66672861328125 0.02804384765625 0.7038703125 0.000891015625
0 0.11650126953125 0.03053955078125 0.13966416015625 0.0312578125 0.14020283203125 0.1050560546875 0.1163216796875 0.10433779296875 0.11650126953125 0.03053955078125
0 0.26976240234375 3.3203125e-06 0.247708984375 0.06964912109375 0.23646923828125 0.0739025390625 0.231772265625 0.08685 0.16318115234375 0.065841796875 0.16915419921875 0.04698818359375 0.22976328125 0.06317294921875 0.24800517578125 3.22265625e-06 0.26976240234375 3.3203125e-06
0 0.99908740234375 0.3384388671875 0.98972666015625 0.34895048828125 0.978330859375 0.33600712890625 0.99908740234375 0.3147146484375 0.99908740234375 0.3384388671875
2 0.99908740234375 0.30087021484375 0.99015068359375 0.293184375 0.9966462890625 0.286251171875 0.9973373046875 0.28530107421875 0.99908740234375 0.28308916015625 0.99908740234375 0.30087021484375
2 0.99908740234375 0.27366884765625 0.9694744140625 0.30168642578125 0.943900390625 0.27699423828125 0.9616478515625 0.25428623046875 0.96374228515625 0.25682158203125 0.9667185546875 0.25340439453125 0.965285546875 0.2513099609375 0.97465537109375 0.24028662109375 0.99908740234375 0.264168359375 0.99908740234375 0.27366884765625
0 0.849012109375 0.13619990234375 0.8532328125 0.137325390625 0.8564685546875 0.1343708984375 0.88488759765625 0.1674326171875 0.8658947265625 0.18445595703125 0.8467611328125 0.16363408203125 0.8445724609375 0.16479697265625 0.83375009765625 0.1510861328125 0.849012109375 0.13619990234375
2 0.9990873046875 0.2541203125 0.98283603515625 0.23480048828125 0.9990873046875 0.218637109375 0.9990873046875 0.2541203125
2 0.926771875 0.1637208984375 0.96074111328125 0.1988099609375 0.9439318359375 0.2153265625 0.91705888671875 0.24338408203125 0.8853369140625 0.20440927734375 0.8950423828125 0.19470380859375 0.926771875 0.1637208984375
2 0.96058623046875 0.20048154296875 0.98395556640625 0.22385087890625 0.9778927734375 0.2312365234375 0.95309033203125 0.256259375 0.955184765625 0.25868447265625 0.95022431640625 0.26485751953125 0.94736982421875 0.26344765625 0.93853525390625 0.2721140625 0.91980732421875 0.253301953125 0.92354794921875 0.250086328125 0.91847724609375 0.24380302734375 0.96058623046875 0.20048154296875
0 8.6328125e-05 0.18765859375 0.00826123046875 0.1845732421875 0.00952734375 0.18780908203125 0.01402939453125 0.1854173828125 0.0143107421875 0.18401044921875 0.02261142578125 0.180633984375 0.02528447265625 0.18569873046875 0.0307712890625 0.18344775390625 0.03442919921875 0.19174833984375 0.0289423828125 0.196250390625 0.0316154296875 0.2020185546875 8.6328125e-05 0.21425185546875 8.6328125e-05 0.18765859375
0 8.642578125e-05 0.60631669921875 0.0092966796875 0.6024404296875 0.02096787109375 0.63152880859375 0.00534638671875 0.6370951171875 8.642578125e-05 0.6370951171875 8.642578125e-05 0.60631669921875
0 0.058660546875 0.641018359375 0.06494384765625 0.63693974609375 0.06505400390625 0.6360578125 0.0735419921875 0.63021552734375 0.10980859375 0.6798203125 0.09514765625 0.69282783203125 0.065384765625 0.65049833984375 0.058660546875 0.641018359375
0 0.08930556640625 0.692398828125 0.09580927734375 0.7007765625 0.06913291015625 0.721059375 0.0675896484375 0.7189650390625 0.06428271484375 0.72094921875 0.0618576171875 0.7176421875 0.0654953125 0.71499658203125 0.06295986328125 0.7105873046875 0.08930556640625 0.692398828125
0 0.12678125 0.76466728515625 0.1433005859375 0.75515068359375 0.172209375 0.8056064453125 0.1571265625 0.814045703125 0.15533095703125 0.81135224609375 0.15209892578125 0.81332744140625 0.12498564453125 0.76574462890625 0.12678125 0.76466728515625
0 0.4936720703125 0.153969921875 0.49995703125 0.16261181640625 0.50519453125 0.16130244140625 0.528239453125 0.19403671875 0.50859892578125 0.21027294921875 0.4845064453125 0.17832421875 0.48633955078125 0.176229296875 0.4784833984375 0.1654923828125 0.4936720703125 0.153969921875
0 0.5033099609375 0.11580341796875 0.528755078125 0.1464130859375 0.5150248046875 0.15749814453125 0.520819140625 0.1648041015625 0.51552861328125 0.16833115234375 0.48529677734375 0.12890380859375 0.5033099609375 0.11580341796875
1 0.37642080078125 0.23371689453125 0.4193681640625 0.28242548828125 0.409155078125 0.29159111328125 0.39920380859375 0.28294921875 0.39449013671875 0.28740107421875 0.36097021484375 0.24654873046875 0.37642080078125 0.23371689453125
0 0.3612634765625 0.29809833984375 0.37283876953125 0.30903056640625 0.36045966796875 0.32285654296875 0.35402890625 0.316908203125 0.349205859375 0.31128125 0.3612634765625 0.29809833984375
0 0.4236845703125 0.28553486328125 0.434442578125 0.29806943359375 0.4195392578125 0.3128740234375 0.40848515625 0.30172119140625 0.42111845703125 0.2901736328125 0.4210197265625 0.2881009765625 0.4236845703125 0.28553486328125
0 0.44214443359375 0.32155498046875 0.4475728515625 0.32570029296875 0.455369921875 0.3160279296875 0.46316708984375 0.32283798828125 0.44589501953125 0.3405048828125 0.43493955078125 0.33004296875 0.44214443359375 0.32155498046875
0 0.4675857421875 0.32097685546875 0.47765283203125 0.33134013671875 0.4554458984375 0.3534484375 0.4456748046875 0.34209814453125 0.4675857421875 0.32097685546875
1 0.48671455078125 0.26558505859375 0.49830341796875 0.27805576171875 0.4849509765625 0.28901474609375 0.4734880859375 0.2742767578125 0.47940849609375 0.26873427734375 0.48180185546875 0.27037177734375 0.48671455078125 0.26558505859375
1 0.4997 0.27830380859375 0.51309072265625 0.29411826171875 0.50018466796875 0.30569130859375 0.4916412109375 0.29514833984375 0.49297421875 0.29417880859375 0.4881875 0.2879984375 0.4997 0.27830380859375
2 0.603726171875 0.15183349609375 0.68102158203125 0.2314076171875 0.65695224609375 0.25586240234375 0.57930908203125 0.17645576171875 0.603726171875 0.15183349609375
0 0.63089833984375 0.2418724609375 0.65630009765625 0.2709404296875 0.64739638671875 0.2814154296875 0.62935693359375 0.29850224609375 0.60235400390625 0.26727421875 0.6136146484375 0.25679931640625 0.63089833984375 0.2418724609375
0 0.55664638671875 0.31569970703125 0.57545625 0.33547412109375 0.5622732421875 0.34785322265625 0.5428203125 0.32807880859375 0.55664638671875 0.31569970703125
0 0.53895 0.32936494140625 0.54200458984375 0.3285611328125 0.56033212890625 0.35010400390625 0.53525224609375 0.37566611328125 0.5146740234375 0.35251552734375 0.53895 0.32936494140625
0 0.254538671875 0.515724609375 0.27608154296875 0.5390359375 0.261933984375 0.55270126953125 0.24055185546875 0.52826455078125 0.254538671875 0.515724609375
0 0.1640005859375 0.5731435546875 0.19335068359375 0.59833671875 0.1759673828125 0.6186171875 0.14749912109375 0.59266826171875 0.1640005859375 0.5731435546875
1 0.3934482421875 0.30108994140625 0.40637763671875 0.31372314453125 0.3946326171875 0.32685 0.3816044921875 0.31332841796875 0.3934482421875 0.30108994140625
0 0.3704255859375 0.3127537109375 0.3939634765625 0.334917578125 0.3846419921875 0.34612861328125 0.3611205078125 0.32315078125 0.3704255859375 0.3127537109375
0 0.49110556640625 0.3772330078125 0.50999658203125 0.3980458984375 0.4881251953125 0.41726162109375 0.4690615234375 0.39637978515625 0.49110556640625 0.3772330078125
0 0.41558349609375 0.42719755859375 0.431177734375 0.4464435546875 0.4214318359375 0.45515615234375 0.41351083984375 0.46233388671875 0.40452939453125 0.46944013671875 0.39367265625 0.4572015625 0.38597421875 0.46282734375 0.3826185546875 0.45868203125 0.382125 0.4544380859375 0.3985087890625 0.4411138671875 0.39436357421875 0.43588291015625 0.4038384765625 0.42867802734375 0.4076876953125 0.433908984375 0.41558349609375 0.42719755859375
0 0.004507421875 0.579521875 0.02203115234375 0.57180498046875 0.02363876953125 0.5748595703125 0.0287833984375 0.5735734375 0.03151640625 0.5796826171875 0.03939404296875 0.57550263671875 0.04936171875 0.6015470703125 0.04662861328125 0.6026724609375 0.04518173828125 0.60781708984375 0.0365001953125 0.61810615234375 0.03810791015625 0.623572265625 0.02331728515625 0.62887763671875 0.004507421875 0.579521875
0 0.250489453125 0.569687890625 0.27962578125 0.6058005859375 0.2628005859375 0.6156494140625 0.24618056640625 0.61134052734375 0.2396146484375 0.616059765625 0.22668798828125 0.59143759765625 0.23263837890625 0.5875390625 0.230996875 0.58446123046875 0.250489453125 0.569687890625
0 0.822315625 0.16395869140625 0.83327099609375 0.17708544921875 0.82695439453125 0.18271123046875 0.81057060546875 0.19593671875 0.8003060546875 0.18359951171875 0.822315625 0.16395869140625
0 0.83481513671875 0.178728125 0.84174326171875 0.17797236328125 0.8506869140625 0.18893134765625 0.8064728515625 0.2278548828125 0.7880818359375 0.24246689453125 0.776241015625 0.22583935546875 0.78669619140625 0.21752568359375 0.78669619140625 0.21425048828125 0.80080439453125 0.20089814453125 0.806094921875 0.20593681640625 0.811385546875 0.20102412109375 0.80999990234375 0.19837880859375 0.83481513671875 0.178728125
0 0.735941015625 0.22478232421875 0.80391953125 0.31460478515625 0.79489140625 0.32383818359375 0.7230765625 0.23499296875 0.735941015625 0.22478232421875
2 0.85779365234375 0.2667005859375 0.87483623046875 0.2864306640625 0.8548072265625 0.30406240234375 0.852951171875 0.30251572265625 0.84459931640625 0.3097076171875 0.8415060546875 0.305763671875 0.83717548828125 0.3093982421875 0.83013818359375 0.30151044921875 0.82797294921875 0.30251572265625 0.822095703125 0.29601982421875 0.85779365234375 0.2667005859375
0 0.80331650390625 0.35044404296875 0.8297853515625 0.381221875 0.79326240234375 0.41097373046875 0.77110234375 0.38778779296875 0.78074609375 0.3785544921875 0.77602685546875 0.3726041015625 0.80331650390625 0.35044404296875
0 0.1624373046875 0.7326494140625 0.16854658203125 0.72916953125 0.16638125 0.72538017578125 0.17527451171875 0.72019892578125 0.1772078125 0.7236015625 0.1919033203125 0.71485810546875 0.20775400390625 0.74154267578125 0.19700478515625 0.747497265625 0.19599951171875 0.74548662109375 0.19213291015625 0.74803857421875 0.19429814453125 0.75414775390625 0.1858689453125 0.75840107421875 0.1833943359375 0.75484375 0.16846923828125 0.763118359375 0.1628240234375 0.752291796875 0.1706345703125 0.747110546875 0.16823720703125 0.7433212890625 0.16661328125 0.7432439453125 0.1629013671875 0.7382947265625 0.16220537109375 0.73319072265625 0.1624373046875 0.7326494140625
0 0.20972275390625 0.68272587890625 0.21705517578125 0.6787978515625 0.25293193359375 0.7361482421875 0.23617197265625 0.7479326171875 0.23250576171875 0.746361328125 0.2270064453125 0.747670703125 0.20186650390625 0.71127021484375 0.212865234375 0.70498525390625 0.2026521484375 0.6887490234375 0.20972275390625 0.68272587890625
0 0.25762587890625 0.6751732421875 0.28093720703125 0.70748759765625 0.25280283203125 0.72886982421875 0.2389767578125 0.702825390625 0.25055205078125 0.6943046875 0.24476435546875 0.68530166015625 0.25762587890625 0.6751732421875
0 0.28491591796875 0.7271927734375 0.30103955078125 0.7507484375 0.276980078125 0.76561240234375 0.26186416015625 0.74243466796875 0.28491591796875 0.7271927734375
0 0.24951943359375 0.74299833984375 0.253550390625 0.74891875 0.26098232421875 0.7445099609375 0.2699259765625 0.75899599609375 0.237048828125 0.7770091796875 0.2254599609375 0.75710654296875 0.24951943359375 0.74299833984375
0 0.1581330078125 0.89548359375 0.1762998046875 0.91927734375 0.15122001953125 0.93744404296875 0.13385703125 0.91188193359375 0.1581330078125 0.89548359375
0 0.18247236328125 0.89008623046875 0.191919921875 0.90167021484375 0.1755884765625 0.91434609375 0.16680556640625 0.9020974609375 0.18247236328125 0.89008623046875
0 0.17633447265625 0.8718607421875 0.18299951171875 0.877374609375 0.18324189453125 0.8854939453125 0.1754861328125 0.88906884765625 0.16936640625 0.88797822265625 0.166215625 0.88252490234375 0.16797275390625 0.87695048828125 0.16906337890625 0.87410263671875 0.17633447265625 0.8718607421875
0 0.24322109375 0.8650580078125 0.246118359375 0.8631685546875 0.2579591796875 0.87778056640625 0.2395681640625 0.8925185546875 0.2364189453125 0.8930224609375 0.2118556640625 0.9140587890625 0.199762890625 0.89806103515625 0.2247041015625 0.876646875 0.22671962890625 0.87815849609375 0.24322109375 0.8650580078125
0 0.22835712890625 0.8373455078125 0.23755263671875 0.8514537109375 0.21739814453125 0.865183984375 0.2087064453125 0.8515796875 0.22835712890625 0.8373455078125
0 0.23884267578125 0.85253671875 0.24490185546875 0.86144375 0.223512890625 0.876228125 0.2173931640625 0.86707880859375 0.23884267578125 0.85253671875
0 0.26773408203125 0.869836328125 0.28300703125 0.8870384765625 0.253747265625 0.91292216796875 0.25069267578125 0.9126005859375 0.24104658203125 0.9199958984375 0.22818515625 0.90456220703125 0.23381201171875 0.89957841796875 0.26773408203125 0.869836328125
0 0.27513642578125 0.86594736328125 0.28760966796875 0.88063369140625 0.28233818359375 0.88505693359375 0.2696138671875 0.8702119140625 0.27513642578125 0.86594736328125
0 0.3909791015625 0.90310625 0.39733984375 0.90310625 0.4213037109375 0.9450900390625 0.39262060546875 0.96199443359375 0.36902431640625 0.9191107421875 0.3842080078125 0.91008251953125 0.3895427734375 0.9154173828125 0.3864650390625 0.90967216796875 0.3895427734375 0.90331142578125 0.3909791015625 0.90310625
0 0.4167322265625 0.89030439453125 0.4353751953125 0.9244412109375 0.42025927734375 0.9330068359375 0.4002306640625 0.8983662109375 0.4167322265625 0.89030439453125
0 0.42497822265625 0.87238134765625 0.45021884765625 0.91498486328125 0.4378396484375 0.9227017578125 0.41243828125 0.87961591796875 0.42497822265625 0.87238134765625
0 0.45793564453125 0.9127341796875 0.461794140625 0.91771796875 0.47224404296875 0.9116087890625 0.47690625 0.9193255859375 0.47336943359375 0.92238017578125 0.46967177734375 0.92800712890625 0.45182646484375 0.9397431640625 0.44169814453125 0.9227017578125 0.45793564453125 0.9127341796875
0 0.49889345703125 0.826012109375 0.499901171875 0.8256341796875 0.5045619140625 0.83382197265625 0.5109861328125 0.83117666015625 0.529503125 0.86468359375 0.50997841796875 0.87740615234375 0.49158740234375 0.83772685546875 0.4948625 0.83608935546875 0.49183935546875 0.830546875 0.49889345703125 0.826012109375
0 0.5220767578125 0.8185798828125 0.52820107421875 0.8307810546875 0.51789892578125 0.8365255859375 0.51129990234375 0.8237546875 0.5220767578125 0.8185798828125
0 0.43511455078125 0.7140203125 0.45653193359375 0.73859609375 0.4441947265625 0.75093330078125 0.4337328125 0.73938564453125 0.43777939453125 0.7336611328125 0.43393017578125 0.73405595703125 0.43096923828125 0.7366220703125 0.42248125 0.72556796875 0.43511455078125 0.7140203125
0 0.46587822265625 0.7654134765625 0.49585810546875 0.7976607421875 0.47494775390625 0.8165556640625 0.44509384765625 0.78304873046875 0.46587822265625 0.7654134765625
0 0.96261005859375 0.31641904296875 0.9774740234375 0.33506201171875 0.969034375 0.34173818359375 0.962358203125 0.336195703125 0.9435892578125 0.35068173828125 0.9414478515625 0.3480365234375 0.9246943359375 0.35849169921875 0.92003359375 0.352193359375 0.96261005859375 0.31641904296875
0 0.938454296875 0.3507935546875 0.94131484375 0.3487794921875 0.94908876953125 0.3567279296875 0.94472099609375 0.36384921875 0.954026171875 0.3722048828125 0.9430765625 0.381657421875 0.93755224609375 0.3749109375 0.92737421875 0.3611412109375 0.938454296875 0.3507935546875
0 0.95587568359375 0.34673818359375 0.97333544921875 0.3551296875 0.9662974609375 0.3713712890625 0.9474841796875 0.3619646484375 0.95587568359375 0.34673818359375
1 0.632487890625 0.42223583984375 0.64218408203125 0.4348048828125 0.64721171875 0.4310341796875 0.65295751953125 0.44037119140625 0.62458740234375 0.46245673828125 0.6078884765625 0.4364208984375 0.618482421875 0.42762255859375 0.62135537109375 0.430675 0.632487890625 0.42223583984375
0 0.594341015625 0.377846484375 0.60418916015625 0.3722189453125 0.62107177734375 0.398808984375 0.60981669921875 0.40556201171875 0.608269140625 0.4035923828125 0.5982802734375 0.4095013671875 0.57900595703125 0.379534765625 0.58927626953125 0.37165615234375 0.594341015625 0.377846484375
0 0.60825986328125 0.407140625 0.61388037109375 0.4037470703125 0.61552412109375 0.4062392578125 0.62331865234375 0.40035361328125 0.62867412109375 0.406504296875 0.6058109375 0.42324150390625 0.5991927734375 0.4125490234375 0.60825986328125 0.407140625
1 0.42410107421875 0.3462326171875 0.4269671875 0.3486578125 0.42939228515625 0.34579169921875 0.44460439453125 0.3599015625 0.43843134765625 0.36574384765625 0.4300537109375 0.35846845703125 0.42211689453125 0.36706669921875 0.41340849609375 0.3585787109375 0.42410107421875 0.3462326171875
0 0.35518681640625 0.4344748046875 0.3654384765625 0.445498046875 0.35265146484375 0.4571828125 0.34206904296875 0.445498046875 0.35518681640625 0.4344748046875
0 0.34085654296875 0.42819150390625 0.34956494140625 0.43745107421875 0.3429509765625 0.4435138671875 0.33391181640625 0.434254296875 0.34085654296875 0.42819150390625
0 0.32027587890625 0.47157080078125 0.32731025390625 0.4770576171875 0.329701953125 0.474103125 0.35375966796875 0.49548779296875 0.34630322265625 0.5039291015625 0.31591455078125 0.4753693359375 0.32027587890625 0.47157080078125
1 0.17575205078125 0.44716552734375 0.17918955078125 0.44395712890625 0.20004365234375 0.46526962890625 0.20210615234375 0.46458212890625 0.229376953125 0.49826953125 0.1961478515625 0.53149873046875 0.186064453125 0.52072783203125 0.16566865234375 0.49712373046875 0.17048115234375 0.49299873046875 0.15237705078125 0.4726029296875 0.17575205078125 0.44716552734375
1 0.14822451171875 0.4788314453125 0.1801607421875 0.51625458984375 0.160464453125 0.53158955078125 0.13035712890625 0.49458857421875 0.14822451171875 0.4788314453125
1 0.44474609375 0.16376416015625 0.4486853515625 0.1613724609375 0.4661306640625 0.1847267578125 0.44474609375 0.20118720703125 0.42589384765625 0.180083984375 0.44474609375 0.16376416015625
1 0.4165021484375 0.193627734375 0.42311455078125 0.20066220703125 0.43183720703125 0.1939091796875 0.441966796875 0.20502353515625 0.4390123046875 0.207415234375 0.4581458984375 0.22908125 0.44323291015625 0.242165234375 0.40792021484375 0.2009435546875 0.4165021484375 0.193627734375
0 0.51973525390625 0.205971875 0.53061787109375 0.2187546875 0.51904423828125 0.22886005859375 0.508334375 0.21659541015625 0.51973525390625 0.205971875
0 0.86717265625 0.4415642578125 0.88458974609375 0.46436806640625 0.8576560546875 0.4869923828125 0.8517306640625 0.4794509765625 0.83539091796875 0.49040400390625 0.82371962890625 0.47424375 0.837366015625 0.46436806640625 0.82623349609375 0.44892607421875 0.8377251953125 0.44066640625 0.8404185546875 0.4442576171875 0.84598486328125 0.4394095703125 0.855860546875 0.45054208984375 0.86717265625 0.4415642578125
0 0.94091318359375 0.47560947265625 0.94625927734375 0.48109638671875 0.94977646484375 0.47814189453125 0.95273095703125 0.4823625 0.881120703125 0.5496115234375 0.8398990234375 0.49811962890625 0.85424921875 0.4857390625 0.85748505859375 0.489115625 0.8877330078125 0.46238486328125 0.90137978515625 0.478001171875 0.90489697265625 0.47462470703125 0.91657412109375 0.48756796875 0.9216388671875 0.4826439453125 0.92628154296875 0.48742734375 0.94091318359375 0.47560947265625
0 0.614431640625 0.4699955078125 0.6293130859375 0.48983740234375 0.61542373046875 0.50273466796875 0.6106837890625 0.50549052734375 0.61266796875 0.51023056640625 0.60329814453125 0.5157421875 0.60131396484375 0.511883984375 0.60704609375 0.5075849609375 0.60473115234375 0.5037267578125 0.603187890625 0.50460859375 0.59657392578125 0.49490810546875 0.5995501953125 0.491601171875 0.59580234375 0.485979296875 0.614431640625 0.4699955078125
0 0.51416513671875 0.5316404296875 0.51956650390625 0.5384748046875 0.52540888671875 0.53582919921875 0.5477861328125 0.57033212890625 0.534558203125 0.581465625 0.52761357421875 0.572977734375 0.5225427734375 0.5755130859375 0.4971892578125 0.54387626953125 0.51416513671875 0.5316404296875
0 0.5456845703125 0.51097470703125 0.54990517578125 0.515898828125 0.55989404296875 0.50998984375 0.58296689453125 0.542066796875 0.54849833984375 0.564717578125 0.52964609375 0.53700205078125 0.53682119140625 0.5320779296875 0.53302255859375 0.52307392578125 0.54118251953125 0.51913466796875 0.53949423828125 0.5147732421875 0.5456845703125 0.51097470703125
0 0.62138017578125 0.50903515625 0.6395154296875 0.5336345703125 0.604142578125 0.55985 0.58672548828125 0.535609765625 0.62138017578125 0.50903515625
0 0.684109375 0.50588212890625 0.70479052734375 0.5314873046875 0.68439072265625 0.54935478515625 0.66666396484375 0.5262818359375 0.671166015625 0.52318671875 0.6680708984375 0.517840625 0.684109375 0.50588212890625
0 0.70411025390625 0.4811818359375 0.70554326171875 0.48018974609375 0.7222986328125 0.50069306640625 0.72803076171875 0.495512109375 0.73497548828125 0.50311826171875 0.70896044921875 0.5254955078125 0.68581162109375 0.49705537109375 0.70411025390625 0.4811818359375
0 0.835859375 0.58796875 0.82200791015625 0.603556640625 0.82538447265625 0.60735517578125 0.8148328125 0.6145302734375 0.77895732421875 0.572323828125 0.802783203125 0.55138671875 0.835859375 0.58796875
0 0.85498046875 0.5664453125 0.836181640625 0.58759765625 0.803154296875 0.551064453125 0.8079390625 0.54685927734375 0.8144107421875 0.54123173828125 0.817365234375 0.54474892578125 0.826630859375 0.535859375 0.85498046875 0.5664453125
0 0.8726556640625 0.54306064453125 0.86590263671875 0.5492509765625 0.867872265625 0.5519240234375 0.85580078125 0.5655078125 0.82748046875 0.5346484375 0.82428115234375 0.5301814453125 0.831293359375 0.52378642578125 0.8356546875 0.52871044921875 0.850426953125 0.5170333984375 0.8726556640625 0.54306064453125
0 0.70483544921875 0.5423146484375 0.7433353515625 0.58471044921875 0.72110625 0.60418955078125 0.68191884765625 0.56179384765625 0.70483544921875 0.5423146484375
0 0.74893232421875 0.60231640625 0.771556640625 0.625479296875 0.74785498046875 0.65079697265625 0.7252306640625 0.6269158203125 0.74893232421875 0.60231640625
0 0.7101478515625 0.64217822265625 0.730437890625 0.66103173828125 0.7020677734375 0.691556640625 0.68016171875 0.67216435546875 0.7101478515625 0.64217822265625
0 0.76154140625 0.64580166015625 0.7702640625 0.65410224609375 0.7601345703125 0.6650759765625 0.7515525390625 0.65593125 0.76154140625 0.64580166015625
0 0.5198607421875 0.716284375 0.54625576171875 0.74662958984375 0.53799609375 0.754709765625 0.5327888671875 0.74860478515625 0.517885546875 0.75937822265625 0.50944638671875 0.75776220703125 0.4936453125 0.739447265625 0.5198607421875 0.716284375
0 0.55810654296875 0.67821806640625 0.5722916015625 0.69258271484375 0.539612109375 0.72508271484375 0.5247087890625 0.70964072265625 0.55810654296875 0.67821806640625
0 0.5631341796875 0.66852197265625 0.59653193359375 0.6381767578125 0.61358984375 0.65613251953125 0.58108994140625 0.68809375 0.5631341796875 0.66852197265625
0 0.68085498046875 0.56352890625 0.71928134765625 0.60421171875 0.6808322265625 0.6423357421875 0.64183623046875 0.59744990234375 0.68085498046875 0.56352890625
0 0.5761564453125 0.5934310546875 0.60007705078125 0.6173515625 0.58717978515625 0.6322330078125 0.55918056640625 0.60291103515625 0.57240859375 0.589793359375 0.5761564453125 0.5934310546875
2 0.4444056640625 0.6449986328125 0.46841669921875 0.6729826171875 0.4539927734375 0.68593818359375 0.429636328125 0.65717685546875 0.4444056640625 0.6449986328125
0 0.41666806640625 0.6215150390625 0.42317177734375 0.63143603515625 0.40288896484375 0.6451048828125 0.39021220703125 0.62559365234375 0.39858984375 0.62008203125 0.40520380859375 0.62923134765625 0.41666806640625 0.6215150390625
0 0.38246240234375 0.5312806640625 0.39646787109375 0.522302734375 0.41586015625 0.54815908203125 0.38533525390625 0.5713220703125 0.365583984375 0.5431314453125 0.38246240234375 0.5312806640625
0 0.3873603515625 0.83337236328125 0.4025724609375 0.8560802734375 0.3997064453125 0.857954296875 0.369723046875 0.87757578125 0.3541802734375 0.85189150390625 0.36355009765625 0.8470412109375 0.36255791015625 0.843403515625 0.374132421875 0.83723046875 0.376447265625 0.8403169921875 0.3873603515625 0.83337236328125
0 0.4033712890625 0.83822080078125 0.41475478515625 0.85438203125 0.40706884765625 0.8594921875 0.3958099609375 0.843081640625 0.4033712890625 0.83822080078125
0 0.32599482421875 0.91587880859375 0.32707216796875 0.91551962890625 0.35149208984375 0.9510720703125 0.32545615234375 0.96848916015625 0.302113671875 0.932398046875 0.32599482421875 0.91587880859375
0 0.195763671875 0.99900283203125 0.23895234375 0.96504853515625 0.26054697265625 0.99900322265625 0.195763671875 0.99900283203125
0 0.22579072265625 0.9355080078125 0.2383673828125 0.94866962890625 0.20055224609375 0.97745126953125 0.18850498046875 0.96295673828125 0.22579072265625 0.9355080078125
0 0.198184375 0.9340390625 0.20197412109375 0.9383701171875 0.192905859375 0.94703232421875 0.18850712890625 0.94243056640625 0.198184375 0.9340390625
0 0.5793650390625 0.09556787109375 0.59288662109375 0.11126083984375 0.5864712890625 0.11580087890625 0.5734431640625 0.1001080078125 0.5793650390625 0.09556787109375
2 0.6431841796875 0.10456044921875 0.6536486328125 0.11215224609375 0.6639078125 0.1261048828125 0.63559228515625 0.1507271484375 0.616715234375 0.12774638671875 0.6431841796875 0.10456044921875
0 0.54824326171875 0.084796484375 0.57491728515625 0.1149587890625 0.5624009765625 0.12603876953125 0.53531650390625 0.0958765625 0.54824326171875 0.084796484375
0 0.732914453125 0.24956728515625 0.77690927734375 0.304037109375 0.761196875 0.3181783203125 0.7161544921875 0.2634466796875 0.732914453125 0.24956728515625
2 0.85956220703125 0.20661689453125 0.8663333984375 0.231033984375 0.84376298828125 0.2396517578125 0.8425318359375 0.24375546875 0.8371970703125 0.24765400390625 0.83965927734375 0.2511421875 0.8439681640625 0.24765400390625 0.84294228515625 0.2464228515625 0.84827705078125 0.24170361328125 0.8648970703125 0.26406884765625 0.8622296875 0.26755693359375 0.85779365234375 0.2667005859375 0.85279111328125 0.2702244140625 0.83822294921875 0.25339921875 0.8320673828125 0.2591443359375 0.82693779296875 0.25360439453125 0.81647333984375 0.26078583984375 0.80108447265625 0.23903623046875 0.81914072265625 0.2215955078125 0.82324443359375 0.21810732421875 0.8335037109375 0.2096947265625 0.8386333984375 0.21297763671875 0.85956220703125 0.20661689453125
0 0.71916220703125 0.2805345703125 0.73985029296875 0.30515068359375 0.7301609375 0.3161494140625 0.7327796875 0.32322001953125 0.7288515625 0.3287193359375 0.711044140625 0.3122212890625 0.69245107421875 0.29127138671875 0.7134009765625 0.272940234375 0.71916220703125 0.2805345703125
2 0.81375380859375 0.2618056640625 0.8180765625 0.260450390625 0.82372138671875 0.26486025390625 0.82999130859375 0.25907255859375 0.84317431640625 0.270487109375 0.81584375 0.2947630859375 0.79880234375 0.2774001953125 0.81375380859375 0.2618056640625
0 0.37169189453125 0.7537392578125 0.40625927734375 0.78594970703125 0.38138125 0.80689970703125 0.3481232421875 0.77573662109375 0.37169189453125 0.7537392578125
0 0.55892626953125 0.7768484375 0.58499580078125 0.808933984375 0.56193427734375 0.82798486328125 0.5368673828125 0.79523076171875 0.55892626953125 0.7768484375
0 0.5963234375 0.7601228515625 0.6162263671875 0.7861814453125 0.6117123046875 0.79131103515625 0.6149953125 0.79582509765625 0.60514638671875 0.803006640625 0.61027607421875 0.81080361328125 0.5963234375 0.82311474609375 0.5636990234375 0.77633251953125 0.5682130859375 0.772433984375 0.59201455078125 0.7570451171875 0.5963234375 0.7601228515625
0 0.562761328125 0.4183662109375 0.584947265625 0.4424814453125 0.56742353515625 0.4572720703125 0.54652373046875 0.4328353515625 0.562761328125 0.4183662109375
1 0.6506216796875 0.443147265625 0.663886328125 0.4610375 0.6371583984375 0.47961552734375 0.62581298828125 0.4622439453125 0.6506216796875 0.443147265625
0 0.03416513671875 0.82237275390625 0.051849609375 0.8463271484375 0.04381123046875 0.8525970703125 0.0262875 0.8304111328125 0.03416513671875 0.82237275390625
0 0.02693056640625 0.83426953125 0.0409173828125 0.8508287109375 0.0323966796875 0.85774169921875 0.01873134765625 0.84102177734375 0.02693056640625 0.83426953125
0 0.0300724609375 0.87088359375 0.05642470703125 0.86081650390625 0.06096474609375 0.87493017578125 0.05593125 0.87798984375 0.057115625 0.88292470703125 0.03767216796875 0.89121533203125 0.0300724609375 0.87088359375
0 0.107435546875 0.9694451171875 0.118262109375 0.98583955078125 0.1065076171875 0.99388212890625 0.0957583984375 0.97671435546875 0.107435546875 0.9694451171875
0 0.096893359375 0.9428171875 0.1098599609375 0.9636001953125 0.09913525390625 0.96984111328125 0.08677451171875 0.9483310546875 0.096893359375 0.9428171875
0 0.08866318359375 0.9287169921875 0.09599482421875 0.9402900390625 0.08763310546875 0.9461068359375 0.07969560546875 0.9341703125 0.08866318359375 0.9287169921875
0 0.08078681640625 0.90391396484375 0.07710966796875 0.90720673828125 0.088642578125 0.926171875 0.0808490234375 0.93075341796875 0.07694404296875 0.9255888671875 0.0712755859375 0.92886396484375 0.0576712890625 0.9088353515625 0.06056845703125 0.90619013671875 0.05414423828125 0.894853125 0.0664888671875 0.8859095703125 0.06800048828125 0.88490185546875 0.08078681640625 0.90391396484375
0 0.1097501953125 0.79758544921875 0.1170818359375 0.80812841796875 0.1197478515625 0.81267275390625 0.1149611328125 0.81661123046875 0.104660546875 0.80164501953125 0.1097501953125 0.79758544921875
0 0.215207421875 0.5258740234375 0.2492681640625 0.5640384765625 0.2392140625 0.57409248046875 0.2051533203125 0.5363384765625 0.215207421875 0.5258740234375
0 0.8298251953125 2.63671875e-06 0.83715263671875 0.002207421875 0.81514423828125 0.02095537109375 0.8053626953125 0.01198896484375 0.8224765625 2.63671875e-06 0.8298251953125 2.63671875e-06
0 8.6328125e-05 0.14071455078125 0.01054814453125 0.140294140625 0.01122802734375 0.1459595703125 8.6328125e-05 0.14644345703125 8.6328125e-05 0.14071455078125
0 0.75392958984375 0.2104212890625 0.77298955078125 0.22179580078125 0.76837822265625 0.229173828125 0.75147021484375 0.21872158203125 0.75392958984375 0.2104212890625
0 0.77298955078125 0.190746484375 0.78897529296875 0.17937197265625 0.79696826171875 0.192591015625 0.7991201171875 0.190746484375 0.8046537109375 0.19597265625 0.78669619140625 0.21425048828125 0.777908203125 0.2079619140625 0.784056640625 0.20458037109375 0.77298955078125 0.190746484375
0 0.77268212890625 0.26483447265625 0.76776337890625 0.2513080078125 0.779752734375 0.24085576171875 0.78989755859375 0.2513080078125 0.77268212890625 0.26483447265625
0 0.6300396484375 0.31678828125 0.650021875 0.3035693359375 0.66785224609375 0.33185185546875 0.64479580078125 0.3453783203125 0.6300396484375 0.31678828125
0 0.69213828125 0.44006337890625 0.7142724609375 0.42069599609375 0.73271767578125 0.44037080078125 0.70904638671875 0.45973818359375 0.69213828125 0.44006337890625
0 0.77053017578125 0.43914111328125 0.783441796875 0.4286888671875 0.8034240234375 0.4517453125 0.79081982421875 0.46158271484375 0.77053017578125 0.43914111328125
0 0.91624677734375 0.37796474609375 0.9288509765625 0.366590234375 0.93868837890625 0.3788869140625 0.92516201171875 0.39118369140625 0.91624677734375 0.37796474609375
0 0.8869369140625 0.3377978515625 0.91684013671875 0.3147439453125 0.9302046875 0.33813193359375 0.921684765625 0.3458166015625 0.92003359375 0.352193359375 0.9084873046875 0.36285634765625 0.9029744140625 0.361519921875 0.89662626953125 0.35366826171875 0.889776953125 0.35801171875 0.8839298828125 0.3498259765625 0.890779296875 0.344480078125 0.8869369140625 0.3377978515625
0 0.86450966796875 0.42448310546875 0.867908984375 0.4163248046875 0.88309248046875 0.4160982421875 0.88694501953125 0.42017734375 0.869721875 0.43241484375 0.86450966796875 0.42448310546875
0 0.8889845703125 0.424936328125 0.8944234375 0.42040400390625 0.90008896484375 0.42674931640625 0.8935169921875 0.43128173828125 0.8889845703125 0.424936328125
0 0.71752744140625 0.5424904296875 0.73293759765625 0.52979970703125 0.73679013671875 0.5331990234375 0.74630810546875 0.5254939453125 0.75695927734375 0.5361451171875 0.752880078125 0.54113076171875 0.75016064453125 0.55246171875 0.7510671875 0.55858046875 0.74381533203125 0.56537900390625 0.725005859375 0.5579005859375 0.72047353515625 0.5531416015625 0.71752744140625 0.5424904296875
0 0.5961107421875 0.74348642578125 0.6330009765625 0.7241189453125 0.64468291015625 0.75609052734375 0.62623779296875 0.7665427734375 0.60502587890625 0.76377607421875 0.5961107421875 0.74348642578125
0 0.2838611328125 0.85690302734375 0.30040439453125 0.84285263671875 0.31672099609375 0.86302177734375 0.300177734375 0.87684560546875 0.2838611328125 0.85690302734375
0 0.27411650390625 0.8471583984375 0.2838611328125 0.840359765625 0.2893 0.84783828125 0.278422265625 0.85418359375 0.27411650390625 0.8471583984375
0 0.28340791015625 0.81112587890625 0.2976849609375 0.8016078125 0.30425693359375 0.81044599609375 0.28884677734375 0.82132373046875 0.28340791015625 0.81112587890625
0 0.27097578125 0.48746201171875 0.27913408203125 0.4806634765625 0.2872923828125 0.489275 0.275734765625 0.49743330078125 0.27097578125 0.48746201171875
1 0.4044140625 0.36159375 0.41640341796875 0.37512021484375 0.407180859375 0.3868021484375 0.39365439453125 0.37235341796875 0.4044140625 0.36159375
0 0.41056240234375 0.4230775390625 0.431538671875 0.41090361328125 0.4450703125 0.43262099609375 0.4432326171875 0.4354609375 0.43922333984375 0.43813388671875 0.43437861328125 0.43228681640625 0.43287509765625 0.43312216796875 0.4428185546875 0.4481169921875 0.4344666015625 0.4528376953125 0.430290625 0.44848017578125 0.431177734375 0.4464435546875 0.41558349609375 0.42719755859375 0.41076181640625 0.4311263671875 0.4055072265625 0.425784765625 0.41056240234375 0.4230775390625
0 0.47093984375 0.38948525390625 0.46926923828125 0.38347119140625 0.48229970703125 0.3747841796875 0.48580791015625 0.3792947265625 0.47093984375 0.38948525390625
2 0.71184169921875 0.130695703125 0.7210642578125 0.12301025390625 0.7244458984375 0.12700673828125 0.73459072265625 0.11993603515625 0.75733974609375 0.14729638671875 0.74135390625 0.16051533203125 0.73090166015625 0.14545185546875 0.7232162109375 0.1494482421875 0.71184169921875 0.130695703125
2 0.7232162109375 0.09841669921875 0.742276171875 0.086119921875 0.7690216796875 0.11932119140625 0.7684068359375 0.12024345703125 0.77517001953125 0.129466015625 0.75764716796875 0.13991826171875 0.75026904296875 0.134384765625 0.7232162109375 0.09841669921875
0 0.5901037109375 0.05507060546875 0.60639697265625 0.04123681640625 0.62084560546875 0.06275615234375 0.60578212890625 0.0735158203125 0.5901037109375 0.05507060546875
1 0.40319296875 0.3458890625 0.41641201171875 0.33297744140625 0.4231751953125 0.341892578125 0.41180068359375 0.35326708984375 0.40319296875 0.3458890625
0 0.4489984375 0.4132138671875 0.43547197265625 0.39476865234375 0.448076171875 0.385238671875 0.4609876953125 0.4042986328125 0.4489984375 0.4132138671875
0 0.39172568359375 0.61344208984375 0.3867400390625 0.59939169921875 0.39489833984375 0.5941794921875 0.4021501953125 0.60709677734375 0.39172568359375 0.61344208984375
0 0.42084755859375 0.72593984375 0.4338779296875 0.74381494140625 0.421181640625 0.75484072265625 0.404141796875 0.74013974609375 0.42084755859375 0.72593984375
