0 0.0360392578125 0.66262900390625 0.076576171875 0.66816572265625 0.07499423828125 0.67884375 0.03366640625 0.6731091796875 0.0360392578125 0.66262900390625
0 0.09500771484375 0.66321162109375 0.10208779296875 0.66364111328125 0.0997029296875 0.68161962890625 0.0923248046875 0.6810234375 0.09500771484375 0.66321162109375
0 0.10072177734375 0.677955078125 0.10727998046875 0.678139453125 0.10727998046875 0.6770607421875 0.10822138671875 0.6771412109375 0.10825078125 0.67605078125 0.11681142578125 0.67612529296875 0.1169546875 0.67983193359375 0.12617431640625 0.67984375 0.1260251953125 0.6861490234375 0.1235541015625 0.686017578125 0.12339912109375 0.6870041015625 0.1206103515625 0.68692958984375 0.120765234375 0.68569599609375 0.1066896484375 0.68535673828125 0.10665439453125 0.68694130859375 0.1015533203125 0.6866373046875 0.101708203125 0.68338369140625 0.10039423828125 0.6832169921875 0.10072177734375 0.677955078125
0 0.2361775390625 0.716794140625 0.26693515625 0.71733349609375 0.2669259765625 0.7273955078125 0.235327734375 0.726505859375 0.233749609375 0.72067880859375 0.2361775390625 0.716794140625
0 0.60534755859375 0.56396826171875 0.6548765625 0.57290810546875 0.6559701171875 0.57549755859375 0.65503759765625 0.57807646484375 0.65506806640625 0.58016025390625 0.6547828125 0.5819171875 0.65363837890625 0.58389462890625 0.65085458984375 0.58374619140625 0.6023814453125 0.57603046875 0.60534755859375 0.56396826171875
0 -0.0 0.654174609375 0.008169921875 0.6551576171875 0.0078884765625 0.6670859375 -0.0 0.6661900390625 -0.0 0.654174609375
0 0.58090068359375 0.66370283203125 0.60172939453125 0.6707056640625 0.5988564453125 0.67860615234375 0.57766865234375 0.6712443359375 0.58090068359375 0.66370283203125
0 0.51845927734375 0.760694921875 0.57417451171875 0.7685763671875 0.57148115234375 0.78060673828125 0.51527958984375 0.771090234375 0.51845927734375 0.760694921875
0 0.89982099609375 0.53468564453125 0.94116474609375 0.53524541015625 0.9413380859375 0.54470458984375 0.9316224609375 0.5445259765625 0.93167548828125 0.548866015625 0.9238982421875 0.548233984375 0.92405126953125 0.544186328125 0.8996177734375 0.54359833984375 0.89982099609375 0.53468564453125
0 0.80784482421875 0.79471142578125 0.83924052734375 0.79952392578125 0.83924052734375 0.80227392578125 0.84107392578125 0.802503125 0.83763642578125 0.81900302734375 0.82869892578125 0.81739892578125 0.8264072265625 0.82496142578125 0.81494892578125 0.82312802734375 0.8154072265625 0.81602392578125 0.803490625 0.81396142578125 0.80371982421875 0.805253125 0.80784482421875 0.79471142578125
0 0.96086611328125 0.78744462890625 0.982305078125 0.78959755859375 0.98039931640625 0.80577783203125 0.95943681640625 0.80337763671875 0.96086611328125 0.78744462890625
0 0.92863115234375 0.810297265625 0.967589453125 0.81584951171875 0.966214453125 0.82616201171875 0.92736064453125 0.820609765625 0.92863115234375 0.810297265625
0 0.975073046875 0.81387265625 0.97971572265625 0.81457607421875 0.97774609375 0.8273787109375 0.9724 0.8273787109375 0.975073046875 0.81387265625
0 0.9288865234375 0.93809609375 0.9591365234375 0.94680439453125 0.95546982421875 0.9664828125 0.9529490234375 0.96605439453125 0.95243076171875 0.9672001953125 0.9240740234375 0.95780439453125 0.923844921875 0.95025791015625 0.9288865234375 0.93809609375
0 0.94319453125 0.9808689453125 0.95468173828125 0.98821044921875 0.94673564453125 0.99874765625 0.9356802734375 0.99157890625 0.94319453125 0.9808689453125
0 0.8439154296875 0.92961025390625 0.85939111328125 0.9308763671875 0.8586876953125 0.93931767578125 0.8640337890625 0.94002109375 0.86248623046875 0.959858203125 0.8335044921875 0.9569037109375 0.83519267578125 0.935659765625 0.8432119140625 0.93636328125 0.8439154296875 0.92961025390625
0 0.72136513671875 0.93549326171875 0.76735224609375 0.9400626953125 0.7670935546875 0.9425083984375 0.77152783203125 0.943241796875 0.76933203125 0.9632025390625 0.76487275390625 0.9623970703125 0.76487275390625 0.96360517578125 0.718368359375 0.958048046875 0.71807587890625 0.946348828125 0.72136513671875 0.93549326171875
0 0.553178515625 0.95194765625 0.55852470703125 0.9549021484375 0.57259345703125 0.95560556640625 0.57259345703125 0.95771591796875 0.57512587890625 0.95785654296875 0.5735783203125 0.96742333984375 0.577517578125 0.96812685546875 0.57451787109375 0.9856423828125 0.5684642578125 0.98497900390625 0.566711328125 0.99318359375 0.52686982421875 0.9862755859375 0.52982431640625 0.97853779296875 0.53165322265625 0.970096484375 0.539250390625 0.9713626953125 0.54164208984375 0.95940419921875 0.551490234375 0.96123310546875 0.553178515625 0.95194765625
0 0.38317177734375 0.9026009765625 0.390777734375 0.90469912109375 0.391465234375 0.90160888671875 0.39948603515625 0.90351064453125 0.39879853515625 0.9061921875 0.41655458984375 0.91109755859375 0.4081943359375 0.93758798828125 0.414152734375 0.9394212890625 0.40911103515625 0.9593587890625 0.404527734375 0.96050458984375 0.38583857421875 0.95615048828125 0.38848603515625 0.9412546875 0.381840234375 0.9387337890625 0.37802470703125 0.93454736328125 0.38504853515625 0.91490048828125 0.38206943359375 0.9130671875 0.38000693359375 0.9075671875 0.38317177734375 0.9026009765625
0 0.2513421875 0.8829796875 0.27093837890625 0.88561201171875 0.2718158203125 0.8835646484375 0.28205263671875 0.884149609375 0.2835150390625 0.8730353515625 0.30164892578125 0.87596015625 0.29755419921875 0.91105791015625 0.27035341796875 0.90871806640625 0.26859853515625 0.9172 0.25773046875 0.914767578125 0.259531640625 0.90579326171875 0.24812490234375 0.9037458984375 0.2466625 0.89526396484375 0.2513421875 0.8829796875
0 0.2219908203125 0.95497255859375 0.23253251953125 0.95680595703125 0.22978251953125 0.9696392578125 0.21969912109375 0.96780595703125 0.2219908203125 0.95497255859375
4 0.45138388671875 0.6630494140625 0.46015830078125 0.65632236328125 0.48326435546875 0.68966513671875 0.47478232421875 0.6958072265625 0.45138388671875 0.6630494140625
0 0.30807607421875 0.7210552734375 0.3141884765625 0.7211453125 0.3141435546875 0.72232861328125 0.332645703125 0.7226283203125 0.33294541015625 0.73506298828125 0.31631591796875 0.73423896484375 0.31631591796875 0.73199169921875 0.30762666015625 0.73154228515625 0.30807607421875 0.7210552734375
0 0.8994041015625 0.9990076171875 0.90181533203125 0.99195283203125 0.91974326171875 0.9975552734375 0.91925712890625 0.9990072265625 0.8994041015625 0.9990076171875
