0 0.6590623046875 0.9083052734375 0.69023505859375 0.8997814453125 0.6909564453125 0.90248505859375 0.70677109375 0.89826787109375 0.72340576171875 0.9498119140625 0.70114814453125 0.95590341796875 0.69681376953125 0.94067451171875 0.691659375 0.94196318359375 0.6887306640625 0.931654296875 0.69213984375 0.930896484375 0.68958779296875 0.9209958984375 0.665290234375 0.92765205078125 0.6595994140625 0.91828974609375 0.6590623046875 0.9083052734375
0 0.8897640625 0.96807802734375 0.9206765625 0.9591095703125 0.93040830078125 0.98773232421875 0.90044990234375 0.99631904296875 0.891672265625 0.98296181640625 0.8897640625 0.96807802734375
0 0.827402734375 0.94760595703125 0.8453396484375 0.9426447265625 0.85087333984375 0.96382548828125 0.83455859375 0.968941796875 0.829290234375 0.95846416015625 0.827402734375 0.94760595703125
0 0.79678759765625 0.86235244140625 0.81398134765625 0.8569701171875 0.8256431640625 0.894497265625 0.8072533203125 0.9001787109375 0.79618955078125 0.86623974609375 0.79678759765625 0.86235244140625
0 0.82908193359375 0.8527837890625 0.8378365234375 0.8499033203125 0.83753583984375 0.84620537109375 0.8432759765625 0.84456533203125 0.84341845703125 0.84815576171875 0.84725888671875 0.847025390625 0.8507732421875 0.84878251953125 0.8589734375 0.87186025390625 0.843200390625 0.87720146484375 0.83838193359375 0.86756455078125 0.83536142578125 0.86893095703125 0.82967998046875 0.86130595703125 0.82908193359375 0.8527837890625
0 0.8986533203125 0.86253388671875 0.88858876953125 0.83134384765625 0.90941806640625 0.8248572265625 0.919136328125 0.85625439453125 0.8986533203125 0.86253388671875
0 0.85972998046875 0.84512744140625 0.86466376953125 0.83810048828125 0.8758771484375 0.8349607421875 0.886193359375 0.8686005859375 0.8684015625 0.87383349609375 0.85972998046875 0.84512744140625
0 0.94935546875 0.81479716796875 0.963000390625 0.81107900390625 0.9706322265625 0.8365474609375 0.95940048828125 0.8403505859375 0.95581787109375 0.83777705078125 0.94935546875 0.81479716796875
0 0.98616201171875 0.85106591796875 0.99472255859375 0.84909228515625 0.99741689453125 0.8606896484375 0.98874814453125 0.86268115234375 0.98616201171875 0.85106591796875
0 0.8625341796875 0.739802734375 0.8796064453125 0.73502978515625 0.888326171875 0.76513583984375 0.8761185546875 0.76853193359375 0.87492529296875 0.76458505859375 0.87318134765625 0.76531943359375 0.86978525390625 0.76467685546875 0.8625341796875 0.739802734375
0 0.83780927734375 0.750955859375 0.85224375 0.7462765625 0.86001826171875 0.7696001953125 0.8453662109375 0.77453408203125 0.83780927734375 0.750955859375
0 0.79948115234375 0.76934619140625 0.805263671875 0.76723505859375 0.8040705078125 0.763012890625 0.81361630859375 0.76016748046875 0.81490126953125 0.7642978515625 0.8209591796875 0.762462109375 0.82573212890625 0.7823798828125 0.8159109375 0.7858677734375 0.81692060546875 0.78852958984375 0.80636513671875 0.79201748046875 0.8035197265625 0.78320595703125 0.80076611328125 0.784123828125 0.79792080078125 0.776780859375 0.79948115234375 0.76934619140625
0 0.99962275390625 0.730730078125 0.996328515625 0.73204775390625 0.99072958984375 0.72305263671875 0.98981171875 0.7131396484375 0.99962275390625 0.70995771484375 0.99962275390625 0.730730078125
0 0.97268427734375 0.68975546875 0.98571796875 0.685533203125 0.9891140625 0.69618046875 0.97626396484375 0.70058623046875 0.97268427734375 0.68975546875
0 0.92622109375 0.6673419921875 0.93967705078125 0.6625576171875 0.942816796875 0.67167783203125 0.92906181640625 0.67661162109375 0.92622109375 0.6673419921875
0 0.95657177734375 0.67511650390625 0.96823359375 0.671229296875 0.97107431640625 0.67990087890625 0.9594125 0.683638671875 0.95657177734375 0.67511650390625
0 0.9996228515625 0.6572138671875 0.973409765625 0.6680611328125 0.97197138671875 0.6673419921875 0.9674861328125 0.66898662109375 0.96225322265625 0.65388603515625 0.968087890625 0.65044140625 0.9996228515625 0.6394970703125 0.9996228515625 0.6572138671875
0 0.96487392578125 0.6142123046875 0.98291435546875 0.60718359375 0.99041162109375 0.62662978515625 0.97248837890625 0.63354130859375 0.96487392578125 0.6142123046875
0 0.9536279296875 0.58398876953125 0.973776953125 0.57637431640625 0.98139140625 0.5968748046875 0.96100810546875 0.60484072265625 0.9536279296875 0.58398876953125
0 0.90010068359375 0.50815107421875 0.9124078125 0.50485947265625 0.9143353515625 0.51036669921875 0.92020966796875 0.50853095703125 0.9212193359375 0.51165166015625 0.9267265625 0.50990771484375 0.9281951171875 0.5145888671875 0.93663955078125 0.51201884765625 0.943890625 0.53487373046875 0.9282869140625 0.53964658203125 0.926451171875 0.5338640625 0.9144271484375 0.53744375 0.91295859375 0.53267080078125 0.9090712890625 0.53386689453125 0.9045859375 0.52683994140625 0.90473544921875 0.5231021484375 0.90010068359375 0.50815107421875
0 0.8874318359375 0.5344060546875 0.89879462890625 0.53066826171875 0.903728515625 0.54576884765625 0.891767578125 0.54965615234375 0.8874318359375 0.5344060546875
0 0.79523466796875 0.5459423828125 0.80449501953125 0.54287158203125 0.81661083984375 0.54140302734375 0.81817119140625 0.54617587890625 0.8383642578125 0.54011796875 0.83919033203125 0.54277978515625 0.84451396484375 0.54094404296875 0.843871484375 0.5384658203125 0.8502046875 0.53442724609375 0.86369736328125 0.53213251953125 0.8693919921875 0.5519228515625 0.8034578125 0.575246484375 0.79523466796875 0.5459423828125
0 0.7521814453125 0.678115234375 0.75461865234375 0.67620693359375 0.7552611328125 0.67152578125 0.7665509765625 0.668221484375 0.77108505859375 0.67048779296875 0.7804953125 0.6677830078125 0.7841232421875 0.6799509765625 0.7907318359375 0.678115234375 0.79504580078125 0.692433984375 0.77815703125 0.6972986328125 0.7765966796875 0.69179140625 0.760809375 0.69628896484375 0.7594326171875 0.69133251953125 0.7562201171875 0.69215859375 0.7521814453125 0.678115234375
0 0.7285734375 0.64435595703125 0.72572802734375 0.6346265625 0.73059267578125 0.63187294921875 0.73766025390625 0.631505859375 0.74628818359375 0.66234609375 0.7299501953125 0.66711904296875 0.72428271484375 0.64743955078125 0.7285734375 0.64435595703125
0 0.70218466796875 0.58475712890625 0.71952216796875 0.58030556640625 0.72549658203125 0.601274609375 0.70804189453125 0.60596044921875 0.70218466796875 0.58475712890625
0 0.71391396484375 0.5505751953125 0.7381138671875 0.54293974609375 0.74723408203125 0.56820712890625 0.7257044921875 0.575981640625 0.72196669921875 0.57538359375 0.71391396484375 0.5505751953125
0 0.5010421875 0.69280458984375 0.50991806640625 0.68963349609375 0.5092982421875 0.68709775390625 0.51630478515625 0.68426103515625 0.516990625 0.6871837890625 0.52436591796875 0.68470830078125 0.51482939453125 0.652497265625 0.51655732421875 0.6503435546875 0.515953515625 0.6477185546875 0.5227212890625 0.64227001953125 0.5315423828125 0.6412234375 0.532551171875 0.64382568359375 0.53790517578125 0.6460720703125 0.55075078125 0.68748466796875 0.5632330078125 0.683722265625 0.565581640625 0.6907947265625 0.5058265625 0.7107458984375 0.50029462890625 0.70431689453125 0.5010421875 0.69280458984375
0 0.43111611328125 0.66389375 0.4428306640625 0.70536328125 0.4188158203125 0.71227490234375 0.41319287109375 0.693297265625 0.41038134765625 0.69423447265625 0.40862421875 0.68767431640625 0.40604697265625 0.6884943359375 0.4025326171875 0.682402734375 0.40616416015625 0.67127392578125 0.43111611328125 0.66389375
0 0.41133291015625 0.735956640625 0.42314423828125 0.73251796875 0.4235927734375 0.74268466796875 0.4277791015625 0.74941259765625 0.415519140625 0.75359892578125 0.41163193359375 0.7461234375 0.41133291015625 0.735956640625
0 0.317994921875 0.82585712890625 0.3206861328125 0.81299921875 0.33204892578125 0.80671982421875 0.3354876953125 0.808812890625 0.33743134765625 0.80642080078125 0.34296318359375 0.80985947265625 0.34356123046875 0.8132982421875 0.35537255859375 0.82152138671875 0.36015693359375 0.81494287109375 0.3757060546875 0.8251095703125 0.354625 0.8562078125 0.3431126953125 0.8485828125 0.34206611328125 0.84215380859375 0.317994921875 0.82585712890625
0 0.2478587890625 0.9024306640625 0.25413818359375 0.89375908203125 0.26460400390625 0.8882271484375 0.2901703125 0.90631796875 0.27761142578125 0.92396025390625 0.2478587890625 0.9024306640625
0 0.000619140625 0.9468841796875 0.01235107421875 0.953560546875 0.0016908203125 0.97218671875 0.00061904296875 0.9721125 0.000619140625 0.9468841796875
0 0.05599814453125 0.93056865234375 0.0769021484375 0.89551884765625 0.09617470703125 0.906586328125 0.09102265625 0.91498232421875 0.09407568359375 0.9168904296875 0.08224501953125 0.9361630859375 0.0730857421875 0.93997939453125 0.05599814453125 0.93056865234375
0 0.00061953125 0.75109384765625 0.0088419921875 0.7608927734375 0.001629296875 0.76692216796875 0.00061953125 0.76566494140625 0.00061953125 0.75109384765625
0 0.00061962890625 0.692233984375 0.0095623046875 0.68489384765625 0.0251751953125 0.702966796875 0.0173763671875 0.7094271484375 0.02438779296875 0.71811123046875 0.01371025390625 0.72746552734375 0.006766015625 0.718614453125 0.00061953125 0.723691015625 0.00061962890625 0.692233984375
0 0.05284990234375 0.64507470703125 0.06765146484375 0.66107236328125 0.037898828125 0.68798427734375 0.02324677734375 0.67198671875 0.05284990234375 0.64507470703125
0 0.07270244140625 0.6772072265625 0.0766220703125 0.67064111328125 0.08364912109375 0.66645478515625 0.10114189453125 0.68275146484375 0.09172265625 0.69246962890625 0.087087890625 0.69217060546875 0.07270244140625 0.6772072265625
0 0.06996298828125 0.630874609375 0.075305859375 0.625531640625 0.072108984375 0.6223318359375 0.09422724609375 0.60020791015625 0.10753369140625 0.6136638671875 0.08032275390625 0.6408748046875 0.06996298828125 0.630874609375
0 0.118448046875 0.63564189453125 0.13145546875 0.62098984375 0.14281826171875 0.63085751953125 0.129661328125 0.64565908203125 0.118448046875 0.63564189453125
0 0.10402666015625 0.5846306640625 0.1307890625 0.55188779296875 0.15934560546875 0.57266982421875 0.14663720703125 0.5897140625 0.1346763671875 0.580743359375 0.12211748046875 0.597937109375 0.10402666015625 0.5846306640625
0 0.1464126953125 0.53698251953125 0.14686123046875 0.53130107421875 0.159719140625 0.51216376953125 0.1790060546875 0.5250216796875 0.174520703125 0.531749609375 0.1808001953125 0.53608544921875 0.1695869140625 0.552531640625 0.1464126953125 0.53698251953125
0 0.1757498046875 0.49027294921875 0.20189189453125 0.46336767578125 0.21658486328125 0.47806064453125 0.190251953125 0.50496591796875 0.1757498046875 0.49027294921875
0 0.24066943359375 0.52063681640625 0.23151025390625 0.512431640625 0.2544083984375 0.48762529296875 0.2637583984375 0.4956396484375 0.24066943359375 0.52063681640625
0 0.2470232421875 0.518212890625 0.27329931640625 0.50575302734375 0.284366796875 0.5374287109375 0.27329931640625 0.54372568359375 0.268147265625 0.54219921875 0.264330859375 0.53399404296875 0.25841552734375 0.5370470703125 0.251927734375 0.53609296875 0.2470232421875 0.518212890625
0 0.21860234375 0.4438478515625 0.23086220703125 0.43562470703125 0.23295537109375 0.43861494140625 0.25104609375 0.426953125 0.263605078125 0.4456419921875 0.2331048828125 0.46612490234375 0.21860234375 0.4438478515625
0 0.0006197265625 0.549911328125 0.01246865234375 0.5362185546875 0.0307126953125 0.55132265625 0.01171650390625 0.57617490234375 0.00754853515625 0.57698525390625 0.0006197265625 0.57068056640625 0.0006197265625 0.549911328125
0 0.02476845703125 0.52245712890625 0.0480404296875 0.49179912109375 0.06564638671875 0.5038978515625 0.0424154296875 0.5351025390625 0.02476845703125 0.52245712890625
0 0.03842626953125 0.4570328125 0.05135068359375 0.44345908203125 0.07051943359375 0.45996669921875 0.0571263671875 0.47344306640625 0.03842626953125 0.4570328125
0 0.0824576171875 0.44330537109375 0.09124345703125 0.4326451171875 0.08526904296875 0.427725 0.096046484375 0.41437041015625 0.10237236328125 0.4195248046875 0.10776103515625 0.4129646484375 0.1238099609375 0.42573349609375 0.09897509765625 0.457128515625 0.0824576171875 0.44330537109375
0 0.1711029296875 0.35982568359375 0.19786533203125 0.34113681640625 0.208630078125 0.3563869140625 0.1820171875 0.37612236328125 0.1746912109375 0.36894580078125 0.1711029296875 0.35982568359375
0 0.16437490234375 0.34502412109375 0.1829142578125 0.33141865234375 0.18695107421875 0.33201669921875 0.1915859375 0.3385951171875 0.17364462890625 0.35145302734375 0.16886025390625 0.35145302734375 0.16437490234375 0.34502412109375
0 0.02686337890625 0.288872265625 0.0509345703125 0.28304140625 0.062596484375 0.3238578125 0.03777763671875 0.32998779296875 0.02686337890625 0.288872265625
0 0.1706587890625 0.27191640625 0.16119248046875 0.25156904296875 0.16168525390625 0.24351298828125 0.17311826171875 0.2410064453125 0.177444921875 0.23607255859375 0.20379462890625 0.228746484375 0.21371494140625 0.26339794921875 0.18157021484375 0.2717705078125 0.18033466796875 0.2690080078125 0.1706587890625 0.27191640625
0 0.241427734375 0.212450390625 0.25689140625 0.21063359375 0.2598984375 0.20629013671875 0.27169296875 0.20738759765625 0.2756169921875 0.22329091796875 0.28065419921875 0.2215337890625 0.28604287109375 0.2357083984375 0.27698359375 0.24023125 0.25945087890625 0.24636865234375 0.25546796875 0.24625146484375 0.24486328125 0.22149228515625 0.241427734375 0.212450390625
0 0.31058349609375 0.286460546875 0.31105205078125 0.277791796875 0.3249923828125 0.2740431640625 0.3306154296875 0.29618359375 0.3173779296875 0.30040087890625 0.31386357421875 0.29934658203125 0.31058349609375 0.286460546875
0 0.32529375 0.2046396484375 0.34547763671875 0.19731357421875 0.34248740234375 0.18909052734375 0.35145810546875 0.1844556640625 0.3640169921875 0.1820634765625 0.366708203125 0.1895390625 0.390548046875 0.1812435546875 0.3946912109375 0.18490478515625 0.4026048828125 0.2084498046875 0.38106123046875 0.21570341796875 0.38569609375 0.22900986328125 0.3622228515625 0.23753203125 0.356691015625 0.23528935546875 0.35295322265625 0.22512255859375 0.3350119140625 0.2315515625 0.32529375 0.2046396484375
0 0.49570908203125 0.139087109375 0.517653125 0.20778154296875 0.47662734375 0.22075712890625 0.46899462890625 0.1972865234375 0.46117109375 0.1997671875 0.452444140625 0.17278916015625 0.45629912109375 0.1715958984375 0.4533427734375 0.15238408203125 0.4772404296875 0.14465244140625 0.48481630859375 0.13844375 0.49570908203125 0.139087109375
0 0.56807080078125 0.17271005859375 0.5778875 0.16774677734375 0.59184296875 0.1643375 0.6015611328125 0.194538671875 0.57748994140625 0.202163671875 0.56807080078125 0.17271005859375
0 0.61109677734375 0.18472978515625 0.67435537109375 0.1636435546875 0.681852734375 0.18484697265625 0.61871123046875 0.20651884765625 0.61109677734375 0.19550712890625 0.61109677734375 0.18472978515625
0 0.66110498046875 0.0784341796875 0.6965626953125 0.067210546875 0.70939697265625 0.105944140625 0.67680361328125 0.11655947265625 0.67269794921875 0.10563193359375 0.670084765625 0.10508076171875 0.66581005859375 0.10013994140625 0.66559033203125 0.092338671875 0.66110498046875 0.0784341796875
0 0.732051953125 0.0552994140625 0.75285107421875 0.04900244140625 0.764491015625 0.08754755859375 0.72422841796875 0.09995078125 0.7209845703125 0.08964658203125 0.7341509765625 0.0854486328125 0.7326244140625 0.081059765625 0.72747236328125 0.07819755859375 0.72499169921875 0.07015302734375 0.73448046875 0.06734150390625 0.73120048828125 0.05679833984375 0.732051953125 0.0552994140625
0 0.8077982421875 0.05749765625 0.81632041015625 0.082914453125 0.8134796875 0.08784833984375 0.78312900390625 0.09816455078125 0.77326123046875 0.06886044921875 0.8077982421875 0.05749765625
0 0.9996228515625 0.399226171875 0.988188671875 0.4031953125 0.9842056640625 0.402141015625 0.97647412109375 0.37461181640625 0.9778798828125 0.3722689453125 0.982565625 0.3709802734375 0.981511328125 0.365123046875 0.9996228515625 0.35928583984375 0.9996228515625 0.399226171875
0 0.9231654296875 0.4098220703125 0.924521484375 0.41448056640625 0.927362109375 0.41657373046875 0.928558203125 0.42360068359375 0.92721259765625 0.4255443359375 0.9282591796875 0.432421875 0.92197978515625 0.434216015625 0.9218302734375 0.4385517578125 0.9082248046875 0.44348564453125 0.89596484375 0.43526259765625 0.89267568359375 0.41687275390625 0.91809248046875 0.40909814453125 0.9231654296875 0.4098220703125
0 0.85214228515625 0.4088974609375 0.8651455078125 0.4079603515625 0.86631689453125 0.41147470703125 0.87182275390625 0.409600390625 0.87357998046875 0.41475478515625 0.87123701171875 0.41920634765625 0.87357998046875 0.42670361328125 0.864442578125 0.42881220703125 0.86631689453125 0.4340837890625 0.86104541015625 0.435841015625 0.85214228515625 0.4088974609375
0 0.99962275390625 0.315438671875 0.99840419921875 0.31678076171875 0.99294091796875 0.31703779296875 0.9925447265625 0.3156005859375 0.98215048828125 0.31928525390625 0.97840185546875 0.30932783203125 0.97617607421875 0.3101478515625 0.9809791015625 0.32233095703125 0.977345703125 0.32478544921875 0.9686021484375 0.32823369140625 0.960595703125 0.3298283203125 0.95286416015625 0.309562109375 0.95478212890625 0.30510791015625 0.958996484375 0.30385009765625 0.95862705078125 0.301756640625 0.96613916015625 0.299416796875 0.96564658203125 0.29793896484375 0.97586796875 0.29461396484375 0.97771513671875 0.29559912109375 0.98602099609375 0.2937599609375 0.990854296875 0.30620927734375 0.99962275390625 0.30579501953125 0.99962275390625 0.315438671875
0 0.8712 0.332525 0.8791982421875 0.32776591796875 0.8892947265625 0.3255630859375 0.8929662109375 0.33492529296875 0.895169140625 0.3358431640625 0.90113525390625 0.35163046875 0.89076337890625 0.355485546875 0.8929890625 0.36110849609375 0.883266015625 0.3646228515625 0.8712 0.332525
0 0.70712333984375 0.41197705078125 0.7435595703125 0.4002025390625 0.74894189453125 0.415303125 0.7600056640625 0.41141591796875 0.76643466796875 0.4286095703125 0.71874072265625 0.44535478515625 0.70712333984375 0.41197705078125
0 0.6852740234375 0.34596611328125 0.70818642578125 0.33923994140625 0.72446962890625 0.39019833984375 0.70162626953125 0.397344140625 0.6852740234375 0.34596611328125
0 0.85829931640625 0.291130859375 0.87585546875 0.2841625 0.88125986328125 0.29851103515625 0.8634537109375 0.3057740234375 0.85865078125 0.29956533203125 0.85829931640625 0.291130859375
0 0.79255537109375 0.2937681640625 0.8070666015625 0.28875517578125 0.8090408203125 0.29129873046875 0.811173828125 0.300434765625 0.7968138671875 0.3053482421875 0.79413974609375 0.3000423828125 0.79255537109375 0.2937681640625
0 0.8277720703125 0.2259587890625 0.830897265625 0.2248783203125 0.83123544921875 0.21749658203125 0.83022109375 0.21428466796875 0.83455693359375 0.21189248046875 0.84547119140625 0.2096498046875 0.85907666015625 0.24971875 0.841583984375 0.2558486328125 0.83665009765625 0.24119658203125 0.833211328125 0.24239267578125 0.8277720703125 0.2259587890625
0 0.78966533203125 0.2200431640625 0.7982169921875 0.25113876953125 0.791531640625 0.25321435546875 0.79117177734375 0.25646904296875 0.7792560546875 0.25958984375 0.7785970703125 0.25693720703125 0.76927705078125 0.25716845703125 0.76624736328125 0.2530970703125 0.76491083984375 0.243908984375 0.7605673828125 0.2380619140625 0.76123564453125 0.23438671875 0.763145703125 0.2302603515625 0.77215546875 0.22782431640625 0.770536328125 0.22214091796875 0.7828357421875 0.21883662109375 0.78966533203125 0.2200431640625
0 0.59831875 0.27772939453125 0.60664560546875 0.27496689453125 0.60814072265625 0.272126171875 0.6299693359375 0.27033212890625 0.6399865234375 0.29873916015625 0.61995205078125 0.30576611328125 0.61651328125 0.295300390625 0.60576064453125 0.2991009765625 0.59831875 0.27772939453125
0 0.64450732421875 0.30768193359375 0.6546990234375 0.30440185546875 0.655167578125 0.308501953125 0.65868193359375 0.30744765625 0.66196201171875 0.31658505859375 0.6499685546875 0.32040009765625 0.64298447265625 0.3169365234375 0.6447416015625 0.31189921875 0.64450732421875 0.30768193359375
0 0.59964990234375 0.5298009765625 0.635714453125 0.5162529296875 0.64239306640625 0.53495302734375 0.6072826171875 0.54869189453125 0.59926826171875 0.540868359375 0.59964990234375 0.5298009765625
0 0.58762841796875 0.5011783203125 0.58190380859375 0.49526298828125 0.58209462890625 0.487439453125 0.621021484375 0.47408212890625 0.62579189453125 0.4883935546875 0.58762841796875 0.5011783203125
0 0.57490185546875 0.43781064453125 0.60486025390625 0.4267431640625 0.6142103515625 0.45212197265625 0.60121298828125 0.45709775390625 0.5983724609375 0.44983212890625 0.57852744140625 0.4567015625 0.57318447265625 0.44945048828125 0.57490185546875 0.43781064453125
0 0.57776376953125 0.427259765625 0.57134619140625 0.42211220703125 0.57574443359375 0.41615361328125 0.58235302734375 0.42129365234375 0.57776376953125 0.427259765625
0 0.4854759765625 0.57451181640625 0.47961875 0.5547142578125 0.48699892578125 0.549911328125 0.49449619140625 0.5502626953125 0.50585927734375 0.58294638671875 0.4920361328125 0.58774931640625 0.49063037109375 0.58341494140625 0.4810244140625 0.586929296875 0.4779787109375 0.5770890625 0.4854759765625 0.57451181640625
0 0.58919775390625 0.610903125 0.5983689453125 0.60600712890625 0.61016337890625 0.605072265625 0.61835234375 0.629891015625 0.60100908203125 0.63572197265625 0.597121875 0.6352734375 0.58919775390625 0.610903125
0 0.33464814453125 0.4319689453125 0.34342578125 0.42529033203125 0.3583095703125 0.42414541015625 0.36498818359375 0.443799609375 0.3413267578125 0.45162314453125 0.33464814453125 0.4319689453125
0 0.32846826171875 0.37787255859375 0.3550603515625 0.37072666015625 0.35904326171875 0.38290986328125 0.35213173828125 0.385135546875 0.3572861328125 0.4000130859375 0.33854287109375 0.4044646484375 0.3267111328125 0.39204716796875 0.32846826171875 0.37787255859375
0 0.366725390625 0.50737744140625 0.378338671875 0.499249609375 0.3916958984375 0.496959765625 0.40074912109375 0.51637001953125 0.37575205078125 0.5268703125 0.366725390625 0.50737744140625
0 0.38115283203125 0.43020283203125 0.40769833984375 0.42265322265625 0.41305615234375 0.43921376953125 0.38529296875 0.44749404296875 0.38115283203125 0.4399443359375 0.38115283203125 0.43020283203125
0 0.09750146484375 6.8359375e-06 0.10089599609375 0.0085970703125 0.0771154296875 0.0173830078125 0.07067470703125 6.25e-06 0.09750146484375 6.8359375e-06
0 0.057642578125 0.06712890625 0.0656083984375 0.06478603515625 0.0690056640625 0.07404052734375 0.0612740234375 0.0765005859375 0.057642578125 0.06712890625
0 0.07924208984375 0.04621806640625 0.12340595703125 0.03052060546875 0.130434765625 0.0487953125 0.0861537109375 0.06496142578125 0.079125 0.05769833984375 0.07924208984375 0.04621806640625
0 0.3291875 1.015625e-05 0.348001953125 0.0532693359375 0.34210986328125 0.055535546875 0.34753193359375 0.06542509765625 0.32466015625 0.07366513671875 0.31336484375 0.07281484375 0.3113015625 0.06605283203125 0.30519541015625 0.06796103515625 0.286113671875 0.0109064453125 0.27981669921875 0.0128146484375 0.286876953125 0.03437705078125 0.27944423828125 0.03990205078125 0.2643806640625 0.04359111328125 0.25617021484375 0.0447345703125 0.24749853515625 0.01857021484375 0.242415234375 0.02006533203125 0.2415181640625 0.01707509765625 0.21296162109375 0.02664384765625 0.2050375 0.02604580078125 0.19636875 8.59375e-06 0.3291875 1.015625e-05
0 0.37470283203125 1.0546875e-05 0.3764169921875 0.00635654296875 0.351174609375 0.0147439453125 0.34519453125 0.01184130859375 0.3403896484375 0.01304208984375 0.336220703125 1.025390625e-05 0.37470283203125 1.0546875e-05
0 0.50334560546875 0.0203533203125 0.54627958984375 0.00852265625 0.5539123046875 0.032947265625 0.511169140625 0.04573212890625 0.50334560546875 0.0203533203125
0 0.589599609375 1.07421875e-05 0.59360244140625 0.00985830078125 0.5819625 0.01405634765625 0.5852064453125 0.02419365234375 0.5635248046875 0.0322080078125 0.55333984375 0.0041337890625 0.56259326171875 1.083984375e-05 0.589599609375 1.07421875e-05
0 0.62512958984375 1.0546875e-05 0.62912958984375 0.01306611328125 0.61193583984375 0.01855791015625 0.604912890625 1.064453125e-05 0.62512958984375 1.0546875e-05
0 0.5279505859375 0.3038671875 0.53666962890625 0.3012392578125 0.535025 0.2958568359375 0.5513111328125 0.29160546875 0.55905390625 0.30615703125 0.56229775390625 0.318178515625 0.5554283203125 0.32962763671875 0.53710986328125 0.3349705078125 0.53462919921875 0.32581123046875 0.5283322265625 0.32752861328125 0.5248974609375 0.31531630859375 0.5306220703125 0.31340810546875 0.5279505859375 0.3038671875
0 0.51490693359375 0.34629677734375 0.53299775390625 0.3415125 0.53972568359375 0.36857392578125 0.5228310546875 0.3730591796875 0.518345703125 0.36289248046875 0.512365234375 0.35870615234375 0.51490693359375 0.34629677734375
0 0.52608193359375 0.39417861328125 0.53515771484375 0.39001591796875 0.5405400390625 0.40048173828125 0.53127041015625 0.40541552734375 0.52608193359375 0.39417861328125
0 0.09944267578125 0.0796533203125 0.10863076171875 0.0776486328125 0.11113662109375 0.07297109375 0.1218283203125 0.07013115234375 0.120491796875 0.06562060546875 0.12667294921875 0.06365009765625 0.13302109375 0.062446484375 0.13419052734375 0.067458203125 0.13586103515625 0.06729111328125 0.14020458984375 0.08483212890625 0.1032849609375 0.0936861328125 0.10061201171875 0.090512109375 0.09910859375 0.08483212890625 0.09944267578125 0.0796533203125
0 0.889409765625 0.0661193359375 0.85965966796875 0.0760544921875 0.84889755859375 0.0450017578125 0.86149248046875 0.0410255859375 0.858773046875 0.0315076171875 0.875044140625 0.02645400390625 0.889409765625 0.0661193359375
0 0.8928498046875 0.1016365234375 0.88823359375 0.08612294921875 0.9034171875 0.08091064453125 0.90772294921875 0.0965474609375 0.8928498046875 0.1016365234375
0 0.61500751953125 0.1709990234375 0.62835341796875 0.16679931640625 0.630191015625 0.169472265625 0.632320703125 0.17584814453125 0.6250609375 0.17933701171875 0.6222466796875 0.1801541015625 0.617953515625 0.1809703125 0.61455419921875 0.174625 0.61500751953125 0.1709990234375
0 0.00061962890625 0.37874541015625 0.01212998046875 0.373786328125 0.0183099609375 0.38926962890625 0.00575498046875 0.39472236328125 0.00361884765625 0.38999873046875 0.00061962890625 0.3898109375 0.00061962890625 0.37874541015625
0 0.93117548828125 0.9545130859375 0.939168359375 0.95113154296875 0.943472265625 0.96496533203125 0.935479296875 0.96742470703125 0.93117548828125 0.9545130859375
0 0.9560763671875 0.93022705078125 0.96991025390625 0.92561572265625 0.97421416015625 0.93852734375 0.9606876953125 0.94313857421875 0.9560763671875 0.93022705078125
0 0.96193134765625 0.94372578125 0.97465869140625 0.93946494140625 0.98951162109375 0.98303759765625 0.9765826171875 0.987343359375 0.96193134765625 0.94372578125
0 0.5570072265625 0.7231779296875 0.56135869140625 0.7368541015625 0.5486150390625 0.74089482421875 0.54457431640625 0.72628623046875 0.5570072265625 0.7231779296875
