3 0.15190712890625 0.70027666015625 0.16566953125 0.70092421875 0.1648599609375 0.71873447265625 0.15093564453125 0.71792490234375 0.15190712890625 0.70027666015625
3 0.3769212890625 0.86876103515625 0.39089931640625 0.860321484375 0.40144873046875 0.875090625 0.38773447265625 0.88326650390625 0.3769212890625 0.86876103515625
3 0.3750751953125 0.8500357421875 0.3848333984375 0.84370615234375 0.39221796875 0.85451923828125 0.38272353515625 0.86084892578125 0.3750751953125 0.8500357421875
3 0.923389453125 0.7427537109375 0.9441140625 0.74081083984375 0.94557119140625 0.75603037109375 0.92517041015625 0.75813525390625 0.923389453125 0.7427537109375
3 0.91804638671875 0.72963896484375 0.92727529296875 0.7252673828125 0.931970703125 0.73643916015625 0.922741796875 0.74048701171875 0.91804638671875 0.72963896484375
3 0.90929658203125 0.64797998046875 0.921340234375 0.6471705078125 0.92361943359375 0.66456962890625 0.91075380859375 0.66546640625 0.90929658203125 0.64797998046875
3 0.90183623046875 0.6589775390625 0.91025556640625 0.66448251953125 0.90426494140625 0.67371142578125 0.896007421875 0.6682064453125 0.90183623046875 0.6589775390625
3 0.72666865234375 0.60058037109375 0.7357609375 0.60078701171875 0.735554296875 0.60987939453125 0.72687529296875 0.60967275390625 0.72666865234375 0.60058037109375
3 0.738447265625 0.57309677734375 0.7498126953125 0.57412998046875 0.7481595703125 0.5935544921875 0.73617421875 0.5925212890625 0.738447265625 0.57309677734375
3 0.76440048828125 0.39700478515625 0.781551953125 0.39969111328125 0.779485546875 0.416016015625 0.76254072265625 0.4133296875 0.76440048828125 0.39700478515625
1 0.01841953125 0.18831259765625 0.0337111328125 0.18355986328125 0.03867060546875 0.2021578125 0.02317236328125 0.206290625 0.01841953125 0.18831259765625
3 0.041976953125 0.1897591796875 0.05065595703125 0.18500634765625 0.0560287109375 0.1934787109375 0.04714296875 0.19885146484375 0.041976953125 0.1897591796875
2 0.0310248046875 0.27159013671875 0.044043359375 0.2689037109375 0.04796962890625 0.2881216796875 0.03515771484375 0.2908080078125 0.0310248046875 0.27159013671875
3 0.04714296875 0.27510302734375 0.0576818359375 0.27303662109375 0.05974833984375 0.28378212890625 0.04920947265625 0.28543525390625 0.04714296875 0.27510302734375
3 0.01531982421875 0.304859765625 0.0295783203125 0.30651298828125 0.02833837890625 0.31911826171875 0.01449326171875 0.3174650390625 0.01531982421875 0.304859765625
3 0.0330912109375 0.31126572265625 0.05106923828125 0.3156052734375 0.045903125 0.3404025390625 0.02709853515625 0.33626962890625 0.0330912109375 0.31126572265625
3 0.001064453125 0.396691796875 0.0143849609375 0.39783359375 0.01248203125 0.41597470703125 2.705078125e-05 0.41470888671875 2.705078125e-05 0.4142482421875 0.001064453125 0.396691796875
1 0.1798609375 0.491337109375 0.19242021484375 0.492986328125 0.19013671875 0.51100068359375 0.17757744140625 0.509224609375 0.1798609375 0.491337109375
3 0.170595703125 0.70666689453125 0.1796626953125 0.70699072265625 0.1796626953125 0.7123337890625 0.1704337890625 0.7120099609375 0.170595703125 0.70666689453125
3 0.2387244140625 0.37954599609375 0.25814892578125 0.38057919921875 0.25690908203125 0.40413662109375 0.23665791015625 0.40331005859375 0.2387244140625 0.37954599609375
1 0.2375275390625 0.28910107421875 0.249983203125 0.28632685546875 0.251829296875 0.29503017578125 0.23989111328125 0.29726689453125 0.2375275390625 0.28910107421875
2 0.1547166015625 0.065527734375 0.16766953125 0.05532734375 0.177222265625 0.066823046875 0.16345986328125 0.07750908203125 0.1547166015625 0.065527734375
1 0.15244990234375 0.0433458984375 0.16207275390625 0.039149609375 0.16637421875 0.04836513671875 0.156821484375 0.0528986328125 0.15244990234375 0.0433458984375
2 0.694130078125 0.14217509765625 0.70546376953125 0.1350509765625 0.71291171875 0.14670859375 0.7015779296875 0.1541564453125 0.694130078125 0.14217509765625
3 0.73912685546875 0.20420068359375 0.7511802734375 0.203511328125 0.751971484375 0.21669814453125 0.73614736328125 0.21828046875 0.73529609375 0.210428515625 0.7398396484375 0.2101046875 0.73912685546875 0.20420068359375
3 0.7464390625 0.62579375 0.75915615234375 0.62348154296875 0.76204638671875 0.6333083984375 0.74817314453125 0.6367767578125 0.7464390625 0.62579375
3 0.02711171875 0.29128916015625 0.02734833984375 0.29957177734375 0.0169359375 0.29957177734375 0.0164626953125 0.29128916015625 0.02711171875 0.29128916015625
