3 0.75298779296875 0.10934765625 0.7762322265625 0.11452958984375 0.77001396484375 0.13496103515625 0.74750986328125 0.1288908203125 0.75298779296875 0.10934765625
1 0.37222470703125 0.09013310546875 0.38183896484375 0.08529033203125 0.3881771484375 0.0959728515625 0.3784205078125 0.10124287109375 0.37222470703125 0.09013310546875
3 0.4873494140625 0.02349150390625 0.4995986328125 0.01843505859375 0.5072900390625 0.03531337890625 0.49418623046875 0.04072587890625 0.4873494140625 0.02349150390625
1 0.393037890625 0.01320009765625 0.407944140625 0.01392724609375 0.40730791015625 0.02292548828125 0.39294697265625 0.02247109375 0.393037890625 0.01320009765625
1 0.37202275390625 0.01174755859375 0.38429873046875 0.01247294921875 0.3837408203125 0.021121875 0.37129736328125 0.02034072265625 0.37202275390625 0.01174755859375
4 0.7135189453125 2.9296875e-06 0.71363486328125 0.0065802734375 0.69055 0.0064642578125 0.6902775390625 3.02734375e-06 0.7135189453125 2.9296875e-06
2 0.67026376953125 0.87804892578125 0.682443359375 0.877230859375 0.6839884765625 0.891046484375 0.6713544921875 0.89141005859375 0.67026376953125 0.87804892578125
1 0.67796396484375 0.95334296875 0.690925390625 0.9529869140625 0.69142392578125 0.96402548828125 0.67782158203125 0.96438154296875 0.67796396484375 0.95334296875
1 0.80828974609375 0.83405390625 0.81946953125 0.82478291015625 0.82755888671875 0.83369033203125 0.816015625 0.84277958984375 0.80828974609375 0.83405390625
2 0.72467333984375 0.69906484375 0.73065556640625 0.69051884765625 0.74425791015625 0.69877998046875 0.73770595703125 0.7076107421875 0.72467333984375 0.69906484375
2 0.65930537109375 0.6443634765625 0.6656716796875 0.6289658203125 0.6887681640625 0.6372568359375 0.6813654296875 0.6528025390625 0.65930537109375 0.6443634765625
1 0.7249794921875 0.626380859375 0.72806982421875 0.61611005859375 0.74415771484375 0.6199275390625 0.74115830078125 0.6305619140625 0.7249794921875 0.626380859375
3 0.7065990234375 0.56912021484375 0.73205810546875 0.56775830078125 0.73351240234375 0.57875625 0.70927216796875 0.58181240234375 0.7065990234375 0.56912021484375
2 0.769290234375 0.644074609375 0.78019453125 0.6262099609375 0.7986392578125 0.63723037109375 0.78703876953125 0.65428291015625 0.769290234375 0.644074609375
3 0.84483916015625 0.88939169921875 0.85278525390625 0.88585048828125 0.85847412109375 0.89456943359375 0.85002138671875 0.89837421875 0.84483916015625 0.88939169921875
4 0.6861333984375 3.02734375e-06 0.68648134765625 0.002424609375 0.67413828125 0.00305224609375 0.67367265625 3.125e-06 0.6861333984375 3.02734375e-06
