0 0.01699580078125 0.2981091796875 0.0250771484375 0.29251435546875 0.04155078125 0.2887845703125 0.0483888671875 0.307123046875 0.05491611328125 0.304947265625 0.04807802734375 0.28536552734375 0.07014638671875 0.27448671875 0.10464765625 0.2623646484375 0.13044580078125 0.32670478515625 0.07232216796875 0.351259765625 0.0598892578125 0.3201775390625 0.0303611328125 0.332299609375 0.01699580078125 0.2981091796875
0 0.02992763671875 0.266765234375 0.036503125 0.26359921875 0.0425916015625 0.2750455078125 0.0362595703125 0.27869853515625 0.02992763671875 0.266765234375
0 0.29952255859375 0.7940517578125 0.29875927734375 0.78374755859375 0.33883095703125 0.77000869140625 0.34054833984375 0.77974033203125 0.34493720703125 0.78622822265625 0.304674609375 0.79939462890625 0.29952255859375 0.7940517578125
0 0.25181806640625 0.78088525390625 0.27081318359375 0.774912890625 0.289440625 0.83160146484375 0.26994580078125 0.83851220703125 0.25181806640625 0.78088525390625
0 0.2751333984375 0.77826650390625 0.27598662109375 0.77769423828125 0.27710556640625 0.77753388671875 0.27810546875 0.777652734375 0.279246875 0.77837919921875 0.279850390625 0.77918984375 0.28027021484375 0.7802802734375 0.2800166015625 0.7814333984375 0.27934189453125 0.7825728515625 0.27835478515625 0.78305361328125 0.27710556640625 0.78316884765625 0.275903515625 0.78292900390625 0.2749080078125 0.78215458984375 0.27411708984375 0.7812255859375 0.274119140625 0.77995693359375 0.274356640625 0.77902080078125 0.2751333984375 0.77826650390625
0 0.28582373046875 0.8093572265625 0.28725380859375 0.80879375 0.288616796875 0.80904150390625 0.28968173828125 0.809840625 0.2902443359375 0.81083193359375 0.29048818359375 0.81193427734375 0.29021181640625 0.812817578125 0.28930234375 0.81378505859375 0.28845400390625 0.81431494140625 0.28699833984375 0.81438740234375 0.286175390625 0.81411962890625 0.28526025390625 0.8134794921875 0.28464541015625 0.812426953125 0.28456904296875 0.8113056640625 0.284905859375 0.81011572265625 0.28582373046875 0.8093572265625
0 0.29035361328125 0.8150123046875 0.29141796875 0.81516396484375 0.29232578125 0.8159138671875 0.2929478515625 0.816856640625 0.2931146484375 0.818055078125 0.29301298828125 0.81907021484375 0.29232578125 0.8199146484375 0.29141796875 0.82043740234375 0.2902408203125 0.82075986328125 0.289171875 0.820469921875 0.28826865234375 0.8199146484375 0.2875767578125 0.81897255859375 0.2873107421875 0.817604296875 0.28751171875 0.8166939453125 0.288099609375 0.81585751953125 0.28910673828125 0.81526162109375 0.29035361328125 0.8150123046875
0 0.29059033203125 0.8219634765625 0.29155537109375 0.8214974609375 0.2926212890625 0.821389453125 0.29389189453125 0.821602734375 0.2947455078125 0.8223763671875 0.29520126953125 0.82341796875 0.29524716796875 0.8244662109375 0.2947455078125 0.82563154296875 0.2937224609375 0.82649716796875 0.2924888671875 0.82678974609375 0.2911322265625 0.826640625 0.29036962890625 0.82584873046875 0.28973251953125 0.82478515625 0.28970732421875 0.8238177734375 0.28989521484375 0.82270185546875 0.29059033203125 0.8219634765625
0 0.27642353515625 0.97657939453125 0.27700615234375 0.9595318359375 0.3341919921875 0.94068154296875 0.3430046875 0.951738671875 0.34690126953125 0.9675685546875 0.28528642578125 0.98753857421875 0.27642353515625 0.97657939453125
0 0.2192708984375 0.98682861328125 0.22159755859375 0.98624736328125 0.22404384765625 0.98664501953125 0.22589658203125 0.98757021484375 0.22734814453125 0.9893986328125 0.22810126953125 0.99186923828125 0.22762353515625 0.99426337890625 0.2265580078125 0.99627861328125 0.224778125 0.99775126953125 0.22192822265625 0.99837294921875 0.21945400390625 0.9976041015625 0.21749453125 0.9965123046875 0.216270703125 0.99474638671875 0.2156673828125 0.99231650390625 0.2163337890625 0.9898576171875 0.217223828125 0.98812080078125 0.2192708984375 0.98682861328125
0 0.2666779296875 0.87495654296875 0.26815810546875 0.87480068359375 0.26977041015625 0.87495654296875 0.270920703125 0.8757873046875 0.27178408203125 0.8768263671875 0.27205537109375 0.8781552734375 0.27178408203125 0.8794873046875 0.27087138671875 0.8808685546875 0.26984228515625 0.8815728515625 0.26840478515625 0.8818552734375 0.2666779296875 0.88164482421875 0.2652474609375 0.8808685546875 0.2643765625 0.8795591796875 0.264112890625 0.87800732421875 0.26452041015625 0.876538671875 0.26544482421875 0.87549130859375 0.2666779296875 0.87495654296875
1 0.565119921875 0.8820595703125 0.5652673828125 0.87430576171875 0.585771875 0.8675572265625 0.593023046875 0.88398701171875 0.586230859375 0.88582275390625 0.586414453125 0.886648828125 0.5704435546875 0.8924314453125 0.565119921875 0.8820595703125
1 0.6165953125 0.90068837890625 0.62081259765625 0.8991654296875 0.61870390625 0.89131669921875 0.6380330078125 0.88592802734375 0.64143017578125 0.8981111328125 0.644007421875 0.89740830078125 0.64740458984375 0.90994287109375 0.63815009765625 0.91252001953125 0.63873583984375 0.91416005859375 0.6314728515625 0.9161515625 0.630769921875 0.91369150390625 0.6215154296875 0.91650302734375 0.6165953125 0.90068837890625
1 0.63900439453125 0.91331943359375 0.6477384765625 0.9132630859375 0.64779482421875 0.9192923828125 0.63911708984375 0.91923603515625 0.63900439453125 0.91331943359375
0 0.54894658203125 0.83730791015625 0.552086328125 0.83177607421875 0.5674859375 0.829234375 0.575010546875 0.82518408203125 0.5846796875 0.823851953125 0.59365029296875 0.8561462890625 0.5760080078125 0.86108017578125 0.57271875 0.84926875 0.5559736328125 0.8537541015625 0.55402998046875 0.85420263671875 0.54894658203125 0.83730791015625
0 0.5768564453125 0.81603720703125 0.57734345703125 0.80239912109375 0.58148359375 0.79411884765625 0.60267138671875 0.79898955078125 0.5982876953125 0.82115146484375 0.5768564453125 0.81603720703125
0 0.51320048828125 0.77034287109375 0.52291865234375 0.76511005859375 0.5330853515625 0.7646615234375 0.53891630859375 0.784994921875 0.546391796875 0.78260283203125 0.5520732421875 0.79830146484375 0.54713935546875 0.7994974609375 0.54833544921875 0.80413232421875 0.533982421875 0.80921572265625 0.53246728515625 0.80529609375 0.5242318359375 0.807655859375 0.51320048828125 0.77034287109375
