0 0.94460078125 0.99900673828125 0.94501044921875 0.99423984375 0.9542267578125 0.99383330078125 0.95693740234375 0.9622541015625 0.98878759765625 0.96320283203125 0.98865205078125 0.971063671875 0.99285361328125 0.971605859375 0.9916337890625 0.98231298828125 0.98756787109375 0.98204189453125 0.986619140625 0.99844140625 0.97198154296875 0.998305859375 0.9656115234375 0.9964083984375 0.95897041015625 0.9964083984375 0.95877431640625 0.9990064453125 0.94460078125 0.99900673828125
0 0.9131544921875 0.76586083984375 0.922370703125 0.7562380859375 0.941209765625 0.772773046875 0.9319935546875 0.78361572265625 0.9131544921875 0.76586083984375
0 0.88095634765625 0.7789708984375 0.89102421875 0.7777228515625 0.892272265625 0.78596015625 0.88212119140625 0.78795712890625 0.88095634765625 0.7789708984375
0 0.7797615234375 0.79909306640625 0.81703310546875 0.79340068359375 0.8192015625 0.7947560546875 0.8209634765625 0.80315908203125 0.78098125 0.80871591796875 0.7797615234375 0.79909306640625
0 0.81040625 0.76580947265625 0.81006025390625 0.75750654296875 0.81830849609375 0.75444765625 0.835806640625 0.7527693359375 0.8363015625 0.7621736328125 0.8178443359375 0.7640796875 0.81040625 0.76580947265625
0 0.75718896484375 0.730196875 0.755805078125 0.72068310546875 0.80043349609375 0.71186123046875 0.8026822265625 0.7218939453125 0.75718896484375 0.730196875
0 0.730707421875 0.82425048828125 0.7553744140625 0.82113330078125 0.75659423828125 0.8308916015625 0.73192724609375 0.83414443359375 0.730707421875 0.82425048828125
0 0.7400287109375 0.76934951171875 0.7489498046875 0.77609775390625 0.73691513671875 0.7971990234375 0.73899091796875 0.79892880859375 0.73310966796875 0.80948046875 0.7204822265625 0.8011775390625 0.7400287109375 0.76934951171875
0 0.68930849609375 0.7569140625 0.7015064453125 0.75623642578125 0.70299736328125 0.7857826171875 0.6901216796875 0.7861892578125 0.68930849609375 0.7569140625
0 0.6579982421875 0.82138671875 0.65921796875 0.83209384765625 0.63793935546875 0.8345333984375 0.636855078125 0.8236908203125 0.6579982421875 0.82138671875
4 0.593010546875 0.75129287109375 0.6294689453125 0.7439740234375 0.6316375 0.753461328125 0.5950435546875 0.761322265625 0.59206181640625 0.75617197265625 0.593010546875 0.75129287109375
0 0.5353716796875 0.8112607421875 0.5424501953125 0.80912314453125 0.5481494140625 0.81096826171875 0.5540443359375 0.8495857421875 0.541489453125 0.85123359375 0.5388216796875 0.83326005859375 0.52145205078125 0.83528095703125 0.51914794921875 0.8190169921875 0.53577822265625 0.81662978515625 0.5353716796875 0.8112607421875
4 0.51018486328125 0.78550849609375 0.5169615234375 0.8016369140625 0.5089650390625 0.8052962890625 0.5020529296875 0.788490234375 0.51018486328125 0.78550849609375
4 0.49449951171875 0.81415634765625 0.49978525390625 0.8096837890625 0.50778173828125 0.81740908203125 0.5034447265625 0.822694921875 0.49449951171875 0.81415634765625
0 0.9491201171875 0.61103798828125 0.97351005859375 0.6068865234375 0.97506689453125 0.62089775390625 0.949812109375 0.6245302734375 0.9472173828125 0.61743818359375 0.9491201171875 0.61103798828125
0 0.9490224609375 0.51167431640625 0.97124990234375 0.508150390625 0.97816201171875 0.5486748046875 0.954850390625 0.553825 0.94780263671875 0.5156046875 0.9490224609375 0.51167431640625
0 0.87803818359375 0.48554453125 0.89701279296875 0.48229169921875 0.9013498046875 0.485137890625 0.9054158203125 0.51495517578125 0.8819685546875 0.519427734375 0.88101982421875 0.51102470703125 0.8784447265625 0.50207958984375 0.87952900390625 0.496658203125 0.87803818359375 0.48554453125
0 0.853733984375 0.49017421875 0.8711962890625 0.4870140625 0.8745845703125 0.50765791015625 0.85669423828125 0.51083955078125 0.853733984375 0.49017421875
0 0.8404296875 0.51481689453125 0.8496458984375 0.51350908203125 0.8499462890625 0.5205568359375 0.853023046875 0.52010263671875 0.85425400390625 0.52954248046875 0.8527115234375 0.52986103515625 0.85279248046875 0.53757529296875 0.83615126953125 0.5388103515625 0.83541494140625 0.52213564453125 0.8404296875 0.521469140625 0.8404296875 0.51481689453125
0 0.879110546875 0.46007548828125 0.88326201171875 0.45938359375 0.88412685546875 0.4579998046875 0.8924298828125 0.45609697265625 0.89398662109375 0.46301611328125 0.89952197265625 0.46232421875 0.9007328125 0.46751357421875 0.8855107421875 0.4706271484375 0.88481884765625 0.46699462890625 0.87928349609375 0.46820546875 0.879110546875 0.46007548828125
0 0.91940791015625 0.42630458984375 0.9255537109375 0.42541708984375 0.925415625 0.423915234375 0.9354994140625 0.4218755859375 0.935732421875 0.4234646484375 0.947475 0.4213111328125 0.9526337890625 0.46099326171875 0.92264931640625 0.465663671875 0.91940791015625 0.42630458984375
0 0.899584375 0.3522537109375 0.91151982421875 0.39601728515625 0.89871943359375 0.39982275390625 0.886783984375 0.35657822265625 0.89145439453125 0.3524267578125 0.899584375 0.3522537109375
0 0.87883896484375 0.29513154296875 0.89162734375 0.2932681640625 0.9001306640625 0.3330017578125 0.87997099609375 0.33837275390625 0.87225380859375 0.297765625 0.87883896484375 0.29513154296875
0 0.82380625 0.201370703125 0.8316671875 0.21790576171875 0.83871494140625 0.21451748046875 0.8453560546875 0.22847734375 0.839121484375 0.231730078125 0.842780859375 0.23932001953125 0.82854990234375 0.2470453125 0.82489052734375 0.24623212890625 0.8067291015625 0.20909609375 0.81391240234375 0.20489462890625 0.82380625 0.201370703125
0 0.7855939453125 0.19895361328125 0.78824873046875 0.20723671875 0.770514453125 0.21307734375 0.76722236328125 0.20436953125 0.7759302734375 0.1995908203125 0.7855939453125 0.19895361328125
0 0.0835685546875 0.96913359375 0.09306162109375 0.967808984375 0.093503125 0.97475341796875 0.0837892578125 0.97594248046875 0.0835685546875 0.96913359375
4 0.12727314453125 0.9529283203125 0.14394365234375 0.95238623046875 0.14407919921875 0.9610603515625 0.12713759765625 0.96187353515625 0.12727314453125 0.9529283203125
0 0.8251458984375 0.32839619140625 0.83151591796875 0.32704091796875 0.834362109375 0.33950986328125 0.82799208984375 0.340865234375 0.8251458984375 0.32839619140625
0 0.81583701171875 0.3121630859375 0.81511640625 0.30698203125 0.8211630859375 0.305909765625 0.8209134765625 0.30430224609375 0.835403515625 0.30211220703125 0.83648779296875 0.31087900390625 0.82257080078125 0.31335205078125 0.82202861328125 0.31153779296875 0.81583701171875 0.3121630859375
4 0.95442705078125 0.3397265625 0.95817021484375 0.338229296875 0.96116474609375 0.34521650390625 0.9584197265625 0.34671376953125 0.95442705078125 0.3397265625
