2 -0.0 0.1693515625 0.00234462890625 0.175023828125 0.01794638671875 0.16125751953125 0.04058427734375 0.18603681640625 0.0338541015625 0.20622734375 0.03018310546875 0.20653330078125 0.0277357421875 0.20255634765625 0.018558203125 0.2111220703125 0.02253515625 0.21418125 0.01366357421875 0.2276416015625 0.01182802734375 0.22519423828125 -0.0 0.22791708984375 -0.0 0.1693515625
2 0.02145732421875 0.15308837890625 0.03491767578125 0.13932216796875 0.03981240234375 0.14268720703125 0.0416478515625 0.1411576171875 0.03858876953125 0.13534521484375 0.0535787109375 0.1194375 0.05694375 0.1221908203125 0.071321875 0.106894921875 0.077440234375 0.11240146484375 0.07896982421875 0.10934228515625 0.075298828125 0.10047060546875 0.0912064453125 0.08701025390625 0.11537392578125 0.1142369140625 0.042259765625 0.18062099609375 0.02421064453125 0.1656310546875 0.02145732421875 0.15308837890625
2 0.19099619140625 1.064453125e-05 0.189234375 0.0047453125 0.18938154296875 0.00915986328125 0.1793751953125 0.0181361328125 0.1758435546875 0.0150458984375 0.1693689453125 0.02152060546875 0.16848603515625 0.027406640625 0.16112841796875 0.0313796875 0.15803828125 0.03579423828125 0.15038642578125 0.037412890625 0.1302595703125 0.06351572265625 0.12260771484375 0.06498720703125 0.1090697265625 0.0633685546875 0.1055380859375 0.07175615234375 0.1055380859375 0.0726390625 0.0934716796875 0.0845583984375 0.084642578125 0.08970869140625 0.07198759765625 0.0925044921875 0.05058740234375 0.06589228515625 0.0698375 0.0423845703125 0.088114453125 0.03922890625 0.0957029296875 0.0390482421875 0.09886474609375 0.03678984375 0.0991357421875 0.0294724609375 0.105098046875 0.0222453125 0.1181970703125 0.01330185546875 0.12682119140625 0.0103615234375 0.13154833984375 0.012898046875 0.13327783203125 0.01139912109375 0.13039541015625 0.003558984375 0.13166015625 9.765625e-06 0.19099619140625 1.064453125e-05
2 0.21120087890625 0.09005234375 0.2113853515625 0.0950859375 0.21426162109375 0.10203701171875 0.1950861328125 0.14685986328125 0.1893333984375 0.14757890625 0.16919912109375 0.1391896484375 0.164644921875 0.12840341796875 0.16414580078125 0.12693759765625 0.171816015625 0.1082533203125 0.17926630859375 0.1116248046875 0.18142353515625 0.1085087890625 0.1749517578125 0.1073103515625 0.1766296875 0.0991607421875 0.183974609375 0.0869921875 0.185009765625 0.086767578125 0.185648046875 0.086669921875 0.19220703125 0.083662109375 0.19262529296875 0.08347197265625 0.192568359375 0.08333984375 0.19580517578125 0.08046455078125 0.21120087890625 0.09005234375
2 0.18861435546875 0.06943857421875 0.184765625 0.07984375 0.18467529296875 0.07975380859375 0.180283203125 0.0844140625 0.17207548828125 0.08022490234375 0.1790265625 0.06488447265625 0.18861435546875 0.06943857421875
2 0.09718466796875 0.20401015625 0.11323603515625 0.19243818359375 0.13078056640625 0.18833203125 0.14048603515625 0.2043833984375 0.13899287109375 0.20848955078125 0.14384560546875 0.21632861328125 0.14683193359375 0.21632861328125 0.14981826171875 0.22566083984375 0.1479517578125 0.22939375 0.15133115234375 0.237055859375 0.15773544921875 0.2503962890625 0.14085927734375 0.25739033203125 0.13070234375 0.2626353515625 0.12704765625 0.2521642578125 0.120328515625 0.25067109375 0.11846201171875 0.2424587890625 0.1169689453125 0.2443251953125 0.11136962890625 0.23387314453125 0.1128626953125 0.2316333984375 0.10726337890625 0.22267451171875 0.10390380859375 0.22715400390625 0.09793125 0.21184921875 0.09718466796875 0.20401015625
2 0.13577158203125 0.16043583984375 0.1471783203125 0.15370869140625 0.16618955078125 0.14785908203125 0.18081357421875 0.1712576171875 0.179351171875 0.17213505859375 0.18783310546875 0.18090947265625 0.19807001953125 0.20021318359375 0.20216474609375 0.21600712890625 0.2088173828125 0.22922548828125 0.17584140625 0.242037890625 0.16384970703125 0.223319140625 0.16501962890625 0.21893193359375 0.16033994140625 0.2180544921875 0.1530279296875 0.2005056640625 0.15332041015625 0.19728837890625 0.14688583984375 0.19611845703125 0.137233984375 0.1771072265625 0.13577158203125 0.16043583984375
2 0.18625029296875 0.16192607421875 0.1888826171875 0.15929375 0.189467578125 0.1551990234375 0.2020443359375 0.14554716796875 0.20643154296875 0.14759453125 0.214328515625 0.14145234375 0.214328515625 0.13414033203125 0.2289525390625 0.1233185546875 0.230707421875 0.12712080078125 0.2348021484375 0.12244111328125 0.25059609375 0.1350177734375 0.25205849609375 0.1408673828125 0.2605404296875 0.15081181640625 0.25673818359375 0.15900126953125 0.23801943359375 0.1739177734375 0.2359720703125 0.17245537109375 0.230707421875 0.17830498046875 0.23041494140625 0.1826921875 0.20526162109375 0.195561328125 0.18638916015625 0.17188515625 0.18625029296875 0.16192607421875
2 0.26751650390625 0.1687734375 0.27049560546875 0.1678568359375 0.27805810546875 0.17794013671875 0.27576640625 0.1832109375 0.2769123046875 0.1866484375 0.27874560546875 0.20085673828125 0.27973427734375 0.20768173828125 0.246696484375 0.2190380859375 0.2342873046875 0.22721083984375 0.22191240234375 0.2288150390625 0.21091240234375 0.1971900390625 0.212745703125 0.19398173828125 0.23139375 0.18685126953125 0.2342873046875 0.19329423828125 0.2384123046875 0.1921484375 0.23451650390625 0.18206513671875 0.25239150390625 0.1783984375 0.25239150390625 0.1667109375 0.2659123046875 0.1639609375 0.26751650390625 0.1687734375
2 0.013062890625 0.29359716796875 0.028875390625 0.28236796875 0.0462919921875 0.27503466796875 0.06164619140625 0.29703466796875 0.02795869140625 0.31697216796875 0.02520869140625 0.31307626953125 0.01902119140625 0.31399296875 0.013062890625 0.30299296875 0.01489619140625 0.2993263671875 0.013062890625 0.29359716796875
2 -0.0 0.43105166015625 0.013027734375 0.430343359375 0.0118578125 0.4391177734375 0.01799990234375 0.44087265625 0.0182923828125 0.44555234375 0.01156533203125 0.44935458984375 0.01215029296875 0.45227939453125 0.02033974609375 0.451401953125 0.020047265625 0.4402876953125 0.03262392578125 0.44058017578125 0.034086328125 0.52101240234375 0.017707421875 0.51691767578125 0.01799990234375 0.50346357421875 0.0288216796875 0.50229365234375 0.02823671875 0.49527412109375 0.0212171875 0.4961515625 0.00951796875 0.49585908203125 0.0124427734375 0.50404853515625 0.0118578125 0.51282294921875 -0.0 0.51511767578125 -0.0 0.43105166015625
1 -0.0 0.53777373046875 0.00941572265625 0.538653515625 0.01321796875 0.540993359375 0.01585029296875 0.536313671875 0.03164423828125 0.5392384765625 0.02988935546875 0.5930548828125 0.0442208984375 0.59393232421875 0.0442208984375 0.54421064453125 0.0562126953125 0.54479560546875 0.05679765625 0.555032421875 0.06176982421875 0.55473994140625 0.06352470703125 0.5398234375 0.09335771484375 0.54070087890625 0.09511259765625 0.6070939453125 0.06352470703125 0.6047541015625 0.062647265625 0.57404365234375 0.05679765625 0.573751171875 0.05650517578125 0.594809765625 0.04831572265625 0.594809765625 0.04685322265625 0.606508984375 0.02520966796875 0.606508984375 0.02520966796875 0.5953947265625 0.01643525390625 0.58983759765625 -0.0 0.58952294921875 -0.0 0.53777373046875
2 0.4480841796875 1.259765625e-05 0.4657080078125 0.0234693359375 0.48212529296875 0.0143486328125 0.4961103515625 0.03623828125 0.47239658203125 0.05569580078125 0.47239658203125 0.06116826171875 0.4657080078125 0.0721130859375 0.449898828125 0.06177626953125 0.437737890625 0.06238427734375 0.4340896484375 0.06846474609375 0.44868271484375 0.0824498046875 0.45415517578125 0.09643486328125 0.3781494140625 0.15480732421875 0.31612861328125 0.08062568359375 0.311872265625 0.066640625 0.402454296875 1.25e-05 0.42455087890625 1.259765625e-05 0.4288947265625 0.0052279296875 0.4334705078125 1.259765625e-05 0.4480841796875 1.259765625e-05
2 0.33644677734375 1.2109375e-05 0.33644677734375 0.0003640625 0.33602470703125 0.003037109375 0.3066208984375 0.0251251953125 0.2978982421875 0.01246318359375 0.31532685546875 1.19140625e-05 0.33644677734375 1.2109375e-05
2 0.20904716796875 0.01558935546875 0.21674775390625 0.0258810546875 0.24998642578125 0.06748154296875 0.2384947265625 0.07556171875 0.19773505859375 0.02348994140625 0.20904716796875 0.01558935546875
2 0.21404541015625 1.09375e-05 0.24420263671875 0.03906669921875 0.24132978515625 0.04158046875 0.24150927734375 0.04499208984375 0.2363021484375 0.0494810546875 0.19758427734375 1.07421875e-05 0.21404541015625 1.09375e-05
2 0.2903337890625 1.171875e-05 0.25336015625 0.02847275390625 0.24510048828125 0.0180583984375 0.2682486328125 1.15234375e-05 0.2903337890625 1.171875e-05
0 0.56460166015625 0.20140654296875 0.56273515625 0.1685572265625 0.5642283203125 0.10248525390625 0.60678310546875 0.10397841796875 0.6060365234375 0.06888935546875 0.6217146484375 0.0487318359375 0.6859201171875 0.04611884765625 0.70682421875 0.06776953125 0.70682421875 0.18012919921875 0.68517353515625 0.20327294921875 0.563855078125 0.2017798828125 0.56460166015625 0.20140654296875
0 0.998476171875 0.30319638671875 0.97689853515625 0.30453134765625 0.95450673828125 0.28166318359375 0.9568888671875 0.16970439453125 0.97546923828125 0.1487419921875 0.99847646484375 0.1482951171875 0.998476171875 0.30319638671875
0 0.86899658203125 0.44900625 0.90688330078125 0.44900625 0.9067037109375 0.4569068359375 0.93032373046875 0.4562896484375 0.932396875 0.48920986328125 0.88922548828125 0.48677763671875 0.88861748046875 0.512315625 0.856391015625 0.51353173828125 0.85395888671875 0.472792578125 0.85529296875 0.44900390625 0.869033203125 0.447822265625 0.86899658203125 0.44900625
0 0.8702818359375 0.40845498046875 0.869052734375 0.44732421875 0.855322265625 0.448515625 0.855350390625 0.4480234375 0.84825791015625 0.44727685546875 0.8460181640625 0.5040166015625 0.84377841796875 0.50774951171875 0.81914140625 0.48535224609375 0.82100791015625 0.478259765625 0.793011328125 0.44988984375 0.79226474609375 0.42599951171875 0.78293251953125 0.427492578125 0.78143935546875 0.40733505859375 0.8702818359375 0.40845498046875
0 0.99847607421875 0.5244833984375 0.97580166015625 0.5247470703125 0.97580166015625 0.510396875 0.99847607421875 0.5107923828125 0.99847607421875 0.5244833984375
0 0.99847607421875 0.553941796875 0.995267578125 0.5522708984375 0.98445185546875 0.5555794921875 0.984733203125 0.5424955078125 0.99847607421875 0.5419888671875 0.99847607421875 0.553941796875
0 0.865431640625 0.2490771484375 0.8636767578125 0.20783740234375 0.9022841796875 0.2069599609375 0.902869140625 0.25083203125 0.865431640625 0.2490771484375
0 0.196173046875 0.8980814453125 0.18908056640625 0.88426982421875 0.2055052734375 0.8768041015625 0.20625185546875 0.87307119140625 0.22379638671875 0.86373896484375 0.226409375 0.86672529296875 0.23536826171875 0.86373896484375 0.23984775390625 0.87456435546875 0.24507373046875 0.872324609375 0.2614984375 0.89845478515625 0.2618716796875 0.91002666015625 0.276056640625 0.93541025390625 0.2581388671875 0.94548896484375 0.26373818359375 0.95780751953125 0.25179296875 0.9652732421875 0.24320732421875 0.95183486328125 0.229395703125 0.95967392578125 0.196173046875 0.8980814453125
0 0.056813671875 0.8410427734375 0.06804287109375 0.8355427734375 0.074001171875 0.84425107421875 0.06941787109375 0.848146875 0.067126171875 0.8458552734375 0.06048037109375 0.84837607421875 0.056813671875 0.8410427734375
1 0.12485322265625 0.47472734375 0.1534314453125 0.47655146484375 0.1534314453125 0.49418486328125 0.15890380859375 0.49418486328125 0.160119921875 0.483848046875 0.17410498046875 0.48445615234375 0.17167275390625 0.6030251953125 0.1607279296875 0.60180908203125 0.15890380859375 0.59329638671875 0.12485322265625 0.60241708984375 0.120596875 0.5981607421875 0.12424521484375 0.47655146484375 0.12485322265625 0.47472734375
2 0.13883828125 0.34338935546875 0.1545626953125 0.34317197265625 0.1538671875 0.440947265625 0.1516072265625 0.43885263671875 0.147958984375 0.46925498046875 0.1230291015625 0.46621474609375 0.12424521484375 0.42608369140625 0.123637109375 0.3360927734375 0.13458193359375 0.335484765625 0.13883828125 0.34338935546875
2 0.17532109375 0.33366064453125 0.17349697265625 0.4649986328125 0.15951181640625 0.46378251953125 0.160119921875 0.4467572265625 0.158544921875 0.44529296875 0.1610474609375 0.44064794921875 0.162321484375 0.34318857421875 0.160119921875 0.340712890625 0.160119921875 0.3330525390625 0.17532109375 0.33366064453125
2 0.057590625 0.50119931640625 0.05854345703125 0.5178740234375 0.0452037109375 0.518826953125 0.04329794921875 0.50262861328125 0.057590625 0.50119931640625
2 0.0948265625 0.50453427734375 0.0895107421875 0.515968359375 0.06426044921875 0.51644482421875 0.06378408203125 0.49881728515625 0.0628515625 0.49234375 0.06514833984375 0.4900453125 0.064755859375 0.39232421875 0.065039453125 0.39230341796875 0.06511328125 0.37973837890625 0.07204638671875 0.37973837890625 0.07204638671875 0.369833984375 0.096807421875 0.367853125 0.0948265625 0.50453427734375
2 0.0584126953125 0.437622265625 0.05765625 0.489150390625 0.04427021484375 0.4895021484375 0.04629482421875 0.39360458984375 0.05916015625 0.39271484375 0.0584126953125 0.437622265625
1 0.23256064453125 0.59869130859375 0.2064146484375 0.60112353515625 0.205810546875 0.596787109375 0.20606552734375 0.596738671875 0.209326171875 0.299501953125 0.23662822265625 0.2986873046875 0.23256064453125 0.59869130859375
1 0.19810546875 0.59439453125 0.18513310546875 0.593826953125 0.186630859375 0.459228515625 0.19984375 0.45900390625 0.19810546875 0.59439453125
2 0.18895390625 0.31769853515625 0.201650390625 0.318515625 0.199970703125 0.449228515625 0.18673828125 0.449638671875 0.1869572265625 0.4302625 0.18878134765625 0.31594970703125 0.18895390625 0.31769853515625
1 0.29968095703125 0.48740791015625 0.30357685546875 0.492449609375 0.30197265625 0.500699609375 0.303701171875 0.512353515625 0.30332490234375 0.51322978515625 0.30860693359375 0.54721806640625 0.317041015625 0.594931640625 0.31468056640625 0.60011650390625 0.2915748046875 0.6055888671875 0.27144814453125 0.490078515625 0.29211845703125 0.484887109375 0.29968095703125 0.48740791015625
1 0.33717822265625 0.59342802734375 0.3231931640625 0.5982923828125 0.3221875 0.59224609375 0.32331455078125 0.588445703125 0.319708984375 0.5749248046875 0.3139654296875 0.53813017578125 0.31000986328125 0.50990185546875 0.309609375 0.509111328125 0.30495185546875 0.48580380859375 0.31832880859375 0.48276357421875 0.33717822265625 0.59342802734375
1 0.331221875 0.481511328125 0.34498251953125 0.479517578125 0.3629513671875 0.5994703125 0.351752734375 0.60133671875 0.33196845703125 0.4938298828125 0.331221875 0.481511328125
1 0.35083212890625 0.481857421875 0.371305859375 0.47834765625 0.37569306640625 0.477177734375 0.39499677734375 0.59241513671875 0.3718908203125 0.59650986328125 0.37101337890625 0.59680234375 0.3520064453125 0.48369765625 0.35083212890625 0.481857421875
0 0.40933271484375 0.48340517578125 0.42922138671875 0.48223525390625 0.42892890625 0.501246484375 0.409040234375 0.501246484375 0.40933271484375 0.48340517578125
1 0.4951296875 0.60541953125 0.48321923828125 0.60684873046875 0.48134765625 0.595166015625 0.48178779296875 0.5951837890625 0.48216796875 0.493955078125 0.48226640625 0.493937109375 0.4827427734375 0.4815501953125 0.496558984375 0.481073828125 0.4951296875 0.60541953125
1 0.4751201171875 0.4948900390625 0.475537109375 0.494833984375 0.47357490234375 0.59480185546875 0.4737109375 0.5948046875 0.4741671875 0.60494306640625 0.44558203125 0.60303740234375 0.44701123046875 0.4791681640625 0.4751201171875 0.4777388671875 0.4751201171875 0.4948900390625
1 0.520283203125 0.4822265625 0.520205078125 0.5012109375 0.51997841796875 0.501392578125 0.51997841796875 0.52693046875 0.520087890625 0.526943359375 0.519873046875 0.57568359375 0.5193703125 0.5761822265625 0.5187623046875 0.61205693359375 0.5066013671875 0.613273046875 0.507209375 0.4807189453125 0.520283203125 0.4822265625
1 0.55159677734375 0.59928798828125 0.525751953125 0.6041015625 0.526904296875 0.527998046875 0.5278830078125 0.52814658203125 0.5278830078125 0.47828681640625 0.5522048828125 0.47585458984375 0.55159677734375 0.59928798828125
0 0.56949873046875 0.57620859375 0.6048888671875 0.5767935546875 0.60635126953125 0.604579296875 0.56920625 0.60545673828125 0.56949873046875 0.57620859375
0 0.624599609375 0.56494140625 0.62414130859375 0.56839033203125 0.6419826171875 0.56663544921875 0.64110517578125 0.569852734375 0.647247265625 0.56897529296875 0.64753974609375 0.564003125 0.661286328125 0.564003125 0.662748828125 0.5976384765625 0.69433671875 0.59734599609375 0.695506640625 0.61313994140625 0.65982392578125 0.6122625 0.65748408203125 0.6011482421875 0.64929462890625 0.6011482421875 0.6484171875 0.579212109375 0.64139765625 0.58038203125 0.64052021484375 0.60729033203125 0.6162443359375 0.6081677734375 0.615966796875 0.564736328125 0.6178462890625 0.56387216796875 0.624599609375 0.56494140625
0 0.62615634765625 0.54012197265625 0.63237236328125 0.5530322265625 0.633125 0.5537890625 0.63291572265625 0.55464375 0.63642548828125 0.5593234375 0.62472626953125 0.564003125 0.62466796875 0.564453125 0.6177771484375 0.56336689453125 0.615966796875 0.56419921875 0.61595185546875 0.56254072265625 0.6115646484375 0.56605048828125 0.598110546875 0.5411896484375 0.5764669921875 0.47157919921875 0.597470703125 0.464521484375 0.62615634765625 0.54012197265625
0 0.6490021484375 0.54850166015625 0.63876533203125 0.55230390625 0.63763671875 0.551015625 0.60640625 0.461533203125 0.6174142578125 0.4578326171875 0.6490021484375 0.54850166015625
0 0.63620791015625 0.46580927734375 0.6452599609375 0.46295068359375 0.67432158203125 0.5387015625 0.6628875 0.54632431640625 0.63620791015625 0.46580927734375
0 0.654137109375 0.45791806640625 0.668176171875 0.45206845703125 0.6722708984375 0.44680380859375 0.67607314453125 0.4459263671875 0.7003490234375 0.5117345703125 0.69947158203125 0.5246037109375 0.679875390625 0.53074580078125 0.654137109375 0.45791806640625
0 0.68694814453125 0.5395748046875 0.70486591796875 0.52613642578125 0.77765703125 0.58884873046875 0.77355087890625 0.59818095703125 0.7567529296875 0.61124599609375 0.7567529296875 0.60116728515625 0.74779404296875 0.6056466796875 0.6862015625 0.541814453125 0.68694814453125 0.5395748046875
0 0.66830625 0.55389501953125 0.67864306640625 0.543558203125 0.73154306640625 0.60010654296875 0.7236384765625 0.6080111328125 0.671346484375 0.55632724609375 0.66830625 0.55389501953125
0 0.998476171875 0.719151171875 0.98813779296875 0.717952734375 0.98676279296875 0.7225361328125 0.98034609375 0.7225361328125 0.97713779296875 0.7190986328125 0.9659494140625 0.72190869140625 0.95743671875 0.71339599609375 0.9588537109375 0.6227970703125 0.965499609375 0.6138595703125 0.9794787109375 0.6145470703125 0.9815412109375 0.60331796875 0.98933291015625 0.60515126953125 0.98887451171875 0.61500546875 0.998476171875 0.61638984375 0.998476171875 0.719151171875
1 0.2537322265625 0.29090576171875 0.27622998046875 0.28847353515625 0.3005517578125 0.42041962890625 0.27440576171875 0.42650009765625 0.2537322265625 0.29090576171875
1 0.28352646484375 0.29151376953125 0.2962955078125 0.29029765625 0.32000927734375 0.42650009765625 0.3066322265625 0.42832421875 0.28352646484375 0.29151376953125
1 0.30724033203125 0.2775287109375 0.32000927734375 0.27570458984375 0.34737138671875 0.43622880859375 0.33581845703125 0.43987705078125 0.30724033203125 0.2775287109375
1 0.32548173828125 0.2653677734375 0.3485875 0.26050341796875 0.38081396484375 0.44048515625 0.3583162109375 0.4471736328125 0.32548173828125 0.2653677734375
2 0.3704771484375 0.25138271484375 0.3917587890625 0.234357421875 0.44405078125 0.28786552734375 0.42094501953125 0.3079310546875 0.3704771484375 0.25138271484375
2 0.40217177734375 0.2372998046875 0.4111091796875 0.2290498046875 0.44662998046875 0.2647998046875 0.43837998046875 0.27557060546875 0.40217177734375 0.2372998046875
2 0.42027587890625 0.218508203125 0.42921337890625 0.210258203125 0.46771328125 0.25082060546875 0.4592341796875 0.2606748046875 0.42027587890625 0.218508203125
2 0.4358591796875 0.207508203125 0.4509841796875 0.19284150390625 0.44915078125 0.19009150390625 0.45487998046875 0.186883203125 0.49315078125 0.22515400390625 0.47206748046875 0.24600810546875 0.4358591796875 0.207508203125
2 0.47902685546875 0.29517138671875 0.52792763671875 0.24701728515625 0.54733857421875 0.26642822265625 0.4969447265625 0.31159609375 0.47902685546875 0.29517138671875
2 0.4764138671875 0.27426728515625 0.51523583984375 0.2369384765625 0.52530908203125 0.246649609375 0.4854943359375 0.28590166015625 0.4759275390625 0.27675693359375 0.4764138671875 0.27426728515625
1 0.46422607421875 0.293738671875 0.47654453125 0.29299208984375 0.4786548828125 0.30677958984375 0.47817841796875 0.44014521484375 0.46326552734375 0.44000458984375 0.46368193359375 0.29421953125 0.46422607421875 0.293738671875
1 0.48508154296875 0.31897353515625 0.51120654296875 0.31897353515625 0.51049326171875 0.44709970703125 0.48709482421875 0.44651474609375 0.48417001953125 0.4397876953125 0.4843857421875 0.31985576171875 0.48508154296875 0.31897353515625
1 0.5391080078125 0.31744775390625 0.55702578125 0.31072861328125 0.59211484375 0.4137560546875 0.59808740234375 0.42943408203125 0.5936080078125 0.43428681640625 0.5730771484375 0.4398861328125 0.5712107421875 0.4313005859375 0.53163271484375 0.3195509765625 0.5391080078125 0.31744775390625
2 0.54255625 0.2981265625 0.5380767578125 0.29066083984375 0.555248046875 0.2630375 0.5839912109375 0.278715625 0.5761521484375 0.2899142578125 0.584364453125 0.293273828125 0.5892171875 0.2850615234375 0.6004158203125 0.29103408203125 0.58175146484375 0.32276357421875 0.56943291015625 0.31492451171875 0.57951171875 0.30036630859375 0.5735390625 0.29887314453125 0.5634603515625 0.3123115234375 0.54255625 0.2981265625
1 0.56829990234375 0.325971484375 0.5784294921875 0.32231357421875 0.61764599609375 0.42830634765625 0.60572939453125 0.43151474609375 0.56790546875 0.326490234375 0.56829990234375 0.325971484375
1 0.59406796875 0.3208779296875 0.59817412109375 0.31751826171875 0.60414677734375 0.3149052734375 0.6403556640625 0.4190525390625 0.63027685546875 0.4239052734375 0.59406796875 0.3208779296875
1 0.6074087890625 0.318112890625 0.63245126953125 0.30924951171875 0.671846484375 0.413032421875 0.65190908203125 0.42036572265625 0.61577783203125 0.32931484375 0.61113505859375 0.3305810546875 0.607055078125 0.31862255859375 0.6074087890625 0.318112890625
1 0.40350234375 0.31431171875 0.43178515625 0.31521435546875 0.43268779296875 0.44007998046875 0.40320146484375 0.4397791015625 0.40350234375 0.31431171875
1 0.43870537109375 0.3254443359375 0.451944140625 0.32514345703125 0.4513423828125 0.44700029296875 0.4372009765625 0.44639853515625 0.43870537109375 0.3254443359375
2 0.26269619140625 1.15234375e-05 0.24843154296875 0.00849091796875 0.2401939453125 1.123046875e-05 0.26269619140625 1.15234375e-05
