3 3.2421875e-05 0.94943544921875 0.007591796875 0.949503515625 0.00710107421875 0.95441025390625 0.00845048828125 0.95441025390625 0.008082421875 0.961525 3.2421875e-05 0.9608599609375 3.2421875e-05 0.94943544921875
3 3.2421875e-05 0.90598837890625 0.0092294921875 0.90557373046875 0.00953232421875 0.9343634765625 3.2421875e-05 0.93476171875 3.2421875e-05 0.90598837890625
3 3.251953125e-05 0.86824208984375 0.01171630859375 0.86872138671875 0.0114279296875 0.8832345703125 3.251953125e-05 0.882563671875 3.251953125e-05 0.86824208984375
3 3.251953125e-05 0.882563671875 0.0114279296875 0.8832345703125 0.0101744140625 0.89552802734375 3.2421875e-05 0.8950388671875 3.251953125e-05 0.882563671875
3 3.251953125e-05 0.8218974609375 0.00692255859375 0.82241591796875 0.00655458984375 0.83406943359375 3.251953125e-05 0.83394736328125 3.251953125e-05 0.8218974609375
3 3.251953125e-05 0.79778251953125 0.01347783203125 0.7982619140625 0.012805078125 0.81421689453125 3.251953125e-05 0.81402509765625 3.251953125e-05 0.79778251953125
3 0.020380859375 0.74775390625 0.01950595703125 0.77009287109375 3.251953125e-05 0.768696484375 3.251953125e-05 0.74658388671875 0.020380859375 0.74775390625
3 0.0209046875 0.7345259765625 0.020380859375 0.74775390625 3.251953125e-05 0.74658388671875 3.251953125e-05 0.73332890625 0.0209046875 0.7345259765625
3 0.0005333984375 0.69452353515625 0.0020990234375 0.6755798828125 0.03215849609375 0.6777716796875 0.0309060546875 0.6967154296875 0.0005333984375 0.69452353515625
2 0.00865595703125 0.66894833984375 0.0091466796875 0.6564361328125 0.03368037109375 0.657540234375 0.0330669921875 0.67017509765625 0.00865595703125 0.66894833984375
3 0.01405341796875 0.63754521484375 0.03515234375 0.638771875 0.03429375 0.65091611328125 0.0138080078125 0.64956669921875 0.01405341796875 0.63754521484375
3 3.26171875e-05 0.60038857421875 0.035960546875 0.60517978515625 0.03416220703125 0.6187671875 3.26171875e-05 0.613976171875 3.26171875e-05 0.60038857421875
3 0.0149380859375 0.60249814453125 0.01672314453125 0.5836267578125 0.0386548828125 0.58643193359375 0.035960546875 0.60517978515625 0.0149380859375 0.60249814453125
2 0.042998046875 0.54337666015625 0.0382025390625 0.58054208984375 0.0196484375 0.578193359375 0.0208064453125 0.55253720703125 0.01241611328125 0.55176279296875 0.015341796875 0.541611328125 0.042998046875 0.54337666015625
3 0.01784296875 0.52019736328125 0.01815615234375 0.5065767578125 0.0402310546875 0.50688984375 0.04007451171875 0.52019736328125 0.01784296875 0.52019736328125
3 0.02759140625 0.5036908203125 0.0283564453125 0.48940966796875 0.04799296875 0.490684765625 0.04748291015625 0.5052208984375 0.02759140625 0.5036908203125
3 0.020705859375 0.487624609375 0.02223603515625 0.4713033203125 0.0454427734375 0.47334345703125 0.04416767578125 0.49042978515625 0.020705859375 0.487624609375
3 0.001396484375 0.43284365234375 0.0158 0.4314345703125 0.0168958984375 0.441767578125 0.0026490234375 0.44302001953125 0.001396484375 0.43284365234375
3 0.02672412109375 0.42713876953125 0.0270921875 0.4165892578125 0.046719140625 0.41793857421875 0.04929521484375 0.41781591796875 0.0486818359375 0.42566669921875 0.04966318359375 0.42542138671875 0.0489271484375 0.4300828125 0.04267109375 0.42983740234375 0.0430390625 0.42738408203125 0.02672412109375 0.42713876953125
3 0.03306728515625 0.41128896484375 0.0347845703125 0.400003515625 0.0540435546875 0.4017208984375 0.05318486328125 0.41288369140625 0.03306728515625 0.41128896484375
3 0.0554169921875 0.38956201171875 0.0540435546875 0.4017208984375 0.0347845703125 0.400003515625 0.0365556640625 0.3855474609375 0.0554169921875 0.38956201171875
2 0.0554169921875 0.38956201171875 3.26171875e-05 0.37738056640625 3.251953125e-05 0.353602734375 0.05841416015625 0.3665833984375 0.0554169921875 0.38956201171875
3 0.034360546875 0.36116767578125 0.0350359375 0.345802734375 0.0608119140625 0.3493994140625 0.05841416015625 0.3665833984375 0.034360546875 0.36116767578125
3 3.251953125e-05 0.34449248046875 0.00520751953125 0.3334462890625 0.02321181640625 0.34002177734375 0.017419140625 0.35285966796875 3.251953125e-05 0.3445775390625 3.251953125e-05 0.34449248046875
3 3.251953125e-05 0.26479765625 0.00363037109375 0.2653986328125 0.00072099609375 0.284051171875 3.251953125e-05 0.2838169921875 3.251953125e-05 0.26479765625
3 0.0192830078125 0.2821271484375 0.0026876953125 0.28290986328125 0.00363037109375 0.2653986328125 0.02037890625 0.26490556640625 0.0192830078125 0.2821271484375
3 0.02554541015625 0.28103115234375 0.02805029296875 0.263496484375 0.0623369140625 0.26834990234375 0.0592056640625 0.28698046875 0.02554541015625 0.28103115234375
3 0.03525205078125 0.2971568359375 0.03713076171875 0.28384921875 0.0592056640625 0.28698046875 0.057326953125 0.2995052734375 0.03525205078125 0.2971568359375
3 0.06119072265625 0.26559228515625 0.02446796875 0.26151201171875 0.0254880859375 0.24927109375 0.06297587890625 0.25386142578125 0.06119072265625 0.26559228515625
3 0.04001875 0.242080859375 0.04001875 0.22010126953125 0.0615986328125 0.22050087890625 0.062198046875 0.242880078125 0.04001875 0.242080859375
3 0.00644990234375 0.226095703125 0.03082724609375 0.22369794921875 0.03142666015625 0.242080859375 0.024433203125 0.2426802734375 0.02323427734375 0.23768486328125 0.0082482421875 0.2396830078125 0.00644990234375 0.226095703125
2 0.02776318359375 0.199917578125 0.02836259765625 0.17374189453125 0.06832548828125 0.17593984375 0.06832548828125 0.18593056640625 0.06492861328125 0.18593056640625 0.06432919921875 0.20111640625 0.02776318359375 0.199917578125
3 0.046366796875 0.16926796875 0.046489453125 0.157246484375 0.07016455078125 0.15663310546875 0.07016455078125 0.1689 0.046366796875 0.16926796875
2 0.00969169921875 0.134121875 0.0072294921875 0.09331884765625 0.0495626953125 0.091788671875 0.05364306640625 0.1315716796875 0.00969169921875 0.134121875
3 0.46940791015625 0.0484927734375 0.487072265625 0.0483701171875 0.48658154296875 0.06664775390625 0.46805859375 0.06640244140625 0.46940791015625 0.0484927734375
3 0.4291375 0.0442744140625 0.43612958984375 0.0326208984375 0.4545298828125 0.04366103515625 0.44815107421875 0.0598533203125 0.4434896484375 0.05887197265625 0.4448390625 0.053842578125 0.4291375 0.0442744140625
3 0.2982427734375 0.060255859375 0.3158390625 0.06076591796875 0.31456396484375 0.08014736328125 0.2982427734375 0.08014736328125 0.2982427734375 0.060255859375
2 0.088303515625 0.14946572265625 0.11927470703125 0.15006513671875 0.1184919921875 0.17110537109375 0.0873044921875 0.16884765625 0.088303515625 0.14946572265625
3 0.08639794921875 0.13404482421875 0.11129091796875 0.1342013671875 0.1114474609375 0.14797861328125 0.08718076171875 0.148291796875 0.08639794921875 0.13404482421875
1 0.0867255859375 0.18390087890625 0.11095234375 0.18390087890625 0.1101873046875 0.19996708984375 0.08774560546875 0.20047705078125 0.0867255859375 0.18390087890625
3 0.08353095703125 0.20358173828125 0.1015142578125 0.20358173828125 0.099975390625 0.21782216796875 0.08413037109375 0.21577041015625 0.08353095703125 0.20358173828125
3 0.0799267578125 0.24273935546875 0.08135693359375 0.21567509765625 0.11242001953125 0.2214091796875 0.1092572265625 0.2417166015625 0.0799267578125 0.24273935546875
3 0.12507197265625 0.2211 0.099975390625 0.21782216796875 0.1015142578125 0.20358173828125 0.126373828125 0.20417529296875 0.12507197265625 0.2211
3 0.2247994140625 0.153515234375 0.2330970703125 0.14803564453125 0.23591513671875 0.1464701171875 0.24374306640625 0.1585251953125 0.232001171875 0.16619658203125 0.2247994140625 0.153515234375
3 0.11013642578125 0.24621416015625 0.1113353515625 0.23402548828125 0.1201583984375 0.23021962890625 0.127120703125 0.2284306640625 0.1357126953125 0.22883037109375 0.136312109375 0.24121884765625 0.12612158203125 0.24121884765625 0.12552216796875 0.25021044921875 0.11712998046875 0.25001064453125 0.11752958984375 0.2448154296875 0.11013642578125 0.24621416015625
3 0.00450302734375 0.28632275390625 0.02108759765625 0.28672236328125 0.02048818359375 0.29931064453125 0.00390361328125 0.29931064453125 0.00450302734375 0.28632275390625
3 0.0278736328125 0.9990005859375 0.02778486328125 0.98685703125 0.04537373046875 0.98628037109375 0.04546982421875 0.9932005859375 0.05287060546875 0.9931044921875 0.05319931640625 0.99900087890625 0.0278736328125 0.9990005859375
3 0.07239072265625 0.999001171875 0.07204580078125 0.984114453125 0.08504873046875 0.984114453125 0.0861982421875 0.99900126953125 0.07239072265625 0.999001171875
3 0.08997548828125 0.9990013671875 0.0874615234375 0.9936083984375 0.105146484375 0.98120966796875 0.11312392578125 0.99678017578125 0.1086150390625 0.99900146484375 0.08997548828125 0.9990013671875
3 0.16188115234375 0.97916611328125 0.1839873046875 0.978397265625 0.18427568359375 0.9942560546875 0.16255390625 0.995025 0.16188115234375 0.97916611328125
3 0.163890625 0.96109033203125 0.1833056640625 0.9523439453125 0.18849580078125 0.9633970703125 0.1703302734375 0.971758984375 0.163890625 0.96109033203125
3 0.09591728515625 0.95148544921875 0.11333623046875 0.9500134765625 0.114685546875 0.9660830078125 0.09849326171875 0.967432421875 0.09591728515625 0.95148544921875
3 0.07432763671875 0.95688291015625 0.09235986328125 0.95565615234375 0.0933412109375 0.968168359375 0.076167578125 0.9698857421875 0.07432763671875 0.95688291015625
3 0.05246953125 0.95657978515625 0.07085244140625 0.95618017578125 0.07125205078125 0.97356396484375 0.0526693359375 0.97416337890625 0.05246953125 0.95657978515625
3 0.1216982421875 0.9050697265625 0.144869140625 0.8989638671875 0.149409375 0.91665517578125 0.12717783203125 0.921351953125 0.1216982421875 0.9050697265625
3 0.0242259765625 0.94597353515625 0.04409833984375 0.94511484375 0.04495703125 0.960203125 0.0259982421875 0.96069375 0.0242259765625 0.94597353515625
3 0.04727626953125 0.94445625 0.06199287109375 0.94382998046875 0.0621494140625 0.9561982421875 0.04837216796875 0.95666787109375 0.04727626953125 0.94445625
3 0.0773357421875 0.95557197265625 0.0621494140625 0.9561982421875 0.06199287109375 0.94382998046875 0.05494775390625 0.9433603515625 0.054321484375 0.93772421875 0.06950771484375 0.93866357421875 0.06888154296875 0.94242099609375 0.07545703125 0.9410119140625 0.0773357421875 0.95557197265625
3 0.0293890625 0.918413671875 0.0555345703125 0.91637841796875 0.0563173828125 0.9285900390625 0.028762890625 0.93078193359375 0.0293890625 0.918413671875
3 0.02795673828125 0.90262890625 0.05097099609375 0.90121982421875 0.05222353515625 0.91531015625 0.02905263671875 0.91687578125 0.02795673828125 0.90262890625
3 0.02957646484375 0.880628125 0.05079814453125 0.8808734375 0.05067548828125 0.89326298828125 0.02920849609375 0.892649609375 0.02957646484375 0.880628125
3 0.02565068359375 0.8586111328125 0.04962841796875 0.85681279296875 0.05022783203125 0.87279794921875 0.0274490234375 0.87459619140625 0.02565068359375 0.8586111328125
3 0.0615251953125 0.838079296875 0.07975185546875 0.83938115234375 0.07910087890625 0.8524001953125 0.06054873046875 0.851423828125 0.0615251953125 0.838079296875
3 0.0257228515625 0.82050361328125 0.04850615234375 0.818876171875 0.0494826171875 0.83677734375 0.02637373046875 0.83840478515625 0.0257228515625 0.82050361328125
3 0.051171875 0.81255859375 0.05013671875 0.812578125 0.04796962890625 0.8116326171875 0.048046875 0.8126171875 0.029521484375 0.812958984375 0.0297865234375 0.79984365234375 0.05136650390625 0.7990443359375 0.051171875 0.81255859375
3 0.0299435546875 0.7782560546875 0.058716796875 0.7790552734375 0.0583171875 0.7950404296875 0.0303431640625 0.796039453125 0.0299435546875 0.7782560546875
3 0.08587265625 0.84005869140625 0.10059287109375 0.84005869140625 0.10083818359375 0.85539228515625 0.0859953125 0.8561283203125 0.08587265625 0.84005869140625
3 0.03308388671875 0.756741015625 0.0606259765625 0.75878115234375 0.059605859375 0.7743373046875 0.03155380859375 0.773572265625 0.03308388671875 0.756741015625
3 0.0369091796875 0.73990966796875 0.06190107421875 0.74092978515625 0.0606259765625 0.75878115234375 0.03588916015625 0.756741015625 0.0369091796875 0.73990966796875
3 0.07154853515625 0.76011640625 0.0879873046875 0.76027294921875 0.088300390625 0.77170185546875 0.0712353515625 0.77154521484375 0.07154853515625 0.76011640625
3 0.0762453125 0.74508671875 0.0872044921875 0.74508671875 0.08767412109375 0.75855078125 0.07687158203125 0.7582376953125 0.0762453125 0.74508671875
3 0.16467265625 0.72321064453125 0.122312109375 0.72221162109375 0.123910546875 0.69343837890625 0.165072265625 0.69423759765625 0.16467265625 0.72321064453125
3 0.16812578125 0.6799296875 0.19364501953125 0.68086904296875 0.19286220703125 0.7029439453125 0.16656015625 0.7021611328125 0.16812578125 0.6799296875
3 0.11806884765625 0.72411162109375 0.1366515625 0.726109765625 0.13545263671875 0.73470185546875 0.11806884765625 0.7327037109375 0.11806884765625 0.72411162109375
3 0.06952177734375 0.7050765625 0.06187119140625 0.7050765625 0.0613611328125 0.6923255859375 0.0988265625 0.693484375 0.0996140625 0.70048623046875 0.1005341796875 0.72041103515625 0.06952177734375 0.71961259765625 0.06952177734375 0.7050765625
3 0.0613611328125 0.6923255859375 0.06340126953125 0.67396416015625 0.099358984375 0.6788095703125 0.09884892578125 0.68748017578125 0.10981474609375 0.6872251953125 0.10930478515625 0.70048623046875 0.0996140625 0.70048623046875 0.0988265625 0.693484375 0.0613611328125 0.6923255859375
3 0.0420134765625 0.71706865234375 0.06518427734375 0.71785146484375 0.064244921875 0.7377345703125 0.0404478515625 0.73726484375 0.0420134765625 0.71706865234375
3 0.062053125 0.71362431640625 0.04295283203125 0.7128416015625 0.0435791015625 0.68810517578125 0.06111376953125 0.6877919921875 0.062053125 0.71362431640625
3 0.05153955078125 0.6541521484375 0.0707623046875 0.65501708984375 0.07008955078125 0.6693380859375 0.05096279296875 0.66856923828125 0.05153955078125 0.6541521484375
3 0.0740466796875 0.617283203125 0.09784375 0.621040625 0.0943994140625 0.64577705078125 0.06981953125 0.6418630859375 0.0740466796875 0.617283203125
3 0.05231748046875 0.60198828125 0.068387109375 0.601865625 0.069000390625 0.61425517578125 0.05231748046875 0.61462314453125 0.05231748046875 0.60198828125
3 0.052303125 0.59389248046875 0.05324248046875 0.578549609375 0.0753173828125 0.5804283203125 0.074221484375 0.5948318359375 0.052303125 0.59389248046875
3 0.05324248046875 0.578549609375 0.05656181640625 0.5618126953125 0.0741984375 0.56528447265625 0.07170634765625 0.5800578125 0.05324248046875 0.578549609375
3 0.0612666015625 0.523021875 0.08882109375 0.5253703125 0.08741201171875 0.54102626953125 0.05985751953125 0.53867783203125 0.0612666015625 0.523021875
3 0.09837119140625 0.52286533203125 0.1201330078125 0.52255224609375 0.1209158203125 0.54024345703125 0.09915400390625 0.54071318359375 0.09837119140625 0.52286533203125
2 0.17453798828125 0.59353544921875 0.198116015625 0.59713212890625 0.19551845703125 0.61231796875 0.1719404296875 0.608121875 0.17453798828125 0.59353544921875
2 0.26287099609375 0.5237513671875 0.28804755859375 0.52275234375 0.28904658203125 0.54193447265625 0.26466923828125 0.5435330078125 0.26287099609375 0.5237513671875
3 0.27028310546875 0.48415517578125 0.28687841796875 0.4772666015625 0.29439326171875 0.49589716796875 0.27842412109375 0.50153330078125 0.27028310546875 0.48415517578125
3 0.2916982421875 0.4445876953125 0.31741083984375 0.4442623046875 0.317736328125 0.46737109375 0.29267470703125 0.46867294921875 0.2916982421875 0.4445876953125
3 0.26292490234375 0.45586513671875 0.27822607421875 0.44999970703125 0.2871517578125 0.47218642578125 0.27159560546875 0.477541796875 0.26292490234375 0.45586513671875
2 0.12244091796875 0.56016689453125 0.15161376953125 0.561166015625 0.15201337890625 0.57635185546875 0.12224111328125 0.5747533203125 0.12244091796875 0.56016689453125
3 0.106144921875 0.58204208984375 0.0829740234375 0.581102734375 0.0837568359375 0.5685779296875 0.10630146484375 0.56904765625 0.106144921875 0.58204208984375
2 0.0604091796875 0.498055859375 0.081075 0.49899521484375 0.08029228515625 0.513868359375 0.0604091796875 0.51292900390625 0.0604091796875 0.498055859375
3 0.0657322265625 0.48459169921875 0.08514560546875 0.48584423828125 0.08467587890625 0.49758623046875 0.0657322265625 0.4961771484375 0.0657322265625 0.48459169921875
2 0.09876630859375 0.48443515625 0.11911904296875 0.483808984375 0.12021494140625 0.4991517578125 0.09954912109375 0.49946494140625 0.09876630859375 0.48443515625
3 0.06463896484375 0.48206416015625 0.06412890625 0.46446787109375 0.08453046875 0.4665080078125 0.08514560546875 0.48584423828125 0.06463896484375 0.48206416015625
1 0.09505458984375 0.464846484375 0.118821484375 0.46480927734375 0.12023310546875 0.481044140625 0.0970263671875 0.48231923828125 0.09505458984375 0.464846484375
3 0.06799765625 0.45979384765625 0.06893701171875 0.44586005859375 0.07989619140625 0.44554697265625 0.0797396484375 0.43803203125 0.10074345703125 0.43989990234375 0.100562109375 0.460733203125 0.06799765625 0.45979384765625
3 0.0715466796875 0.42388076171875 0.093626953125 0.42584345703125 0.09252294921875 0.4390916015625 0.07081064453125 0.43700625 0.0715466796875 0.42388076171875
3 0.12566689453125 0.4439478515625 0.101489453125 0.44274892578125 0.1016892578125 0.42056953125 0.12506748046875 0.42156865234375 0.12566689453125 0.4439478515625
3 0.07531181640625 0.37312880859375 0.09753359375 0.37369267578125 0.0980951171875 0.385496875 0.0935384765625 0.385496875 0.09386396484375 0.39916689453125 0.074986328125 0.3998177734375 0.07531181640625 0.37312880859375
3 0.075272265625 0.35908486328125 0.10029658203125 0.3601888671875 0.10078720703125 0.35515048828125 0.1105908203125 0.3559193359375 0.11075419921875 0.36113046875 0.10857021484375 0.3712216796875 0.10021103515625 0.3697908203125 0.10029658203125 0.373559765625 0.07531181640625 0.37312880859375 0.075272265625 0.35908486328125
3 0.07502861328125 0.3445779296875 0.10069111328125 0.34563515625 0.1104947265625 0.34601962890625 0.1105908203125 0.3559193359375 0.10078720703125 0.35515048828125 0.10029658203125 0.3601888671875 0.075272265625 0.35908486328125 0.07502861328125 0.3445779296875
3 0.07187734375 0.33120986328125 0.09158076171875 0.33140205078125 0.09167685546875 0.3445697265625 0.0715890625 0.3445697265625 0.07187734375 0.33120986328125
3 0.10400703125 0.3135232421875 0.12217255859375 0.316598828125 0.11957744140625 0.32995869140625 0.10045078125 0.3265947265625 0.10400703125 0.3135232421875
2 0.07471806640625 0.29277841796875 0.11345205078125 0.2968587890625 0.11304580078125 0.30844501953125 0.07508076171875 0.3051771484375 0.07471806640625 0.29277841796875
3 0.077322265625 0.2741685546875 0.1011001953125 0.27676611328125 0.10030087890625 0.2817615234375 0.10769404296875 0.28355986328125 0.1064951171875 0.290353515625 0.1096921875 0.290353515625 0.1087162109375 0.2962234375 0.076975 0.29295078125 0.077322265625 0.2741685546875
3 0.078442578125 0.27141513671875 0.07804287109375 0.25423115234375 0.11440908203125 0.2556298828125 0.11400947265625 0.2726140625 0.078442578125 0.27141513671875
3 0.15844296875 0.359862109375 0.17910888671875 0.35829658203125 0.17989169921875 0.37144755859375 0.1611044921875 0.37301318359375 0.15844296875 0.359862109375
3 0.12823076171875 0.37900439453125 0.1466310546875 0.37924970703125 0.14614033203125 0.385505859375 0.12798544921875 0.38513779296875 0.12823076171875 0.37900439453125
3 0.13767705078125 0.41568203125 0.1541158203125 0.41850009765625 0.15161083984375 0.4303986328125 0.13532861328125 0.42805029296875 0.13767705078125 0.41568203125
3 0.11005908203125 0.4033220703125 0.1342859375 0.40612724609375 0.13301083984375 0.41530791015625 0.10852900390625 0.41275771484375 0.11005908203125 0.4033220703125
3 0.09405390625 0.406040625 0.094421875 0.38935771484375 0.11503017578125 0.387026953125 0.1193236328125 0.38997099609375 0.121408984375 0.402605859375 0.09405390625 0.406040625
3 0.12874287109375 0.3957421875 0.128141796875 0.39643564453125 0.11325498046875 0.3827970703125 0.1187103515625 0.377387890625 0.13429072265625 0.390009375 0.12874287109375 0.3957421875
3 0.13658291015625 0.13093583984375 0.15936171875 0.13473232421875 0.15756337890625 0.1441236328125 0.13618330078125 0.1409265625 0.13658291015625 0.13093583984375
3 0.1404609375 0.172601171875 0.1184919921875 0.17110537109375 0.118529296875 0.1601052734375 0.1404609375 0.16214541015625 0.1404609375 0.172601171875
3 0.14596455078125 0.09248359375 0.15191376953125 0.0868474609375 0.1600548828125 0.09295322265625 0.1533228515625 0.0995287109375 0.14596455078125 0.09248359375
3 0.1556673828125 0.28080634765625 0.16597158203125 0.280315625 0.1668302734375 0.29049716796875 0.157262109375 0.29086513671875 0.1556673828125 0.28080634765625
2 0.19106533203125 0.66168251953125 0.21972783203125 0.66126708984375 0.2193125 0.68037548828125 0.19364501953125 0.68086904296875 0.19106533203125 0.66168251953125
3 0.2162962890625 0.8052953125 0.23771787109375 0.8060603515625 0.235677734375 0.82034140625 0.215276171875 0.81906630859375 0.2162962890625 0.8052953125
3 3.26171875e-05 0.444055078125 0.0285619140625 0.4454029296875 0.02807119140625 0.4606138671875 0.01764443359375 0.4612271484375 0.0192390625 0.47055 3.26171875e-05 0.4701826171875 3.26171875e-05 0.444055078125
2 0.05656181640625 0.5618126953125 0.05773583984375 0.5515705078125 0.07270146484375 0.553533203125 0.0722107421875 0.5594212890625 0.069634765625 0.5592986328125 0.06902138671875 0.56420537109375 0.05656181640625 0.5618126953125
3 0.15557998046875 0.53280712890625 0.179041796875 0.53357216796875 0.1780216796875 0.52490146484375 0.1882224609375 0.52592158203125 0.18796748046875 0.54453798828125 0.158640234375 0.54377294921875 0.15557998046875 0.53280712890625
3 0.180755859375 0.562028125 0.191177734375 0.562358984375 0.190846875 0.5695826171875 0.18036982421875 0.5692517578125 0.180755859375 0.562028125
