0 0.04423466796875 0.955011328125 0.06889384765625 0.9175974609375 0.0802880859375 0.92508017578125 0.05460849609375 0.96334443359375 0.04423466796875 0.955011328125
0 0.06681552734375 0.6508251953125 0.08076064453125 0.661369140625 0.06358427734375 0.6838173828125 0.0540607421875 0.6776951171875 0.05185 0.67140283203125 0.06681552734375 0.6508251953125
0 0.171761328125 0.5550291015625 0.17502080078125 0.5546529296875 0.1881841796875 0.56493291015625 0.1688779296875 0.59000595703125 0.16649599609375 0.58800009765625 0.1632365234375 0.59213720703125 0.1613560546875 0.5922625 0.15395947265625 0.58637041015625 0.15671748046875 0.58235869140625 0.15596533203125 0.5760904296875 0.171761328125 0.5550291015625
0 0.271613671875 0.64415859375 0.2745046875 0.646539453125 0.27671552734375 0.646029296875 0.2986537109375 0.6638859375 0.288619921875 0.67613046875 0.28538876953125 0.67647060546875 0.2831779296875 0.6768107421875 0.26328056640625 0.66048466796875 0.264130859375 0.65929423828125 0.26140986328125 0.65691337890625 0.26549140625 0.65011083984375 0.271613671875 0.64415859375
0 0.32027861328125 0.561374609375 0.337625 0.57429931640625 0.315516796875 0.60440048828125 0.29868056640625 0.5918158203125 0.32027861328125 0.561374609375
0 0.357681640625 0.503425390625 0.37729091796875 0.47689521484375 0.3842119140625 0.482893359375 0.3964388671875 0.49027568359375 0.37590673828125 0.51726728515625 0.357681640625 0.503425390625
0 0.34775478515625 0.26618046875 0.33465986328125 0.25359580078125 0.348140625 0.23995478515625 0.34740595703125 0.23824541015625 0.3610556640625 0.22476572265625 0.36067958984375 0.22179404296875 0.37241396484375 0.2117603515625 0.3861890625 0.22553544921875 0.3861890625 0.22859658203125 0.370203125 0.24339208984375 0.37071328125 0.24492265625 0.34775478515625 0.26618046875
0 0.34563955078125 0.21464482421875 0.33628603515625 0.20716201171875 0.336626171875 0.20614169921875 0.33135419921875 0.2025703125 0.33645615234375 0.1966181640625 0.3459796875 0.203420703125 0.34563955078125 0.20546142578125 0.34938095703125 0.2088626953125 0.35057138671875 0.210053125 0.34563955078125 0.21464482421875
0 0.33846669921875 0.1696359375 0.337878515625 0.17001591796875 0.33261318359375 0.16374765625 0.3331146484375 0.1593599609375 0.3309833984375 0.1591091796875 0.3291029296875 0.15685263671875 0.3292283203125 0.1533423828125 0.328225390625 0.15196337890625 0.3275826171875 0.14888828125 0.3318341796875 0.14497685546875 0.33523544921875 0.1487181640625 0.33540556640625 0.14973857421875 0.3473099609375 0.16215322265625 0.33846669921875 0.1696359375
0 0.3329990234375 0.06868623046875 0.310766796875 0.05349853515625 0.32414560546875 0.03781611328125 0.34684091796875 0.05138388671875 0.3329990234375 0.06868623046875
0 0.3683052734375 1.123046875e-05 0.37175625 0.0040908203125 0.3680650390625 0.0063978515625 0.3609134765625 0.00893544921875 0.3546923828125 1.11328125e-05 0.3683052734375 1.123046875e-05
0 0.9421224609375 0.0331630859375 0.9451818359375 0.02918935546875 0.95333974609375 0.02370615234375 0.96902724609375 0.03431826171875 0.97179560546875 0.0389322265625 0.97179560546875 0.041469921875 0.978947265625 0.049775 0.97395615234375 0.05469970703125 0.9685658203125 0.0573880859375 0.96441328125 0.05692666015625 0.96441328125 0.05577314453125 0.9588765625 0.048621484375 0.954526171875 0.0522322265625 0.94988671875 0.05222255859375 0.94503466796875 0.04885224609375 0.944391015625 0.0444689453125 0.94675078125 0.04132705078125 0.942727734375 0.039759765625 0.9418123046875 0.03685595703125 0.94346005859375 0.03494931640625 0.9421224609375 0.0331630859375
0 0.13537529296875 0.89585380859375 0.1644533203125 0.85514462890625 0.17543828125 0.8616064453125 0.1463603515625 0.90490029296875 0.13537529296875 0.89585380859375
