0 0.525821484375 0.5852119140625 0.53678994140625 0.5829306640625 0.55115859375 0.6250626953125 0.53971240234375 0.62847216796875 0.525821484375 0.5852119140625
0 0.52088388671875 0.52050048828125 0.53539638671875 0.56500732421875 0.5224888671875 0.5691474609375 0.51932294921875 0.55940595703125 0.51104267578125 0.5615978515625 0.505809765625 0.54604873046875 0.50072646484375 0.547693359375 0.49713818359375 0.5361810546875 0.5016234375 0.5346859375 0.499380859375 0.52735986328125 0.52088388671875 0.52050048828125
0 0.4206126953125 0.34436552734375 0.44064716796875 0.338235546875 0.45455166015625 0.37486572265625 0.43466669921875 0.38189267578125 0.4206126953125 0.34436552734375
0 0.28072822265625 0.5681212890625 0.29704951171875 0.56467021484375 0.30532333984375 0.5942279296875 0.30914248046875 0.59394970703125 0.31612216796875 0.62209462890625 0.29339658203125 0.62867314453125 0.28594541015625 0.60053974609375 0.28902841796875 0.59908232421875 0.28072822265625 0.5681212890625
0 0.1833875 0.41066943359375 0.19340849609375 0.44670234375 0.1744326171875 0.45117978515625 0.165477734375 0.4159998046875 0.17357978515625 0.41258837890625 0.1833875 0.41066943359375
0 0.3107646484375 0.3965908203125 0.31620703125 0.4131900390625 0.272940234375 0.42679599609375 0.26722568359375 0.41019677734375 0.3107646484375 0.3965908203125
0 0.48437294921875 0.4187283203125 0.48437294921875 0.41304833984375 0.50592333984375 0.4072013671875 0.5121044921875 0.4322599609375 0.489217578125 0.4352669921875 0.4880482421875 0.43109052734375 0.4760201171875 0.43209287109375 0.474182421875 0.4209 0.48437294921875 0.4187283203125
0 0.48830458984375 0.44349306640625 0.49960478515625 0.4413609375 0.51197109375 0.43816279296875 0.51836748046875 0.45735185546875 0.51247578125 0.4599265625 0.51474287109375 0.46588037109375 0.49917841796875 0.471423828125 0.49747275390625 0.46524072265625 0.4947009765625 0.46588037109375 0.49256884765625 0.45841787109375 0.49043671875 0.4588443359375 0.48830458984375 0.44349306640625
0 0.41803115234375 0.46024541015625 0.4361541015625 0.4576869140625 0.4387126953125 0.47111923828125 0.41973681640625 0.473891015625 0.41803115234375 0.46024541015625
0 0.17328388671875 0.38329951171875 0.1766953125 0.39523935546875 0.163476171875 0.3990771484375 0.1645421875 0.40312822265625 0.14983056640625 0.40781884765625 0.14556630859375 0.39118828125 0.17328388671875 0.38329951171875
0 0.357619140625 0.853626953125 0.3523744140625 0.84345849609375 0.34924873046875 0.83026103515625 0.3721705078125 0.82157861328125 0.3798111328125 0.844153125 0.37772734375 0.84866796875 0.38891279296875 0.878933984375 0.37340205078125 0.8846484375 0.36904814453125 0.8835599609375 0.357619140625 0.853626953125
0 0.63092998046875 0.8164490234375 0.64551650390625 0.81019755859375 0.663576171875 0.8088083984375 0.66670185546875 0.8206166015625 0.632319140625 0.82686796875 0.63092998046875 0.8164490234375
0 0.63545791015625 0.8112642578125 0.63194970703125 0.80391376953125 0.64865546875 0.79873505859375 0.6513283203125 0.80625263671875 0.63545791015625 0.8112642578125
