3 0.8680087890625 0.349989453125 0.8832919921875 0.349989453125 0.88256083984375 0.36172412109375 0.86866240234375 0.361366015625 0.8680087890625 0.349989453125
3 0.8442587890625 0.35875166015625 0.85421201171875 0.35199208984375 0.8576513671875 0.3575220703125 0.860531640625 0.3617166015625 0.8493935546875 0.36747548828125 0.8442587890625 0.35875166015625
3 0.3892138671875 0.53800048828125 0.427365234375 0.54506904296875 0.4262091796875 0.562988671875 0.384930859375 0.55676201171875 0.38531103515625 0.5463298828125 0.3892138671875 0.53800048828125
3 0.5544318359375 0.55911298828125 0.57765859375 0.55720810546875 0.578632421875 0.57189609375 0.5544046875 0.5732771484375 0.5544318359375 0.55911298828125
3 0.9583310546875 0.4855005859375 0.96152490234375 0.5011150390625 0.94200693359375 0.50537353515625 0.94023251953125 0.4922431640625 0.9583310546875 0.4855005859375
3 0.96471884765625 0.49153349609375 0.9725259765625 0.48869443359375 0.97749423828125 0.499340625 0.968267578125 0.5018248046875 0.96471884765625 0.49153349609375
3 0.94732998046875 0.46917646484375 0.960815234375 0.4705958984375 0.959395703125 0.48124208984375 0.94839462890625 0.479112890625 0.94732998046875 0.46917646484375
4 0.99902666015625 0.506876953125 0.99097939453125 0.50430888671875 0.99417333984375 0.49543701171875 0.99902666015625 0.4972994140625 0.99902666015625 0.506876953125
3 0.94839462890625 0.54973271484375 0.97039677734375 0.55753994140625 0.96223466796875 0.573154296875 0.94129716796875 0.5660568359375 0.94839462890625 0.54973271484375
4 0.81632626953125 0.5794482421875 0.83619912109375 0.57625439453125 0.8390380859375 0.59257861328125 0.82058466796875 0.59861142578125 0.819165234375 0.5980333984375 0.81632626953125 0.5794482421875
3 0.7942083984375 0.74446103515625 0.81154990234375 0.747929296875 0.80923779296875 0.76295869140625 0.79074013671875 0.75949033203125 0.7942083984375 0.74446103515625
3 0.77686689453125 0.73232197265625 0.7878498046875 0.73694638671875 0.78264736328125 0.7496634765625 0.77397666015625 0.74561708984375 0.77686689453125 0.73232197265625
2 0.9751384765625 0.7941734375 0.9872775390625 0.79995400390625 0.98207509765625 0.8109369140625 0.98091904296875 0.81151494140625 0.9687798828125 0.8051564453125 0.9751384765625 0.7941734375
3 0.78611572265625 0.7837685546875 0.7988328125 0.78434658203125 0.79825478515625 0.791283203125 0.78611572265625 0.79186123046875 0.78611572265625 0.7837685546875
3 0.53119501953125 0.7710513671875 0.54217802734375 0.7710513671875 0.54044384765625 0.79186123046875 0.525992578125 0.79070517578125 0.53119501953125 0.7710513671875
1 0.54462353515625 0.78051552734375 0.55660595703125 0.7807333984375 0.5563880859375 0.79206220703125 0.54309853515625 0.7927158203125 0.54462353515625 0.78051552734375
1 0.45100107421875 0.8224322265625 0.46295732421875 0.8313298828125 0.45378154296875 0.8432861328125 0.44182529296875 0.8357787109375 0.45100107421875 0.8224322265625
3 0.52034013671875 0.83827880859375 0.53313056640625 0.839391015625 0.53229638671875 0.8494009765625 0.52006201171875 0.8477326171875 0.52034013671875 0.83827880859375
2 0.4168619140625 0.91995 0.430701953125 0.928112109375 0.4236044921875 0.9405326171875 0.4079900390625 0.93166083984375 0.4168619140625 0.91995
3 0.37782578125 0.97672978515625 0.3870525390625 0.986311328125 0.37711611328125 0.9941185546875 0.36788935546875 0.9852466796875 0.37782578125 0.97672978515625
3 0.394859765625 0.96892255859375 0.40621572265625 0.97389072265625 0.40160234375 0.98240771484375 0.3930853515625 0.978858984375 0.394859765625 0.96892255859375
3 0.3757591796875 0.9990033203125 0.37463193359375 0.99731240234375 0.38421357421875 0.98986005859375 0.39060126953125 0.99660263671875 0.38709052734375 0.9990033203125 0.3757591796875 0.9990033203125
2 0.443505078125 0.3736185546875 0.4534693359375 0.37497734375 0.4516576171875 0.38494150390625 0.44259921875 0.3835828125 0.443505078125 0.3736185546875
3 0.50989072265625 0.55791708984375 0.54649140625 0.558570703125 0.5469271484375 0.57098876953125 0.510762109375 0.57033525390625 0.50989072265625 0.55791708984375
