0 0.8480283203125 0.468193359375 0.89037236328125 0.45967744140625 0.8915259765625 0.4748263671875 0.8966474609375 0.4910228515625 0.853119921875 0.49988681640625 0.84766015625 0.4838408203125 0.8480283203125 0.468193359375
0 0.78224365234375 0.4925259765625 0.79574814453125 0.49316904296875 0.79317587890625 0.51262197265625 0.7791890625 0.51246123046875 0.78224365234375 0.4925259765625
0 0.74944697265625 0.48963212890625 0.764719921875 0.491561328125 0.76214765625 0.50458359375 0.74703544921875 0.5023328125 0.74944697265625 0.48963212890625
0 0.700769921875 0.48289306640625 0.7213458984375 0.4864869140625 0.7135884765625 0.52224404296875 0.6946974609375 0.51780263671875 0.6967701171875 0.509709375 0.693414453125 0.508525 0.69646533203125 0.49338125 0.69916826171875 0.493488671875 0.700769921875 0.48289306640625
0 0.71886015625 0.3888544921875 0.74008154296875 0.3915875 0.73316845703125 0.4300111328125 0.71580556640625 0.4292072265625 0.70760634765625 0.42711728515625 0.71259013671875 0.402358984375 0.7160439453125 0.4026619140625 0.71886015625 0.3888544921875
0 0.788874609375 0.39322900390625 0.8052583984375 0.394512109375 0.80160654296875 0.41484375 0.78522275390625 0.41316591796875 0.788874609375 0.39322900390625
0 0.77594521484375 0.40921806640625 0.78221806640625 0.40995263671875 0.781768359375 0.416028125 0.77524306640625 0.4153373046875 0.77594521484375 0.40921806640625
0 0.72964521484375 0.29916796875 0.739067578125 0.29886923828125 0.75026962890625 0.3020103515625 0.74723603515625 0.32585078125 0.75134365234375 0.32646611328125 0.750275 0.337207421875 0.72440068359375 0.33442177734375 0.72481884765625 0.33093359375 0.71845810546875 0.3302791015625 0.71866328125 0.31944326171875 0.72153583984375 0.31349287109375 0.72792001953125 0.3138201171875 0.72964521484375 0.29916796875
0 0.7692169921875 0.34248447265625 0.779478515625 0.3427724609375 0.7792119140625 0.35300751953125 0.76930751953125 0.3529728515625 0.7692169921875 0.34248447265625
0 0.77991298828125 0.307512890625 0.79808603515625 0.30689423828125 0.7978541015625 0.3117662109375 0.81154189453125 0.3116115234375 0.81138720703125 0.32421669921875 0.80976318359375 0.3245259765625 0.80991787109375 0.32816064453125 0.80357666015625 0.328469921875 0.8029580078125 0.3244486328125 0.79909140625 0.3246806640625 0.79878203125 0.33078994140625 0.7797583984375 0.33063525390625 0.7797583984375 0.32406201171875 0.77805703125 0.318184765625 0.780531640625 0.3144728515625 0.77991298828125 0.307512890625
0 0.93251201171875 0.289398828125 0.9316966796875 0.3161791015625 0.91577578125 0.3161017578125 0.91646484375 0.288642578125 0.93043623046875 0.28911015625 0.93251201171875 0.289398828125
0 0.93094248046875 0.27597607421875 0.93043623046875 0.28911015625 0.91646484375 0.288642578125 0.9019333984375 0.28795283203125 0.9021833984375 0.2745974609375 0.93094248046875 0.27597607421875
0 0.96452099609375 0.35059658203125 0.9706630859375 0.35586123046875 0.9636435546875 0.36580556640625 0.9560390625 0.3596634765625 0.96452099609375 0.35059658203125
0 0.63191669921875 0.039768359375 0.6404060546875 0.0399025390625 0.65153037109375 0.0418583984375 0.644283203125 0.0803671875 0.6316947265625 0.0789876953125 0.62437802734375 0.0775302734375 0.6280634765625 0.05923564453125 0.62970205078125 0.05091513671875 0.63191669921875 0.039768359375
0 0.62970205078125 0.05091513671875 0.6280634765625 0.05923564453125 0.61866337890625 0.05724169921875 0.6205447265625 0.04927802734375 0.62970205078125 0.05091513671875
