2 0.99844658203125 0.03120830078125 0.9908873046875 0.03277568359375 0.98559677734375 0.00329970703125 0.989883984375 5.56640625e-06 0.9984466796875 5.37109375e-06 0.99844658203125 0.03120830078125
2 0.756944140625 0.01085419921875 0.75565791015625 0.02066103515625 0.75662255859375 0.030789453125 0.7582302734375 0.0414001953125 0.7611240234375 0.05104619140625 0.7281251953125 0.0555294921875 0.72768427734375 0.0450978515625 0.72511201171875 0.0354517578125 0.7233435546875 0.02226875 0.7255943359375 0.01326572265625 0.756944140625 0.01085419921875
2 0.79225087890625 0.0597732421875 0.795827734375 0.057480859375 0.79981884765625 0.05877060546875 0.79948193359375 0.06763623046875 0.79592734375 0.066862890625 0.7928419921875 0.06861142578125 0.79225087890625 0.0597732421875
2 0.92918759765625 0.0137373046875 0.93793515625 0.01269404296875 0.939729296875 0.0185498046875 0.9303333984375 0.0206123046875 0.92918759765625 0.0137373046875
2 0.92933984375 0.12945048828125 0.935530078125 0.137891796875 0.9158337890625 0.1522419921875 0.90908076171875 0.14337861328125 0.92933984375 0.12945048828125
2 0.9270888671875 0.1670142578125 0.931872265625 0.1644818359375 0.9366556640625 0.16490390625 0.93834384765625 0.1800982421875 0.92863642578125 0.1817865234375 0.9270888671875 0.1670142578125
2 0.93744130859375 0.1964349609375 0.9415314453125 0.214536328125 0.91496533203125 0.22004794921875 0.9100048828125 0.210016796875 0.9116583984375 0.19998564453125 0.93381513671875 0.19524560546875 0.93470859375 0.19667861328125 0.93744130859375 0.1964349609375
2 0.83691923828125 0.19492685546875 0.845717578125 0.19169482421875 0.858645703125 0.189360546875 0.86313466796875 0.2101892578125 0.87444677734375 0.2074958984375 0.8742671875 0.21791025390625 0.87911533203125 0.2285041015625 0.8288390625 0.2437666015625 0.82560703125 0.23191572265625 0.8238115234375 0.21970576171875 0.84033076171875 0.21521689453125 0.83691923828125 0.19492685546875
2 0.68940849609375 0.23323828125 0.72136982421875 0.22605595703125 0.72621787109375 0.2476029296875 0.6858173828125 0.25693994140625 0.68348310546875 0.242395703125 0.69048583984375 0.2406001953125 0.68940849609375 0.23323828125
2 0.72513154296875 0.146869921875 0.7285080078125 0.16009462890625 0.701073828125 0.166003515625 0.6979787109375 0.1534822265625 0.72513154296875 0.146869921875
2 0.685894921875 0.1831380859375 0.69620791015625 0.19258740234375 0.67591669921875 0.21550712890625 0.66480234375 0.205799609375 0.66986181640625 0.2004587890625 0.666490625 0.19735830078125 0.6777435546875 0.18555673828125 0.68083544921875 0.1884166015625 0.685894921875 0.1831380859375
2 0.6571484375 0.21144072265625 0.66431357421875 0.215188671875 0.65825078125 0.22654267578125 0.65108564453125 0.22257431640625 0.6571484375 0.21144072265625
4 0.79299658203125 0.5110068359375 0.817194921875 0.50467587890625 0.81663212890625 0.5031283203125 0.83098232421875 0.4993296875 0.83182646484375 0.5024248046875 0.83393681640625 0.50270625 0.83604716796875 0.5136798828125 0.832811328125 0.51466474609375 0.83140439453125 0.51522744140625 0.83168583984375 0.51691572265625 0.83365546875 0.51649365234375 0.8349216796875 0.52236171875 0.8333740234375 0.522683984375 0.83621005859375 0.538287890625 0.82999755859375 0.53998857421875 0.83085419921875 0.5457568359375 0.817348046875 0.54939248046875 0.81131279296875 0.52868720703125 0.80021201171875 0.5316396484375 0.79268427734375 0.52178447265625 0.79299658203125 0.5110068359375
4 0.85082587890625 0.552134765625 0.8664091796875 0.548697265625 0.87145078125 0.574822265625 0.8615966796875 0.57734306640625 0.85655498046875 0.57803056640625 0.85082587890625 0.552134765625
4 0.838262109375 0.6247583984375 0.8964703125 0.60619599609375 0.8999078125 0.621091796875 0.90792861328125 0.63461259765625 0.846512109375 0.6556958984375 0.8384912109375 0.64080009765625 0.838262109375 0.6247583984375
4 0.5227380859375 0.80777060546875 0.5280783203125 0.80363193359375 0.53662265625 0.80309794921875 0.54236337890625 0.81698251953125 0.5286123046875 0.82218916015625 0.5227380859375 0.80777060546875
4 0.5772380859375 0.70139228515625 0.57947060546875 0.7024548828125 0.580419921875 0.70427734375 0.58037021484375 0.70428896484375 0.5840234375 0.717958984375 0.54257763671875 0.73147734375 0.54110126953125 0.72414853515625 0.5403953125 0.72420107421875 0.542051171875 0.73145517578125 0.52298271484375 0.73778173828125 0.51770068359375 0.71801650390625 0.53542119140625 0.711712109375 0.53627314453125 0.71494951171875 0.53916982421875 0.71409755859375 0.53797705078125 0.7103490234375 0.57648525390625 0.6984216796875 0.5772380859375 0.70139228515625
4 0.59029140625 0.7159078125 0.584482421875 0.717802734375 0.580859375 0.70421875 0.58608359375 0.7028103515625 0.59029140625 0.7159078125
4 0.45063583984375 0.6936390625 0.45498515625 0.69081201171875 0.4606392578125 0.69233427734375 0.46129169921875 0.70299013671875 0.4564427734375 0.70256201171875 0.45150576171875 0.7038599609375 0.45063583984375 0.6936390625
4 0.4340138671875 0.63313935546875 0.44429384765625 0.63046923828125 0.45857880859375 0.63100322265625 0.45857880859375 0.648225390625 0.44536181640625 0.64809189453125 0.4346814453125 0.65009453125 0.4340138671875 0.63313935546875
4 0.373803125 0.63594296875 0.41332060546875 0.63233828125 0.41332060546875 0.63340634765625 0.41799326171875 0.63340634765625 0.4187943359375 0.64395322265625 0.374470703125 0.6484923828125 0.373803125 0.63594296875
4 0.3207666015625 0.9200396484375 0.36660146484375 0.90691962890625 0.3698388671875 0.9183357421875 0.3247541015625 0.93209345703125 0.3207666015625 0.9200396484375
4 0.26291181640625 0.9725970703125 0.30901455078125 0.9597666015625 0.31162412109375 0.97129228515625 0.26595634765625 0.9839052734375 0.26291181640625 0.9725970703125
4 0.27188388671875 0.9318775390625 0.26372470703125 0.89275537109375 0.272720703125 0.89055869140625 0.27721875 0.89265078125 0.2779509765625 0.8963119140625 0.2833904296875 0.895056640625 0.28443642578125 0.9022744140625 0.27899697265625 0.903425 0.2843318359375 0.9291578125 0.27188388671875 0.9318775390625
4 0.254326171875 0.8972533203125 0.257275 0.89666806640625 0.26236484375 0.89599814453125 0.2641431640625 0.8977763671875 0.26566982421875 0.90516494140625 0.2567546875 0.90679228515625 0.2566037109375 0.90493056640625 0.2550041015625 0.90528271484375 0.254326171875 0.8972533203125
4 0.33298203125 0.80922021484375 0.337071484375 0.8071755859375 0.3452501953125 0.8071755859375 0.35325849609375 0.850625 0.3454205078125 0.85284013671875 0.3392865234375 0.85113623046875 0.33298203125 0.80922021484375
4 0.33051884765625 0.729733203125 0.33860263671875 0.7748671875 0.3300076171875 0.77573857421875 0.32420791015625 0.775276953125 0.3179099609375 0.73399296875 0.31978427734375 0.73024443359375 0.33051884765625 0.729733203125
4 0.30709755859375 0.734125 0.31668701171875 0.73109248046875 0.318326171875 0.7366658203125 0.30914658203125 0.7397802734375 0.30709755859375 0.734125
2 0.29937822265625 0.6454662109375 0.306259765625 0.679052734375 0.306184765625 0.67906865234375 0.3080078125 0.6884765625 0.29490615234375 0.6918568359375 0.28608779296875 0.646829296875 0.291369921875 0.64444384765625 0.29937822265625 0.6454662109375
2 0.31607646484375 0.68653017578125 0.308486328125 0.688359375 0.306767578125 0.67951171875 0.31430830078125 0.67828466796875 0.31607646484375 0.68653017578125
2 0.27207958984375 0.5722984375 0.27815498046875 0.56849130859375 0.28620126953125 0.57062470703125 0.29268671875 0.6144541015625 0.28500107421875 0.61499365234375 0.279055078125 0.61582216796875 0.27207958984375 0.5722984375
2 0.2091111328125 0.5836623046875 0.212859765625 0.58042490234375 0.221549609375 0.5802544921875 0.23092109375 0.63017880859375 0.22479345703125 0.63329541015625 0.2178958984375 0.63287919921875 0.2091111328125 0.5836623046875
2 0.22195673828125 0.6606236328125 0.228601953125 0.65755654296875 0.234565625 0.65857890625 0.24393701171875 0.704073046875 0.2376326171875 0.70560654296875 0.22962431640625 0.7054361328125 0.2282611328125 0.69623515625 0.2229791015625 0.6967462890625 0.22195673828125 0.690271484375 0.2274091796875 0.68958994140625 0.22195673828125 0.6606236328125
4 0.2003224609375 0.70495703125 0.2079322265625 0.70482353515625 0.20819921875 0.71443583984375 0.20045595703125 0.71443583984375 0.2003224609375 0.70495703125
2 0.20288662109375 0.6676369140625 0.2039546875 0.6749796875 0.19767998046875 0.67604765625 0.1966119140625 0.668437890625 0.20288662109375 0.6676369140625
2 0.0149876953125 0.9318107421875 0.0314376953125 0.9311291015625 0.03126240234375 0.93716689453125 0.03835361328125 0.9374427734375 0.04024453125 0.965671484375 0.0405220703125 0.9690021484375 0.0202611328125 0.97038984375 0.01110205078125 0.957067578125 0.0149876953125 0.9318107421875
2 0.4749005859375 0.37583017578125 0.4934962890625 0.37218994140625 0.49557578125 0.38384697265625 0.51098173828125 0.38051640625 0.514034765625 0.39161826171875 0.50415478515625 0.3937380859375 0.50459345703125 0.39750849609375 0.502872265625 0.398819921875 0.50376552734375 0.406605859375 0.4765658203125 0.4121568359375 0.47240263671875 0.39578154296875 0.47240263671875 0.38967548828125 0.4760107421875 0.38856533203125 0.4749005859375 0.37583017578125
2 0.42982978515625 0.3361431640625 0.445850390625 0.33187099609375 0.45412763671875 0.3625771484375 0.43797353515625 0.3667158203125 0.42982978515625 0.3361431640625
2 0.48683642578125 0.34215087890625 0.50530908203125 0.337077734375 0.507509375 0.34449482421875 0.488928515625 0.34955791015625 0.48683642578125 0.34215087890625
2 0.488462109375 0.35735537109375 0.4989296875 0.35228212890625 0.50194794921875 0.35825439453125 0.491865625 0.3631349609375 0.488462109375 0.35735537109375
2 0.13794326171875 0.3213294921875 0.16170712890625 0.31532177734375 0.16437724609375 0.31705732421875 0.16811533203125 0.33761708984375 0.14088037109375 0.3433578125 0.13780966796875 0.3348134765625 0.13794326171875 0.3213294921875
2 0.20754228515625 0.305734765625 0.2532009765625 0.29492080078125 0.255337109375 0.30813779296875 0.2609443359375 0.3224228515625 0.21248193359375 0.33430478515625 0.2079427734375 0.3212212890625 0.20754228515625 0.305734765625
2 0.16712255859375 0.3641470703125 0.18244921875 0.3605408203125 0.18482607421875 0.36972041015625 0.2025294921875 0.36529453125 0.2080208984375 0.3876697265625 0.165729296875 0.39791484375 0.1604837890625 0.38439130859375 0.16122138671875 0.37406435546875 0.168433984375 0.3723431640625 0.16712255859375 0.3641470703125
2 0.241336328125 0.39224716796875 0.2433853515625 0.38650986328125 0.262360546875 0.38260625 0.2648142578125 0.393087890625 0.2434673828125 0.39716474609375 0.241336328125 0.39224716796875
