0 -0.0 0.0512390625 0.059911328125 0.04981474609375 0.06028076171875 0.0448314453125 0.10294990234375 0.0448314453125 0.108232421875 0.0971578125 0.09934716796875 0.09826845703125 0.09961953125 0.1080291015625 0.0591708984375 0.1163578125 0.055655078125 0.11173994140625 -0.0 0.10768837890625 -0.0 0.0512390625
0 0.136752734375 0.0439078125 0.1799759765625 0.0455703125 0.17979130859375 0.05222001953125 0.2865564453125 0.052589453125 0.28618701171875 0.09267255859375 0.28622998046875 0.108961328125 0.1420298828125 0.11209833984375 0.1373068359375 0.096736328125 0.136752734375 0.0439078125
2 0.075810546875 0.35697265625 0.07600498046875 0.38390263671875 0.0438107421875 0.38450439453125 0.043208984375 0.374575390625 0.043486328125 0.356396484375 0.0562416015625 0.35116279296875 0.0609095703125 0.35105166015625 0.075810546875 0.35697265625
2 0.0692767578125 0.33539267578125 0.0756640625 0.336669921875 0.075810546875 0.3564453125 0.06099736328125 0.3505611328125 0.05613984375 0.3506767578125 0.043486328125 0.355869140625 0.043779296875 0.33669921875 0.05902109375 0.33144814453125 0.0692767578125 0.33539267578125
2 0.070521484375 0.31725029296875 0.07552734375 0.3179296875 0.0756640625 0.336171875 0.06941328125 0.33492197265625 0.0590302734375 0.330928515625 0.0437890625 0.336181640625 0.044091796875 0.316142578125 0.056640234375 0.310591796875 0.070521484375 0.31725029296875
2 0.07541015625 0.30091796875 0.07552734375 0.317431640625 0.07066328125 0.3167767578125 0.0566484375 0.31005419921875 0.0441015625 0.31560546875 0.04439453125 0.29646484375 0.05662841796875 0.29300439453125 0.07541015625 0.30091796875
2 0.07961552734375 0.2761873046875 0.07991640625 0.29965595703125 0.07540322265625 0.30025771484375 0.075400390625 0.300380859375 0.05666015625 0.292487890625 0.044404296875 0.29595703125 0.0444125 0.2951427734375 0.04651865234375 0.29484189453125 0.0462177734375 0.27588642578125 0.07961552734375 0.2761873046875
2 0.19553095703125 0.37751953125 0.19553095703125 0.40370771484375 0.1612302734375 0.40515498046875 0.15891455078125 0.39473447265625 0.15916015625 0.378173828125 0.17600322265625 0.37082646484375 0.19553095703125 0.37751953125
2 0.19553095703125 0.35884169921875 0.19553095703125 0.377001953125 0.17598193359375 0.37030302734375 0.159169921875 0.37763671875 0.1594935546875 0.35609189453125 0.17787412109375 0.3504474609375 0.19553095703125 0.35884169921875
1 0.15761201171875 0.275912109375 0.16817724609375 0.2762015625 0.16832197265625 0.278806640625 0.19162333984375 0.279385546875 0.19176806640625 0.303410546875 0.19538623046875 0.3032658203125 0.19509677734375 0.31079169921875 0.15746728515625 0.31064697265625 0.15746728515625 0.29964765625 0.15761201171875 0.275912109375
2 0.18547744140625 0.4473111328125 0.1918455078125 0.44716640625 0.191990234375 0.43978525390625 0.2126865234375 0.43992998046875 0.2139890625 0.4936244140625 0.21152861328125 0.49796630859375 0.18417490234375 0.49912412109375 0.18547744140625 0.493190234375 0.18475380859375 0.481756640625 0.19054296875 0.481756640625 0.1903982421875 0.468586328125 0.18562216796875 0.4687310546875 0.18547744140625 0.4473111328125
2 0.2150021484375 0.44181142578125 0.2404744140625 0.44123251953125 0.2422111328125 0.49796630859375 0.21934404296875 0.49811103515625 0.21890986328125 0.47379658203125 0.215436328125 0.47394130859375 0.214857421875 0.46308662109375 0.2150021484375 0.44181142578125
2 -0.0 0.54998369140625 0.01353818359375 0.549881640625 0.014646484375 0.5593021484375 0.02850009765625 0.5591173828125 0.0279458984375 0.5493275390625 0.034595703125 0.548588671875 0.03478037109375 0.54120009765625 0.06599716796875 0.5408306640625 0.0663666015625 0.5491427734375 0.068583203125 0.5493275390625 0.0693220703125 0.56946142578125 0.0722775390625 0.56946142578125 0.072646875 0.5877482421875 -0.0 0.588797265625 -0.0 0.54998369140625
2 0.0935197265625 0.54341669921875 0.10294013671875 0.54249306640625 0.10275546875 0.53399619140625 0.126768359375 0.534550390625 0.1275072265625 0.5428625 0.13618876953125 0.54249306640625 0.136558203125 0.56539775390625 0.125290625 0.56613662109375 0.125475390625 0.581283203125 0.13711240234375 0.58146787109375 0.138220703125 0.59162724609375 0.1465328125 0.59236611328125 0.14708701171875 0.61637900390625 0.13988310546875 0.61693310546875 0.139513671875 0.62912431640625 0.11550078125 0.62838544921875 0.1160548828125 0.61841083984375 0.10940517578125 0.61859560546875 0.1077427734375 0.592735546875 0.11587021484375 0.592735546875 0.1147619140625 0.58072900390625 0.10220126953125 0.58072900390625 0.10220126953125 0.57315576171875 0.09296552734375 0.57241689453125 0.0935197265625 0.54341669921875
2 -0.0 0.617080078125 0.021850390625 0.6173025390625 0.02148095703125 0.6257994140625 0.0296083984375 0.6259841796875 0.02905419921875 0.647965234375 0.02351279296875 0.647965234375 0.0236974609375 0.65553857421875 -0.0 0.65318583984375 -0.0 0.617080078125
2 -0.0 0.65589375 0.00781201171875 0.65701630859375 0.00781201171875 0.6644048828125 0.0211115234375 0.66458955078125 0.021665625 0.68934130859375 0.009105078125 0.6897107421875 0.01021328125 0.7011630859375 -0.0 0.70162763671875 -0.0 0.65589375
2 0.057130859375 0.6389142578125 0.08742412109375 0.6387294921875 0.08797822265625 0.6464875 0.0948126953125 0.64611806640625 0.09518212890625 0.65886337890625 0.09998466796875 0.6586787109375 0.0992458984375 0.652213671875 0.10718857421875 0.64778056640625 0.1312015625 0.64833466796875 0.132309765625 0.657755078125 0.1417302734375 0.65738564453125 0.14339267578125 0.67825849609375 0.13618876953125 0.67899736328125 0.136558203125 0.6911884765625 0.1088509765625 0.692112109375 0.10792744140625 0.67881259765625 0.09388916015625 0.68010556640625 0.09296552734375 0.66883798828125 0.05897802734375 0.6699462890625 0.057130859375 0.6389142578125
2 0.01755634765625 0.808946484375 0.0243908203125 0.80876181640625 0.0243908203125 0.79952607421875 0.05523818359375 0.79934130859375 0.05542294921875 0.80931591796875 0.0628115234375 0.808946484375 0.06299619140625 0.82316953125 0.07167783203125 0.8224306640625 0.0726013671875 0.8155962890625 0.0997544921875 0.81467265625 0.0997544921875 0.82280009765625 0.10788193359375 0.823354296875 0.10769716796875 0.84644365234375 0.1012322265625 0.845889453125 0.101786328125 0.85475576171875 0.072047265625 0.8536474609375 0.073340234375 0.8473671875 0.06318095703125 0.8473671875 0.06391982421875 0.83222060546875 0.05486875 0.83277470703125 0.055053515625 0.84182578125 0.0256837890625 0.84127158203125 0.02549912109375 0.834437109375 0.01903408203125 0.8351759765625 0.01755634765625 0.808946484375
2 0.15041181640625 0.71058359375 0.15983232421875 0.71058359375 0.15983232421875 0.7026408203125 0.1827369140625 0.70282548828125 0.18329111328125 0.71002939453125 0.19160322265625 0.71002939453125 0.192157421875 0.73921435546875 0.18310634765625 0.738844921875 0.18329111328125 0.7480806640625 0.20250146484375 0.74845009765625 0.20379443359375 0.78816376953125 0.172208203125 0.7877943359375 0.1720234375 0.74881953125 0.160940625 0.74881953125 0.16112529296875 0.7393990234375 0.15133544921875 0.7393990234375 0.15041181640625 0.71058359375
2 0.00732646484375 0.72981484375 0.01416083984375 0.729630078125 0.01416083984375 0.7203943359375 0.045008203125 0.72020966796875 0.04519296875 0.73018427734375 0.05258154296875 0.72981484375 0.05276630859375 0.744037890625 0.0614478515625 0.7432990234375 0.062371484375 0.73646455078125 0.08952451171875 0.735541015625 0.08952451171875 0.74366845703125 0.097651953125 0.74422255859375 0.09746728515625 0.7673119140625 0.09100224609375 0.7667578125 0.09155634765625 0.77562412109375 0.06181728515625 0.7745158203125 0.06311025390625 0.768235546875 0.0529509765625 0.768235546875 0.05368984375 0.7530888671875 0.0446388671875 0.75364306640625 0.04482353515625 0.76269404296875 0.01545390625 0.76213994140625 0.015269140625 0.75530546875 0.0088041015625 0.7560443359375 0.00732646484375 0.72981484375
2 0.354533984375 0.81162109375 0.36356044921875 0.81162109375 0.36235693359375 0.80379814453125 0.38432119140625 0.80229375 0.3858255859375 0.81071845703125 0.39334765625 0.810417578125 0.3957546875 0.83208095703125 0.38612646484375 0.83268271484375 0.38823271484375 0.8423109375 0.399365234375 0.84140830078125 0.401772265625 0.85675322265625 0.41079873046875 0.8570541015625 0.41260400390625 0.88473515625 0.40297587890625 0.8853369140625 0.40417939453125 0.8925580078125 0.38161328125 0.893159765625 0.380409765625 0.885938671875 0.37138330078125 0.8865404296875 0.368675390625 0.86096552734375 0.3774009765625 0.86096552734375 0.3774009765625 0.84742587890625 0.3668701171875 0.84862939453125 0.366268359375 0.838700390625 0.3563392578125 0.83990390625 0.354533984375 0.81162109375
2 0.214287109375 0.54251953125 0.221845703125 0.542216796875 0.224375 0.565029296875 0.214814453125 0.565634765625 0.216669921875 0.574091796875 0.22783203125 0.57318359375 0.230244140625 0.58859375 0.239326171875 0.58888671875 0.241201171875 0.617685546875 0.231630859375 0.618291015625 0.232841796875 0.62552734375 0.209091796875 0.626162109375 0.207890625 0.61896484375 0.198837890625 0.6195703125 0.19599609375 0.592783203125 0.20478515625 0.592783203125 0.20478515625 0.58048828125 0.194296875 0.581689453125 0.19369140625 0.571767578125 0.18376953125 0.572958984375 0.181884765625 0.5434375 0.190849609375 0.5434375 0.189658203125 0.5356640625 0.212783203125 0.534072265625 0.214287109375 0.54251953125
2 0.249312890625 0.54461220703125 0.25833935546875 0.54461220703125 0.25713583984375 0.53678935546875 0.2791001953125 0.5352849609375 0.28060458984375 0.5437095703125 0.29057705078125 0.543898828125 0.29200390625 0.56507216796875 0.28090546875 0.56567392578125 0.28301162109375 0.57530205078125 0.29414423828125 0.5743994140625 0.29655126953125 0.5897443359375 0.30557763671875 0.59004521484375 0.30738291015625 0.61772626953125 0.29775478515625 0.61832802734375 0.29895830078125 0.62554921875 0.2763921875 0.6261509765625 0.275188671875 0.61892978515625 0.2661623046875 0.61953154296875 0.263454296875 0.59395673828125 0.2721798828125 0.59395673828125 0.2721798828125 0.58041708984375 0.2616490234375 0.58162060546875 0.261047265625 0.57169150390625 0.25111826171875 0.57289501953125 0.249312890625 0.54461220703125
2 0.19944697265625 0.655319140625 0.20628134765625 0.655134375 0.20628134765625 0.6458986328125 0.23712880859375 0.64571396484375 0.2373134765625 0.65568857421875 0.24470205078125 0.655319140625 0.24488681640625 0.6695421875 0.253568359375 0.6688033203125 0.2544919921875 0.66196884765625 0.28164501953125 0.6610453125 0.28164501953125 0.66917275390625 0.2897724609375 0.66972685546875 0.28958779296875 0.6928162109375 0.28312275390625 0.692262109375 0.28367685546875 0.70112841796875 0.25393779296875 0.7000201171875 0.255230859375 0.69373974609375 0.245071484375 0.69373974609375 0.2458103515625 0.6785931640625 0.236759375 0.67914736328125 0.23694404296875 0.68819833984375 0.2075744140625 0.68764423828125 0.2073896484375 0.680809765625 0.20092470703125 0.6815486328125 0.19944697265625 0.655319140625
2 0.3772298828125 0.66174697265625 0.38625634765625 0.66174697265625 0.38505283203125 0.6539240234375 0.40701708984375 0.65241962890625 0.408521484375 0.66084423828125 0.41849404296875 0.66103349609375 0.4199208984375 0.6822068359375 0.40882236328125 0.68280859375 0.41092861328125 0.69243681640625 0.4220611328125 0.6915341796875 0.42446826171875 0.7068791015625 0.43349462890625 0.70717998046875 0.43529990234375 0.73486103515625 0.42567177734375 0.73546279296875 0.42687529296875 0.74268388671875 0.4043091796875 0.74328564453125 0.4031056640625 0.73606455078125 0.3916287109375 0.73421572265625 0.3913712890625 0.71109140625 0.400096875 0.71109140625 0.400096875 0.6975517578125 0.389566015625 0.6987552734375 0.3889642578125 0.688826171875 0.37903515625 0.69002978515625 0.3772298828125 0.66174697265625
2 0.258259375 0.88517763671875 0.26509375 0.88499287109375 0.26509375 0.87575712890625 0.2959412109375 0.8755724609375 0.29612587890625 0.88554697265625 0.303514453125 0.88517763671875 0.30369921875 0.8994005859375 0.31238076171875 0.89866181640625 0.31379443359375 0.88888671875 0.341927734375 0.88992353515625 0.340457421875 0.89903115234375 0.34858486328125 0.8995853515625 0.3484001953125 0.92267470703125 0.34193515625 0.9221205078125 0.3424892578125 0.93098681640625 0.3127501953125 0.92987861328125 0.31404326171875 0.9235982421875 0.30388388671875 0.9235982421875 0.30462275390625 0.90845166015625 0.29557177734375 0.90900576171875 0.2957564453125 0.9180568359375 0.26638681640625 0.91750263671875 0.26620205078125 0.91066826171875 0.259737109375 0.91140712890625 0.258259375 0.88517763671875
2 0.27268671875 0.9596322265625 0.28171318359375 0.9596322265625 0.28050966796875 0.951809375 0.30247392578125 0.95030498046875 0.3039783203125 0.95872958984375 0.311500390625 0.9584287109375 0.313907421875 0.9800921875 0.30427919921875 0.9806939453125 0.30638544921875 0.99032216796875 0.31298486328125 0.993176171875 0.31434677734375 0.99901171875 0.2950697265625 0.99901162109375 0.29387080078125 0.994646484375 0.286828125 0.99509892578125 0.28442109375 0.9867115234375 0.2744919921875 0.9879150390625 0.27268671875 0.9596322265625
2 0.19770087890625 0.95473125 0.20672734375 0.95473125 0.205523828125 0.94690830078125 0.22748818359375 0.94540390625 0.228992578125 0.95382861328125 0.23651455078125 0.953527734375 0.23892158203125 0.97519111328125 0.22929345703125 0.97579287109375 0.231399609375 0.98542109375 0.2425322265625 0.98451845703125 0.24432666015625 0.99901103515625 0.2203900390625 0.99901083984375 0.22056787109375 0.99053603515625 0.21003701171875 0.99173955078125 0.20943525390625 0.981810546875 0.19950625 0.9830140625 0.19770087890625 0.95473125
2 0.38379755859375 0.46642353515625 0.3928240234375 0.46642353515625 0.3916205078125 0.4586005859375 0.413584765625 0.45709619140625 0.41508916015625 0.46552080078125 0.42506171875 0.46571005859375 0.42648857421875 0.4868833984375 0.4153900390625 0.48748515625 0.41749619140625 0.49711337890625 0.42862880859375 0.4962107421875 0.43103583984375 0.5115556640625 0.4400623046875 0.51185654296875 0.441867578125 0.53953759765625 0.43223935546875 0.54013935546875 0.43344287109375 0.54736044921875 0.41087685546875 0.54796220703125 0.40967333984375 0.54074111328125 0.400646875 0.54134287109375 0.39793896484375 0.51576796875 0.40666455078125 0.51576796875 0.40666455078125 0.5022283203125 0.39613369140625 0.5034318359375 0.39553193359375 0.493502734375 0.38560283203125 0.49470634765625 0.38379755859375 0.46642353515625
2 0.01581611328125 0.937453515625 0.02503232421875 0.93553349609375 0.02503232421875 0.9290052734375 0.03693662109375 0.92938935546875 0.03732060546875 0.9197890625 0.03156044921875 0.91902109375 0.032328515625 0.90289267578125 0.03770458984375 0.90289267578125 0.039240625 0.89290849609375 0.0638171875 0.89252451171875 0.06304921875 0.90289267578125 0.069193359375 0.90289267578125 0.06727333984375 0.9197890625 0.0603611328125 0.92055712890625 0.05882509765625 0.93054130859375 0.04999287109375 0.931693359375 0.04884091796875 0.94513369140625 0.05844111328125 0.943981640625 0.0572890625 0.96702216796875 0.0480728515625 0.96702216796875 0.0476888671875 0.973934375 0.026184375 0.97662236328125 0.026184375 0.967790234375 0.01658408203125 0.967790234375 0.01581611328125 0.937453515625
2 0.2938384765625 0.8122666015625 0.30228671875 0.8122666015625 0.30228671875 0.7999783203125 0.31342294921875 0.7988263671875 0.31342294921875 0.77924189453125 0.30382275390625 0.77962587890625 0.3030546875 0.76119345703125 0.31380693359375 0.7623455078125 0.31534296875 0.75236123046875 0.33991953125 0.75197724609375 0.3391515625 0.7623455078125 0.345295703125 0.7623455078125 0.3433755859375 0.77924189453125 0.3364634765625 0.78000986328125 0.33492744140625 0.789994140625 0.32609521484375 0.79114619140625 0.3249431640625 0.80458642578125 0.33531142578125 0.8053544921875 0.33339140625 0.826475 0.3241751953125 0.826475 0.3237912109375 0.833387109375 0.30228671875 0.8360751953125 0.30228671875 0.82724296875 0.29268642578125 0.82724296875 0.2938384765625 0.8122666015625
2 0.35719990234375 0.99351875 0.364112109375 0.99121474609375 0.3740962890625 0.98276650390625 0.37448037109375 0.96702216796875 0.36872021484375 0.96625419921875 0.36948818359375 0.95012578125 0.37486435546875 0.95012578125 0.376400390625 0.9401416015625 0.400976953125 0.93975751953125 0.40020888671875 0.95012578125 0.40635302734375 0.95012578125 0.4044330078125 0.96702216796875 0.3975208984375 0.967790234375 0.39598486328125 0.9777744140625 0.38715263671875 0.97892646484375 0.3860005859375 0.992366796875 0.38533193359375 0.99901220703125 0.3565490234375 0.99901201171875 0.35719990234375 0.99351875
2 0.3835646484375 0.1491814453125 0.392012890625 0.146493359375 0.39162880859375 0.1311330078125 0.40353310546875 0.13151708984375 0.4039171875 0.121916796875 0.39815703125 0.121148828125 0.398541015625 0.1000283203125 0.404301171875 0.09810830078125 0.404301171875 0.08620400390625 0.43002978515625 0.09004404296875 0.428877734375 0.10156435546875 0.435021875 0.10233232421875 0.43386982421875 0.121916796875 0.42695771484375 0.12268486328125 0.4254216796875 0.13266904296875 0.416589453125 0.13382109375 0.41543740234375 0.14726142578125 0.42503759765625 0.146109375 0.42388564453125 0.16914990234375 0.41466943359375 0.16914990234375 0.4139013671875 0.1802861328125 0.392780859375 0.17875009765625 0.39354892578125 0.17183798828125 0.3835646484375 0.17183798828125 0.3835646484375 0.1491814453125
2 0.37863134765625 0.27040498046875 0.39130361328125 0.27155703125 0.389767578125 0.266180859375 0.40359189453125 0.26464482421875 0.40397587890625 0.25350859375 0.39475966796875 0.25350859375 0.3928396484375 0.22662802734375 0.40320791015625 0.2262439453125 0.40435986328125 0.2197158203125 0.42816845703125 0.2189478515625 0.42855244140625 0.22739599609375 0.4358486328125 0.22893203125 0.4358486328125 0.253124609375 0.426632421875 0.253892578125 0.426632421875 0.2681009765625 0.414728125 0.2681009765625 0.414344140625 0.28230927734375 0.41972021484375 0.28230927734375 0.41895224609375 0.303045703125 0.4116560546875 0.30381376953125 0.37939931640625 0.30342978515625 0.37863134765625 0.27040498046875
2 0.3901515625 0.37216728515625 0.402823828125 0.37139931640625 0.402823828125 0.3606470703125 0.3966796875 0.3602630859375 0.3966796875 0.33760654296875 0.40435986328125 0.33799052734375 0.4051279296875 0.333382421875 0.42586435546875 0.332614453125 0.42586435546875 0.3368384765625 0.43392861328125 0.33722255859375 0.43354453125 0.36256708984375 0.4262484375 0.36295107421875 0.42701640625 0.37408740234375 0.41396015625 0.37447138671875 0.414728125 0.389063671875 0.42202431640625 0.389063671875 0.4231763671875 0.40788017578125 0.414344140625 0.40788017578125 0.414728125 0.41824833984375 0.39437568359375 0.41786435546875 0.39399169921875 0.40903212890625 0.38592744140625 0.40864814453125 0.38439140625 0.38791171875 0.3901515625 0.38752763671875 0.3901515625 0.37216728515625
2 0.3580630859375 0.58879892578125 0.3822556640625 0.587262890625 0.3834076171875 0.59801513671875 0.39607998046875 0.59878310546875 0.3953119140625 0.58995087890625 0.40836826171875 0.58956689453125 0.40836826171875 0.58188671875 0.42795263671875 0.581502734375 0.428720703125 0.587262890625 0.43640087890625 0.58879892578125 0.4375529296875 0.61068740234375 0.4291046875 0.61145537109375 0.43025673828125 0.61759951171875 0.404144140625 0.619135546875 0.40337607421875 0.6122234375 0.397616015625 0.6122234375 0.398383984375 0.61990361328125 0.38455966796875 0.6218236328125 0.38571171875 0.63564794921875 0.354991015625 0.63603193359375 0.3580630859375 0.58879892578125
2 0.47257021484375 0.91637900390625 0.483401953125 0.916078125 0.4821984375 0.90283935546875 0.518605078125 0.90043232421875 0.51950771484375 0.9178833984375 0.51018037109375 0.91848515625 0.5098794921875 0.95128115234375 0.5180033203125 0.9509802734375 0.51770234375 0.97174111328125 0.47587998046875 0.973847265625 0.4746763671875 0.95128115234375 0.48731337890625 0.950378515625 0.48731337890625 0.93533447265625 0.4755791015625 0.93593623046875 0.47257021484375 0.91637900390625
2 0.45542001953125 0.99901240234375 0.45542001953125 0.994908984375 0.47527822265625 0.9934044921875 0.47527822265625 0.99581162109375 0.477384375 0.9961125 0.477384375 0.99250185546875 0.497543359375 0.992802734375 0.4972837890625 0.9990125 0.45542001953125 0.99901240234375
1 0.615826953125 0.99901220703125 0.617895703125 0.9443609375 0.63083359375 0.940750390625 0.64347060546875 0.9443609375 0.6443732421875 0.94706884765625 0.662426171875 0.94767060546875 0.6630279296875 0.93052041015625 0.680178125 0.929016015625 0.6795763671875 0.95880322265625 0.650691796875 0.9603076171875 0.6495181640625 0.99901201171875 0.615826953125 0.99901220703125
1 0.6273353515625 0.83718271484375 0.6634322265625 0.83871875 0.66228017578125 0.8659833984375 0.65920810546875 0.8659833984375 0.65920810546875 0.87558359375 0.654216015625 0.87558359375 0.65383193359375 0.8851837890625 0.62426328125 0.8847998046875 0.6273353515625 0.83718271484375
1 0.624647265625 0.71353193359375 0.6584400390625 0.71468388671875 0.6576720703125 0.75922890625 0.62311123046875 0.75769287109375 0.624647265625 0.71353193359375
2 0.4856361328125 0.74809267578125 0.49485234375 0.74732470703125 0.49485234375 0.73465234375 0.4986923828125 0.734268359375 0.4986923828125 0.72274814453125 0.52058095703125 0.72351611328125 0.520196875 0.73926044921875 0.5232689453125 0.740028515625 0.52173291015625 0.7676771484375 0.4856361328125 0.7676771484375 0.4856361328125 0.74809267578125
0 0.61043896484375 0.64287421875 0.62272724609375 0.642490234375 0.6211912109375 0.611385546875 0.63731962890625 0.6110015625 0.63808759765625 0.6029373046875 0.66496826171875 0.60447333984375 0.66573623046875 0.62213779296875 0.66189619140625 0.62213779296875 0.661128125 0.6447943359375 0.66804033203125 0.6447943359375 0.667272265625 0.6689869140625 0.60967099609375 0.66821884765625 0.61043896484375 0.64287421875
2 0.47872392578125 0.5288236328125 0.507140625 0.53035966796875 0.507524609375 0.56645654296875 0.52672509765625 0.567992578125 0.52442099609375 0.58719296875 0.50330048828125 0.58604091796875 0.5040685546875 0.57912880859375 0.4675876953125 0.57874482421875 0.46643564453125 0.55724033203125 0.48064404296875 0.5591603515625 0.47872392578125 0.5288236328125
2 0.4549154296875 0.43973359375 0.4675876953125 0.440117578125 0.4668197265625 0.4612380859375 0.45376337890625 0.4616220703125 0.4549154296875 0.43973359375
2 0.464131640625 0.46623017578125 0.4986923828125 0.46584619140625 0.4986923828125 0.45662998046875 0.49485234375 0.45624599609375 0.49408427734375 0.43435751953125 0.500996484375 0.43435751953125 0.500996484375 0.4297494140625 0.4679716796875 0.4301333984375 0.46643564453125 0.41016494140625 0.5251890625 0.409396875 0.52672509765625 0.433589453125 0.52096494140625 0.43435751953125 0.5232689453125 0.46891826171875 0.51213271484375 0.47122236328125 0.514052734375 0.494262890625 0.47757197265625 0.49541484375 0.47833994140625 0.48658271484375 0.46528369140625 0.48658271484375 0.464131640625 0.46623017578125
2 0.48480263671875 0.317718359375 0.52322958984375 0.320547265625 0.52440830078125 0.39457216796875 0.4883388671875 0.39197900390625 0.4892818359375 0.36392490234375 0.48456689453125 0.36321767578125 0.48480263671875 0.317718359375
2 0.48457021484375 0.2218642578125 0.51797900390625 0.22608828125 0.51644296875 0.28292158203125 0.48111416015625 0.2836896484375 0.48457021484375 0.2218642578125
2 0.45960966796875 0.04022802734375 0.48725830078125 0.04061201171875 0.48725830078125 0.047140234375 0.5237390625 0.04675615234375 0.52489111328125 0.0747888671875 0.5172109375 0.07440478515625 0.5172109375 0.0939892578125 0.49455439453125 0.0939892578125 0.4949384765625 0.07363681640625 0.48687421875 0.07325283203125 0.48725830078125 0.06211650390625 0.4588416015625 0.06096455078125 0.45960966796875 0.04022802734375
0 0.61090908203125 0.05405234375 0.626653515625 0.05405234375 0.627421484375 0.04982822265625 0.65622216796875 0.04867626953125 0.65660615234375 0.0502123046875 0.66927841796875 0.0513642578125 0.670046484375 0.07440478515625 0.65084599609375 0.07440478515625 0.65353408203125 0.09898134765625 0.69347099609375 0.09821337890625 0.6942390625 0.11549375 0.651998046875 0.11626181640625 0.6493099609375 0.103589453125 0.6185892578125 0.1055095703125 0.61090908203125 0.05405234375
0 0.62532314453125 0.136323046875 0.63687470703125 0.1365587890625 0.63640322265625 0.13325830078125 0.645833203125 0.13255107421875 0.6460689453125 0.1268931640625 0.67247275390625 0.128071875 0.67294423828125 0.14056650390625 0.6776591796875 0.1415095703125 0.677894921875 0.15447568359375 0.67577314453125 0.1573046875 0.67530166015625 0.1667345703125 0.66964375 0.1672060546875 0.67058671875 0.18724462890625 0.663278515625 0.18724462890625 0.66516455078125 0.2056330078125 0.62862353515625 0.2065759765625 0.62603037109375 0.20162529296875 0.62532314453125 0.136323046875
0 0.60363017578125 0.43881005859375 0.62561123046875 0.438440625 0.6257958984375 0.44859990234375 0.64611455078125 0.44915400390625 0.64556044921875 0.48905244140625 0.62671953125 0.489237109375 0.62635009765625 0.4559884765625 0.6047384765625 0.455434375 0.60363017578125 0.43881005859375
0 0.60935634765625 0.5086322265625 0.6571974609375 0.50974052734375 0.65682802734375 0.53356875 0.6642166015625 0.5341228515625 0.6644013671875 0.55776630859375 0.66975810546875 0.55776630859375 0.669388671875 0.570326953125 0.6636625 0.570326953125 0.6642166015625 0.58750546875 0.653687890625 0.5880595703125 0.65331845703125 0.5825181640625 0.63687880859375 0.58325703125 0.636509375 0.5782697265625 0.60991044921875 0.5782697265625 0.60861748046875 0.55721220703125 0.61933095703125 0.5568427734375 0.61988505859375 0.5540720703125 0.6245029296875 0.5538873046875 0.62487236328125 0.5326451171875 0.606955078125 0.532091015625 0.60935634765625 0.5086322265625
0 0.73509228515625 0.03736298828125 0.76833271484375 0.03783447265625 0.76927568359375 0.05810888671875 0.754187890625 0.05810888671875 0.754659375 0.1038439453125 0.7339134765625 0.1038439453125 0.73509228515625 0.03736298828125
0 0.73532802734375 0.12341103515625 0.75041591796875 0.12270380859375 0.75065166015625 0.11468837890625 0.78978583984375 0.11539560546875 0.79025732421875 0.16183798828125 0.75277333984375 0.16113076171875 0.75253759765625 0.1500505859375 0.7468796875 0.1505220703125 0.7466439453125 0.15240810546875 0.73674248046875 0.15287958984375 0.73532802734375 0.12341103515625
0 0.75560234375 0.23916337890625 0.76526796875 0.23987060546875 0.76644677734375 0.24835751953125 0.77116171875 0.24859326171875 0.7699830078125 0.220303515625 0.79237900390625 0.220775 0.7935578125 0.2681603515625 0.7548951171875 0.26863193359375 0.75560234375 0.23916337890625
1 0.73556376953125 0.38721318359375 0.75348056640625 0.38697744140625 0.75348056640625 0.3824982421875 0.78200615234375 0.3822625 0.79096455078125 0.3820267578125 0.79096455078125 0.41856767578125 0.75277333984375 0.41809619140625 0.75253759765625 0.40890205078125 0.73532802734375 0.407958984375 0.73556376953125 0.38721318359375
1 0.74310771484375 0.4308265625 0.7640892578125 0.42658310546875 0.7961509765625 0.429412109375 0.7956794921875 0.46548154296875 0.7409859375 0.46288828125 0.74310771484375 0.4308265625
1 0.73556376953125 0.47868349609375 0.75065166015625 0.47986220703125 0.75065166015625 0.4914138671875 0.7636177734375 0.4918853515625 0.7626748046875 0.49612880859375 0.78978583984375 0.49400703125 0.79072880859375 0.52323984375 0.73603525390625 0.522296875 0.73556376953125 0.47868349609375
1 0.73014150390625 0.54257119140625 0.76149599609375 0.54398564453125 0.76126025390625 0.53691318359375 0.7952080078125 0.53879921875 0.7937935546875 0.58099814453125 0.740514453125 0.58005517578125 0.7402787109375 0.56496728515625 0.73014150390625 0.56308125 0.73014150390625 0.54257119140625
1 0.73650673828125 0.5875990234375 0.778469921875 0.5857130859375 0.7805916015625 0.602451171875 0.75961005859375 0.6022154296875 0.76149599609375 0.61895361328125 0.73721396484375 0.61966083984375 0.73650673828125 0.5875990234375
1 0.72967001953125 0.633569921875 0.78200615234375 0.6333341796875 0.7787056640625 0.6722326171875 0.73485654296875 0.6727041015625 0.72967001953125 0.633569921875
1 0.73532802734375 0.69062099609375 0.78436357421875 0.69132822265625 0.78177041015625 0.73753486328125 0.757016796875 0.73871357421875 0.7572525390625 0.70830205078125 0.73674248046875 0.709480859375 0.73532802734375 0.69062099609375
1 0.72967001953125 0.83183408203125 0.75348056640625 0.83230556640625 0.7558380859375 0.82947666015625 0.78365634765625 0.82971240234375 0.78294912109375 0.87733349609375 0.75772412109375 0.87615478515625 0.75795986328125 0.8653103515625 0.75088740234375 0.8653103515625 0.75159462890625 0.851401171875 0.72990576171875 0.8502224609375 0.72967001953125 0.83183408203125
1 0.7402787109375 0.93108408203125 0.769747265625 0.9306125 0.77116171875 0.9591380859375 0.740514453125 0.9605525390625 0.7402787109375 0.93108408203125
1 0.77116171875 0.96267431640625 0.78860703125 0.96314580078125 0.79167177734375 0.9737544921875 0.77328349609375 0.974933203125 0.77116171875 0.96267431640625
1 0.77263671875 0.981669921875 0.773260546875 0.99901083984375 0.76214111328125 0.9990109375 0.76102451171875 0.9812580078125 0.77263671875 0.981669921875
1 0.7878998046875 0.9822009765625 0.7876771484375 0.99901064453125 0.7737490234375 0.99901083984375 0.773134765625 0.9816796875 0.7878998046875 0.9822009765625
0 0.9206259765625 0.88318681640625 0.941371875 0.88247958984375 0.940900390625 0.89049501953125 0.94608681640625 0.88931630859375 0.94655830078125 0.89497421875 0.96565390625 0.8933240234375 0.96400361328125 0.8860158203125 0.97626259765625 0.8860158203125 0.97791279296875 0.9249142578125 0.9649466796875 0.92349970703125 0.9644751953125 0.91336259765625 0.951508984375 0.91430556640625 0.9522162109375 0.9272716796875 0.93005595703125 0.92821474609375 0.92982021484375 0.9018109375 0.91991875 0.9018109375 0.9206259765625 0.88318681640625
0 0.92296337890625 0.83211044921875 0.938848828125 0.83211044921875 0.93903349609375 0.84079208984375 0.9650783203125 0.84005322265625 0.9650783203125 0.853352734375 0.9793013671875 0.853352734375 0.9807791015625 0.87330185546875 0.96249228515625 0.87404072265625 0.96341591796875 0.8793974609375 0.9233328125 0.87995166015625 0.92277861328125 0.8596330078125 0.9368169921875 0.85981767578125 0.93737109375 0.84984306640625 0.923148046875 0.84984306640625 0.92296337890625 0.83211044921875
0 0.85831318359375 0.84208505859375 0.902090625 0.8424544921875 0.9011669921875 0.8779197265625 0.88823701171875 0.87865859375 0.88731337890625 0.8553845703125 0.8712431640625 0.8561234375 0.87235146484375 0.88050576171875 0.856466015625 0.878843359375 0.85831318359375 0.84208505859375
0 0.92370224609375 0.826384375 0.9240716796875 0.77909736328125 0.941804296875 0.77965146484375 0.94069599609375 0.7914732421875 0.98687470703125 0.79054970703125 0.9863205078125 0.8289703125 0.92370224609375 0.826384375
0 0.90056640625 0.776328125 0.91631357421875 0.77817373046875 0.91649833984375 0.81068359375 0.862007421875 0.81031416015625 0.86311572265625 0.78740947265625 0.887867578125 0.78777890625 0.8886064453125 0.79332041015625 0.90005869140625 0.7929509765625 0.89950458984375 0.7857470703125 0.8712431640625 0.78408466796875 0.87185546875 0.775537109375 0.90056640625 0.776328125
0 0.89876572265625 0.7423390625 0.8969298828125 0.768619921875 0.87636845703125 0.76680849609375 0.87752353515625 0.7404919921875 0.89876572265625 0.7423390625
0 0.92444111328125 0.70890576171875 0.9805943359375 0.709829296875 0.98151796875 0.728116015625 0.9508552734375 0.726823046875 0.95122470703125 0.75914814453125 0.92425634765625 0.758224609375 0.92444111328125 0.70890576171875
0 0.86976552734375 0.6623576171875 0.8727208984375 0.6623576171875 0.870873828125 0.6353892578125 0.88029423828125 0.6353892578125 0.88103310546875 0.6268923828125 0.91594423828125 0.627446484375 0.9148359375 0.6606951171875 0.883619140625 0.66051044921875 0.88509677734375 0.675841796875 0.8913771484375 0.675841796875 0.89193125 0.69874638671875 0.87678466796875 0.69874638671875 0.8749375 0.6791666015625 0.8706890625 0.67879716796875 0.86976552734375 0.6623576171875
0 0.86551708984375 0.62578408203125 0.860714453125 0.62910888671875 0.8586826171875 0.579051171875 0.87789296875 0.579051171875 0.8769693359375 0.590503515625 0.88805224609375 0.59068828125 0.88897587890625 0.57738876953125 0.91151103515625 0.5772041015625 0.91224990234375 0.590503515625 0.91945380859375 0.590503515625 0.9198232421875 0.62467578125 0.86551708984375 0.62578408203125
0 0.86348515625 0.531025390625 0.881956640625 0.530840625 0.88214140625 0.54487900390625 0.911695703125 0.5443248046875 0.91206513671875 0.57314033203125 0.863669921875 0.57332509765625 0.86348515625 0.531025390625
0 0.86884189453125 0.474133203125 0.91945380859375 0.47524150390625 0.92037734375 0.494082421875 0.90153642578125 0.49371298828125 0.89950458984375 0.516617578125 0.8684724609375 0.51680234375 0.86884189453125 0.474133203125
0 0.8614533203125 0.428878125 0.89248544921875 0.42832392578125 0.893408984375 0.4704388671875 0.86385458984375 0.47099306640625 0.86385458984375 0.461387890625 0.86108388671875 0.461203125 0.8614533203125 0.428878125
0 0.8621921875 0.3869478515625 0.87309033203125 0.3869478515625 0.87309033203125 0.38177578125 0.8884216796875 0.38177578125 0.8884216796875 0.38510068359375 0.90578486328125 0.3852853515625 0.9063390625 0.39211982421875 0.8898994140625 0.3926740234375 0.8897146484375 0.41428564453125 0.8621921875 0.41336201171875 0.8621921875 0.3869478515625
0 0.86385458984375 0.222736328125 0.8969185546875 0.2219974609375 0.8971033203125 0.23529697265625 0.90375302734375 0.23511220703125 0.90449189453125 0.25173662109375 0.91095693359375 0.25229072265625 0.91188046875 0.26854560546875 0.86182275390625 0.26928447265625 0.86385458984375 0.222736328125
0 0.92533076171875 0.34970615234375 0.93955380859375 0.33123466796875 0.9681845703125 0.35395458984375 0.9554392578125 0.37187197265625 0.92533076171875 0.34970615234375
0 0.935109765625 0.5429458984375 0.94822451171875 0.52687568359375 0.97777880859375 0.55273583984375 0.95598251953125 0.60501005859375 0.93732626953125 0.59577431640625 0.943421875 0.57379326171875 0.9511798828125 0.5758251953125 0.95173408203125 0.5715767578125 0.9497021484375 0.57120732421875 0.950441015625 0.5573537109375 0.935109765625 0.5429458984375
0 0.95234130859375 0.6552857421875 0.96898505859375 0.65543046875 0.96927451171875 0.68741552734375 0.9863525390625 0.68756025390625 0.9875103515625 0.7039146484375 0.95277548828125 0.70463828125 0.95234130859375 0.6552857421875
0 0.86035771484375 0.932987890625 0.8570828125 0.89505302734375 0.892015625 0.8936884765625 0.8931072265625 0.897236328125 0.90620703125 0.896417578125 0.90620703125 0.912246484375 0.9018404296875 0.9136111328125 0.9034779296875 0.92998583984375 0.86035771484375 0.932987890625
0 0.94121181640625 0.273870703125 0.95972060546875 0.28614287109375 0.94664375 0.3058587890625 0.9291408203125 0.294592578125 0.94121181640625 0.273870703125
2 0.4850615234375 0.62123701171875 0.502765625 0.62304765625 0.50115615234375 0.6624794921875 0.481842578125 0.6614736328125 0.4850615234375 0.62123701171875
