0 0.06420126953125 0.07773125 0.509922265625 0.089796875 0.511261328125 0.14329130859375 0.0613623046875 0.1345109375 0.06420126953125 0.07773125
0 0.0251158203125 0.20340576171875 0.02293720703125 0.16898359375 0.0482091796875 0.16288349609375 0.06650947265625 0.16593359375 0.07086669921875 0.19904853515625 0.0251158203125 0.20340576171875
0 0.0656380859375 0.15504052734375 0.09396005859375 0.1432759765625 0.0996244140625 0.15024755859375 0.100931640625 0.15024755859375 0.09875302734375 0.14109736328125 0.1174890625 0.14109736328125 0.11966767578125 0.16419072265625 0.1052888671875 0.1654978515625 0.10964609375 0.18641259765625 0.0743525390625 0.1955626953125 0.0656380859375 0.15504052734375
0 0.12838212890625 0.16811220703125 0.16367568359375 0.16854794921875 0.162804296875 0.19817705078125 0.12925361328125 0.19948427734375 0.12838212890625 0.16811220703125
0 0.1710830078125 0.1489404296875 0.18720478515625 0.1485046875 0.1885119140625 0.16898359375 0.19591923828125 0.16811220703125 0.19591923828125 0.1607048828125 0.21334814453125 0.162012109375 0.21378388671875 0.1790052734375 0.197662109375 0.18031240234375 0.1797974609375 0.17334091796875 0.1797974609375 0.1615763671875 0.1710830078125 0.1646263671875 0.1710830078125 0.1489404296875
0 0.2155267578125 0.147633203125 0.23513427734375 0.1471974609375 0.23644140625 0.165062109375 0.2163982421875 0.1654978515625 0.2155267578125 0.147633203125
0 0.2638919921875 0.162012109375 0.267377734375 0.14676181640625 0.2821923828125 0.1519904296875 0.2765279296875 0.16680498046875 0.2638919921875 0.162012109375
0 0.26824921875 0.17290517578125 0.282628125 0.17159794921875 0.2869853515625 0.1781337890625 0.2852423828125 0.16767646484375 0.3044142578125 0.16898359375 0.30528564453125 0.1837982421875 0.3044142578125 0.1955626953125 0.26955634765625 0.1973056640625 0.26824921875 0.17290517578125
0 0.31051435546875 0.1485046875 0.326200390625 0.14981181640625 0.32402177734375 0.165062109375 0.3079 0.1646263671875 0.31051435546875 0.1485046875
0 0.3179216796875 0.18510537109375 0.32750751953125 0.18510537109375 0.32794326171875 0.17595517578125 0.3344791015625 0.17639091796875 0.33491484375 0.17203369140625 0.3488580078125 0.17334091796875 0.35103662109375 0.18902685546875 0.34972939453125 0.2051486328125 0.31879306640625 0.2060201171875 0.3179216796875 0.18510537109375
0 0.391603515625 0.149978125 0.3947994140625 0.17246865234375 0.39442666015625 0.199453125 0.38589443359375 0.19904853515625 0.38633017578125 0.19425556640625 0.3780513671875 0.19381982421875 0.3780513671875 0.19861279296875 0.365851171875 0.1885912109375 0.35931533203125 0.18946259765625 0.36018681640625 0.1833625 0.35365087890625 0.18510537109375 0.351472265625 0.16288349609375 0.36367255859375 0.1489404296875 0.391603515625 0.149978125
0 0.3353505859375 0.14196884765625 0.351472265625 0.14153310546875 0.35060087890625 0.1559119140625 0.335786328125 0.15634765625 0.3353505859375 0.14196884765625
0 0.3967875 0.15416904296875 0.41639501953125 0.15329765625 0.41639501953125 0.17290517578125 0.42162373046875 0.17290517578125 0.42118798828125 0.1829267578125 0.42685234375 0.1829267578125 0.427723828125 0.17159794921875 0.44210263671875 0.1707265625 0.44297412109375 0.201662890625 0.400708984375 0.2060201171875 0.39853037109375 0.1925126953125 0.3967875 0.15416904296875
0 0.55321201171875 0.11451826171875 0.56279794921875 0.10493232421875 0.56715517578125 0.10536806640625 0.59504140625 0.07443173828125 0.6168275390625 0.09273212890625 0.5771767578125 0.1354330078125 0.55321201171875 0.11451826171875
0 0.44733134765625 0.15547626953125 0.462581640625 0.15416904296875 0.4630173828125 0.169855078125 0.46171025390625 0.18205537109375 0.48828935546875 0.17856953125 0.48828935546875 0.206455859375 0.454738671875 0.20863447265625 0.45561005859375 0.17203369140625 0.44689560546875 0.16854794921875 0.44733134765625 0.15547626953125
0 0.49351796875 0.1519904296875 0.5122541015625 0.1576548828125 0.51051123046875 0.17334091796875 0.5017966796875 0.174648046875 0.50310390625 0.1798767578125 0.5209685546875 0.1781337890625 0.5205328125 0.1737765625 0.5336044921875 0.1711623046875 0.534040234375 0.20253427734375 0.49221083984375 0.20427724609375 0.4930822265625 0.179441015625 0.4987466796875 0.17726240234375 0.4978751953125 0.17246943359375 0.48698212890625 0.1702908203125 0.49351796875 0.1519904296875
0 0.5431904296875 0.18902685546875 0.55364775390625 0.18989833984375 0.55364775390625 0.179441015625 0.55887646484375 0.1790052734375 0.56192646484375 0.18554111328125 0.565848046875 0.184233984375 0.565848046875 0.1781337890625 0.57238388671875 0.17769814453125 0.5732552734375 0.182491015625 0.57979111328125 0.18118388671875 0.5828412109375 0.20340576171875 0.54493330078125 0.21124873046875 0.5431904296875 0.18902685546875
0 0.58109833984375 0.1694193359375 0.58850556640625 0.15547626953125 0.60201298828125 0.162012109375 0.6002701171875 0.17334091796875 0.62510634765625 0.17203369140625 0.62554208984375 0.20384150390625 0.5871984375 0.20776298828125 0.586326953125 0.182491015625 0.59286279296875 0.18118388671875 0.5924271484375 0.1750837890625 0.58109833984375 0.1694193359375
0 0.97694501953125 0.2583619140625 0.96927216796875 0.3091546875 0.96541796875 0.3793853515625 0.87254326171875 0.4229001953125 0.8304482421875 0.41743046875 0.82641474609375 0.34918681640625 0.845394140625 0.29037216796875 0.9285638671875 0.24039091796875 0.97694501953125 0.2583619140625
0 0.855862890625 0.25962900390625 0.8450794921875 0.30840537109375 0.8180419921875 0.34935546875 0.77185537109375 0.40033505859375 0.76924365234375 0.3817978515625 0.75428310546875 0.37694248046875 0.748762109375 0.4020779296875 0.70823984375 0.39510634765625 0.7012072265625 0.34864970703125 0.71990986328125 0.29260029296875 0.803837890625 0.24208251953125 0.855862890625 0.25962900390625
0 0.99851396484375 0.6105576171875 0.69510654296875 0.5236841796875 0.705752734375 0.47684091796875 0.6979455078125 0.4527095703125 0.7064625 0.4214806640625 0.7213671875 0.42715869140625 0.72562568359375 0.40515654296875 0.74975703125 0.4087052734375 0.75543505859375 0.38173486328125 0.76924365234375 0.3817978515625 0.76182275390625 0.40941494140625 0.76892021484375 0.41012470703125 0.76750068359375 0.414383203125 0.85054111328125 0.4356755859375 0.853380078125 0.42431962890625 0.87254326171875 0.43141708984375 0.87254326171875 0.4229001953125 0.89454541015625 0.429287890625 0.89951357421875 0.4370951171875 0.9985138671875 0.4622681640625 0.99851396484375 0.6105576171875
0 0.0904919921875 0.2792486328125 0.103465234375 0.3000740234375 0.08980927734375 0.310316015625 0.08571240234375 0.30348798828125 0.07854306640625 0.308950390625 0.061131640625 0.2772001953125 0.07410478515625 0.267641015625 0.105172265625 0.26013017578125 0.11131748046875 0.2778830078125 0.09595439453125 0.28163837890625 0.0925404296875 0.27071357421875 0.08605380859375 0.27344482421875 0.0904919921875 0.2792486328125
0 0.11131748046875 0.28163837890625 0.12326650390625 0.2789072265625 0.12053525390625 0.26320283203125 0.13146005859375 0.26183720703125 0.13214287109375 0.27037216796875 0.1611619140625 0.266958203125 0.16662431640625 0.2772001953125 0.16389306640625 0.2888078125 0.13111865234375 0.28914921875 0.13180146484375 0.2983669921875 0.1160970703125 0.3014396484375 0.11131748046875 0.28163837890625
0 0.103465234375 0.311340234375 0.1126830078125 0.3004154296875 0.12463203125 0.309291796875 0.1157556640625 0.3212408203125 0.103465234375 0.311340234375
0 0.13214287109375 0.3232892578125 0.14067783203125 0.31646123046875 0.16935546875 0.3362625 0.1577478515625 0.354356640625 0.127021875 0.33353125 0.13214287109375 0.3232892578125
0 0.1830115234375 0.31816826171875 0.16355166015625 0.31782685546875 0.16457587890625 0.3017810546875 0.17754912109375 0.3007568359375 0.1840357421875 0.29358740234375 0.17686630859375 0.29290458984375 0.17720771484375 0.266958203125 0.21373759765625 0.265933984375 0.21066494140625 0.29461162109375 0.18983955078125 0.29461162109375 0.1826701171875 0.3021224609375 0.1830115234375 0.31816826171875
0 0.17652490234375 0.3427490234375 0.1717453125 0.33899365234375 0.1819873046875 0.3236306640625 0.195984765625 0.3246548828125 0.19803310546875 0.3355796875 0.18915673828125 0.34138349609375 0.1850599609375 0.3458216796875 0.18779111328125 0.35060126953125 0.193253515625 0.35128408203125 0.196326171875 0.3471873046875 0.19700888671875 0.33899365234375 0.20998212890625 0.33865224609375 0.20964072265625 0.3659642578125 0.20861650390625 0.3663056640625 0.1731109375 0.37245087890625 0.17140390625 0.35162548828125 0.17652490234375 0.3427490234375
0 0.23353876953125 0.3198751953125 0.21407890625 0.3219236328125 0.21373759765625 0.3024638671875 0.22397958984375 0.30280517578125 0.22363818359375 0.29358740234375 0.22056552734375 0.2785658203125 0.22090693359375 0.265933984375 0.25607119140625 0.265933984375 0.25572978515625 0.308950390625 0.24241513671875 0.30792626953125 0.24207373046875 0.30348798828125 0.241732421875 0.29427021484375 0.23149033203125 0.29495302734375 0.23080751953125 0.30314658203125 0.23251455078125 0.311681640625 0.23353876953125 0.3198751953125
0 0.53637158203125 0.2695107421875 0.53550009765625 0.28432529296875 0.53294921875 0.3160388671875 0.51981416015625 0.31569736328125 0.5167640625 0.30741865234375 0.50935673828125 0.30785439453125 0.50499951171875 0.31700458984375 0.50543525390625 0.3305119140625 0.4901849609375 0.3313833984375 0.4910564453125 0.3130830078125 0.50064228515625 0.3130830078125 0.50238515625 0.30567578125 0.49584931640625 0.3013185546875 0.49715654296875 0.28127529296875 0.51981416015625 0.282582421875 0.520685546875 0.26646064453125 0.5298357421875 0.26733212890625 0.53637158203125 0.2695107421875
0 0.57837998046875 0.299569140625 0.5782306640625 0.3152576171875 0.57863671875 0.32920478515625 0.5612078125 0.32876904296875 0.55859345703125 0.317440234375 0.538114453125 0.32049033203125 0.53593583984375 0.30349716796875 0.53953759765625 0.27853740234375 0.5409392578125 0.271203515625 0.55772197265625 0.2734322265625 0.57863671875 0.2743037109375 0.57837998046875 0.299569140625
0 0.62090185546875 0.32920478515625 0.60260146484375 0.32964052734375 0.6012943359375 0.31351875 0.5830859375 0.31391142578125 0.58281494140625 0.29566064453125 0.58413232421875 0.27797734375 0.622208984375 0.277789453125 0.62090185546875 0.32920478515625
0 0.4901849609375 0.35665537109375 0.50979248046875 0.35534814453125 0.51109970703125 0.36275546875 0.51109970703125 0.35055517578125 0.530271484375 0.3488123046875 0.5307072265625 0.37713427734375 0.490620703125 0.37757001953125 0.4901849609375 0.35665537109375
0 0.53593583984375 0.3583982421875 0.56207919921875 0.358833984375 0.56295068359375 0.38323447265625 0.53680732421875 0.3836701171875 0.53593583984375 0.3583982421875
0 0.6091373046875 0.336612109375 0.62003037109375 0.33356201171875 0.6309234375 0.336612109375 0.6283091796875 0.354041015625 0.6182875 0.3536052734375 0.61698037109375 0.3662412109375 0.60390869140625 0.3662412109375 0.60390869140625 0.354041015625 0.6091373046875 0.3527337890625 0.6091373046875 0.336612109375
0 0.43705107421875 0.35389541015625 0.43705107421875 0.36526845703125 0.4370611328125 0.38369072265625 0.40661806640625 0.38432431640625 0.40245419921875 0.37837958984375 0.4023986328125 0.35912216796875 0.39693623046875 0.36014638671875 0.3982384765625 0.327043359375 0.41639599609375 0.32703056640625 0.41571318359375 0.3451248046875 0.40854375 0.3454662109375 0.40888515625 0.355708203125 0.4208341796875 0.354342578125 0.43705107421875 0.35389541015625
0 0.45884873046875 0.33372490234375 0.45629287109375 0.347921875 0.44350390625 0.34792265625 0.4460978515625 0.33317578125 0.45884873046875 0.33372490234375
0 0.36643984375 0.32940546875 0.36621015625 0.3441005859375 0.3747451171875 0.35024580078125 0.3771349609375 0.35912216796875 0.38328017578125 0.358780859375 0.38362158203125 0.34922158203125 0.394044140625 0.34775361328125 0.3923583984375 0.3791751953125 0.361826171875 0.3795166015625 0.36177197265625 0.3451248046875 0.35152998046875 0.3434177734375 0.35205078125 0.32871123046875 0.36643984375 0.32940546875
0 0.4881025390625 0.27208564453125 0.48614765625 0.29250185546875 0.47851572265625 0.3105919921875 0.4661501953125 0.3083828125 0.4623263671875 0.31855458984375 0.4601642578125 0.32783125 0.44403720703125 0.32783125 0.44403720703125 0.31281640625 0.45682763671875 0.30892373046875 0.44904560546875 0.3023201171875 0.44921982421875 0.26831328125 0.4636732421875 0.2685541015625 0.46834580078125 0.272223046875 0.4881025390625 0.27208564453125
0 0.44921982421875 0.26831328125 0.4479041015625 0.2949677734375 0.4379201171875 0.29891376953125 0.4229052734375 0.3033626953125 0.42012470703125 0.30280654296875 0.4174154296875 0.30398837890625 0.4167880859375 0.3228263671875 0.40066103515625 0.32171416015625 0.3991466796875 0.307354296875 0.4078904296875 0.30503095703125 0.4017732421875 0.2850111328125 0.40424375 0.27092451171875 0.42080625 0.27217724609375 0.4185818359375 0.2616283203125 0.44459306640625 0.26230478515625 0.44921982421875 0.26831328125
0 0.393189453125 0.267568359375 0.3930294921875 0.31013486328125 0.382865625 0.31281640625 0.38175341796875 0.30058212890625 0.36840693359375 0.3016943359375 0.36487548828125 0.32495400390625 0.35286025390625 0.323090234375 0.35315400390625 0.310112890625 0.3620765625 0.303194140625 0.35911953125 0.2697619140625 0.393189453125 0.267568359375
0 0.32511640625 0.33055986328125 0.32541171875 0.3419216796875 0.32671884765625 0.351071875 0.33456181640625 0.3515076171875 0.337176171875 0.347150390625 0.34806923828125 0.348021875 0.35401005859375 0.37634384765625 0.34109775390625 0.38113681640625 0.30885419921875 0.382008203125 0.307526953125 0.38204248046875 0.3105970703125 0.351943359375 0.3210544921875 0.35325048828125 0.32323310546875 0.34584326171875 0.30623984375 0.34322890625 0.30648154296875 0.3291716796875 0.32061875 0.33059296875 0.32511640625 0.33055986328125
0 0.3031171875 0.3798736328125 0.27341513671875 0.380209375 0.27210791015625 0.35929462890625 0.27292626953125 0.3427310546875 0.26224873046875 0.34165888671875 0.2623431640625 0.3266130859375 0.28140361328125 0.32710712890625 0.28227509765625 0.3563005859375 0.3029431640625 0.35790009765625 0.3031171875 0.3798736328125
0 0.23950927734375 0.35733515625 0.24611005859375 0.3563005859375 0.24785302734375 0.3258 0.2623431640625 0.3266130859375 0.25947197265625 0.37846650390625 0.23042412109375 0.3785224609375 0.22998837890625 0.3427931640625 0.2186595703125 0.34061455078125 0.2190953125 0.3258 0.235652734375 0.32754287109375 0.23950927734375 0.35733515625
0 0.31337763671875 0.2643630859375 0.350758203125 0.2645580078125 0.348801953125 0.29422705078125 0.34710107421875 0.30952490234375 0.3339814453125 0.30867001953125 0.333372265625 0.30058212890625 0.3239185546875 0.3016943359375 0.32002578125 0.3228263671875 0.303828125 0.324326171875 0.3052267578125 0.310306640625 0.315176953125 0.31035087890625 0.31724521484375 0.29668935546875 0.31057197265625 0.29390888671875 0.311499609375 0.27819951171875 0.31337763671875 0.2643630859375
0 0.3013240234375 0.264287109375 0.30424560546875 0.28916259765625 0.2988326171875 0.30444951171875 0.28115537109375 0.3026630859375 0.2806822265625 0.32211826171875 0.2584705078125 0.32307470703125 0.26048896484375 0.31011396484375 0.27138203125 0.30837109375 0.27312490234375 0.30183525390625 0.26571767578125 0.29617080078125 0.2670248046875 0.2634916015625 0.3013240234375 0.264287109375
0 0.266952734375 0.8549255859375 0.2650802734375 0.8474357421875 0.26347529296875 0.80624130859375 0.28701494140625 0.80249638671875 0.28647998046875 0.79875146484375 0.298784765625 0.79875146484375 0.29958720703125 0.80196142578125 0.3097521484375 0.80115888671875 0.311624609375 0.8474357421875 0.2816650390625 0.8487732421875 0.28059501953125 0.854390625 0.266952734375 0.8549255859375
0 0.21852255859375 0.91536806640625 0.21765107421875 0.91013935546875 0.2167796875 0.868745703125 0.2346443359375 0.87005283203125 0.23420859375 0.88530322265625 0.24379443359375 0.8857388671875 0.24423017578125 0.87528154296875 0.25860908203125 0.87484580078125 0.2568662109375 0.9136251953125 0.21852255859375 0.91536806640625
0 0.12698095703125 0.84029677734375 0.12663955078125 0.83073759765625 0.12629814453125 0.79932880859375 0.14678212890625 0.8006943359375 0.14746494140625 0.80752236328125 0.1659005859375 0.80547392578125 0.1652177734375 0.82186123046875 0.15873115234375 0.8225439453125 0.15326875 0.8225439453125 0.15565859375 0.83893125 0.12698095703125 0.84029677734375
0 0.0805400390625 0.83375400390625 0.078667578125 0.8179716796875 0.0767951171875 0.800851953125 0.11986201171875 0.8003169921875 0.11986201171875 0.81449423828125 0.120664453125 0.8308115234375 0.0805400390625 0.83375400390625
0 0.0741220703125 0.87672490234375 0.07957138671875 0.87672490234375 0.10577021484375 0.8773537109375 0.1049318359375 0.8624728515625 0.1216990234375 0.8628919921875 0.12316611328125 0.8922345703125 0.115411328125 0.89265380859375 0.1170880859375 0.910678515625 0.085020703125 0.90753466796875 0.084182421875 0.8937017578125 0.0741220703125 0.8937017578125 0.0741220703125 0.87672490234375
0 0.1242140625 0.87840166015625 0.13511279296875 0.87651533203125 0.135951171875 0.88091669921875 0.14768818359375 0.8796591796875 0.146640234375 0.8666646484375 0.16361708984375 0.86624541015625 0.16194033203125 0.90648671875 0.1242140625 0.90774423828125 0.1242140625 0.87840166015625
0 0.01803310546875 0.40953134765625 0.0254404296875 0.3942810546875 0.04025498046875 0.40343125 0.04809794921875 0.3903595703125 0.05768388671875 0.3864380859375 0.081212890625 0.40517412109375 0.06726982421875 0.42391025390625 0.04461220703125 0.40822421875 0.037640625 0.40909560546875 0.03502626953125 0.41824580078125 0.01803310546875 0.40953134765625
0 0.0515837890625 0.456589453125 0.055941015625 0.44613212890625 0.06639833984375 0.44874638671875 0.0816486328125 0.44003193359375 0.07729140625 0.4382890625 0.082084375 0.419988671875 0.08905595703125 0.4156314453125 0.12173515625 0.4260888671875 0.120863671875 0.4348033203125 0.11607080078125 0.45310361328125 0.08339150390625 0.443953515625 0.073369921875 0.44961787109375 0.07119130859375 0.4552822265625 0.06683408203125 0.4648681640625 0.0515837890625 0.456589453125
0 0.1269638671875 0.43654619140625 0.13349970703125 0.42783173828125 0.152671484375 0.4395962890625 0.1579001953125 0.434367578125 0.16443603515625 0.4395962890625 0.1705361328125 0.4474392578125 0.1657431640625 0.4570251953125 0.15659296875 0.4744541015625 0.1483142578125 0.47271123046875 0.15049287109375 0.461382421875 0.1395998046875 0.4574609375 0.13393544921875 0.46748251953125 0.1212994140625 0.45876806640625 0.1269638671875 0.43654619140625
0 0.15964306640625 0.4783755859375 0.16487177734375 0.474018359375 0.17315048828125 0.47576123046875 0.17184326171875 0.49754736328125 0.15615732421875 0.496240234375 0.15964306640625 0.4783755859375
0 0.023093359375 0.45162216796875 -0.0 0.4851728515625 -0.0 0.43462900390625 0.023093359375 0.45162216796875
0 -0.0 0.4851728515625 0.00844716796875 0.48735146484375 0.011497265625 0.5034732421875 -0.0 0.511751953125 -0.0 0.4851728515625
0 0.038512109375 0.51088056640625 0.043305078125 0.5034732421875 0.05506953125 0.50783046875 0.05332666015625 0.5156734375 0.078162890625 0.525259375 0.0681412109375 0.54617412109375 0.0254404296875 0.533973828125 0.028926171875 0.5200306640625 0.038512109375 0.51088056640625
0 0.0507123046875 0.47297265625 0.0650912109375 0.4773298828125 0.0633482421875 0.4908373046875 0.0476623046875 0.4890943359375 0.0507123046875 0.47297265625
0 0.082955859375 0.5034732421875 0.08862021484375 0.49127294921875 0.10256337890625 0.499116015625 0.09864189453125 0.5217736328125 0.10648486328125 0.525259375 0.1095349609375 0.51828779296875 0.12391376953125 0.52046640625 0.122606640625 0.5383310546875 0.11607080078125 0.5392025390625 0.11084208984375 0.556195703125 0.10430625 0.55401708984375 0.10430625 0.54268828125 0.09951328125 0.54050966796875 0.0947203125 0.5470455078125 0.0855701171875 0.54573837890625 0.0864416015625 0.533973828125 0.08992734375 0.526130859375 0.09384892578125 0.506958984375 0.082955859375 0.5034732421875
0 0.12827099609375 0.51872353515625 0.14395703125 0.5169806640625 0.14569990234375 0.5287451171875 0.16007880859375 0.5287451171875 0.1609501953125 0.51785205078125 0.1531072265625 0.5169806640625 0.1522357421875 0.506958984375 0.1579001953125 0.50521611328125 0.162257421875 0.49998740234375 0.17184326171875 0.49754736328125 0.17184326171875 0.55488857421875 0.12914248046875 0.55227421875 0.12827099609375 0.51872353515625
0 0.22238720703125 0.4947587890625 0.21802998046875 0.486480078125 0.22020859375 0.45380078125 0.22979443359375 0.4463935546875 0.24896630859375 0.446829296875 0.24809482421875 0.45205791015625 0.25506640625 0.45075078125 0.25811640625 0.48342998046875 0.236766015625 0.47863701171875 0.22935869140625 0.48255849609375 0.2332802734375 0.49214443359375 0.22238720703125 0.4947587890625
0 0.2189013671875 0.5034732421875 0.2411232421875 0.5043447265625 0.23850888671875 0.52700224609375 0.24722333984375 0.52787373046875 0.24765908203125 0.51480205078125 0.26595947265625 0.51480205078125 0.26073076171875 0.56186015625 0.21367275390625 0.5601171875 0.2189013671875 0.5034732421875
0 0.27031669921875 0.52308076171875 0.268573828125 0.5130591796875 0.273366796875 0.5026017578125 0.28818134765625 0.5073947265625 0.286002734375 0.51436630859375 0.2855669921875 0.52395224609375 0.3156318359375 0.524387890625 0.3156318359375 0.55793857421875 0.271623828125 0.5601171875 0.27031669921875 0.52308076171875
0 0.263780859375 0.48560859375 0.2729310546875 0.4803798828125 0.27554541015625 0.459465234375 0.2729310546875 0.4455220703125 0.2816455078125 0.4455220703125 0.28992421875 0.44334345703125 0.304303125 0.446829296875 0.3156318359375 0.44900791015625 0.31432470703125 0.48865869140625 0.28513125 0.486480078125 0.2807740234375 0.49693740234375 0.273366796875 0.5026017578125 0.263780859375 0.48560859375
0 0.3300107421875 0.4725369140625 0.330446484375 0.44857216796875 0.3648685546875 0.4494435546875 0.3644328125 0.48299423828125 0.33611083984375 0.48386572265625 0.3395966796875 0.4995517578125 0.32391064453125 0.5034732421875 0.31911767578125 0.48430146484375 0.330446484375 0.480815625 0.3300107421875 0.4725369140625
0 0.31868193359375 0.5043447265625 0.3387251953125 0.506958984375 0.33567509765625 0.51828779296875 0.35658984375 0.51785205078125 0.36835439453125 0.52220927734375 0.36617578125 0.5570671875 0.3260892578125 0.560988671875 0.32216767578125 0.53615244140625 0.3300107421875 0.53005234375 0.3291392578125 0.52264501953125 0.31824619140625 0.51959501953125 0.31868193359375 0.5043447265625
0 0.37619736328125 0.45597939453125 0.395369140625 0.4551080078125 0.39493349609375 0.47079404296875 0.3775044921875 0.4712296875 0.37619736328125 0.45597939453125
0 0.42979130859375 0.52700224609375 0.41671962890625 0.52787373046875 0.4180267578125 0.50957333984375 0.43850576171875 0.50957333984375 0.43807001953125 0.5344095703125 0.4498345703125 0.53310244140625 0.4498345703125 0.5200306640625 0.4672634765625 0.5200306640625 0.4672634765625 0.56403876953125 0.4219482421875 0.56229580078125 0.42107685546875 0.5431240234375 0.42979130859375 0.52700224609375
0 0.42107685546875 0.47863701171875 0.43458427734375 0.47515126953125 0.4324056640625 0.454672265625 0.46813486328125 0.45292939453125 0.46944208984375 0.4803798828125 0.440684375 0.47863701171875 0.43807001953125 0.4934515625 0.4219482421875 0.4938873046875 0.42107685546875 0.47863701171875
0 0.479463671875 0.4890943359375 0.47859228515625 0.467308203125 0.48033515625 0.4503150390625 0.49079248046875 0.4503150390625 0.50386416015625 0.45205791015625 0.51867880859375 0.45336513671875 0.51780732421875 0.4851728515625 0.49035673828125 0.4851728515625 0.4855638671875 0.49214443359375 0.48687099609375 0.5073947265625 0.4711849609375 0.50783046875 0.471620703125 0.4904015625 0.479463671875 0.4890943359375
0 0.523907421875 0.49127294921875 0.53610771484375 0.4890943359375 0.53567197265625 0.46556533203125 0.5687869140625 0.464258203125 0.5687869140625 0.4938873046875 0.55310087890625 0.49214443359375 0.5504865234375 0.50478037109375 0.5243431640625 0.508701953125 0.523907421875 0.49127294921875
0 0.47292783203125 0.516544921875 0.48992109375 0.5156734375 0.48992109375 0.54268828125 0.50560712890625 0.543559765625 0.50473564453125 0.52656650390625 0.51867880859375 0.52743798828125 0.5204216796875 0.565781640625 0.4798994140625 0.56665302734375 0.48207802734375 0.53135947265625 0.4720564453125 0.53135947265625 0.47292783203125 0.516544921875
0 0.52652177734375 0.526130859375 0.57140126953125 0.52395224609375 0.57009404296875 0.5662173828125 0.52608603515625 0.5653458984375 0.52652177734375 0.526130859375
0 0.57532275390625 0.52395224609375 0.58883017578125 0.525259375 0.5901373046875 0.5344095703125 0.6036447265625 0.53179521484375 0.60146611328125 0.51393056640625 0.61889501953125 0.51436630859375 0.621509375 0.52787373046875 0.621509375 0.5378953125 0.622380859375 0.55488857421875 0.57532275390625 0.55968154296875 0.57532275390625 0.52395224609375
0 0.5783728515625 0.46338671875 0.608001953125 0.46600107421875 0.60713056640625 0.49606591796875 0.62412373046875 0.49693740234375 0.625430859375 0.5113162109375 0.5949302734375 0.5113162109375 0.59710888671875 0.48865869140625 0.577065625 0.48691572265625 0.5783728515625 0.46338671875
0 0.08027861328125 0.647032421875 0.08093544921875 0.6320884765625 0.0774869140625 0.631431640625 0.07765107421875 0.62157841796875 0.08553359375 0.6222353515625 0.08931064453125 0.61878671875 0.09867119140625 0.6214142578125 0.10179130859375 0.6238775390625 0.10852431640625 0.62420595703125 0.10934541015625 0.62568388671875 0.12313984375 0.6255197265625 0.12199033203125 0.63602978515625 0.1206765625 0.65655712890625 0.105568359375 0.65639296875 0.1057326171875 0.650316796875 0.0930876953125 0.649495703125 0.0930876953125 0.65524345703125 0.08931064453125 0.65573603515625 0.08931064453125 0.673964453125 0.07288876953125 0.67281494140625 0.07403828125 0.65655712890625 0.08520517578125 0.65688564453125 0.08520517578125 0.6504810546875 0.0799501953125 0.6504810546875 0.08027861328125 0.647032421875
0 0.13016806640625 0.72728896484375 0.13058720703125 0.7121984375 0.13058720703125 0.70004228515625 0.16118740234375 0.7012998046875 0.1607681640625 0.69585048828125 0.1538517578125 0.69459287109375 0.15552841796875 0.67782568359375 0.17124775390625 0.67740654296875 0.1725052734375 0.69186826171875 0.1687326171875 0.69543125 0.168523046875 0.7054916015625 0.16999013671875 0.71597109375 0.16978056640625 0.725821875 0.13016806640625 0.72728896484375
0 0.22776083984375 0.7372962890625 0.22856328125 0.73248134765625 0.22829580078125 0.70867421875 0.2256208984375 0.70867421875 0.2224109375 0.715094140625 0.2178634765625 0.7156291015625 0.217328515625 0.70385927734375 0.22000341796875 0.6851345703125 0.23525068359375 0.68593701171875 0.2368556640625 0.69556689453125 0.23230830078125 0.69877685546875 0.26387275390625 0.69877685546875 0.26333779296875 0.7105466796875 0.26414033203125 0.73569130859375 0.22776083984375 0.7372962890625
0 0.7555369140625 0.9357931640625 0.76077666015625 0.90854638671875 0.76664521484375 0.90875595703125 0.77062744140625 0.90603134765625 0.80793447265625 0.91420537109375 0.80248515625 0.95591376953125 0.7840412109375 0.9529794921875 0.78362197265625 0.94166162109375 0.76853154296875 0.93872744140625 0.76853154296875 0.9563330078125 0.7555369140625 0.954237109375 0.76077666015625 0.938308203125 0.7555369140625 0.9357931640625
0 0.86907958984375 0.96734111328125 0.88081669921875 0.9308724609375 0.92776484375 0.94659169921875 0.9168662109375 0.97886865234375 0.90345244140625 0.9742576171875 0.90345244140625 0.96880830078125 0.8841701171875 0.965664453125 0.8803974609375 0.970275390625 0.86907958984375 0.96734111328125
0 0.942602734375 0.87522841796875 0.915984765625 0.86810234375 0.9195478515625 0.8590900390625 0.9153560546875 0.86265302734375 0.90236142578125 0.86013798828125 0.905295703125 0.84819130859375 0.91032587890625 0.836454296875 0.92269169921875 0.84064609375 0.92751220703125 0.84378994140625 0.927721875 0.8490296875 0.93128486328125 0.8488201171875 0.9321232421875 0.84588583984375 0.9363150390625 0.8454666015625 0.93547666015625 0.8368734375 0.95161513671875 0.8389693359375 0.946375390625 0.85804208984375 0.942602734375 0.87522841796875
0 0.78156767578125 0.74534423828125 0.78324443359375 0.7363318359375 0.77737587890625 0.73339755859375 0.7721361328125 0.7342359375 0.7614470703125 0.73151123046875 0.7622853515625 0.7222892578125 0.7656388671875 0.7160015625 0.76878271484375 0.705731640625 0.79540068359375 0.711809765625 0.7993828125 0.7099234375 0.8075568359375 0.713276953125 0.79833486328125 0.7484880859375 0.78156767578125 0.74534423828125
0 0.9985140625 0.78758876953125 0.98319521484375 0.78854404296875 0.97544033203125 0.7872865234375 0.97082939453125 0.79441259765625 0.9622361328125 0.7956701171875 0.95972109375 0.79839482421875 0.9469361328125 0.79357421875 0.953223828125 0.7684234375 0.96076904296875 0.76926181640625 0.96349375 0.74494931640625 0.97061982421875 0.74683564453125 0.974601953125 0.75060830078125 0.9785841796875 0.745578125 0.98738701171875 0.7480931640625 0.98738701171875 0.749769921875 0.9945130859375 0.75396171875 0.9985140625 0.7542673828125 0.9985140625 0.78758876953125
0 0.844264453125 0.78394228515625 0.84722041015625 0.75520380859375 0.8583873046875 0.75799560546875 0.8595369140625 0.74535068359375 0.85066904296875 0.73796083984375 0.870046875 0.71710498046875 0.89073857421875 0.7190755859375 0.90518984375 0.7305708984375 0.89500830078125 0.7689982421875 0.89336611328125 0.77277529296875 0.87070380859375 0.7726111328125 0.8684046875 0.7849275390625 0.844264453125 0.78394228515625
0 0.52008173828125 0.73746142578125 0.52168671875 0.73050654296875 0.52195419921875 0.7117818359375 0.52703662109375 0.711246875 0.52583701171875 0.70362724609375 0.53478017578125 0.70410439453125 0.53987646484375 0.70054697265625 0.56662607421875 0.700814453125 0.56716103515625 0.72087666015625 0.56502109375 0.72488916015625 0.566091015625 0.737996484375 0.5628810546875 0.737996484375 0.5642185546875 0.74468388671875 0.54602880859375 0.74655634765625 0.54549384765625 0.73906640625 0.53773642578125 0.74013642578125 0.53720146484375 0.736658984375 0.52008173828125 0.73746142578125
0 0.47780439453125 0.7358640625 0.4767564453125 0.72412705078125 0.47633720703125 0.712599609375 0.4794810546875 0.70987490234375 0.47990029296875 0.706940625 0.470887890625 0.70777900390625 0.470887890625 0.6964611328125 0.47256455078125 0.68933505859375 0.48451123046875 0.68954462890625 0.485349609375 0.69520361328125 0.48430166015625 0.7048447265625 0.48346328125 0.70966533203125 0.5014880859375 0.7105037109375 0.50169765625 0.70463515625 0.5146921875 0.70421591796875 0.5144826171875 0.71029404296875 0.51343466796875 0.71406669921875 0.51783603515625 0.71364755859375 0.51574013671875 0.723288671875 0.5163689453125 0.7375408203125 0.47780439453125 0.7358640625
0 0.42832626953125 0.730462109375 0.4276693359375 0.7204447265625 0.42717666015625 0.70648603515625 0.41978681640625 0.698603515625 0.424220703125 0.6918705078125 0.43062529296875 0.686287109375 0.44080693359375 0.69515498046875 0.44047841796875 0.69991728515625 0.43243173828125 0.7069787109375 0.453616015625 0.7061576171875 0.453616015625 0.7036943359375 0.46560400390625 0.70385859375 0.46757470703125 0.720608984375 0.465932421875 0.7327611328125 0.42832626953125 0.730462109375
0 0.374223828125 0.730058984375 0.374223828125 0.7118306640625 0.37882197265625 0.71199482421875 0.37816513671875 0.70460498046875 0.36880458984375 0.7032912109375 0.37208896484375 0.68539130859375 0.38719716796875 0.68637666015625 0.38719716796875 0.68966103515625 0.38391279296875 0.7016490234375 0.38243486328125 0.70312705078125 0.38292744140625 0.7049333984375 0.3968861328125 0.70345546875 0.39754296875 0.7118306640625 0.3934375 0.71330859375 0.3934375 0.715771875 0.40312646484375 0.7151150390625 0.40296220703125 0.69360224609375 0.41708515625 0.69360224609375 0.41642822265625 0.71790673828125 0.4161796875 0.7283087890625 0.374223828125 0.730058984375
0 0.321776953125 0.62673515625 0.3656462890625 0.62914267578125 0.36751884765625 0.667662109375 0.324451953125 0.66471962890625 0.32471943359375 0.644657421875 0.321776953125 0.62673515625
0 0.5721751953125 0.682543359375 0.5745826171875 0.65793369140625 0.57190771484375 0.640546484375 0.6098921875 0.640546484375 0.6128345703125 0.66836611328125 0.61256708984375 0.68735830078125 0.59223740234375 0.68896328125 0.5911673828125 0.681205859375 0.57565263671875 0.68174091796875 0.5721751953125 0.682543359375
0 0.52250537109375 0.64027509765625 0.53696708984375 0.63817919921875 0.548075390625 0.64090390625 0.569034375 0.6406943359375 0.56987275390625 0.6536888671875 0.5692439453125 0.66458759765625 0.56966318359375 0.67716298828125 0.53738623046875 0.67883974609375 0.535919140625 0.682821875 0.532146484375 0.68303154296875 0.53277529296875 0.68785205078125 0.52082861328125 0.68806171875 0.52082861328125 0.6719232421875 0.53319443359375 0.6700369140625 0.531308203125 0.665635546875 0.5279546875 0.66458759765625 0.52250537109375 0.64027509765625
0 0.4745740234375 0.6326740234375 0.517749609375 0.63393154296875 0.51858798828125 0.66914267578125 0.49427548828125 0.67480166015625 0.48819736328125 0.675849609375 0.48966455078125 0.6844427734375 0.47478359375 0.68758662109375 0.4703822265625 0.67710712890625 0.4825384765625 0.672076953125 0.48254931640625 0.657915625 0.47750830078125 0.655309765625 0.4745740234375 0.6326740234375
0 0.4247947265625 0.6357880859375 0.466670703125 0.637266015625 0.467491796875 0.6640337890625 0.429064453125 0.665019140625 0.43842490234375 0.67947041015625 0.4382607421875 0.6807841796875 0.423316796875 0.68505390625 0.41609111328125 0.669945703125 0.426601171875 0.66354111328125 0.4254515625 0.64547705078125 0.4247947265625 0.6357880859375
0 0.26290947265625 0.68320693359375 0.28407802734375 0.6838357421875 0.2884794921875 0.68886591796875 0.28617392578125 0.6978783203125 0.280724609375 0.69934541015625 0.2809341796875 0.702698828125 0.28491640625 0.702698828125 0.28785068359375 0.70919619140625 0.2930904296875 0.706471484375 0.2926712890625 0.69850703125 0.3037794921875 0.69955498046875 0.30398916015625 0.702698828125 0.31300146484375 0.70102216796875 0.31467822265625 0.71338798828125 0.313420703125 0.72575380859375 0.28198212890625 0.72617294921875 0.2805150390625 0.731203125 0.26940673828125 0.7309935546875 0.2687779296875 0.71757978515625 0.27192177734375 0.716322265625 0.2704546875 0.7047947265625 0.2748560546875 0.70353720703125 0.2643765625 0.6964111328125 0.26290947265625 0.68320693359375
0 0.31449716796875 0.68624306640625 0.33469619140625 0.687392578125 0.33288974609375 0.70414296875 0.31613935546875 0.70282919921875 0.31449716796875 0.68624306640625
0 0.2736431640625 0.6265833984375 0.31590751953125 0.6289908203125 0.31403505859375 0.6404931640625 0.31590751953125 0.65734541015625 0.27524814453125 0.6557404296875 0.27510029296875 0.64247119140625 0.2736431640625 0.6265833984375
0 0.31168837890625 0.83042001953125 0.32782685546875 0.83062958984375 0.32782685546875 0.80988017578125 0.3391447265625 0.81008974609375 0.33998310546875 0.81323359375 0.34815712890625 0.81239521484375 0.347737890625 0.80568837890625 0.363666796875 0.8042212890625 0.36303798828125 0.8400611328125 0.3376775390625 0.839432421875 0.33642001953125 0.8457201171875 0.33013232421875 0.84530087890625 0.33013232421875 0.8517982421875 0.31378427734375 0.85116943359375 0.31168837890625 0.83042001953125
0 0.41388837890625 0.857455859375 0.41495830078125 0.8264263671875 0.42726318359375 0.8264263671875 0.425658203125 0.8122490234375 0.43475302734375 0.8117140625 0.443312890625 0.80877158203125 0.45133779296875 0.8122490234375 0.46471259765625 0.8111791015625 0.466317578125 0.85076845703125 0.45588525390625 0.85344345703125 0.45588525390625 0.84087109375 0.43154306640625 0.841138671875 0.43288056640625 0.85611845703125 0.41388837890625 0.857455859375
0 0.47836025390625 0.8475328125 0.47515029296875 0.83897294921875 0.47461533203125 0.824528125 0.4740802734375 0.81142080078125 0.49039755859375 0.8098158203125 0.5021673828125 0.8098158203125 0.5174146484375 0.809280859375 0.5168796875 0.81917822265625 0.51714716796875 0.825865625 0.517949609375 0.84673037109375 0.4893275390625 0.8483353515625 0.488792578125 0.85502275390625 0.488792578125 0.8635826171875 0.4722078125 0.865455078125 0.46658505859375 0.8518384765625 0.47836025390625 0.8475328125
0 0.52901865234375 0.81911201171875 0.5665353515625 0.8201599609375 0.56737373046875 0.8388134765625 0.56108603515625 0.84153818359375 0.5600380859375 0.85055048828125 0.53865986328125 0.8509697265625 0.540126953125 0.85914375 0.52231181640625 0.86082041015625 0.52063505859375 0.84761630859375 0.531743359375 0.84552041015625 0.52901865234375 0.81911201171875
0 0.5808869140625 0.894816015625 0.5800658203125 0.8790509765625 0.5897546875 0.87773720703125 0.589262109375 0.87198955078125 0.606505078125 0.87116845703125 0.6083115234375 0.87937939453125 0.6074904296875 0.881678515625 0.6076546875 0.89350234375 0.5808869140625 0.894816015625
0 0.56850078125 0.86161298828125 0.569273046875 0.81800439453125 0.57807578125 0.817166015625 0.57891416015625 0.820938671875 0.59945400390625 0.81611806640625 0.62460478515625 0.8108783203125 0.624814453125 0.8188427734375 0.6227185546875 0.81968115234375 0.62397607421875 0.83246611328125 0.61957470703125 0.83225654296875 0.62229931640625 0.85908408203125 0.56850078125 0.86161298828125
0 0.5718517578125 0.70433349609375 0.587935546875 0.70330419921875 0.589222265625 0.70948037109375 0.60003056640625 0.71050966796875 0.59877294921875 0.70820419921875 0.59793466796875 0.70589873046875 0.597305859375 0.69206572265625 0.60841416015625 0.69206572265625 0.6086072265625 0.70868388671875 0.5998927734375 0.71434833984375 0.59945703125 0.7287271484375 0.6038142578125 0.7287271484375 0.60163564453125 0.75007763671875 0.5720064453125 0.75051337890625 0.5720064453125 0.7173984375 0.5718517578125 0.70433349609375
0 0.2738564453125 0.9177873046875 0.2738564453125 0.90467998046875 0.2642265625 0.90414501953125 0.26476162109375 0.8835478515625 0.28134638671875 0.88435029296875 0.283486328125 0.8867578125 0.2981986328125 0.88702529296875 0.29846611328125 0.8832802734375 0.29953603515625 0.8832802734375 0.30782841796875 0.87284794921875 0.31291083984375 0.87258046875 0.3134458984375 0.876325390625 0.30996845703125 0.876325390625 0.312643359375 0.88488525390625 0.3102359375 0.89023525390625 0.311305859375 0.9164498046875 0.2738564453125 0.9177873046875
0 0.32107763671875 0.91688662109375 0.32296396484375 0.88963994140625 0.3258982421875 0.88586728515625 0.324221484375 0.8820947265625 0.3156283203125 0.88041796875 0.31416123046875 0.8619740234375 0.32904208984375 0.8619740234375 0.3282037109375 0.8806275390625 0.32904208984375 0.88649609375 0.34287509765625 0.886076953125 0.34329423828125 0.8779029296875 0.36152861328125 0.87916044921875 0.361109375 0.89739482421875 0.3632052734375 0.91688662109375 0.32107763671875 0.91688662109375
0 0.3625298828125 0.88242353515625 0.3652048828125 0.8441716796875 0.3828595703125 0.843369140625 0.3815220703125 0.88322607421875 0.3625298828125 0.88242353515625
0 -0.0 0.968201171875 0.014612890625 0.97050673828125 0.013802734375 0.999007421875 -0.0 0.99900712890625 -0.0 0.968201171875
0 0.02491552734375 0.9990076171875 0.025517578125 0.97665068359375 0.05989033203125 0.976021875 0.05928759765625 0.99900830078125 0.02491552734375 0.9990076171875
0 0.0712876953125 0.99900849609375 0.0714173828125 0.99740107421875 0.08315439453125 0.996353125 0.083783203125 0.9862927734375 0.09363388671875 0.9858736328125 0.09279560546875 0.9737173828125 0.09698740234375 0.975394140625 0.09635859375 0.971621484375 0.10117919921875 0.9718310546875 0.10138876953125 0.9760228515625 0.10327509765625 0.97581328125 0.10348466796875 0.97120234375 0.1068380859375 0.9714119140625 0.10746689453125 0.97728046875 0.11312578125 0.97623251953125 0.1143833984375 0.990275 0.11920390625 0.99090380859375 0.11957744140625 0.999009375 0.0712876953125 0.99900849609375
0 0.12346484375 0.99900947265625 0.12297265625 0.990983203125 0.125500390625 0.98727060546875 0.12601513671875 0.97820322265625 0.13347802734375 0.97768857421875 0.13425 0.98129130859375 0.14197021484375 0.98154873046875 0.1415841796875 0.97524384765625 0.15355048828125 0.97537255859375 0.1532931640625 0.98167734375 0.1613994140625 0.98026201171875 0.162010546875 0.99901005859375 0.12346484375 0.99900947265625
0 0.21411220703125 0.9990107421875 0.21411220703125 0.98433203125 0.22106708984375 0.9837970703125 0.2226720703125 0.99422939453125 0.22481201171875 0.993426953125 0.2237419921875 0.98031962890625 0.25985400390625 0.98085458984375 0.26010771484375 0.99901123046875 0.21411220703125 0.9990107421875
0 0.2664048828125 0.999011328125 0.26821396484375 0.982201953125 0.29099853515625 0.98109296875 0.2935189453125 0.9895615234375 0.3098962890625 0.9917421875 0.31063427734375 0.99901171875 0.2664048828125 0.999011328125
0 0.32164228515625 0.99901181640625 0.32144599609375 0.9844064453125 0.34785439453125 0.98293935546875 0.35516015625 0.99901201171875 0.32164228515625 0.99901181640625
0 0.41878076171875 0.9990123046875 0.42076533203125 0.98597568359375 0.46132744140625 0.98663251953125 0.46345673828125 0.99901240234375 0.41878076171875 0.9990123046875
0 0.3685564453125 0.89012119140625 0.3995859375 0.8909236328125 0.40065595703125 0.9152658203125 0.37069638671875 0.91580078125 0.3685564453125 0.89012119140625
0 0.4142982421875 0.88423623046875 0.41322822265625 0.881561328125 0.439175390625 0.88102626953125 0.43997783203125 0.8847712890625 0.45041025390625 0.88423623046875 0.45041025390625 0.878886328125 0.46432001953125 0.878886328125 0.468332421875 0.91178837890625 0.41643818359375 0.914730859375 0.4142982421875 0.88423623046875
0 0.05139111328125 0.65146767578125 0.05319248046875 0.64349013671875 0.028487890625 0.635769921875 0.0303603515625 0.62400009765625 0.02608037109375 0.62266259765625 0.028487890625 0.61116025390625 0.0378501953125 0.61437021484375 0.0442701171875 0.59404052734375 0.0787771484375 0.6063453125 0.067809765625 0.66091455078125 0.05139111328125 0.65146767578125
0 -0.0 0.5994888671875 0.0242916015625 0.6045712890625 0.02140498046875 0.626707421875 -0.0 0.62210927734375 -0.0 0.5994888671875
0 0.08514384765625 0.72977490234375 0.08205576171875 0.70198212890625 0.12104287109375 0.69927998046875 0.12348759765625 0.72655810546875 0.08514384765625 0.72977490234375
0 0.2147517578125 0.85777490234375 0.21611728515625 0.84650869140625 0.2150931640625 0.79973681640625 0.2345529296875 0.80178525390625 0.2355771484375 0.81271005859375 0.25298857421875 0.81407568359375 0.25367138671875 0.83421826171875 0.2359185546875 0.83490107421875 0.2366013671875 0.85606787109375 0.2147517578125 0.85777490234375
0 0.47480263671875 0.99901240234375 0.47521474609375 0.9950431640625 0.48344970703125 0.994528515625 0.48447900390625 0.99041103515625 0.4942580078125 0.99041103515625 0.49477265625 0.99478583984375 0.51535986328125 0.9950431640625 0.51608115234375 0.99901240234375 0.47480263671875 0.99901240234375
0 0.5181904296875 0.99901240234375 0.5180275390625 0.9948583984375 0.52458056640625 0.994455078125 0.52508466796875 0.992035546875 0.5461552734375 0.992136328125 0.5476224609375 0.99664658203125 0.5564251953125 0.9960177734375 0.55784375 0.99901240234375 0.5181904296875 0.99901240234375
0 0.7969697265625 0.75943984375 0.80345634765625 0.734858984375 0.81028427734375 0.737590234375 0.8191607421875 0.71335078125 0.854325 0.7252998046875 0.8393033203125 0.77446142578125 0.7969697265625 0.75943984375
0 0.76197783203125 0.82578369140625 0.74658466796875 0.81697451171875 0.7583544921875 0.7803275390625 0.77279931640625 0.78781748046875 0.77092685546875 0.7945048828125 0.793396484375 0.79985478515625 0.7864416015625 0.8175095703125 0.7673458984375 0.81009091796875 0.76197783203125 0.82578369140625
0 0.69501630859375 0.7668060546875 0.75466787109375 0.7871357421875 0.751725390625 0.79890556640625 0.736745703125 0.79623056640625 0.7346056640625 0.8088029296875 0.74584052734375 0.81281533203125 0.74316552734375 0.82699267578125 0.7054486328125 0.819502734375 0.711066015625 0.80345302734375 0.712403515625 0.79061318359375 0.690736328125 0.78178583984375 0.69501630859375 0.7668060546875
0 0.80646591796875 0.79562490234375 0.81877080078125 0.80204482421875 0.82064326171875 0.79803232421875 0.844450390625 0.80632470703125 0.835623046875 0.832271875 0.7981736328125 0.8199669921875 0.80646591796875 0.79562490234375
0 0.7001998046875 0.94676650390625 0.69698984375 0.93018173828125 0.7098296875 0.92697177734375 0.7130396484375 0.92188935546875 0.7071546875 0.916539453125 0.71196962890625 0.89059228515625 0.72159951171875 0.89273232421875 0.72266943359375 0.88845234375 0.75771142578125 0.897547265625 0.7496865234375 0.93018173828125 0.723739453125 0.924029296875 0.7181220703125 0.92697177734375 0.72480947265625 0.9414166015625 0.7001998046875 0.94676650390625
0 0.857386328125 0.6261962890625 0.85979375 0.622986328125 0.8873458984375 0.633151171875 0.8910908203125 0.62271875 0.90045322265625 0.62432373046875 0.89510322265625 0.63957109375 0.8924283203125 0.65134091796875 0.8873458984375 0.66337822265625 0.8541763671875 0.65455087890625 0.85979375 0.640641015625 0.857386328125 0.6261962890625
0 0.21798134765625 0.6752560546875 0.21652451171875 0.662173046875 0.2212853515625 0.66243046875 0.22154267578125 0.64879140625 0.23003486328125 0.6486626953125 0.23826982421875 0.64917744140625 0.23878447265625 0.659213671875 0.250107421875 0.65882763671875 0.25036484375 0.675812109375 0.21798134765625 0.6752560546875
0 0.368759375 0.67935908203125 0.3680765625 0.66502021484375 0.3793427734375 0.6622890625 0.3779771484375 0.6609234375 0.37319755859375 0.6609234375 0.37524599609375 0.64282919921875 0.37661162109375 0.63190439453125 0.389243359375 0.63292861328125 0.388901953125 0.62336943359375 0.40597197265625 0.62371083984375 0.40665478515625 0.63224580078125 0.41382421875 0.63122158203125 0.41723818359375 0.64487763671875 0.41506689453125 0.670628515625 0.388560546875 0.6742380859375 0.38480517578125 0.66672724609375 0.3820740234375 0.66604443359375 0.38821923828125 0.67970048828125 0.368759375 0.67935908203125
0 0.95976064453125 0.9797775390625 0.93688681640625 0.968852734375 0.94166640625 0.94802734375 0.97034404296875 0.95348974609375 0.98536572265625 0.94222353515625 0.99253505859375 0.95075849609375 0.97480556640625 0.9990076171875 0.9393072265625 0.99900830078125 0.95976064453125 0.9797775390625
0 0.81480478515625 0.91816689453125 0.86806328125 0.9338712890625 0.86157666015625 0.94821005859375 0.8578212890625 0.96391455078125 0.8096837890625 0.95025849609375 0.81582900390625 0.9342126953125 0.81480478515625 0.91816689453125
0 -0.0 0.354528125 0.00673447265625 0.3446275390625 0.0412158203125 0.377401953125 -0.0 0.41700439453125 -0.0 0.39413056640625 0.00912421875 0.38696123046875 -0.0 0.377401953125 -0.0 0.3685255859375 -0.0 0.354528125
0 0.030973828125 0.67339609375 0.05316484375 0.6822724609375 0.0456541015625 0.69865966796875 0.02517001953125 0.68910048828125 0.030973828125 0.67339609375
0 0.02755986328125 0.6395974609375 0.03985029296875 0.64403564453125 0.03780185546875 0.67066484375 0.01731787109375 0.66759228515625 0.0190248046875 0.651887890625 0.0115140625 0.648473828125 0.01629365234375 0.6395974609375 0.02755986328125 0.6395974609375
0 0.030291015625 0.7963001953125 0.0661380859375 0.7969830078125 0.0640896484375 0.82258798828125 0.0415572265625 0.82327080078125 0.03541201171875 0.83487841796875 0.03643623046875 0.8505828125 0.00912421875 0.85024140625 0.01117265625 0.83317138671875 0.02926689453125 0.830440234375 0.032339453125 0.82224658203125 0.02824267578125 0.82224658203125 0.030291015625 0.7963001953125
0 0.02585283203125 0.85488447265625 0.04838525390625 0.86000546875 0.0449712890625 0.8712716796875 0.054871875 0.8733201171875 0.05794443359375 0.86410234375 0.0681865234375 0.86580927734375 0.0730978515625 0.8933603515625 0.02892548828125 0.90609453125 0.02585283203125 0.87946533203125 0.034387890625 0.87809970703125 0.034387890625 0.87605126953125 0.0214146484375 0.8709302734375 0.02585283203125 0.85488447265625
0 -0.0 0.86683349609375 -0.0 0.84327685546875 0.00844140625 0.84532529296875 0.0101484375 0.85795712890625 0.0203904296875 0.86205390625 0.0193662109375 0.87570986328125 0.00605166015625 0.8743443359375 0.00639306640625 0.86649208984375 -0.0 0.86683349609375
0 0.73052109375 0.19966337890625 0.729649609375 0.1948705078125 0.72790673828125 0.1329978515625 0.78019345703125 0.1312548828125 0.78062919921875 0.140405078125 0.88781708984375 0.14258369140625 0.88694560546875 0.19182041015625 0.7793220703125 0.18789892578125 0.78062919921875 0.1979205078125 0.73052109375 0.19966337890625
0 0.392786328125 0.99901220703125 0.39455869140625 0.9964521484375 0.370815234375 0.99536044921875 0.37108818359375 0.98335234375 0.409023046875 0.98417109375 0.4113259765625 0.9990123046875 0.392786328125 0.99901220703125
0 0.90108271484375 0.7582177734375 0.91597021484375 0.76264375 0.9129525390625 0.77934189453125 0.896254296875 0.776525390625 0.90108271484375 0.7582177734375
0 0.7053130859375 0.54831484375 0.730259765625 0.55314326171875 0.72482783203125 0.57084736328125 0.70269775390625 0.569640234375 0.7053130859375 0.54831484375
