1 0.75262138671875 0.57294248046875 0.76120810546875 0.55786787109375 0.77551953125 0.567599609375 0.76750517578125 0.5832466796875 0.7606357421875 0.5836283203125 0.75262138671875 0.57294248046875
1 0.13897119140625 0.2319345703125 0.1404662109375 0.21877763671875 0.1488388671875 0.219226171875 0.14599814453125 0.23238310546875 0.13897119140625 0.2319345703125
4 0.60603359375 0.29082001953125 0.6123130859375 0.27915810546875 0.62068564453125 0.28364345703125 0.6151537109375 0.29500625 0.60603359375 0.29082001953125
1 0.927740234375 0.45098544921875 0.91637705078125 0.4454796875 0.92258583984375 0.43692802734375 0.9326603515625 0.44301962890625 0.927740234375 0.45098544921875
4 0.6971615234375 0.10627548828125 0.699738671875 0.09409228515625 0.715084765625 0.09584951171875 0.7123904296875 0.10943837890625 0.6971615234375 0.10627548828125
2 0.14444892578125 0.0307748046875 0.13783642578125 0.030231640625 0.13802001953125 0.0231498046875 0.14340244140625 0.02329931640625 0.14444892578125 0.02045859375 0.15611083984375 0.02210322265625 0.15401767578125 0.0313728515625 0.14444892578125 0.0307748046875
3 0.02466220703125 0.01167431640625 0.0351279296875 0.009431640625 0.03916474609375 0.01840234375 0.02765244140625 0.02184111328125 0.02466220703125 0.01167431640625
1 0.00986064453125 0.0281205078125 0.0067208984375 0.0145150390625 0.02107392578125 0.01137529296875 0.0245126953125 0.02408369140625 0.00986064453125 0.0281205078125
3 3.115234375e-05 0.52356962890625 0.0058265625 0.53353330078125 3.115234375e-05 0.5373998046875 3.115234375e-05 0.52356962890625
4 0.848044140625 0.03717783203125 0.84506357421875 0.02376533203125 0.8776205078125 0.020326171875 0.8793400390625 0.03396796875 0.848044140625 0.03717783203125
2 0.23593125 0.17866396484375 0.2472103515625 0.1812419921875 0.24173193359375 0.18994306640625 0.232386328125 0.18672041015625 0.23593125 0.17866396484375
