2 0.9757 0.631784765625 0.9843904296875 0.640216015625 0.97367392578125 0.65136318359375 0.976824609375 0.65480390625 0.96869267578125 0.66334248046875 0.96625302734375 0.66117392578125 0.965846484375 0.66144501953125 0.95513935546875 0.673371875 0.945423828125 0.665698828125 0.9757 0.631784765625
2 0.751371875 0.71138408203125 0.76475224609375 0.70448154296875 0.78216806640625 0.72795029296875 0.757955859375 0.74557841796875 0.74085869140625 0.722640625 0.751371875 0.71138408203125
2 0.794805078125 0.7050125 0.8047873046875 0.6972603515625 0.8099908203125 0.7045876953125 0.79990234375 0.71223359375 0.794805078125 0.7050125
2 0.7216376953125 0.68048173828125 0.75084091796875 0.6589244140625 0.7649646484375 0.67697734375 0.75264619140625 0.6861099609375 0.7572125 0.6920568359375 0.74563740234375 0.7001275390625 0.74117734375 0.6950302734375 0.73523046875 0.69970283203125 0.72514208984375 0.69046396484375 0.7216376953125 0.68048173828125
2 0.837731640625 0.63138056640625 0.85995908203125 0.64303642578125 0.85060732421875 0.6607912109375 0.8282443359375 0.6496775390625 0.837731640625 0.63138056640625
2 0.8247205078125 0.6113216796875 0.8317373046875 0.60127080078125 0.83639775390625 0.6049705078125 0.8410341796875 0.59450615234375 0.84777998046875 0.58620517578125 0.856841796875 0.59112724609375 0.8589365234375 0.58773896484375 0.8665169921875 0.59201162109375 0.86457919921875 0.5959541015625 0.883541796875 0.6060359375 0.88705361328125 0.60636875 0.87934033203125 0.620808984375 0.87473212890625 0.6225708984375 0.85264033203125 0.6113216796875 0.8438306640625 0.62921201171875 0.83895146484375 0.62988974609375 0.82214541015625 0.62094453125 0.8247205078125 0.6113216796875
2 0.99844609375 0.47519111328125 0.9979515625 0.4755884765625 0.99675322265625 0.474294921875 0.982312890625 0.48465712890625 0.98418896484375 0.48715849609375 0.97269013671875 0.4952287109375 0.95873017578125 0.47377158203125 0.96848857421875 0.467037890625 0.96997939453125 0.46934189453125 0.9947107421875 0.45067607421875 0.99844619140625 0.4546359375 0.99844609375 0.47519111328125
2 0.89166484375 0.10813349609375 0.892532421875 0.10117607421875 0.89352587890625 0.0986654296875 0.912158203125 0.09739111328125 0.91242841796875 0.0897451171875 0.91633134765625 0.08658349609375 0.92406669921875 0.08647734375 0.92495927734375 0.096116796875 0.9332423828125 0.0956919921875 0.937195703125 0.0970798828125 0.9383154296875 0.11704228515625 0.91710087890625 0.11881064453125 0.91646376953125 0.11501923828125 0.89578427734375 0.1171357421875 0.8942306640625 0.11293544921875 0.89166484375 0.10813349609375
2 0.8942306640625 0.11293544921875 0.8940166015625 0.1160720703125 0.8811669921875 0.116698828125 0.881564453125 0.10155615234375 0.892532421875 0.10117607421875 0.89166484375 0.10813349609375 0.8942306640625 0.11293544921875
2 0.6730447265625 0.31111748046875 0.68349765625 0.3008423828125 0.68846982421875 0.30501357421875 0.71194912109375 0.27963974609375 0.7277974609375 0.29474736328125 0.69548935546875 0.33155283203125 0.6730447265625 0.31111748046875
4 0.7122296875 0.243826171875 0.72601708984375 0.24846884765625 0.7232033203125 0.2556439453125 0.70983798828125 0.2511419921875 0.7122296875 0.243826171875
0 0.201371875 0.37584267578125 0.21268828125 0.3747123046875 0.21299375 0.3709416015625 0.2241263671875 0.36896650390625 0.2235876953125 0.36627314453125 0.23454072265625 0.3650162109375 0.2381318359375 0.3704029296875 0.23885009765625 0.382612890625 0.2413638671875 0.38279248046875 0.2429798828125 0.3942841796875 0.24100478515625 0.3953615234375 0.24262080078125 0.40793056640625 0.23202685546875 0.41008525390625 0.2311291015625 0.40631455078125 0.20688876953125 0.4099056640625 0.203836328125 0.4093669921875 0.202758984375 0.398773046875 0.19808369140625 0.38884970703125 0.20114296875 0.382612890625 0.201371875 0.37584267578125
0 0.0204521484375 0.4335572265625 0.02265673828125 0.42606142578125 0.0564982421875 0.418124609375 0.0665294921875 0.45439130859375 0.04139638671875 0.4610052734375 0.0390814453125 0.45119453125 0.03235517578125 0.4486912109375 0.03667060546875 0.44487763671875 0.0316287109375 0.44294052734375 0.03541240234375 0.43938427734375 0.02596376953125 0.4413837890625 0.0204521484375 0.4335572265625
0 0.07148125 0.49585693359375 0.0774337890625 0.4951955078125 0.08239423828125 0.5288166015625 0.05236630859375 0.53433662109375 0.04536435546875 0.52616259765625 0.05073232421875 0.5179732421875 0.05071064453125 0.514904296875 0.04871279296875 0.51356845703125 0.048715625 0.5110578125 0.0515357421875 0.51028134765625 0.0515212890625 0.50836416015625 0.04816396484375 0.50751533203125 0.04797783203125 0.5043 0.05119833984375 0.5030220703125 0.05118896484375 0.49946083984375 0.07148125 0.49585693359375
0 0.1327150390625 0.44014443359375 0.1412880859375 0.43782744140625 0.14398818359375 0.44226953125 0.14666650390625 0.45381123046875 0.13610927734375 0.4569751953125 0.13435322265625 0.45104765625 0.1313943359375 0.44435625 0.1327150390625 0.44014443359375
0 0.1365263671875 0.4642431640625 0.1514078125 0.45994404296875 0.1536125 0.4709673828125 0.13972314453125 0.474715234375 0.1365263671875 0.4642431640625
0 0.07023798828125 0.2964880859375 0.0785177734375 0.3178576171875 0.05955751953125 0.325465234375 0.0623939453125 0.33270419921875 0.04480009765625 0.34061640625 0.041253125 0.3314796875 0.0324962890625 0.32131259765625 0.03400048828125 0.3106537109375 0.03317353515625 0.30730703125 0.03763837890625 0.3038544921875 0.04928076171875 0.30123466796875 0.05000673828125 0.302908984375 0.07023798828125 0.2964880859375
0 -0.0 0.7188421875 -0.0 0.692540234375 0.00372568359375 0.6890677734375 0.01689638671875 0.70200546875 -0.0 0.7188421875
0 0.0294953125 0.7116412109375 0.04323720703125 0.72486748046875 0.0302931640625 0.73894765625 0.01650947265625 0.725919921875 0.0294953125 0.7116412109375
0 0.175008984375 0.7430974609375 0.186471875 0.73588779296875 0.189975 0.7407037109375 0.19537197265625 0.73704580078125 0.2026185546875 0.7472142578125 0.18622724609375 0.75889130859375 0.175008984375 0.7430974609375
0 0.22051787109375 0.75409375 0.2290685546875 0.76661748046875 0.22621826171875 0.76938134765625 0.243146875 0.79382412109375 0.2363236328125 0.798747265625 0.23813740234375 0.80177021484375 0.2226771484375 0.81248017578125 0.2212087890625 0.8103208984375 0.20618037109375 0.82137626953125 0.19581591796875 0.81057998046875 0.1926833984375 0.80031201171875 0.21643525390625 0.78329697265625 0.2106484375 0.77353720703125 0.20693447265625 0.77051416015625 0.208530078125 0.76284091796875 0.22051787109375 0.75409375
0 0.0999333984375 0.83747890625 0.1150583984375 0.83243720703125 0.12216259765625 0.85466630859375 0.106579296875 0.86016630859375 0.0999333984375 0.83747890625
0 0.1529341796875 0.84754248046875 0.17106953125 0.835512109375 0.17950869140625 0.84951767578125 0.18166337890625 0.84844033203125 0.18489541015625 0.85454521484375 0.16442587890625 0.8665755859375 0.1529341796875 0.84754248046875
0 0.188437109375 0.86789453125 0.1946625 0.87614736328125 0.160473828125 0.89776025390625 0.1549802734375 0.888177734375 0.188437109375 0.86789453125
0 0.09685380859375 0.90584189453125 0.1088900390625 0.896687890625 0.12481298828125 0.91507802734375 0.11612802734375 0.92272451171875 0.11786435546875 0.92524794921875 0.0989890625 0.94134697265625 0.09704609375 0.939591015625 0.08851220703125 0.946682421875 0.0778359375 0.9375822265625 0.07531240234375 0.92970009765625 0.08876689453125 0.9190203125 0.08784970703125 0.9173783203125 0.09263310546875 0.91400185546875 0.09389931640625 0.9156900390625 0.10051162109375 0.91146943359375 0.09685380859375 0.90584189453125
0 -0.0 0.94881201171875 0.00893935546875 0.94381572265625 0.019191015625 0.96288603515625 -0.0 0.9730373046875 -0.0 0.94881201171875
0 0.24984970703125 0.971083203125 0.27994326171875 0.94958779296875 0.29306103515625 0.96887861328125 0.28446279296875 0.9741697265625 0.29416328125 0.98717724609375 0.28192744140625 0.99610615234375 0.27288837890625 0.98353955078125 0.26219580078125 0.99059443359375 0.2524953125 0.9814451171875 0.24984970703125 0.971083203125
0 0.31608046875 0.9990109375 0.31309423828125 0.98980341796875 0.32345615234375 0.98605556640625 0.3288841796875 0.9990111328125 0.31608046875 0.9990109375
0 0.57874130859375 0.88017138671875 0.5967494140625 0.86736875 0.60673828125 0.88101552734375 0.5880267578125 0.89409951171875 0.57874130859375 0.88017138671875
0 0.5501306640625 0.81845732421875 0.56445927734375 0.80794638671875 0.56359482421875 0.8060912109375 0.5713185546875 0.80086064453125 0.5751595703125 0.8068275390625 0.58334892578125 0.80139931640625 0.582498046875 0.79978330078125 0.5874787109375 0.79619208984375 0.58862373046875 0.7974283203125 0.59277978515625 0.793831640625 0.5901720703125 0.7893689453125 0.5944814453125 0.785777734375 0.5928654296875 0.7829048828125 0.6004068359375 0.777158984375 0.6179794921875 0.80171025390625 0.5974802734375 0.8166228515625 0.599688671875 0.82061201171875 0.58531591796875 0.8308052734375 0.58298974609375 0.82743515625 0.565033984375 0.8385677734375 0.5501306640625 0.81845732421875
0 0.60264736328125 0.82145234375 0.6193892578125 0.823140625 0.618123046875 0.8339736328125 0.6012404296875 0.83214462890625 0.60264736328125 0.82145234375
2 0.96577578125 0.67976494140625 0.9710669921875 0.68318212890625 0.96809072265625 0.68792216796875 0.9626892578125 0.6843947265625 0.96577578125 0.67976494140625
