1 0.12581640625 0.0661095703125 0.13638759765625 0.06778544921875 0.134840625 0.0792591796875 0.1256875 0.07771220703125 0.1241404296875 0.076809765625 0.12581640625 0.0661095703125
0 0.17510712890625 0.00459951171875 0.1850337890625 0.00292353515625 0.18580732421875 0.0039548828125 0.187354296875 0.00962734375 0.18670966796875 0.01104541015625 0.17755654296875 0.01297919921875 0.1762673828125 0.0119478515625 0.17433359375 0.00627548828125 0.17510712890625 0.00459951171875
0 0.24526748046875 3.125e-06 0.2459744140625 0.0109876953125 0.24405517578125 0.01300791015625 0.23476220703125 0.01371494140625 0.232641015625 0.01240185546875 0.230722265625 3.02734375e-06 0.24526748046875 3.125e-06
1 0.3529099609375 3.7109375e-06 0.35471396484375 0.00790908203125 0.35316689453125 0.00971396484375 0.33563408203125 0.01113203125 0.333829296875 0.01022958984375 0.33215390625 3.61328125e-06 0.3529099609375 3.7109375e-06
0 0.21782490234375 0.030691796875 0.223497265625 0.02708212890625 0.22633349609375 0.02940263671875 0.23136123046875 0.0285001953125 0.23613125 0.0526078125 0.2296853515625 0.0545416015625 0.22027431640625 0.0537681640625 0.21782490234375 0.030691796875
1 0.282533984375 0.0441591796875 0.28975341796875 0.03926025390625 0.29619921875 0.0399048828125 0.2974884765625 0.041838671875 0.2983908203125 0.05524609375 0.29658603515625 0.05859794921875 0.28537021484375 0.059371484375 0.282662890625 0.0571798828125 0.282533984375 0.0441591796875
2 0.69129326171875 0.07733212890625 0.71061259765625 0.07229228515625 0.7146025390625 0.0777521484375 0.71649248046875 0.08615185546875 0.71544248046875 0.088041796875 0.70662275390625 0.09098173828125 0.70263291015625 0.09140166015625 0.6994830078125 0.09140166015625 0.69528310546875 0.09161171875 0.69381318359375 0.0893017578125 0.69129326171875 0.07733212890625
0 0.8040068359375 0.10624765625 0.8125626953125 0.10410869140625 0.8140435546875 0.1050958984375 0.81535986328125 0.1097029296875 0.81470166015625 0.1207267578125 0.81305634765625 0.122701171875 0.80186796875 0.1253337890625 0.79907080078125 0.12418203125 0.79939990234375 0.10888017578125 0.8007162109375 0.10723486328125 0.8040068359375 0.10624765625
1 0.94083037109375 0.11610029296875 0.93978046875 0.147179296875 0.9334806640625 0.1473892578125 0.93054072265625 0.1484392578125 0.9236109375 0.147179296875 0.92151103515625 0.14927919921875 0.912061328125 0.14969921875 0.91017138671875 0.147179296875 0.9108013671875 0.14423935546875 0.91311123046875 0.14297939453125 0.91269130859375 0.13058984375 0.9093314453125 0.12995986328125 0.908071484375 0.128069921875 0.90849140625 0.12135009765625 0.90954140625 0.12009013671875 0.9208810546875 0.12030009765625 0.92151103515625 0.117990234375 0.92403095703125 0.1154703125 0.93201064453125 0.1156802734375 0.93411064453125 0.1146302734375 0.9399904296875 0.11505029296875 0.94083037109375 0.11610029296875
1 0.88216796875 0.3710939453125 0.8894076171875 0.36944853515625 0.89088837890625 0.37092939453125 0.8941791015625 0.38491484375 0.89352099609375 0.386395703125 0.8856232421875 0.3883701171875 0.8833197265625 0.38656025390625 0.87953544921875 0.3727392578125 0.88052265625 0.37175205078125 0.88216796875 0.3710939453125
0 0.9301978515625 0.36567470703125 0.93329189453125 0.37418330078125 0.933033984375 0.3753435546875 0.91975546875 0.38140263671875 0.91820849609375 0.38101591796875 0.91640361328125 0.37714833984375 0.9169193359375 0.3756013671875 0.915243359375 0.37250732421875 0.91601689453125 0.3712181640625 0.9219470703125 0.36889765625 0.9218181640625 0.3673505859375 0.9219470703125 0.3667060546875 0.92929541015625 0.36412763671875 0.9301978515625 0.36567470703125
1 0.97361015625 0.3921322265625 0.97515712890625 0.3965154296875 0.97502822265625 0.39832021484375 0.96832451171875 0.4012853515625 0.96252314453125 0.403348046875 0.9589134765625 0.40463720703125 0.95775322265625 0.40425048828125 0.95504599609375 0.3966443359375 0.95543271484375 0.39548408203125 0.9720630859375 0.38968271484375 0.9729541015625 0.39058515625 0.97361015625 0.3921322265625
1 0.932325 0.60384140625 0.93169501953125 0.6126611328125 0.934844921875 0.61287109375 0.9350548828125 0.62295078125 0.92539521484375 0.6227408203125 0.92413525390625 0.6317705078125 0.91909541015625 0.63009052734375 0.91699541015625 0.626940625 0.90922568359375 0.625470703125 0.90649580078125 0.62106083984375 0.90523583984375 0.61854091796875 0.9033458984375 0.612451171875 0.90502578125 0.6036314453125 0.90691572265625 0.60216142578125 0.91279560546875 0.602371484375 0.91300556640625 0.60048154296875 0.93211494140625 0.602371484375 0.932325 0.60384140625
1 0.85265 0.70423466796875 0.85291796875 0.71281103515625 0.850237890625 0.7138830078125 0.82611689453125 0.7114708984375 0.8242408203125 0.70905888671875 0.8242408203125 0.7026265625 0.820488671875 0.70235859375 0.81994423828125 0.70069599609375 0.8192861328125 0.68934306640625 0.82076689453125 0.687533203125 0.83524609375 0.687533203125 0.83705595703125 0.689178515625 0.83689140625 0.69855703125 0.8372205078125 0.70003779296875 0.85153505859375 0.7013541015625 0.8521931640625 0.70267041015625 0.85265 0.70423466796875
1 0.77673603515625 0.63100849609375 0.7958220703125 0.62903408203125 0.7981255859375 0.6548662109375 0.782001171875 0.655359765625 0.7777232421875 0.65552431640625 0.77673603515625 0.63100849609375
1 0.64327138671875 0.660991015625 0.64014521484375 0.660991015625 0.6391580078125 0.65408056640625 0.635702734375 0.65457412109375 0.63438642578125 0.64322119140625 0.643600390625 0.6419048828125 0.642777734375 0.63647529296875 0.6510044921875 0.635981640625 0.6518271484375 0.64042412109375 0.6580794921875 0.6402595703125 0.66054755859375 0.6573712890625 0.659066796875 0.6590166015625 0.64327138671875 0.660991015625
1 0.75515771484375 0.20851181640625 0.7570337890625 0.21333603515625 0.75569375 0.21923232421875 0.7506015625 0.22218037109375 0.74229326171875 0.22298447265625 0.7366650390625 0.22191240234375 0.7318408203125 0.21092392578125 0.7342529296875 0.20931591796875 0.75515771484375 0.20851181640625
0 0.534490625 0.9692556640625 0.53350341796875 0.9760015625 0.531364453125 0.9794568359375 0.52840283203125 0.98044404296875 0.49483759765625 0.98126669921875 0.4935212890625 0.97962138671875 0.49319228515625 0.97303994140625 0.487598046875 0.9740271484375 0.4816748046875 0.9740271484375 0.48118115234375 0.96514228515625 0.4828265625 0.96283876953125 0.4899015625 0.96333232421875 0.49516669921875 0.96415498046875 0.5290609375 0.9661294921875 0.533832421875 0.96678759765625 0.534490625 0.9692556640625
1 0.5709087890625 0.99900390625 0.5740505859375 0.987366015625 0.5749529296875 0.987366015625 0.5872001953125 0.99046005859375 0.58913388671875 0.99123359375 0.589038671875 0.99300673828125 0.5885126953125 0.99900390625 0.5709087890625 0.99900390625
1 0.5918375 0.99900390625 0.5944845703125 0.98595615234375 0.5947220703125 0.9850064453125 0.6056439453125 0.98706416015625 0.60323330078125 0.99900390625 0.5918375 0.99900390625
0 0.63330791015625 0.93682861328125 0.6311689453125 0.9363349609375 0.63182705078125 0.92004599609375 0.64153466796875 0.9198814453125 0.6413701171875 0.92827275390625 0.64712880859375 0.9292599609375 0.64696435546875 0.93649951171875 0.6467998046875 0.93732216796875 0.63330791015625 0.93682861328125
1 0.67906826171875 0.88790751953125 0.6815177734375 0.90337763671875 0.680099609375 0.905053515625 0.6639849609375 0.9072451171875 0.662051171875 0.90608486328125 0.65857041015625 0.88275078125 0.6602462890625 0.8808169921875 0.670817578125 0.87965673828125 0.671204296875 0.8804302734375 0.6732669921875 0.88623154296875 0.67842373046875 0.88610263671875 0.67906826171875 0.88790751953125
1 0.672772265625 0.95175341796875 0.673594921875 0.97166220703125 0.67326591796875 0.9741302734375 0.6622419921875 0.97561103515625 0.65467333984375 0.97363662109375 0.65302802734375 0.97149765625 0.65302802734375 0.96425810546875 0.65417978515625 0.962941796875 0.6543443359375 0.955866796875 0.661090234375 0.9555376953125 0.6617484375 0.95142431640625 0.66257109375 0.95125986328125 0.672772265625 0.95175341796875
1 0.68994248046875 0.94087705078125 0.6964046875 0.940458984375 0.69795166015625 0.93285283203125 0.70568681640625 0.92627802734375 0.709683203125 0.92756728515625 0.71019892578125 0.93865419921875 0.71316396484375 0.94110361328125 0.709296484375 0.97823193359375 0.700530078125 0.97874755859375 0.69717822265625 0.97423544921875 0.69692041015625 0.96933662109375 0.69529609375 0.9627962890625 0.68994248046875 0.96269521484375 0.68933642578125 0.961180078125 0.68852841796875 0.95794775390625 0.68873037109375 0.9523921875 0.68994248046875 0.94087705078125
1 0.7671892578125 0.9397662109375 0.76461083984375 0.9616822265625 0.761001171875 0.96413173828125 0.7548130859375 0.96426064453125 0.74862509765625 0.96052197265625 0.74875400390625 0.9526580078125 0.752105859375 0.937574609375 0.7545552734375 0.93654326171875 0.7671892578125 0.9397662109375
0 0.79183681640625 0.95437509765625 0.79042265625 0.96195087890625 0.789210546875 0.9628599609375 0.7712306640625 0.95881953125 0.770624609375 0.95679931640625 0.7717357421875 0.9494255859375 0.77345283203125 0.9477083984375 0.79153369140625 0.9513447265625 0.79213984375 0.9530619140625 0.79183681640625 0.95437509765625
1 0.7870193359375 0.9990029296875 0.7874583984375 0.99032763671875 0.78881884765625 0.98891865234375 0.80188896484375 0.99032763671875 0.8026177734375 0.9912994140625 0.801566015625 0.99900283203125 0.7870193359375 0.9990029296875
1 0.81245146484375 0.956858203125 0.8245697265625 0.9594365234375 0.8248275390625 0.9613703125 0.82353837890625 0.96897646484375 0.82134677734375 0.96987880859375 0.8075525390625 0.966526953125 0.8069080078125 0.96523779296875 0.80858388671875 0.957244921875 0.809744140625 0.95634248046875 0.81245146484375 0.956858203125
0 0.82540390625 0.9273912109375 0.8255048828125 0.935876171875 0.82449482421875 0.93678525390625 0.81287861328125 0.9364822265625 0.811464453125 0.93557314453125 0.81186845703125 0.9261791015625 0.81297958984375 0.92527001953125 0.82469677734375 0.9257361328125 0.82540390625 0.9273912109375
4 0.7938693359375 0.92697373046875 0.793768359375 0.9304080078125 0.79306123046875 0.9314181640625 0.78841474609375 0.93121611328125 0.78780869140625 0.93050908203125 0.7880107421875 0.9267716796875 0.789121875 0.9255595703125 0.79346533203125 0.92606455078125 0.7938693359375 0.92697373046875
0 0.8665857421875 0.94305283203125 0.8793486328125 0.94047451171875 0.88025107421875 0.941119140625 0.8841185546875 0.95555791015625 0.8837318359375 0.9572337890625 0.864394140625 0.9617458984375 0.8624603515625 0.9613591796875 0.85923740234375 0.94653369140625 0.85962421875 0.94472880859375 0.8665857421875 0.94305283203125
1 0.93063056640625 0.9698482421875 0.93573115234375 0.98218837890625 0.93490849609375 0.98383369140625 0.9158224609375 0.99189599609375 0.91368349609375 0.99156689453125 0.90792470703125 0.9777458984375 0.90907646484375 0.9752779296875 0.92865615234375 0.96820283203125 0.93063056640625 0.9698482421875
1 0.9990861328125 0.99245712890625 0.99800224609375 0.99252705078125 0.994650390625 0.990980078125 0.99168525390625 0.98066669921875 0.9879466796875 0.98105341796875 0.98549716796875 0.973318359375 0.985883984375 0.9707400390625 0.99908623046875 0.96772568359375 0.9990861328125 0.99245712890625
1 0.99908623046875 0.96499169921875 0.982806640625 0.96670537109375 0.98099677734375 0.96604716796875 0.97474443359375 0.93248203125 0.97490888671875 0.93165927734375 0.99119794921875 0.92968486328125 0.99119794921875 0.92705234375 0.997779296875 0.9262296875 0.99794384765625 0.92803955078125 0.99908623046875 0.92794814453125 0.99908623046875 0.96499169921875
1 0.9147212890625 0.866922265625 0.92000693359375 0.88381044921875 0.9191044921875 0.884712890625 0.91291650390625 0.88729130859375 0.91175625 0.8869044921875 0.9056970703125 0.8696294921875 0.90634169921875 0.8687271484375 0.9139478515625 0.86640654296875 0.9147212890625 0.866922265625
1 0.7741759765625 0.8530009765625 0.77959052734375 0.85171171875 0.78049296875 0.85274306640625 0.78178212890625 0.85467685546875 0.785262890625 0.8662794921875 0.78461826171875 0.8683421875 0.77752783203125 0.8705337890625 0.77559404296875 0.8705337890625 0.7745626953125 0.8669240234375 0.77121083984375 0.86756865234375 0.7700505859375 0.86305654296875 0.77288681640625 0.8617673828125 0.77069521484375 0.85467685546875 0.77108193359375 0.8536455078125 0.7741759765625 0.8530009765625
1 0.747975390625 0.8763107421875 0.7506080078125 0.8845375 0.74929169921875 0.8865119140625 0.7405712890625 0.888321875 0.7397486328125 0.8856892578125 0.7357998046875 0.8856892578125 0.734648046875 0.8848666015625 0.733002734375 0.87910791015625 0.73415439453125 0.87762705078125 0.746330078125 0.87499453125 0.747975390625 0.8763107421875
1 0.73929619140625 0.875296484375 0.73737705078125 0.87438740234375 0.73262958984375 0.8519630859375 0.73404365234375 0.85095302734375 0.73970029296875 0.84984189453125 0.7419224609375 0.85115498046875 0.746973046875 0.87135712890625 0.74606396484375 0.873579296875 0.73929619140625 0.875296484375
1 0.8412876953125 0.84221376953125 0.852828515625 0.84205263671875 0.85373759765625 0.84720419921875 0.85333359375 0.856901171875 0.85030322265625 0.8582142578125 0.8500001953125 0.8622546875 0.847676953125 0.86316376953125 0.84838408203125 0.86720419921875 0.84626279296875 0.86821435546875 0.8429294921875 0.8702345703125 0.84080830078125 0.86467900390625 0.840101171875 0.86366884765625 0.84060625 0.86124462890625 0.84080830078125 0.8587193359375 0.84313154296875 0.85619404296875 0.84255400390625 0.85281904296875 0.84160419921875 0.85068212890625 0.8412876953125 0.84221376953125
