0 0.75362685546875 0.55558662109375 0.931220703125 0.47964130859375 0.99962939453125 0.64410751953125 0.999629296875 0.7231865234375 0.9247810546875 0.75782705078125 0.9344166015625 0.7795845703125 0.87411708984375 0.8069369140625 0.8647923828125 0.80320703125 0.75362685546875 0.55558662109375
0 0.99962890625 0.92327587890625 0.98695048828125 0.92957919921875 0.97950859375 0.91393212890625 0.9627166015625 0.92156484375 0.95565634765625 0.9043912109375 0.97130341796875 0.89714013671875 0.96748701171875 0.88683603515625 0.9762646484375 0.88321044921875 0.96786865234375 0.86279296875 0.99962900390625 0.848646875 0.99962890625 0.92327587890625
0 0.35262490234375 0.90248818359375 0.3617669921875 0.89851455078125 0.37309033203125 0.89559951171875 0.383696484375 0.929103125 0.36243525390625 0.93593525390625 0.36085517578125 0.9338908203125 0.35262490234375 0.90248818359375
0 0.27369189453125 0.8619302734375 0.2883611328125 0.9081564453125 0.26958974609375 0.9147875 0.25516572265625 0.86784560546875 0.27369189453125 0.8619302734375
0 0.25456572265625 0.656237890625 0.27418125 0.64949130859375 0.2752478515625 0.6527033203125 0.2766025390625 0.6527033203125 0.28369580078125 0.6746849609375 0.28854990234375 0.67408857421875 0.29147236328125 0.68236884765625 0.28624599609375 0.68456337890625 0.292446484375 0.70623544921875 0.27296357421875 0.713298046875 0.25456572265625 0.656237890625
0 0.325462109375 0.715831640625 0.34702451171875 0.70724482421875 0.34816943359375 0.7102978515625 0.351794921875 0.7091529296875 0.3542755859375 0.71735810546875 0.34988671875 0.71888466796875 0.35141328125 0.72403671875 0.34320810546875 0.7272806640625 0.34454384765625 0.73166943359375 0.3298951171875 0.73672177734375 0.32419765625 0.72336923828125 0.32660703125 0.72174697265625 0.325462109375 0.715831640625
0 0.41795703125 0.46047373046875 0.45667939453125 0.447809765625 0.46179375 0.448296875 0.472022265625 0.4780083984375 0.4374400390625 0.4896982421875 0.42794208984375 0.48750634765625 0.41795703125 0.46047373046875
0 0.91952265625 0.0615072265625 0.950412109375 0.08132763671875 0.94040263671875 0.09496552734375 0.92283291015625 0.08309716796875 0.9270515625 0.07670517578125 0.914153515625 0.06804130859375 0.91952265625 0.0615072265625
0 0.951287890625 0.05473212890625 0.9811599609375 0.07441259765625 0.97049970703125 0.0883529296875 0.9581994140625 0.080152734375 0.9625337890625 0.0740611328125 0.94554775390625 0.062698046875 0.951287890625 0.05473212890625
0 0.99962880859375 0.0662529296875 0.9703826171875 0.05098349609375 0.97483408203125 0.0434861328125 0.981628515625 0.0470005859375 0.98490859375 0.04184609375 0.99416318359375 0.04653193359375 0.99146875 0.0513349609375 0.99962880859375 0.0555927734375 0.99962880859375 0.0662529296875
0 0.99962880859375 0.9456734375 0.99908173828125 0.9457275390625 0.99791943359375 0.94549130859375 0.99670263671875 0.9451828125 0.99581337890625 0.9447109375 0.995178125 0.94409345703125 0.99468759765625 0.94353017578125 0.99410654296875 0.94251376953125 0.9939072265625 0.94127919921875 0.99381640625 0.94009912109375 0.99381640625 0.93910048828125 0.993961328125 0.9380658203125 0.9942703125 0.93719404296875 0.994905859375 0.93637705078125 0.9958138671875 0.935795703125 0.99697548828125 0.93546923828125 0.99796962890625 0.93531318359375 0.99906064453125 0.9352404296875 0.99962880859375 0.93532392578125 0.99962880859375 0.9456734375
0 0.4905275390625 0.5833291015625 0.4966462890625 0.57992978515625 0.50185849609375 0.57766357421875 0.51092333984375 0.5772103515625 0.517614453125 0.5982859375 0.497326171875 0.60531123046875 0.4905275390625 0.5833291015625
1 0.00062607421875 0.2822044921875 0.00601669921875 0.2950150390625 0.00062607421875 0.29742021484375 0.00062607421875 0.2822044921875
1 0.0641189453125 0.22307900390625 0.08686787109375 0.21447119140625 0.09172158203125 0.22877412109375 0.06965244140625 0.23691279296875 0.06596337890625 0.2298421875 0.0641189453125 0.22307900390625
0 0.9495548828125 5.6640625e-06 0.94972099609375 0.000920703125 0.930509375 0.0062666015625 0.92750234375 0.003927734375 0.92550087890625 6.25e-06 0.9495548828125 5.6640625e-06
0 0.9719951171875 5.17578125e-06 0.97249287109375 0.000751953125 0.96246943359375 0.00258955078125 0.96096904296875 5.37109375e-06 0.9719951171875 5.17578125e-06
0 0.923734765625 0.1114248046875 0.926741796875 0.11927646484375 0.924737109375 0.11977763671875 0.9245701171875 0.122617578125 0.916718359375 0.1254576171875 0.9115396484375 0.12027880859375 0.910234375 0.11623046875 0.923046875 0.10947265625 0.923734765625 0.1114248046875
0 0.922880859375 0.10900390625 0.910078125 0.115751953125 0.90519150390625 0.10056611328125 0.91838896484375 0.09622265625 0.922880859375 0.10900390625
