3 0.4627220703125 0.02801884765625 0.472207421875 0.03043037109375 0.46931357421875 0.04377412109375 0.45966748046875 0.04168408203125 0.4627220703125 0.02801884765625
3 0.47229208984375 0.0748166015625 0.47952666015625 0.07787119140625 0.47559384765625 0.08832373046875 0.46846953125 0.08530498046875 0.47229208984375 0.0748166015625
3 0.57714140625 0.018179296875 0.58626689453125 0.033956640625 0.57469169921875 0.0409970703125 0.5655828125 0.02512890625 0.57714140625 0.018179296875
3 0.60971240234375 0.09634814453125 0.618496484375 0.1012830078125 0.6151408203125 0.10681015625 0.60645537109375 0.1012830078125 0.60971240234375 0.09634814453125
3 0.6140654296875 0.13342353515625 0.62178232421875 0.14162265625 0.6140654296875 0.1488572265625 0.606509375 0.1403365234375 0.6140654296875 0.13342353515625
2 0.63187724609375 0.5994421875 0.6357357421875 0.58786689453125 0.64891865234375 0.59268994140625 0.645542578125 0.60474755859375 0.63187724609375 0.5994421875
3 0.55946748046875 0.5646046875 0.56445126953125 0.56910625 0.55962822265625 0.57457236328125 0.5551267578125 0.57007080078125 0.55946748046875 0.5646046875
1 0.56300439453125 0.55270791015625 0.56927431640625 0.54659873046875 0.57763427734375 0.5557625 0.57099833984375 0.561837890625 0.56300439453125 0.55270791015625
3 0.510415234375 0.58801005859375 0.5241626953125 0.58842041015625 0.52334189453125 0.6036041015625 0.5091841796875 0.60319375 0.510415234375 0.58801005859375
1 0.8809328125 0.4020744140625 0.88854111328125 0.39922568359375 0.8918310546875 0.40891796875 0.882205859375 0.41268974609375 0.88106953125 0.40892080078125 0.8829390625 0.4081314453125 0.8809328125 0.4020744140625
2 0.95146376953125 0.37647109375 0.9613126953125 0.37708662109375 0.96110751953125 0.3879615234375 0.95064306640625 0.38775625 0.95146376953125 0.37647109375
2 0.96775419921875 0.3835173828125 0.97386337890625 0.38914423828125 0.97154033203125 0.39311650390625 0.9770787109375 0.398147265625 0.97161259765625 0.4039349609375 0.9597158203125 0.39187734375 0.96775419921875 0.3835173828125
1 0.79423154296875 0.40846025390625 0.80358447265625 0.4092029296875 0.80329873046875 0.42071201171875 0.79382880859375 0.420216015625 0.79423154296875 0.40846025390625
1 0.86105537109375 0.49943603515625 0.86885234375 0.50518115234375 0.863380078125 0.5136658203125 0.85510498046875 0.508258984375 0.86105537109375 0.49943603515625
1 0.910437109375 0.594040625 0.92038828125 0.57675693359375 0.93898134765625 0.58723193359375 0.92905078125 0.60362666015625 0.910437109375 0.594040625
1 0.64060419921875 0.34364873046875 0.6226884765625 0.34364873046875 0.6226884765625 0.3312783203125 0.64034501953125 0.33146171875 0.64060419921875 0.34364873046875
4 0.9990296875 0.41459326171875 0.984812109375 0.400898046875 0.99280693359375 0.38915478515625 0.9990296875 0.393490625 0.9990296875 0.41459326171875
2 0.96773935546875 0.3592919921875 0.97483935546875 0.36340546875 0.97399404296875 0.365433984375 0.978445703125 0.36780068359375 0.97421953125 0.380535546875 0.97974169921875 0.38459267578125 0.9760162109375 0.39165126953125 0.97352734375 0.3898201171875 0.97386337890625 0.38914423828125 0.96775419921875 0.3835173828125 0.96457548828125 0.38682529296875 0.96129423828125 0.3843421875 0.96143388671875 0.37612392578125 0.96773935546875 0.3592919921875
1 0.9571912109375 0.61121015625 0.96285673828125 0.59440478515625 0.97686513671875 0.59805908203125 0.9729255859375 0.61113125 0.9571912109375 0.61121015625
3 0.56297021484375 0.01693955078125 0.56849580078125 0.013408203125 0.5737720703125 0.020180078125 0.56837109375 0.02350380859375 0.56297021484375 0.01693955078125
