2 0.7244884765625 0.68574169921875 0.734792578125 0.6813529296875 0.7399447265625 0.6929927734375 0.72773232421875 0.69776318359375 0.7244884765625 0.68574169921875
2 0.72605400390625 0.6149578125 0.73741689453125 0.61391123046875 0.73831396484375 0.63200205078125 0.7268015625 0.63230107421875 0.72605400390625 0.6149578125
3 0.78110751953125 0.61325166015625 0.784247265625 0.60532763671875 0.79830126953125 0.610560546875 0.79351689453125 0.61983017578125 0.78110751953125 0.61325166015625
1 0.93183701171875 0.54584541015625 0.94723662109375 0.5406125 0.9503763671875 0.55003173828125 0.9343787109375 0.55526455078125 0.93183701171875 0.54584541015625
1 0.853621875 0.5299134765625 0.85877333984375 0.52135732421875 0.86898740234375 0.52691005859375 0.86378857421875 0.53694052734375 0.853621875 0.5299134765625
1 0.856601171875 0.48669833984375 0.85568330078125 0.48614755859375 0.85035966796875 0.47981435546875 0.856233984375 0.4737564453125 0.86256728515625 0.48109931640625 0.856601171875 0.48669833984375
4 0.97236787109375 0.45782197265625 0.97971083984375 0.45745478515625 0.9802615234375 0.46617451171875 0.971541796875 0.46635810546875 0.971725390625 0.45763837890625 0.97236787109375 0.45782197265625
4 0.95603505859375 0.44970634765625 0.956355078125 0.439910546875 0.97241767578125 0.44073662109375 0.97113271484375 0.45487177734375 0.96580908203125 0.4552388671875 0.96590087890625 0.45037421875 0.96415693359375 0.450098828125 0.95603505859375 0.44970634765625
3 0.909042578125 0.391003125 0.90803291015625 0.390544140625 0.90803291015625 0.37751044921875 0.92721630859375 0.37732685546875 0.92739990234375 0.391003125 0.909042578125 0.391003125
3 0.783175390625 0.44118662109375 0.77726005859375 0.436225390625 0.78298466796875 0.42782939453125 0.78012236328125 0.42496708984375 0.784701953125 0.420769140625 0.79557861328125 0.430119140625 0.783175390625 0.44118662109375
1 0.7333951171875 0.4470818359375 0.724627734375 0.4395322265625 0.7355869140625 0.42394580078125 0.74484130859375 0.43076484375 0.7333951171875 0.4470818359375
1 0.661294140625 0.46017119140625 0.660098046875 0.4600216796875 0.6532205078125 0.4558353515625 0.65845341796875 0.446715234375 0.66697548828125 0.45120048828125 0.661294140625 0.46017119140625
4 0.61259912109375 0.55094775390625 0.603821484375 0.5452232421875 0.60801953125 0.53568232421875 0.61393486328125 0.53892626953125 0.61278994140625 0.54064365234375 0.61756044921875 0.5440783203125 0.61259912109375 0.55094775390625
2 0.589705859375 0.4375787109375 0.5822302734375 0.42875751953125 0.5882107421875 0.4250197265625 0.5904533203125 0.42756142578125 0.5952376953125 0.42412265625 0.6000220703125 0.430103125 0.589705859375 0.4375787109375
1 0.94608125 0.227750390625 0.96271591796875 0.227750390625 0.96107587890625 0.24098779296875 0.94690126953125 0.240753515625 0.9467841796875 0.23665341796875 0.945144140625 0.23606767578125 0.94608125 0.227750390625
2 0.9189138671875 0.24596533203125 0.9173873046875 0.23203564453125 0.9328435546875 0.23069990234375 0.932652734375 0.24462958984375 0.9189138671875 0.24596533203125
1 0.8650966796875 0.2464353515625 0.854630859375 0.24000634765625 0.8621064453125 0.2243078125 0.8733197265625 0.22939111328125 0.8650966796875 0.2464353515625
1 0.8412064453125 0.249719140625 0.83281044921875 0.2472384765625 0.835291015625 0.2344537109375 0.84406865234375 0.23636181640625 0.8412064453125 0.249719140625
3 0.78921689453125 0.2348830078125 0.7848810546875 0.2242677734375 0.795197265625 0.22038046875 0.7996826171875 0.23069677734375 0.78921689453125 0.2348830078125
2 0.86998515625 0.03757099609375 0.8645697265625 0.02573046875 0.87549228515625 0.0208658203125 0.88063232421875 0.03270625 0.86998515625 0.03757099609375
4 0.69333984375 0.161240234375 0.68832490234375 0.16792373046875 0.679345703125 0.16212890625 0.68524990234375 0.1557296875 0.69333984375 0.161240234375
4 0.6579146484375 0.16435234375 0.656170703125 0.1655455078125 0.6487359375 0.16077265625 0.65341708984375 0.15425576171875 0.6608517578125 0.15829443359375 0.6579146484375 0.16435234375
2 0.624284765625 0.15290185546875 0.61491318359375 0.145990234375 0.621121875 0.1356814453125 0.63119638671875 0.14107021484375 0.624284765625 0.15290185546875
1 0.0718720703125 0.589034375 0.07163779296875 0.58962001953125 0.0533630859375 0.58305986328125 0.0600404296875 0.57052529296875 0.0767921875 0.57778837890625 0.0718720703125 0.589034375
3 0.04100244140625 0.46947578125 0.04339453125 0.46080419921875 0.06163486328125 0.463644921875 0.059990234375 0.4739611328125 0.04100244140625 0.46947578125
4 0.02511650390625 0.2541775390625 0.03190869140625 0.24811962890625 0.03870087890625 0.256105078125 0.03144970703125 0.262621875 0.02511650390625 0.2541775390625
1 0.02007958984375 0.243033984375 0.015628125 0.2333109375 0.02663974609375 0.22921083984375 0.03226279296875 0.24010537109375 0.02007958984375 0.243033984375
2 0.11352216796875 0.278526953125 0.1166619140625 0.2676126953125 0.13490224609375 0.2729951171875 0.13056640625 0.2860025390625 0.1130736328125 0.2800220703125 0.11352216796875 0.278526953125
1 0.1995775390625 0.25583720703125 0.20873681640625 0.24038095703125 0.2201859375 0.2483953125 0.21102666015625 0.2621341796875 0.20644697265625 0.2621341796875 0.1995775390625 0.25583720703125
1 0.20802333984375 0.143316015625 0.2075748046875 0.14406357421875 0.19082958984375 0.1347939453125 0.197108984375 0.12133798828125 0.21445224609375 0.13075712890625 0.20802333984375 0.143316015625
3 0.3177162109375 0.10570654296875 0.3056501953125 0.09750634765625 0.3120931640625 0.08930615234375 0.32439345703125 0.09586630859375 0.3177162109375 0.10570654296875
4 0.17111455078125 0.06130859375 0.1585556640625 0.054281640625 0.16543310546875 0.04261982421875 0.17709501953125 0.05054384765625 0.17111455078125 0.06130859375
3 0.02528154296875 0.06170205078125 0.01511484375 0.0551236328125 0.02139423828125 0.0446578125 0.031710546875 0.05138583984375 0.02528154296875 0.06170205078125
1 0.61516572265625 0.08631357421875 0.6178568359375 0.07480126953125 0.63026630859375 0.08212734375 0.624734375 0.0909484375 0.61516572265625 0.08631357421875
4 0.98871669921875 0.20138525390625 0.99390322265625 0.2119939453125 0.98730224609375 0.21623740234375 0.9823515625 0.2061001953125 0.98871669921875 0.20138525390625
1 0.813555859375 0.57622470703125 0.818978125 0.5653802734375 0.8347732421875 0.5726884765625 0.83005830078125 0.5809396484375 0.8279365234375 0.5891908203125 0.81449892578125 0.58518310546875 0.813084375 0.57881796875 0.813555859375 0.57622470703125
