1 0.1225806640625 9.27734375e-06 0.1216130859375 0.0543814453125 0.1057412109375 0.05651064453125 0.10341845703125 0.0448970703125 0.10187001953125 0.045090625 0.10109580078125 0.03889677734375 0.10399921875 0.0369611328125 0.10283779296875 0.02360556640625 0.0780623046875 0.02418623046875 0.07767509765625 0.036767578125 0.07864296875 0.0373482421875 0.0799978515625 0.0524458984375 0.06819072265625 0.0547685546875 0.06877138671875 0.0625109375 0.061996875 0.063672265625 0.06045341796875 0.03858125 0.0614416015625 0.0161009765625 0.0542775390625 0.0161009765625 0.0542775390625 8.10546875e-06 0.1225806640625 9.27734375e-06
1 0.28328583984375 1.1328125e-05 0.2830923828125 0.02092421875 0.2827052734375 0.0226662109375 0.28251171875 0.029247265625 0.2838666015625 0.04124794921875 0.27612421875 0.04879677734375 0.2656720703125 0.05111943359375 0.2645107421875 0.03234423828125 0.2668333984375 0.0275052734375 0.2676076171875 0.02402119140625 0.2668333984375 0.01782724609375 0.26373642578125 0.01685947265625 0.26276865234375 0.02556962890625 0.2561876953125 0.0271181640625 0.2501873046875 0.018988671875 0.2312185546875 0.0216984375 0.22792802734375 0.02015 0.22483271484375 1.064453125e-05 0.28328583984375 1.1328125e-05
1 0.5713224609375 1.220703125e-05 0.52531162109375 0.02659501953125 0.5108150390625 1.23046875e-05 0.5713224609375 1.220703125e-05
1 0.66374287109375 0.00601162109375 0.6908576171875 0.02429833984375 0.68108369140625 0.043530859375 0.6773001953125 0.04321552734375 0.6747779296875 0.04826015625 0.678561328125 0.0539353515625 0.65932880859375 0.0854640625 0.6527078125 0.082941796875 0.64608681640625 0.0867251953125 0.6284306640625 0.07569013671875 0.6309529296875 0.07316787109375 0.6249625 0.06969970703125 0.62086376953125 0.07222197265625 0.60951337890625 0.0621328125 0.60825224609375 0.0586646484375 0.61550390625 0.04826015625 0.6123509765625 0.0425849609375 0.61834150390625 0.03627919921875 0.6145580078125 0.0309193359375 0.6284306640625 0.01547021484375 0.63442109375 0.01893837890625 0.6378892578125 0.017992578125 0.64198798828125 0.017992578125 0.64387978515625 0.0167314453125 0.653023046875 0.0183078125 0.66122060546875 0.00601162109375 0.66374287109375 0.00601162109375
1 0.93146640625 8.30078125e-06 0.92784501953125 0.1872908203125 0.84454912109375 0.16556142578125 0.83207490234375 0.16998779296875 0.8256365234375 0.16274462890625 0.84012275390625 0.11526201171875 0.84897548828125 0.110433203125 0.8586330078125 0.0709984375 0.8835814453125 0.0709984375 0.885246484375 0.0666798828125 0.87767958984375 0.065733984375 0.87641845703125 0.05785185546875 0.86569873046875 0.058482421875 0.86601396484375 0.0433486328125 0.87515732421875 0.03388994140625 0.87389619140625 0.01654912109375 0.87641845703125 0.00835166015625 0.87988662109375 0.00772109375 0.8817783203125 0.02159375 0.88587705078125 0.02443134765625 0.914558203125 8.59375e-06 0.93146640625 8.30078125e-06
1 0.866565625 0.181165234375 0.917326953125 0.19787548828125 0.919533984375 0.220576171875 0.90503076171875 0.25368134765625 0.9025083984375 0.2659775390625 0.868457421875 0.2842642578125 0.866250390625 0.292146484375 0.83787451171875 0.30412734375 0.785221484375 0.2889935546875 0.7864826171875 0.26723876953125 0.8025623046875 0.21363984375 0.8649892578125 0.18085 0.866565625 0.181165234375
1 0.6221134765625 0.19819658203125 0.5893236328125 0.24580498046875 0.50261953125 0.223104296875 0.4896927734375 0.19693544921875 0.486224609375 0.1849544921875 0.470144921875 0.17486533203125 0.46699208984375 0.17045126953125 0.44050791015625 0.15878564453125 0.43262568359375 0.14932705078125 0.444606640625 0.1386072265625 0.46951435546875 0.12032060546875 0.62968037109375 0.16603720703125 0.6246357421875 0.185900390625 0.623374609375 0.19472841796875 0.6221134765625 0.19819658203125
1 0.5767619140625 0.32465869140625 0.56856435546875 0.35051220703125 0.5865357421875 0.3952830078125 0.58432880859375 0.40158876953125 0.55500703125 0.39465244140625 0.4796533203125 0.37006005859375 0.4169111328125 0.35492626953125 0.3879046875 0.34105361328125 0.35227724609375 0.3230822265625 0.35133134765625 0.308263671875 0.432044921875 0.30574140625 0.4446564453125 0.30416494140625 0.49951640625 0.3019580078125 0.51748779296875 0.305426171875 0.57644658203125 0.32119052734375 0.5767619140625 0.32465869140625
1 0.1034310546875 0.23968359375 0.12455537109375 0.24126005859375 0.12266357421875 0.258285546875 0.11100947265625 0.25734833984375 0.10153642578125 0.25632294921875 0.102169921875 0.24346708984375 0.1034310546875 0.23968359375
1 0.076348046875 0.300298828125 0.0580673828125 0.2975814453125 0.05757333984375 0.28745302734375 0.057079296875 0.2753482421875 0.06004365234375 0.25632646484375 0.06992509765625 0.25632646484375 0.07338359375 0.26027900390625 0.1030279296875 0.262996484375 0.12130859375 0.2639845703125 0.1227908203125 0.2652197265625 0.123037890625 0.27855966796875 0.11957939453125 0.30276923828125 0.076348046875 0.300298828125
1 0.08289189453125 0.47849775390625 0.08289189453125 0.500483984375 0.05448271484375 0.5002369140625 0.05369140625 0.47921875 0.07143984375 0.478701171875 0.07376953125 0.4775390625 0.08289189453125 0.47849775390625
1 0.0672794921875 0.45435654296875 0.06976220703125 0.45750263671875 0.07236328125 0.461982421875 0.0734765625 0.477138671875 0.07131787109375 0.4782162109375 0.053671875 0.47873046875 0.05300048828125 0.4607111328125 0.05324755859375 0.45428828125 0.05818828125 0.4540412109375 0.0672794921875 0.45435654296875
1 0.1043146484375 0.40665654296875 0.10505576171875 0.4148087890625 0.113701953125 0.4160439453125 0.11469013671875 0.434324609375 0.113701953125 0.44494716796875 0.11197275390625 0.44815859375 0.1109845703125 0.45902822265625 0.08949248046875 0.45902822265625 0.08628095703125 0.4538404296875 0.0845517578125 0.45359345703125 0.0840576171875 0.46026337890625 0.0722693359375 0.4607111328125 0.07228515625 0.460869140625 0.0702212890625 0.45732080078125 0.067671484375 0.44633701171875 0.05796875 0.445888671875 0.05744716796875 0.42637314453125 0.05720009765625 0.41525654296875 0.0693048828125 0.4147625 0.06948251953125 0.4064095703125 0.1043146484375 0.40665654296875
1 0.236731640625 0.36698916015625 0.2676298828125 0.38590634765625 0.2739916015625 0.390723828125 0.2559642578125 0.41333642578125 0.24398330078125 0.40293193359375 0.2297953125 0.39599560546875 0.21717109375 0.3861369140625 0.2234896484375 0.378339453125 0.23357880859375 0.36698916015625 0.236731640625 0.36698916015625
1 0.22675390625 0.4371134765625 0.24164248046875 0.4491853515625 0.248483203125 0.46850029296875 0.242447265625 0.474938671875 0.23359462890625 0.4733291015625 0.22152275390625 0.48298662109375 0.2191083984375 0.4946560546875 0.21106044921875 0.50149677734375 0.20462216796875 0.499082421875 0.2014029296875 0.5006919921875 0.1977814453125 0.51397099609375 0.1832951171875 0.51678779296875 0.17927119140625 0.51195908203125 0.1740400390625 0.49586328125 0.17001611328125 0.49264404296875 0.17001611328125 0.480974609375 0.1708208984375 0.47453623046875 0.19053828125 0.4644763671875 0.19013583984375 0.4584404296875 0.193757421875 0.45280693359375 0.20019580078125 0.4427470703125 0.20945087890625 0.44113740234375 0.211865234375 0.44355185546875 0.2195107421875 0.44113740234375 0.22313232421875 0.43590634765625 0.22675390625 0.4371134765625
2 0.47744404296875 0.55058857421875 0.48784853515625 0.5764421875 0.48658740234375 0.58180205078125 0.47870517578125 0.5868466796875 0.470823046875 0.5868466796875 0.46830068359375 0.58747724609375 0.4651478515625 0.58842314453125 0.456950390625 0.58653134765625 0.44686123046875 0.56256953125 0.42857451171875 0.56887529296875 0.421953515625 0.5499580078125 0.440870703125 0.54112998046875 0.43456494140625 0.525680859375 0.419746484375 0.5310408203125 0.4115490234375 0.5102318359375 0.4115490234375 0.508970703125 0.4304662109375 0.50140380859375 0.4326732421875 0.49793564453125 0.4440236328125 0.4916298828125 0.44370830078125 0.48879228515625 0.4509599609375 0.4869005859375 0.47366064453125 0.53860771484375 0.47744404296875 0.55058857421875
2 0.35483349609375 0.52544658203125 0.3508474609375 0.52108837890625 0.34485703125 0.520773046875 0.3394970703125 0.5078462890625 0.32940791015625 0.5005947265625 0.32877734375 0.49302783203125 0.3231021484375 0.48861376953125 0.32436328125 0.481362109375 0.32846201171875 0.4775787109375 0.33256083984375 0.46181435546875 0.3470640625 0.46559775390625 0.3461181640625 0.47221884765625 0.35620732421875 0.4775787109375 0.365666015625 0.4731646484375 0.38269150390625 0.4753716796875 0.382376171875 0.48073154296875 0.37217431640625 0.5074751953125 0.36744501953125 0.52513125 0.35483349609375 0.52544658203125
1 0.0541845703125 0.589141015625 0.0541845703125 0.58441171875 0.0544998046875 0.5736919921875 0.055445703125 0.5623416015625 0.07467822265625 0.56044990234375 0.0753087890625 0.55855810546875 0.08035341796875 0.55698173828125 0.08161455078125 0.56202626953125 0.0879203125 0.56391806640625 0.0879203125 0.56517919921875 0.0879203125 0.574953125 0.08571328125 0.5762142578125 0.08634384765625 0.58724931640625 0.09012734375 0.58661875 0.0913884765625 0.57810595703125 0.09895537109375 0.5787365234375 0.09895537109375 0.5900869140625 0.11787255859375 0.59071748046875 0.118187890625 0.614679296875 0.10809873046875 0.61846279296875 0.09895537109375 0.6203544921875 0.0964330078125 0.62539912109375 0.06994892578125 0.6247685546875 0.06774189453125 0.61278759765625 0.05481513671875 0.61215703125 0.053238671875 0.6017525390625 0.0541845703125 0.589141015625
1 0.15938935546875 0.63104375 0.15408974609375 0.63059580078125 0.15215234375 0.6134552734375 0.149764453125 0.59788427734375 0.1486701171875 0.58685146484375 0.18486572265625 0.58665791015625 0.18428505859375 0.575625 0.17828466796875 0.575237890625 0.17799130859375 0.55064541015625 0.2006919921875 0.55064541015625 0.2006919921875 0.543078515625 0.217717578125 0.54370908203125 0.21866337890625 0.5534830078125 0.22559970703125 0.5582123046875 0.224969140625 0.59793857421875 0.21614111328125 0.60140673828125 0.21393408203125 0.62915205078125 0.2095201171875 0.63104375 0.15938935546875 0.63104375
2 0.31058037109375 0.5653865234375 0.332019921875 0.5817814453125 0.32224599609375 0.59533876953125 0.3008064453125 0.577998046875 0.31058037109375 0.5653865234375
2 0.2725517578125 0.61378779296875 0.30313466796875 0.6213546875 0.29556767578125 0.65540576171875 0.25237333984375 0.64626240234375 0.250796875 0.639956640625 0.24165361328125 0.63711904296875 0.2520580078125 0.59865400390625 0.27066005859375 0.60338330078125 0.269398828125 0.61252666015625 0.2725517578125 0.61378779296875
2 0.44014443359375 0.62721103515625 0.45221630859375 0.6123224609375 0.4634833984375 0.61795595703125 0.4707265625 0.61513916015625 0.4849830078125 0.63018134765625 0.45827734375 0.6748619140625 0.436707421875 0.6686990234375 0.42797666015625 0.65483271484375 0.436707421875 0.64456123046875 0.44595166015625 0.63583056640625 0.44014443359375 0.62721103515625
2 0.414848828125 0.68577197265625 0.42645947265625 0.69540634765625 0.4217658203125 0.7057818359375 0.43090615234375 0.71393408203125 0.39632109375 0.75321279296875 0.38569853515625 0.74431943359375 0.382487109375 0.7411080078125 0.3881689453125 0.7312265625 0.3797697265625 0.7225802734375 0.39632109375 0.70677001953125 0.40299111328125 0.71220478515625 0.4091669921875 0.70528779296875 0.40249697265625 0.69664150390625 0.414848828125 0.68577197265625
2 0.3450849609375 0.836991796875 0.3312123046875 0.84550458984375 0.3078810546875 0.80830068359375 0.32112314453125 0.80041845703125 0.320492578125 0.79537392578125 0.32963583984375 0.78749169921875 0.3267982421875 0.78150126953125 0.3454001953125 0.76510634765625 0.35139072265625 0.7707814453125 0.35864228515625 0.762583984375 0.37598310546875 0.78055537109375 0.3775595703125 0.7915904296875 0.3867029296875 0.79884208984375 0.3848111328125 0.80577841796875 0.36904677734375 0.80262548828125 0.35139072265625 0.81397587890625 0.34823779296875 0.83352373046875 0.3450849609375 0.836991796875
2 0.15176064453125 0.7309203125 0.18549638671875 0.73060498046875 0.18423525390625 0.74920693359375 0.1504994140625 0.74668466796875 0.148923046875 0.75582802734375 0.14829248046875 0.76213369140625 0.13126689453125 0.761503125 0.13221279296875 0.73281201171875 0.15176064453125 0.7309203125
2 0.07785361328125 0.72500244140625 0.100554296875 0.7256330078125 0.1015001953125 0.7521171875 0.09172626953125 0.75274775390625 0.09078037109375 0.75747705078125 0.0787994140625 0.7581076171875 0.077223046875 0.78206953125 0.06618798828125 0.78270009765625 0.06587265625 0.7508560546875 0.04916240234375 0.7511712890625 0.0485318359375 0.7347763671875 0.05452236328125 0.735722265625 0.05578349609375 0.7275248046875 0.0671337890625 0.72720947265625 0.0680796875 0.74108212890625 0.07564658203125 0.7404515625 0.07533125 0.72500244140625 0.07785361328125 0.72500244140625
2 0.5213935546875 0.9990123046875 0.515491015625 0.99326552734375 0.52191396484375 0.98708955078125 0.55995751953125 0.94657568359375 0.57057998046875 0.93644716796875 0.5703330078125 0.9332357421875 0.5841669921875 0.916684375 0.5925662109375 0.91174365234375 0.61726982421875 0.9386705078125 0.586884375 0.9799255859375 0.5608126953125 0.99901220703125 0.5213935546875 0.9990123046875
2 0.60301708984375 0.89009541015625 0.60119775390625 0.88878916015625 0.61286337890625 0.85726044921875 0.63714052734375 0.795148828125 0.654166015625 0.753530859375 0.684118359375 0.76551181640625 0.67276796875 0.795148828125 0.63990576171875 0.88000615234375 0.6291859375 0.89955400390625 0.60301708984375 0.89009541015625
2 0.6929236328125 0.79486552734375 0.69070029296875 0.793136328125 0.68773583984375 0.7617626953125 0.6929236328125 0.75533974609375 0.71145126953125 0.75385751953125 0.779633203125 0.746446484375 0.8404041015625 0.738047265625 0.84485068359375 0.7731263671875 0.79692568359375 0.78103154296875 0.6929236328125 0.79486552734375
2 0.79865615234375 0.79083974609375 0.8201482421875 0.79948603515625 0.79050390625 0.86939716796875 0.7680236328125 0.86050390625 0.76752958984375 0.85333984375 0.79692685546875 0.7918279296875 0.79865615234375 0.79083974609375
2 0.7562708984375 0.79836826171875 0.77802568359375 0.80751162109375 0.7493345703125 0.863948046875 0.72694912109375 0.852282421875 0.75311796875 0.79931416015625 0.7562708984375 0.79836826171875
2 0.68561962890625 0.8604255859375 0.77616220703125 0.86783671875 0.772456640625 0.897233984375 0.75022333984375 0.8957517578125 0.748494140625 0.8987162109375 0.68055927734375 0.89179921875 0.6840177734375 0.86116669921875 0.68561962890625 0.8604255859375
2 0.68095576171875 0.8979990234375 0.75012587890625 0.90442197265625 0.74691435546875 0.93134892578125 0.73159814453125 0.9320900390625 0.70195380859375 0.93085478515625 0.67675615234375 0.92714931640625 0.6792265625 0.89948125 0.68095576171875 0.8979990234375
2 0.66479228515625 0.9375546875 0.7423529296875 0.93818525390625 0.743298828125 0.94133818359375 0.74298349609375 0.9687681640625 0.73920009765625 0.97160576171875 0.66258525390625 0.9731822265625 0.6632158203125 0.94039228515625 0.66479228515625 0.9375546875
2 0.61824013671875 0.99901201171875 0.61894619140625 0.97912548828125 0.72443046875 0.976655078125 0.72813603515625 0.9823369140625 0.72836923828125 0.9990111328125 0.61824013671875 0.99901201171875
2 0.90331845703125 0.97819765625 0.8966974609375 0.9769365234375 0.88723876953125 0.98576455078125 0.86359228515625 0.97189189453125 0.86737568359375 0.9558123046875 0.87431201171875 0.94982177734375 0.88878828125 0.9581609375 0.8957052734375 0.9391392578125 0.8974345703125 0.937162890625 0.90385751953125 0.93790400390625 0.90331845703125 0.97819765625
