1 0.64378505859375 0.9990037109375 0.643317578125 0.98828720703125 0.67471064453125 0.98673310546875 0.6745560546875 0.99900361328125 0.64378505859375 0.9990037109375
1 0.74483232421875 0.9404990234375 0.74327822265625 0.919984765625 0.86543125 0.9258904296875 0.87040439453125 0.947337109375 0.74483232421875 0.9404990234375
1 0.873665625 0.95252822265625 0.87040439453125 0.947337109375 0.87001259765625 0.93889013671875 0.8761009765625 0.9296357421875 0.88340712890625 0.9291486328125 0.8851119140625 0.9318275390625 0.89735341796875 0.931189453125 0.90215947265625 0.93742890625 0.91043974609375 0.93962080078125 0.909465625 0.93596767578125 0.9148234375 0.9330453125 0.9194505859375 0.93328876953125 0.9231037109375 0.9371853515625 0.93211455078125 0.93700654296875 0.93260166015625 0.94205615234375 0.93454990234375 0.940594921875 0.93235810546875 0.93109697265625 0.96499208984375 0.93377587890625 0.9659662109375 0.95496357421875 0.873665625 0.95252822265625
2 0.99908623046875 0.93889658203125 0.99532841796875 0.9574693359375 0.96842314453125 0.9555611328125 0.9659662109375 0.95496357421875 0.96765986328125 0.9454478515625 0.9718578125 0.9412498046875 0.98006298828125 0.9408681640625 0.98292529296875 0.9431580078125 0.98349775390625 0.93724267578125 0.988458984375 0.93724267578125 0.9890314453125 0.93285380859375 0.99908623046875 0.93425322265625 0.99908623046875 0.93889658203125
1 0.5030607421875 0.99900400390625 0.50432802734375 0.9805828125 0.523409765625 0.981727734375 0.5226880859375 0.99900400390625 0.5030607421875 0.99900400390625
0 0.63711845703125 0.89491787109375 0.63482861328125 0.89396376953125 0.63463779296875 0.8781259765625 0.67986162109375 0.8777443359375 0.68005244140625 0.89472705078125 0.63711845703125 0.89491787109375
0 0.64899541015625 0.8581841796875 0.645369921875 0.8581841796875 0.6451791015625 0.84120146484375 0.64899541015625 0.84139228515625 0.66712314453125 0.84139228515625 0.66750478515625 0.85761171875 0.64899541015625 0.8581841796875
0 0.5465884765625 0.83678037109375 0.54524287109375 0.83648134765625 0.54494384765625 0.82138076171875 0.56333369140625 0.82078271484375 0.56303466796875 0.83618232421875 0.5465884765625 0.83678037109375
0 0.64558994140625 0.8292525390625 0.64482666015625 0.8160861328125 0.67459423828125 0.813987109375 0.67573916015625 0.83402294921875 0.6572298828125 0.83535869140625 0.6564666015625 0.8307791015625 0.64558994140625 0.8292525390625
4 0.6662751953125 0.6935546875 0.66433154296875 0.68189287109375 0.6725546875 0.6814443359375 0.67375068359375 0.69250810546875 0.6662751953125 0.6935546875
1 0.52648291015625 0.58412177734375 0.57494677734375 0.5887490234375 0.57129375 0.637212890625 0.521612109375 0.6325857421875 0.52648291015625 0.58412177734375
0 0.614209765625 0.45076298828125 0.614209765625 0.43180283203125 0.639386328125 0.4314919921875 0.63969716796875 0.45076298828125 0.614209765625 0.45076298828125
1 0.4811779296875 0.476250390625 0.47620478515625 0.4787369140625 0.473407421875 0.44703310546875 0.506976171875 0.44330322265625 0.50946279296875 0.47376376953125 0.4811779296875 0.476250390625
1 0.5473931640625 0.4181646484375 0.5486109375 0.3957591796875 0.5948830078125 0.40184765625 0.59342177734375 0.42133056640625 0.5473931640625 0.4181646484375
0 0.59342177734375 0.42133056640625 0.5948830078125 0.40184765625 0.59651962890625 0.39907939453125 0.65642978515625 0.4034630859375 0.655212109375 0.424163671875 0.59342177734375 0.42133056640625
1 0.57203076171875 0.3554873046875 0.56983896484375 0.3552830078125 0.57032607421875 0.3420927734375 0.59127021484375 0.344041015625 0.5905396484375 0.35621787109375 0.57203076171875 0.3554873046875
1 0.56983896484375 0.3552830078125 0.5612318359375 0.3544853515625 0.5621896484375 0.34514755859375 0.5701658203125 0.3458455078125 0.56983896484375 0.3552830078125
1 0.59354501953125 0.34734462890625 0.592725 0.3307099609375 0.609125390625 0.33000712890625 0.61006259765625 0.34675888671875 0.59354501953125 0.34734462890625
1 0.61369404296875 0.3305927734375 0.63501455078125 0.32977275390625 0.63560029296875 0.34781318359375 0.6140455078125 0.34734462890625 0.61369404296875 0.3305927734375
1 0.5816775390625 0.29620732421875 0.58152802734375 0.29441318359375 0.59812373046875 0.293665625 0.5991703125 0.3151951171875 0.582574609375 0.3160921875 0.5816775390625 0.29620732421875
1 0.554239453125 0.3505900390625 0.55505947265625 0.3396955078125 0.56220537109375 0.33946123046875 0.5621896484375 0.34514755859375 0.56161962890625 0.3505900390625 0.554239453125 0.3505900390625
1 0.45152978515625 0.25679609375 0.45076650390625 0.2487818359375 0.45534619140625 0.249354296875 0.45649111328125 0.2314173828125 0.48225146484375 0.2329439453125 0.48530458984375 0.24076748046875 0.48683115234375 0.25259814453125 0.48587705078125 0.2606125 0.45152978515625 0.25679609375
1 0.4458052734375 0.25584208984375 0.42653271484375 0.25374306640625 0.42576943359375 0.2480185546875 0.42825 0.23714189453125 0.447904296875 0.23962255859375 0.4458052734375 0.25584208984375
1 0.52360791015625 0.235555078125 0.5248255859375 0.206087109375 0.5365154296875 0.2068177734375 0.53456708984375 0.236529296875 0.52360791015625 0.235555078125
1 0.57065302734375 0.24121669921875 0.569508203125 0.2307216796875 0.592787890625 0.2311033203125 0.59221552734375 0.2419798828125 0.57065302734375 0.24121669921875
1 0.569508203125 0.2307216796875 0.56244794921875 0.2295767578125 0.56378359375 0.22251650390625 0.5964134765625 0.22442470703125 0.592787890625 0.2311033203125 0.569508203125 0.2307216796875
1 0.61880791015625 0.2443208984375 0.61701376953125 0.2443208984375 0.61716328125 0.23385517578125 0.63091826171875 0.2343037109375 0.63091826171875 0.244619921875 0.61880791015625 0.2443208984375
1 0.6360015625 0.22907080078125 0.6328619140625 0.2283232421875 0.6331609375 0.2147177734375 0.65364384765625 0.215016796875 0.65304580078125 0.2295193359375 0.6360015625 0.22907080078125
1 0.6331609375 0.2147177734375 0.62703095703125 0.2141197265625 0.625984375 0.1993181640625 0.6531953125 0.20156083984375 0.65364384765625 0.215016796875 0.6331609375 0.2147177734375
1 0.6066974609375 0.22413701171875 0.60714599609375 0.2106810546875 0.62045244140625 0.21053154296875 0.61970498046875 0.2239875 0.6066974609375 0.22413701171875
1 0.64198203125 0.2005142578125 0.64213154296875 0.18915146484375 0.66440859375 0.1898990234375 0.66425908203125 0.20156083984375 0.6531953125 0.20156083984375 0.64198203125 0.2005142578125
1 0.6183298828125 0.201184765625 0.61788134765625 0.1908685546875 0.62580546875 0.1902705078125 0.625984375 0.1993181640625 0.6183298828125 0.201184765625
1 0.62580546875 0.1902705078125 0.6295431640625 0.18085126953125 0.64015849609375 0.185187109375 0.63477607421875 0.199390625 0.62595966796875 0.19589599609375 0.62580546875 0.1902705078125
1 0.6450111328125 0.18309599609375 0.64217041015625 0.17367685546875 0.66056025390625 0.1702380859375 0.6628029296875 0.1796572265625 0.6450111328125 0.18309599609375
1 0.62976103515625 0.1684439453125 0.627518359375 0.15139970703125 0.6657931640625 0.14900751953125 0.6660921875 0.16635078125 0.62976103515625 0.1684439453125
1 0.61944482421875 0.184740625 0.61878818359375 0.18491962890625 0.61238759765625 0.16729990234375 0.6278498046875 0.16219384765625 0.62976103515625 0.1684439453125 0.6332435546875 0.17916630859375 0.6295431640625 0.18085126953125 0.61944482421875 0.184740625
1 0.6278498046875 0.16219384765625 0.61238759765625 0.16729990234375 0.60577119140625 0.15255693359375 0.60505205078125 0.14860146484375 0.6178533203125 0.14493369140625 0.62065810546875 0.15219736328125 0.62497314453125 0.150830859375 0.6278498046875 0.16219384765625
1 0.6530669921875 0.1258611328125 0.65678095703125 0.1258611328125 0.65669453125 0.1209380859375 0.674227734375 0.12119716796875 0.674227734375 0.1401986328125 0.65315341796875 0.14045771484375 0.65367158203125 0.1346708984375 0.64892119140625 0.1345845703125 0.64926669921875 0.126983984375 0.6530669921875 0.1258611328125
1 0.59791640625 0.18815263671875 0.592845703125 0.1751451171875 0.60574296875 0.16996416015625 0.6115853515625 0.18319208984375 0.59791640625 0.18815263671875
1 0.57840517578125 0.18197958984375 0.59273544921875 0.18197958984375 0.59405830078125 0.20005771484375 0.58094052734375 0.1992861328125 0.5812712890625 0.20237265625 0.572673046875 0.202923828125 0.57300380859375 0.1925619140625 0.57697216796875 0.19190048828125 0.57840517578125 0.18197958984375
1 0.550696875 0.18169814453125 0.5685642578125 0.17902509765625 0.57300380859375 0.1925619140625 0.572673046875 0.202923828125 0.55633876953125 0.20517822265625 0.5534021484375 0.19196357421875 0.550696875 0.18169814453125
1 0.56636845703125 0.21827646484375 0.55971796875 0.2047701171875 0.56911103515625 0.20343203125 0.57966953125 0.20946669921875 0.56636845703125 0.21827646484375
1 0.54942802734375 0.13663427734375 0.569269921875 0.12539052734375 0.57919091796875 0.14302783203125 0.560230859375 0.154161328125 0.54942802734375 0.13663427734375
1 0.53582705078125 0.15054521484375 0.54989580078125 0.14196318359375 0.5579150390625 0.15504716796875 0.54286142578125 0.1641919921875 0.53470146484375 0.1508265625 0.53582705078125 0.15054521484375
1 0.69726396484375 0.05208544921875 0.66925302734375 0.04472353515625 0.67571708984375 0.01689208984375 0.7044462890625 0.02335615234375 0.69726396484375 0.05208544921875
1 0.09248173828125 0.7702033203125 0.10584716796875 0.77653427734375 0.09937548828125 0.7848349609375 0.09121552734375 0.779207421875 0.09163759765625 0.77864462890625 0.08769833984375 0.77512744140625 0.09248173828125 0.7702033203125
1 0.09684306640625 0.763591015625 0.10021962890625 0.7557125 0.11400703125 0.7640130859375 0.10697265625 0.77287646484375 0.09670244140625 0.7662640625 0.0979685546875 0.76471650390625 0.09684306640625 0.763591015625
1 0.05023779296875 0.8469455078125 0.03766875 0.8420974609375 0.04395322265625 0.82306435546875 0.05454716796875 0.8253986328125 0.05023779296875 0.8469455078125
1 0.7850162109375 0.8183525390625 0.78537529296875 0.80560390625 0.7941736328125 0.80578349609375 0.7941736328125 0.7960873046875 0.822005078125 0.79734423828125 0.82236416015625 0.79483046875 0.8282896484375 0.79626689453125 0.829546484375 0.79931943359375 0.8299056640625 0.8221232421875 0.7850162109375 0.8183525390625
1 0.81539404296875 0.7970490234375 0.8160796875 0.78818681640625 0.813386328125 0.7872890625 0.81374541015625 0.77525869140625 0.855582421875 0.78333876953125 0.8541458984375 0.7950099609375 0.827391796875 0.7939326171875 0.8282896484375 0.79626689453125 0.82236416015625 0.79483046875 0.822005078125 0.79734423828125 0.81539404296875 0.7970490234375
1 0.827391796875 0.7939326171875 0.840479296875 0.79444765625 0.840479296875 0.81022080078125 0.82976142578125 0.8095173828125 0.829546484375 0.79931943359375 0.827391796875 0.7939326171875
1 0.8316244140625 0.8234359375 0.8308080078125 0.823591796875 0.83098076171875 0.81426376953125 0.83943505859375 0.81504814453125 0.83933740234375 0.81016533203125 0.840479296875 0.81022080078125 0.84050927734375 0.80837490234375 0.85218056640625 0.80935751953125 0.851921484375 0.82490419921875 0.8316244140625 0.8234359375
1 0.874384375 0.78339287109375 0.89900478515625 0.78564384765625 0.8983013671875 0.7790314453125 0.906601953125 0.78043837890625 0.90463232421875 0.80182294921875 0.87368095703125 0.79943125 0.874384375 0.78339287109375
1 0.7941736328125 0.7960873046875 0.77916279296875 0.794377734375 0.78059580078125 0.77872470703125 0.81354287109375 0.78030048828125 0.813386328125 0.7872890625 0.8160796875 0.78818681640625 0.81539404296875 0.7970490234375 0.7941736328125 0.7960873046875
1 0.77842177734375 0.747309375 0.77875244140625 0.73716796875 0.8159009765625 0.73793955078125 0.8159009765625 0.74069541015625 0.82053076171875 0.7413568359375 0.82229443359375 0.7560177734375 0.8179953125 0.75612802734375 0.818436328125 0.7593248046875 0.797161328125 0.75921455078125 0.79694091796875 0.75447451171875 0.7866892578125 0.7542541015625 0.7862482421875 0.74775029296875 0.77842177734375 0.747309375
1 0.79144365234375 0.73741728515625 0.7912087890625 0.73154609375 0.8125939453125 0.7312154296875 0.812496484375 0.7378853515625 0.79144365234375 0.73741728515625
1 0.738497265625 0.7659470703125 0.73526142578125 0.76665048828125 0.73075947265625 0.74934580078125 0.76776044921875 0.74062314453125 0.77127763671875 0.757787109375 0.738497265625 0.7659470703125
1 0.970612890625 0.77879794921875 0.9945375 0.78035263671875 0.99401923828125 0.7881259765625 0.96957646484375 0.7865712890625 0.970612890625 0.77879794921875
1 0.92824140625 0.75635244140625 0.93981591796875 0.75734453125 0.93992607421875 0.7901939453125 0.92746982421875 0.7901939453125 0.92824140625 0.75635244140625
1 0.73945576171875 0.8344994140625 0.7286822265625 0.8334220703125 0.73011875 0.82606015625 0.745740234375 0.82588056640625 0.744662890625 0.8165435546875 0.77482861328125 0.81780048828125 0.775008203125 0.83539716796875 0.7660302734375 0.835217578125 0.73945576171875 0.8344994140625
1 0.73839150390625 0.83614287109375 0.76227265625 0.83704072265625 0.76317041015625 0.865769921875 0.74503515625 0.865769921875 0.7473693359375 0.8465572265625 0.7376732421875 0.8454798828125 0.73839150390625 0.83614287109375
1 0.7232076171875 0.662683984375 0.72504091796875 0.637933984375 0.77820751953125 0.6390798828125 0.7752283203125 0.66428818359375 0.7232076171875 0.662683984375
1 0.78360078125 0.61670673828125 0.78324169921875 0.5971349609375 0.82920849609375 0.60216259765625 0.82974716796875 0.621734375 0.78342119140625 0.6219138671875 0.78360078125 0.61670673828125
1 0.89053623046875 0.62394306640625 0.88981806640625 0.60742373046875 0.8993345703125 0.60706455078125 0.8987958984375 0.60921923828125 0.9382986328125 0.611553515625 0.9382986328125 0.6248408203125 0.89053623046875 0.62394306640625
1 0.95172451171875 0.6282359375 0.94384599609375 0.62767314453125 0.94511220703125 0.6078361328125 0.9739533203125 0.60924296875 0.97254638671875 0.62992412109375 0.95172451171875 0.6282359375
1 0.95524169921875 0.60544443359375 0.939766015625 0.60572578125 0.94131357421875 0.562253125 0.95594521484375 0.56295654296875 0.95594521484375 0.5618310546875 0.96691884765625 0.56197177734375 0.96635615234375 0.6026306640625 0.9558044921875 0.60248994140625 0.95524169921875 0.60544443359375
1 0.92035546875 0.6043462890625 0.92189873046875 0.5588201171875 0.9374416015625 0.55959169921875 0.938874609375 0.5644419921875 0.93678017578125 0.5981732421875 0.93148896484375 0.59751181640625 0.9318197265625 0.60059833984375 0.92829228515625 0.60070859375 0.9285126953125 0.6059998046875 0.92035546875 0.60622021484375 0.92035546875 0.6043462890625
1 0.91903271484375 0.60555888671875 0.90789912109375 0.60533837890625 0.90613544921875 0.5869294921875 0.9083400390625 0.557497265625 0.92134755859375 0.5577177734375 0.91958388671875 0.60059833984375 0.91903271484375 0.60555888671875
1 0.8418572265625 0.59085126953125 0.84199794921875 0.57199912109375 0.86056875 0.57157705078125 0.859583984375 0.5918361328125 0.8418572265625 0.59085126953125
1 0.859583984375 0.5918361328125 0.86056875 0.57157705078125 0.878858203125 0.57228046875 0.87942099609375 0.59127333984375 0.859583984375 0.5918361328125
1 0.81286513671875 0.56698515625 0.83602802734375 0.566446484375 0.8351302734375 0.57147412109375 0.84199794921875 0.57199912109375 0.84177392578125 0.58386357421875 0.81142861328125 0.5818884765625 0.811608203125 0.5668056640625 0.81286513671875 0.56698515625
1 0.80776865234375 0.59759150390625 0.80636181640625 0.59702880859375 0.8074873046875 0.58310068359375 0.8253546875 0.58492958984375 0.82507333984375 0.58310068359375 0.83520283203125 0.58352275390625 0.83393671875 0.59238603515625 0.83041943359375 0.59196396484375 0.83056015625 0.60054599609375 0.80776865234375 0.59759150390625
1 0.78259384765625 0.58785654296875 0.783297265625 0.5698484375 0.795396484375 0.57012978515625 0.79483369140625 0.589826171875 0.78217177734375 0.58926337890625 0.78259384765625 0.58785654296875
1 0.79089443359375 0.559296875 0.79103515625 0.535942578125 0.811153515625 0.53664599609375 0.80960595703125 0.56112578125 0.79075380859375 0.56084443359375 0.79089443359375 0.559296875
1 0.81495400390625 0.56283310546875 0.81678291015625 0.5344140625 0.8308517578125 0.5356802734375 0.82888212890625 0.56620966796875 0.8150947265625 0.56550615234375 0.81495400390625 0.56283310546875
1 0.8308517578125 0.5356802734375 0.83056455078125 0.533155859375 0.8433130859375 0.533155859375 0.8422357421875 0.56350107421875 0.82888212890625 0.56620966796875 0.8308517578125 0.5356802734375
1 0.7399505859375 0.5507666015625 0.7577267578125 0.5496892578125 0.75844501953125 0.57482734375 0.74138701171875 0.57554560546875 0.7399505859375 0.5507666015625
2 0.70619365234375 0.57249306640625 0.70601416015625 0.5507666015625 0.7399505859375 0.5507666015625 0.74138701171875 0.57554560546875 0.7058345703125 0.5759046875 0.70619365234375 0.57249306640625
1 0.76038408203125 0.5457943359375 0.76080615234375 0.53524267578125 0.77318671875 0.5362275390625 0.77346806640625 0.52778623046875 0.78289423828125 0.5283490234375 0.78331630859375 0.554094921875 0.760102734375 0.55325078125 0.76038408203125 0.5457943359375
1 0.72235595703125 0.5336375 0.7242298828125 0.5175435546875 0.7737244140625 0.5260314453125 0.77346806640625 0.52778623046875 0.77318671875 0.5362275390625 0.76080615234375 0.53524267578125 0.76038408203125 0.5457943359375 0.738008984375 0.54300732421875 0.73811923828125 0.5467552734375 0.7209228515625 0.5445505859375 0.72235595703125 0.5336375
0 0.7530666015625 0.5189369140625 0.70748359375 0.51218388671875 0.71114150390625 0.48953310546875 0.7572873046875 0.49698955078125 0.7530666015625 0.5189369140625
1 0.7091078125 0.5262947265625 0.7103740234375 0.51489892578125 0.72247314453125 0.51602451171875 0.72148837890625 0.5271388671875 0.7091078125 0.5262947265625
0 0.73598154296875 0.4934337890625 0.73652021484375 0.47422109375 0.75142353515625 0.47511884765625 0.751064453125 0.48032607421875 0.75986279296875 0.48194208984375 0.758605859375 0.49325419921875 0.73598154296875 0.4934337890625
1 0.75142353515625 0.47511884765625 0.7523212890625 0.47206640625 0.76219697265625 0.47314375 0.76345390625 0.48140341796875 0.75986279296875 0.48194208984375 0.751064453125 0.48032607421875 0.75142353515625 0.47511884765625
1 0.81189443359375 0.50616533203125 0.828593359375 0.50131728515625 0.83200498046875 0.51981171875 0.81566513671875 0.52106865234375 0.81189443359375 0.50616533203125
1 0.79399892578125 0.4985830078125 0.79304091796875 0.48372060546875 0.8034552734375 0.4833615234375 0.8041734375 0.49808525390625 0.79399892578125 0.4985830078125
1 0.7773755859375 0.48778583984375 0.775124609375 0.47568671875 0.778641796875 0.4754052734375 0.79116298828125 0.474842578125 0.79228857421875 0.48680107421875 0.7773755859375 0.48778583984375
1 0.8582318359375 0.49372412109375 0.88206513671875 0.49303662109375 0.8905443359375 0.49303662109375 0.89169013671875 0.52695322265625 0.85983603515625 0.528557421875 0.8582318359375 0.49372412109375
1 0.9314904296875 0.50569111328125 0.96265703125 0.50981611328125 0.95921953125 0.53410771484375 0.95028203125 0.53319111328125 0.94959453125 0.54235771484375 0.9266779296875 0.539378515625 0.9314904296875 0.50569111328125
1 0.90659873046875 0.4611853515625 0.90682783203125 0.4501853515625 0.91072373046875 0.45064365234375 0.91026533203125 0.4412478515625 0.96274443359375 0.4467478515625 0.9622861328125 0.4680603515625 0.90728623046875 0.46508115234375 0.90659873046875 0.4611853515625
1 0.96274443359375 0.4467478515625 0.99908642578125 0.4478328125 0.99908642578125 0.463412109375 0.9905572265625 0.46305439453125 0.9905572265625 0.46502412109375 0.96256025390625 0.46291376953125 0.96274443359375 0.4467478515625
1 0.860683984375 0.435643359375 0.898570703125 0.43851630859375 0.89839111328125 0.44498037109375 0.901802734375 0.44480078125 0.90216181640625 0.45521513671875 0.857990625 0.45288095703125 0.8594271484375 0.4354638671875 0.860683984375 0.435643359375
1 0.928648046875 0.3838814453125 0.930023046875 0.35386064453125 0.94698134765625 0.35523564453125 0.94514794921875 0.38846484375 0.92841884765625 0.38823564453125 0.928648046875 0.3838814453125
1 0.9009189453125 0.38571484375 0.903210546875 0.36211064453125 0.9261271484375 0.36463154296875 0.92360634765625 0.38708984375 0.9009189453125 0.38571484375
1 0.90068974609375 0.38823564453125 0.881898046875 0.38754814453125 0.8816689453125 0.38273564453125 0.8713564453125 0.38204814453125 0.87318974609375 0.36027734375 0.8775439453125 0.36050654296875 0.87777314453125 0.35661064453125 0.901835546875 0.35913154296875 0.903210546875 0.36211064453125 0.9009189453125 0.38571484375 0.90068974609375 0.38823564453125
1 0.83046328125 0.363767578125 0.83115078125 0.35139267578125 0.85017158203125 0.3532259765625 0.8492548828125 0.36674677734375 0.83092158203125 0.365830078125 0.83046328125 0.363767578125
1 0.8465048828125 0.378892578125 0.84810908203125 0.3690384765625 0.8554423828125 0.36880927734375 0.8554423828125 0.36605927734375 0.86483818359375 0.3676634765625 0.864608984375 0.3772884765625 0.855671484375 0.377517578125 0.854296484375 0.3800384765625 0.8465048828125 0.378892578125
1 0.8128173828125 0.36674677734375 0.8128173828125 0.3573509765625 0.8293173828125 0.3559759765625 0.83046328125 0.363767578125 0.83092158203125 0.365830078125 0.8128173828125 0.36674677734375
1 0.765128125 0.3654654296875 0.7644099609375 0.35505107421875 0.7832634765625 0.354871484375 0.78398173828125 0.36402890625 0.7665646484375 0.36528583984375 0.765128125 0.3654654296875
1 0.73639892578125 0.36528583984375 0.7351419921875 0.365644921875 0.73442373046875 0.35612841796875 0.75327734375 0.35630791015625 0.75417509765625 0.36474716796875 0.73639892578125 0.36528583984375
1 0.72095693359375 0.35630791015625 0.7197 0.34391845703125 0.73388505859375 0.34230244140625 0.73442373046875 0.35612841796875 0.72149560546875 0.35738525390625 0.72095693359375 0.35630791015625
1 0.769259375 0.3152099609375 0.76897802734375 0.299171484375 0.78867431640625 0.2987494140625 0.7888150390625 0.29734248046875 0.79528671875 0.2970611328125 0.796271484375 0.31928984375 0.7696814453125 0.31985263671875 0.769259375 0.3152099609375
1 0.7432400390625 0.28460712890625 0.745035546875 0.2747314453125 0.7707123046875 0.27652705078125 0.76897802734375 0.299171484375 0.75975927734375 0.30274248046875 0.7383919921875 0.2987921875 0.7432400390625 0.28460712890625
1 0.88603408203125 0.2493345703125 0.88765009765625 0.2342517578125 0.8912412109375 0.23137880859375 0.8912412109375 0.228505859375 0.9136859375 0.2299423828125 0.91189033203125 0.24969365234375 0.88603408203125 0.2493345703125
1 0.923361328125 0.21095771484375 0.924438671875 0.191924609375 0.95622041015625 0.19336103515625 0.95532255859375 0.21472841796875 0.92372041015625 0.21311240234375 0.923361328125 0.21095771484375
1 0.97351552734375 0.1438322265625 0.98698232421875 0.13934326171875 0.99667841796875 0.17256142578125 0.97997958984375 0.17776865234375 0.9690265625 0.145627734375 0.97351552734375 0.1438322265625
1 0.72930234375 0.21595908203125 0.7322271484375 0.19519296875 0.7410015625 0.1969478515625 0.742171484375 0.18729599609375 0.773759375 0.192853125 0.77463681640625 0.20133505859375 0.77931650390625 0.2016275390625 0.77814658203125 0.22473349609375 0.72900986328125 0.2180064453125 0.72930234375 0.21595908203125
1 0.7406189453125 0.17942314453125 0.744973046875 0.16315234375 0.8063896484375 0.17896484375 0.80111884765625 0.19523564453125 0.7406189453125 0.17942314453125
1 0.72159814453125 0.1697982421875 0.72457724609375 0.15765234375 0.7378689453125 0.16108984375 0.73626474609375 0.17231904296875 0.72159814453125 0.1697982421875
1 0.72457724609375 0.15765234375 0.72938974609375 0.13908994140625 0.744973046875 0.14390244140625 0.7406189453125 0.1594857421875 0.7378689453125 0.16108984375 0.72457724609375 0.15765234375
1 0.744973046875 0.16315234375 0.74795224609375 0.14619404296875 0.775223046875 0.14940244140625 0.77132724609375 0.16865234375 0.744973046875 0.16315234375
0 0.800537109375 0.1005462890625 0.80199951171875 0.08796962890625 0.83124765625 0.0911869140625 0.8294927734375 0.10434853515625 0.800537109375 0.1005462890625
1 0.784158203125 0.110490625 0.76456201171875 0.10610341796875 0.766609375 0.09089443359375 0.7870830078125 0.09323427734375 0.784158203125 0.110490625
1 0.72266435546875 0.1074962890625 0.7242685546875 0.0962671875 0.74122685546875 0.0978712890625 0.74053935546875 0.10772548828125 0.72266435546875 0.1074962890625
1 0.72266435546875 0.1074962890625 0.74053935546875 0.10772548828125 0.7393935546875 0.1150587890625 0.72266435546875 0.11666298828125 0.72266435546875 0.1074962890625
1 0.777284375 0.07385400390625 0.78363017578125 0.0447375 0.8194658203125 0.053696484375 0.81535966796875 0.08057314453125 0.777284375 0.07385400390625
1 0.81535966796875 0.08057314453125 0.8194658203125 0.053696484375 0.83887685546875 0.05630947265625 0.83775693359375 0.08169306640625 0.81535966796875 0.08057314453125
1 0.84559599609375 0.04324443359375 0.84708916015625 0.01674091796875 0.89524326171875 0.02271357421875 0.97027412109375 0.0327923828125 0.96915419921875 0.05854921875 0.84559599609375 0.04324443359375
1 0.93499462890625 1.5625e-06 0.97512685546875 0.00479580078125 0.97027412109375 0.0327923828125 0.89524326171875 0.02271357421875 0.89735576171875 1.953125e-06 0.93499462890625 1.5625e-06
1 0.780289453125 0.03425107421875 0.78469375 2.9296875e-06 0.80006337890625 2.83203125e-06 0.79587275390625 0.03585517578125 0.780289453125 0.03425107421875
1 0.89824775390625 0.088444140625 0.89971015625 0.07791474609375 0.91579658203125 0.08025458984375 0.914919140625 0.090783984375 0.89824775390625 0.088444140625
1 0.8122822265625 0.04087294921875 0.81399951171875 0.02617998046875 0.84224052734375 0.02827900390625 0.83995078125 0.04278115234375 0.8122822265625 0.04087294921875
1 0.6729689453125 0.93749404296875 0.69099072265625 0.9340845703125 0.69391318359375 0.9608736328125 0.675404296875 0.96014296875 0.6729689453125 0.93749404296875
1 0.7472400390625 0.05793779296875 0.7501861328125 0.04796650390625 0.757437890625 0.04932626953125 0.754265234375 0.05997734375 0.7472400390625 0.05793779296875
1 0.6287791015625 0.922801171875 0.63648408203125 0.92325439453125 0.635804296875 0.9420638671875 0.62855244140625 0.9420638671875 0.6287791015625 0.922801171875
1 0.7123615234375 0.7883138671875 0.72672841796875 0.7873115234375 0.72555908203125 0.79549736328125 0.71252861328125 0.800508984375 0.7123615234375 0.7883138671875
0 0.602095703125 0.4338962890625 0.602095703125 0.4508927734375 0.59099130859375 0.45157255859375 0.5921244140625 0.4323099609375 0.602095703125 0.4338962890625
1 0.87400654296875 0.2185666015625 0.871504296875 0.185621484375 0.8944408203125 0.185621484375 0.90111328125 0.185621484375 0.90111328125 0.21898359375 0.87400654296875 0.2185666015625
