2 0.0222765625 0.31536064453125 0.0228001953125 0.30711435546875 0.0392927734375 0.3005697265625 0.0451830078125 0.3065908203125 0.04808701171875 0.31948525390625 0.05092705078125 0.3328498046875 0.03739541015625 0.33919794921875 0.0347224609375 0.33468740234375 0.03455537109375 0.33251572265625 0.02854130859375 0.33401923828125 0.02386376953125 0.32416279296875 0.0222765625 0.31536064453125
2 0.09828837890625 0.32424326171875 0.124015234375 0.3158904296875 0.1335375 0.3389443359375 0.120005859375 0.3444572265625 0.120005859375 0.34629482421875 0.11248828125 0.3484666015625 0.10914716796875 0.34679599609375 0.10480361328125 0.34779833984375 0.09663310546875 0.3371240234375 0.09828837890625 0.32424326171875
2 0.03757294921875 0.3516328125 0.05083564453125 0.34795751953125 0.05410341796875 0.35855546875 0.0411462890625 0.36249150390625 0.03757294921875 0.3516328125
2 0.0585853515625 0.44287119140625 0.0553130859375 0.43109072265625 0.0627740234375 0.4283419921875 0.0749470703125 0.4267712890625 0.0859421875 0.46826455078125 0.0659154296875 0.47507109375 0.06107236328125 0.454520703125 0.0567529296875 0.455960546875 0.05439677734375 0.45033212890625 0.05374228515625 0.44431103515625 0.0585853515625 0.44287119140625
2 0.08380751953125 0.4424439453125 0.0981744140625 0.43910283203125 0.10101435546875 0.45163212890625 0.09533447265625 0.4529685546875 0.0976732421875 0.46165556640625 0.08881923828125 0.4639943359375 0.08380751953125 0.4424439453125
2 0.2834498046875 0.60642685546875 0.2812728515625 0.5914603515625 0.47230009765625 0.53268271484375 0.48100791015625 0.55989462890625 0.2899806640625 0.61921640625 0.2834498046875 0.60642685546875
2 0.15940869140625 0.590841796875 0.1637521484375 0.58900419921875 0.1747779296875 0.5876677734375 0.1757802734375 0.59117587890625 0.1837990234375 0.59017353515625 0.18893125 0.60820791015625 0.18057841796875 0.61088076171875 0.1809125 0.61188310546875 0.18751181640625 0.6346953125 0.16796611328125 0.64154462890625 0.16128388671875 0.623168359375 0.15744150390625 0.62450478515625 0.14958984375 0.602119140625 0.15727451171875 0.59643916015625 0.160615625 0.59543681640625 0.15940869140625 0.590841796875
2 0.215559375 0.623693359375 0.22975927734375 0.6183474609375 0.2336015625 0.62753564453125 0.2189005859375 0.632714453125 0.215559375 0.623693359375
2 0.24125546875 0.67881123046875 0.28471220703125 0.67056494140625 0.2874609375 0.685094140625 0.2433498046875 0.69347138671875 0.24151728515625 0.68627216796875 0.24125546875 0.67881123046875
2 0.18292265625 0.73973857421875 0.19194375 0.73673154296875 0.202468359375 0.76813828125 0.17573916015625 0.77699228515625 0.17223095703125 0.76496416015625 0.167386328125 0.766634765625 0.1572263671875 0.7405541015625 0.18052626953125 0.7335162109375 0.18292265625 0.73973857421875
2 0.22049375 0.74946279296875 0.21958203125 0.734059375 0.2355349609375 0.73323818359375 0.2365373046875 0.74730517578125 0.257079296875 0.74678994140625 0.2584158203125 0.7751896484375 0.22216435546875 0.7766931640625 0.22049375 0.74946279296875
2 0.193769921875 0.83453642578125 0.20485693359375 0.83133828125 0.20592294921875 0.8353892578125 0.212745703125 0.83347041015625 0.2159439453125 0.84541025390625 0.2099740234375 0.84818203125 0.2182892578125 0.87376748046875 0.20720224609375 0.87739208984375 0.193769921875 0.83453642578125
2 0.20591298828125 0.934286328125 0.21383564453125 0.932187890625 0.21678681640625 0.931727734375 0.22222734375 0.95264404296875 0.22746015625 0.95114892578125 0.22850673828125 0.95578369140625 0.22387197265625 0.95727880859375 0.23000595703125 0.982258984375 0.21934541015625 0.98439111328125 0.20591298828125 0.934286328125
2 0.205856640625 0.93411728515625 0.1992470703125 0.9360361328125 0.19732822265625 0.9300662109375 0.19604892578125 0.92388310546875 0.210760546875 0.9204716796875 0.213779296875 0.93201884765625 0.205856640625 0.93411728515625
2 0.79501962890625 0.90402138671875 0.793683203125 0.87194638671875 0.80086669921875 0.87077705078125 0.81488056640625 0.87144521484375 0.815734765625 0.8866474609375 0.82108056640625 0.88681455078125 0.82141474609375 0.9031861328125 0.79501962890625 0.90402138671875
2 0.71960966796875 0.0333509765625 0.71960966796875 0.02654453125 0.72288193359375 0.0193453125 0.73256806640625 0.02117783203125 0.729412890625 0.0348494140625 0.71960966796875 0.0333509765625
2 0.23258134765625 0.95786142578125 0.23007548828125 0.94934150390625 0.2449435546875 0.94533212890625 0.24711533203125 0.95385205078125 0.23258134765625 0.95786142578125
2 0.20997080078125 0.76890302734375 0.21898173828125 0.7676853515625 0.22166064453125 0.7813234375 0.21338037109375 0.78205400390625 0.20997080078125 0.76890302734375
2 0.28457841796875 0.58001494140625 0.2860396484375 0.58001494140625 0.2882314453125 0.5829373046875 0.28701376953125 0.58756455078125 0.282630078125 0.5882951171875 0.27946416015625 0.58537275390625 0.2806818359375 0.58147607421875 0.28457841796875 0.58001494140625
