0 0.34404033203125 1.15234375e-05 0.35275244140625 0.00510986328125 0.37437548828125 0.02002607421875 0.375388671875 0.02263125 0.3778490234375 0.0248021484375 0.3675732421875 0.04057763671875 0.35700810546875 0.0358015625 0.34745595703125 0.0494060546875 0.3306673828125 0.037248828125 0.3292201171875 0.0339201171875 0.31503671875 0.0261046875 0.3190890625 0.01771044921875 0.31619453125 0.0130791015625 0.32024697265625 0.0090267578125 0.32386513671875 0.0104740234375 0.327338671875 0.00454013671875 0.3300884765625 0.00598740234375 0.334133203125 1.142578125e-05 0.34404033203125 1.15234375e-05
0 0.38246064453125 1.181640625e-05 0.3889515625 0.003512890625 0.3889515625 0.0039470703125 0.3850439453125 0.00582861328125 0.38243876953125 0.00872314453125 0.38113623046875 0.0116177734375 0.38041259765625 0.0156701171875 0.35481455078125 1.162109375e-05 0.38246064453125 1.181640625e-05
0 0.40320546875 1.19140625e-05 0.399774609375 0.0073283203125 0.38919248046875 0.00241904296875 0.39016953125 1.181640625e-05 0.40320546875 1.19140625e-05
0 0.502361328125 1.220703125e-05 0.5062609375 0.0059568359375 0.5061162109375 0.02390322265625 0.5017744140625 0.02419267578125 0.5023533203125 0.03808671875 0.47543369140625 0.0385208984375 0.47543369140625 0.0299818359375 0.47094716796875 0.0302712890625 0.47109189453125 0.02375849609375 0.47224970703125 0.02346904296875 0.47239443359375 0.02014033203125 0.468776171875 0.02014033203125 0.468776171875 0.0130486328125 0.47673623046875 0.0130486328125 0.476880859375 1.220703125e-05 0.502361328125 1.220703125e-05
0 0.57897265625 1.220703125e-05 0.5787462890625 0.00555966796875 0.57613818359375 0.00601318359375 0.57602470703125 0.00805439453125 0.569107421875 0.007941015625 0.56899404296875 0.0119099609375 0.5579943359375 0.0122501953125 0.5579943359375 1.220703125e-05 0.57897265625 1.220703125e-05
0 0.56944765625 0.0145181640625 0.5700146484375 0.01406455078125 0.57126201171875 0.0141779296875 0.5708083984375 0.00918837890625 0.5821482421875 0.00918837890625 0.58226171875 0.0081677734375 0.6175287109375 0.01032236328125 0.6175287109375 0.0127037109375 0.619569921875 0.0128171875 0.619569921875 0.01485830078125 0.6175287109375 0.0149716796875 0.61832255859375 0.03164140625 0.61707509765625 0.03164140625 0.61741533203125 0.03889892578125 0.59518916015625 0.0398060546875 0.59518916015625 0.03458974609375 0.58577705078125 0.03458974609375 0.58067412109375 0.03402275390625 0.57954013671875 0.036630859375 0.5764783203125 0.03595048828125 0.57602470703125 0.03742470703125 0.570581640625 0.037311328125 0.56842705078125 0.0344763671875 0.56944765625 0.0145181640625
0 0.6505119140625 0.002215234375 0.67659365234375 0.00334921875 0.67579990234375 0.00493681640625 0.67806787109375 0.0050501953125 0.67840810546875 0.01117373046875 0.67602666015625 0.01117373046875 0.67591328125 0.0167302734375 0.67443916015625 0.01684375 0.67466591796875 0.02001884765625 0.67296494140625 0.02001884765625 0.6734185546875 0.0253486328125 0.67523291015625 0.02523525390625 0.67523291015625 0.03827607421875 0.66604755859375 0.03804931640625 0.66604755859375 0.0370287109375 0.66355283203125 0.0362349609375 0.66332607421875 0.02886396484375 0.6591302734375 0.02886396484375 0.6591302734375 0.02546201171875 0.65266650390625 0.0250083984375 0.652553125 0.0339669921875 0.65527470703125 0.03827607421875 0.65028515625 0.0419048828125 0.64699658203125 0.03782255859375 0.642347265625 0.03782255859375 0.64223388671875 0.036801953125 0.6282857421875 0.0366884765625 0.628058984375 0.03271953125 0.626584765625 0.0313587890625 0.62647138671875 0.0087923828125 0.62794560546875 0.0091326171875 0.62794560546875 0.0079986328125 0.63055380859375 0.00811201171875 0.63078056640625 0.0091326171875 0.64847080078125 0.00890576171875 0.6485841796875 0.0076583984375 0.6505119140625 0.00731826171875 0.6505119140625 0.002895703125 0.6505119140625 0.002215234375
0 0.68328154296875 0.01142744140625 0.70875380859375 0.01157216796875 0.70904326171875 0.0049146484375 0.7185953125 0.0052041015625 0.71888486328125 0.004191015625 0.7307525390625 0.0039015625 0.7304630859375 0.0060724609375 0.73176572265625 0.0063619140625 0.73292353515625 0.03762333984375 0.73248935546875 0.03776806640625 0.73306826171875 0.040228515625 0.71874013671875 0.0395048828125 0.71208251953125 0.0395048828125 0.68472880859375 0.0395048828125 0.68384150390625 0.02442177734375 0.68340517578125 0.02322177734375 0.68242333984375 0.02283994140625 0.68242333984375 0.01700341796875 0.68367783203125 0.0165125 0.68389609375 0.0122033203125 0.68328154296875 0.01142744140625
0 0.7182728515625 1.142578125e-05 0.71833779296875 0.004217578125 0.70779091796875 0.00418505859375 0.70753046875 0.004217578125 0.7076927734375 1.15234375e-05 0.7182728515625 1.142578125e-05
1 0.7442068359375 0.15459892578125 0.74498017578125 0.1546921875 0.8683619140625 0.1543466796875 0.86901982421875 0.1508404296875 0.8670998046875 0.13970419921875 0.86825185546875 0.13893623046875 0.92393310546875 0.141240234375 0.9227810546875 0.171576953125 0.91894521484375 0.18678486328125 0.9210513671875 0.18528046875 0.984236328125 0.186483984375 0.985028125 0.2165244140625 0.9800240234375 0.217775390625 0.98064951171875 0.24779990234375 0.9862791015625 0.24592333984375 0.98565361328125 0.28783251953125 0.90558837890625 0.2865814453125 0.9062138671875 0.3153548828125 0.74483232421875 0.31598046875 0.74170478515625 0.3109763671875 0.74170478515625 0.26656513671875 0.72544150390625 0.2659396484375 0.72544150390625 0.24905087890625 0.710429296875 0.248425390625 0.71105478515625 0.26969267578125 0.64037216796875 0.2690671875 0.634742578125 0.26218662109375 0.634742578125 0.20276318359375 0.7116802734375 0.20088662109375 0.712305859375 0.22152841796875 0.7260669921875 0.22152841796875 0.72731806640625 0.19901005859375 0.74358134765625 0.201512109375 0.7442068359375 0.15459892578125
0 0.69453671875 0.12587666015625 0.6952439453125 0.12611240234375 0.70231640625 0.12705537109375 0.7016091796875 0.114796484375 0.71976171875 0.11526796875 0.719290234375 0.160531640625 0.7039666015625 0.1607673828125 0.703730859375 0.162417578125 0.69359375 0.1612388671875 0.69453671875 0.12587666015625
0 0.50014677734375 0.2642021484375 0.5124056640625 0.26278759765625 0.51499892578125 0.26820986328125 0.51735634765625 0.2807044921875 0.50297568359375 0.282826171875 0.50014677734375 0.267266796875 0.50014677734375 0.264437890625 0.50014677734375 0.2642021484375
0 0.4123998046875 0.22857880859375 0.42056455078125 0.2289189453125 0.4206779296875 0.23027978515625 0.4221521484375 0.23027978515625 0.42237890625 0.23470234375 0.4201109375 0.23470234375 0.4193171875 0.23651669921875 0.418976953125 0.23628984375 0.41886357421875 0.2371970703125 0.39760302734375 0.2362185546875 0.39300869140625 0.23447548828125 0.3924416015625 0.22903232421875 0.392373046875 0.22880859375 0.39267578125 0.22720703125 0.41251328125 0.2269912109375 0.4123998046875 0.22857880859375
0 0.39479912109375 0.2365291015625 0.39719248046875 0.23785400390625 0.3992439453125 0.239478125 0.40014150390625 0.24144404296875 0.4006970703125 0.24388017578125 0.40099619140625 0.245504296875 0.40099619140625 0.2469146484375 0.40099619140625 0.248111328125 0.40056884765625 0.249564453125 0.39932939453125 0.2540947265625 0.3975771484375 0.25601796875 0.39492734375 0.25747109375 0.39137998046875 0.2580267578125 0.38727705078125 0.25819765625 0.3852255859375 0.2582404296875 0.38300322265625 0.2577703125 0.37937041015625 0.25661630859375 0.37766083984375 0.2548640625 0.37642138671875 0.2522142578125 0.37620771484375 0.250291015625 0.37620771484375 0.2481541015625 0.37620771484375 0.24708564453125 0.375823046875 0.24537607421875 0.3762931640625 0.243965625 0.37663505859375 0.2428544921875 0.37714794921875 0.2413158203125 0.37770361328125 0.2398626953125 0.3784728515625 0.23815322265625 0.37962685546875 0.2369564453125 0.3806525390625 0.23614443359375 0.38155009765625 0.23563154296875 0.38223388671875 0.235332421875 0.3832595703125 0.23499052734375 0.3854392578125 0.2345630859375 0.38710615234375 0.2343921875 0.38873017578125 0.2343921875 0.390354296875 0.23490498046875 0.39163642578125 0.235033203125 0.3927048828125 0.23546064453125 0.39402978515625 0.2358025390625 0.39479912109375 0.2365291015625
0 0.4105916015625 0.23950224609375 0.42216376953125 0.24004365234375 0.42243447265625 0.24654033203125 0.42202841796875 0.24681103515625 0.42216376953125 0.24978857421875 0.4219607421875 0.2505330078125 0.41065927734375 0.2496533203125 0.41038857421875 0.2491119140625 0.40869677734375 0.24850283203125 0.40910283203125 0.245119140625 0.41038857421875 0.24518681640625 0.410726953125 0.23990830078125 0.4105916015625 0.23950224609375
0 0.40645068359375 0.2551515625 0.4215525390625 0.25581298828125 0.42254462890625 0.2575767578125 0.42276513671875 0.26474189453125 0.42000927734375 0.27179677734375 0.40788369140625 0.2711353515625 0.40788369140625 0.2649623046875 0.4079939453125 0.26363955078125 0.40700185546875 0.26363955078125 0.40645068359375 0.2559232421875 0.40645068359375 0.2551515625
0 0.38229912109375 0.26949228515625 0.38437197265625 0.26672841796875 0.3869630859375 0.2649146484375 0.38843134765625 0.2641373046875 0.390504296875 0.26301455078125 0.3934408203125 0.26301455078125 0.39525458984375 0.26310087890625 0.3965501953125 0.263619140625 0.39845029296875 0.26465556640625 0.400177734375 0.26595107421875 0.40164599609375 0.26681484375 0.40276884765625 0.26785126953125 0.40363251953125 0.2689740234375 0.40440986328125 0.270096875 0.404928125 0.27104697265625 0.4053599609375 0.2720833984375 0.40553271484375 0.27424267578125 0.40570546875 0.276401953125 0.40553271484375 0.278906640625 0.40510087890625 0.28106591796875 0.404064453125 0.28382978515625 0.40311435546875 0.28503896484375 0.40164599609375 0.2864208984375 0.40000498046875 0.28702548828125 0.39845029296875 0.28780283203125 0.396895703125 0.2880619140625 0.39439091796875 0.288407421875 0.39274990234375 0.288407421875 0.38981328125 0.2880619140625 0.38843134765625 0.28737099609375 0.38558115234375 0.2865072265625 0.38359462890625 0.2849525390625 0.38247177734375 0.2828796875 0.38169443359375 0.2800294921875 0.38169443359375 0.27787021484375 0.38169443359375 0.2751927734375 0.3818671875 0.27303349609375 0.3818671875 0.27113330078125 0.3818671875 0.2705287109375 0.38229912109375 0.26949228515625
0 0.74349287109375 0.01022333984375 0.7444705078125 0.009467578125 0.7559041015625 0.0087439453125 0.7556146484375 0.01511201171875 0.76719296875 0.01467783203125 0.76683759765625 0.0198724609375 0.76861455078125 0.019961328125 0.76888115234375 0.00992119140625 0.78807294921875 0.0101876953125 0.78825068359375 0.01223125 0.78993876953125 0.01178701171875 0.79229267578125 0.02366103515625 0.78969951171875 0.0293189453125 0.78922802734375 0.03922041015625 0.77390439453125 0.03969189453125 0.77366865234375 0.0380416015625 0.76471015625 0.03827734375 0.7644744140625 0.04087060546875 0.74184267578125 0.03922041015625 0.7401923828125 0.020360546875 0.74349287109375 0.01022333984375
0 0.850331640625 1.005859375e-05 0.850105078125 0.008290625 0.84589306640625 0.00914873046875 0.846070703125 0.0137689453125 0.8451822265625 0.0170564453125 0.84367177734375 0.01732294921875 0.84358291015625 0.01838916015625 0.8450044921875 0.0182115234375 0.8450044921875 0.02185439453125 0.8432275390625 0.02194326171875 0.84367177734375 0.0470880859375 0.83834072265625 0.04726572265625 0.83798525390625 0.04619951171875 0.83505322265625 0.04655498046875 0.82945556640625 0.0467326171875 0.8283005859375 0.04531103515625 0.82616806640625 0.04237900390625 0.8227029296875 0.042556640625 0.822791796875 0.04557763671875 0.820659375 0.045844140625 0.8207482421875 0.04984248046875 0.80946416015625 0.05028671875 0.80919755859375 0.04371171875 0.8088421875 0.04371171875 0.80599892578125 0.04371171875 0.80582119140625 0.0405130859375 0.802089453125 0.04006884765625 0.802089453125 0.0129693359375 0.822791796875 0.01243623046875 0.8227029296875 0.0050615234375 0.8283005859375 0.0050615234375 0.8283005859375 0.00248486328125 0.8430498046875 0.00372880859375 0.8427189453125 1.015625e-05 0.850331640625 1.005859375e-05
0 0.8596943359375 0.0070736328125 0.90036318359375 0.0062052734375 0.90137626953125 0.006639453125 0.90137626953125 0.0439794921875 0.90166572265625 0.0483212890625 0.87633818359375 0.04759765625 0.87735126953125 0.0428216796875 0.87243046875 0.0425322265625 0.87243046875 0.03978232421875 0.8705490234375 0.03963759765625 0.87011484375 0.042676953125 0.86693076171875 0.042676953125 0.86649658203125 0.04224267578125 0.86649658203125 0.03920341796875 0.8596943359375 0.03920341796875 0.8602732421875 0.02776982421875 0.858970703125 0.02574365234375 0.8596943359375 0.0079419921875 0.8596943359375 0.0070736328125
0 0.9374337890625 0.00898349609375 0.95036376953125 0.0091681640625 0.950733203125 0.0063974609375 0.95608994140625 0.0065822265625 0.95608994140625 0.00769052734375 0.95941484375 0.0078751953125 0.96033837890625 0.01692626953125 0.956644140625 0.01618740234375 0.95775234375 0.030041015625 0.959230078125 0.04093916015625 0.95701357421875 0.0433404296875 0.91766923828125 0.04223212890625 0.9165609375 0.041123828125 0.91637626953125 0.03170341796875 0.9172998046875 0.03170341796875 0.9182234375 0.02246767578125 0.9160068359375 0.02246767578125 0.91582216796875 0.01748037109375 0.9172998046875 0.01748037109375 0.9174845703125 0.01618740234375 0.917352734375 0.0155181640625 0.92549794921875 0.0155876953125 0.92619404296875 0.01670166015625 0.93580126953125 0.016980078125 0.9371935546875 0.01287265625 0.93726318359375 0.0091830078125 0.9374337890625 0.00898349609375
0 0.99843369140625 0.04492353515625 0.99523720703125 0.0447712890625 0.991721875 0.04159609375 0.99024765625 0.03785400390625 0.98956728515625 0.03547255859375 0.988319921875 0.03547255859375 0.98729931640625 0.03978173828125 0.98480458984375 0.04012197265625 0.9802685546875 0.04000859375 0.9760728515625 0.04318369140625 0.97074306640625 0.04352392578125 0.9697224609375 0.03150361328125 0.97017607421875 0.0240193359375 0.97210390625 0.02333896484375 0.9723306640625 0.01812255859375 0.976299609375 0.0176689453125 0.97822744140625 0.01755556640625 0.9781140625 0.008030078125 0.98786630859375 0.0083703125 0.9879796875 0.01041142578125 0.9919486328125 0.01041142578125 0.9919486328125 0.00984443359375 0.9919486328125 0.0089373046875 0.9954640625 0.00927744140625 0.99535068359375 0.0134732421875 0.9968248046875 0.01335986328125 0.9968248046875 0.0108650390625 0.9984337890625 0.01097998046875 0.99843369140625 0.04492353515625
0 0.069757421875 0.07765263671875 0.093782421875 0.07490283203125 0.09551923828125 0.069403125 0.102900390625 0.0698373046875 0.1047818359375 0.08720478515625 0.09928212890625 0.08995458984375 0.10680810546875 0.097191015625 0.10695283203125 0.10283544921875 0.102900390625 0.10283544921875 0.1039134765625 0.11151923828125 0.101163671875 0.11470322265625 0.09855849609375 0.11557158203125 0.09942685546875 0.1199134765625 0.0907431640625 0.1219396484375 0.0907431640625 0.1190451171875 0.08538818359375 0.1196240234375 0.08524345703125 0.1209265625 0.0785859375 0.1207818359375 0.0785859375 0.118900390625 0.07424404296875 0.118900390625 0.07265205078125 0.11354541015625 0.06715234375 0.11311123046875 0.0667181640625 0.1079009765625 0.06295517578125 0.1055853515625 0.063968359375 0.10095400390625 0.065126171875 0.10080927734375 0.0649814453125 0.0982041015625 0.07279677734375 0.0970462890625 0.07438876953125 0.09212548828125 0.07323095703125 0.08619169921875 0.07265205078125 0.0832970703125 0.07106005859375 0.0832970703125 0.07048115234375 0.08315234375 0.06946796875 0.07808681640625 0.069757421875 0.07765263671875
0 0.13934287109375 0.06896923828125 0.15034248046875 0.06726826171875 0.15096904296875 0.07216943359375 0.154134765625 0.08132587890625 0.15514794921875 0.09391728515625 0.15818720703125 0.09362783203125 0.1605029296875 0.10983740234375 0.1594927734375 0.11453515625 0.1583587890625 0.11986484375 0.155523828125 0.12213291015625 0.144183984375 0.12179267578125 0.14259638671875 0.1213390625 0.14259638671875 0.11578251953125 0.14134892578125 0.11544228515625 0.14202939453125 0.110452734375 0.12751435546875 0.11442177734375 0.12796787109375 0.12009169921875 0.123091796875 0.12031845703125 0.1227515625 0.11861748046875 0.12037021484375 0.11861748046875 0.120143359375 0.12088544921875 0.1221845703125 0.12145244140625 0.121617578125 0.123947265625 0.120823828125 0.123947265625 0.12093720703125 0.12632861328125 0.12150419921875 0.12632861328125 0.12116396484375 0.13109140625 0.1144734375 0.13120478515625 0.1142466796875 0.1192978515625 0.11166240234375 0.094911328125 0.11213388671875 0.09443984375 0.11274560546875 0.0935236328125 0.108308984375 0.07271904296875 0.109765625 0.072783203125 0.10997255859375 0.0728248046875 0.12074541015625 0.0722578125 0.12131240234375 0.07067021484375 0.13015751953125 0.0668146484375 0.13866240234375 0.0656806640625 0.13934287109375 0.06896923828125
0 0.20023798828125 0.06273232421875 0.2035265625 0.0859791015625 0.20001123046875 0.08609248046875 0.20125859375 0.09573134765625 0.19286708984375 0.0973189453125 0.19116611328125 0.095277734375 0.19116611328125 0.09006142578125 0.18096025390625 0.09028818359375 0.180506640625 0.09380361328125 0.17574384765625 0.0927830078125 0.17642421875 0.09777255859375 0.173022265625 0.09833955078125 0.16655859375 0.09493759765625 0.15986806640625 0.0919892578125 0.15986806640625 0.0882470703125 0.1611154296875 0.08802021484375 0.16156904296875 0.086205859375 0.15907421875 0.0848451171875 0.15748662109375 0.0848451171875 0.1573732421875 0.07668037109375 0.15986806640625 0.07588662109375 0.15986806640625 0.06295908203125 0.1622494140625 0.06352607421875 0.1622494140625 0.0574025390625 0.17268212890625 0.05728916015625 0.17188828125 0.060577734375 0.17211513671875 0.06125810546875 0.1735892578125 0.061371484375 0.173702734375 0.05921689453125 0.17517685546875 0.05933037109375 0.175290234375 0.05808291015625 0.1758572265625 0.05842314453125 0.175970703125 0.05592841796875 0.18198076171875 0.05581494140625 0.181640625 0.05808291015625 0.19218671875 0.05876337890625 0.193320703125 0.0602375 0.20057822265625 0.0603509765625 0.20023798828125 0.06273232421875
0 0.22384697265625 0.0738244140625 0.22587880859375 0.07345498046875 0.2360380859375 0.07622568359375 0.23659228515625 0.06939130859375 0.242503125 0.07031484375 0.2445349609375 0.07049951171875 0.2461974609375 0.07271611328125 0.251 0.0738244140625 0.2545095703125 0.0740091796875 0.26115927734375 0.07456328125 0.26115927734375 0.0723466796875 0.26614658203125 0.073085546875 0.26115927734375 0.10190107421875 0.258019140625 0.10171630859375 0.25358603515625 0.13995234375 0.24545859375 0.139767578125 0.24582802734375 0.1347802734375 0.23068134765625 0.131270703125 0.231235546875 0.12240439453125 0.2297578125 0.1222197265625 0.21461123046875 0.1177865234375 0.22384697265625 0.0738244140625
0 0.2611099609375 0.123441796875 0.270068359375 0.1246205078125 0.27454755859375 0.12485625 0.2950576171875 0.129335546875 0.294821875 0.13475771484375 0.3077880859375 0.1373509765625 0.29859384765625 0.176013671875 0.26865390625 0.1717701171875 0.269596875 0.16611220703125 0.25828095703125 0.16540498046875 0.25993115234375 0.160454296875 0.255451953125 0.15951123046875 0.2552162109375 0.154560546875 0.25733798828125 0.1524388671875 0.26087421875 0.12532783203125 0.2611099609375 0.123441796875
0 0.049018359375 0.391785546875 0.05413603515625 0.38850009765625 0.063543359375 0.3828556640625 0.062675 0.3803953125 0.06730634765625 0.37822431640625 0.06860888671875 0.3796716796875 0.0704904296875 0.381842578125 0.0733849609375 0.3796716796875 0.072082421875 0.37807958984375 0.07729267578125 0.37634287109375 0.083516015625 0.38806591796875 0.08264765625 0.39124990234375 0.0839501953125 0.3922630859375 0.0868447265625 0.3931314453125 0.09248916015625 0.40282822265625 0.09248916015625 0.4044203125 0.086410546875 0.4077490234375 0.08829208984375 0.41151201171875 0.0763408203125 0.41885107421875 0.07412421875 0.41663447265625 0.058608203125 0.42642431640625 0.0578693359375 0.42587021484375 0.05454443359375 0.42125234375 0.048498046875 0.4134423828125 0.049018359375 0.391785546875
0 0.08317421875 0.3700193359375 0.10112060546875 0.36104609375 0.09938388671875 0.35699375 0.10951484375 0.35236240234375 0.11385673828125 0.35699375 0.11530400390625 0.3577173828125 0.11486982421875 0.3562701171875 0.118922265625 0.35453330078125 0.1187775390625 0.35699375 0.12355361328125 0.359309375 0.12644814453125 0.36799306640625 0.1305005859375 0.36567744140625 0.1322373046875 0.37074296875 0.1307900390625 0.37190078125 0.13715810546875 0.38709736328125 0.1348423828125 0.39172861328125 0.12485615234375 0.3969388671875 0.12036953125 0.396794140625 0.11501455078125 0.3980966796875 0.1085017578125 0.39939931640625 0.10951484375 0.40128076171875 0.1096595703125 0.40301748046875 0.10054169921875 0.4062015625 0.09923916015625 0.40214912109375 0.09808125 0.396794140625 0.0976470703125 0.396215234375 0.0941736328125 0.398530859375 0.09070009765625 0.3928865234375 0.09258154296875 0.39114970703125 0.0933052734375 0.38753154296875 0.09171318359375 0.38507109375 0.08795029296875 0.38796572265625 0.08664765625 0.38622890625 0.0814375 0.37638740234375 0.085200390625 0.37508486328125 0.08606875 0.3720455078125 0.0833189453125 0.37074296875 0.08317421875 0.3700193359375
0 0.0507990234375 0.54530703125 0.0507990234375 0.54365673828125 0.058814453125 0.53682001953125 0.0574 0.53493408203125 0.057871484375 0.53328388671875 0.056928515625 0.533048046875 0.06022900390625 0.52904033203125 0.0592859375 0.52597568359375 0.0663583984375 0.52031767578125 0.07107333984375 0.5231466796875 0.07130908203125 0.51984619140625 0.07743857421875 0.5153669921875 0.07979609375 0.52008193359375 0.0833322265625 0.51819599609375 0.11727998046875 0.55756591796875 0.10879306640625 0.56676005859375 0.10690712890625 0.56558134765625 0.0887544921875 0.58161220703125 0.08498251953125 0.5776044921875 0.0805033203125 0.58161220703125 0.0507990234375 0.54530703125
0 0.1445072265625 0.4860232421875 0.1494580078125 0.51337001953125 0.1527583984375 0.51407724609375 0.15417294921875 0.5239787109375 0.15370146484375 0.5246859375 0.15629462890625 0.53458740234375 0.15511591796875 0.53694482421875 0.1494580078125 0.53694482421875 0.1499294921875 0.5395380859375 0.13861357421875 0.54189560546875 0.1357845703125 0.52845791015625 0.13201259765625 0.52680771484375 0.11409580078125 0.52963662109375 0.1138599609375 0.5230357421875 0.113152734375 0.52044248046875 0.10702333984375 0.48955947265625 0.11763193359375 0.48814501953125 0.11763193359375 0.4855517578125 0.125883203125 0.4841373046875 0.1263546875 0.48673046875 0.1419140625 0.4836658203125 0.1445072265625 0.485316015625 0.1445072265625 0.4860232421875
0 0.39633544921875 0.80267275390625 0.425705078125 0.80267275390625 0.42588984375 0.80821416015625 0.42422734375 0.80895302734375 0.4251509765625 0.81948173828125 0.4249662109375 0.82132890625 0.42478154296875 0.82742451171875 0.3965201171875 0.828348046875 0.39615068359375 0.8030421875 0.39633544921875 0.80267275390625
0 0.45624677734375 0.72479931640625 0.4562810546875 0.72490576171875 0.4820427734375 0.72432685546875 0.4826216796875 0.72707666015625 0.484792578125 0.72794501953125 0.48739775390625 0.7657193359375 0.48537158203125 0.767311328125 0.46395166015625 0.7680349609375 0.46351748046875 0.76253525390625 0.4562810546875 0.76239052734375 0.4565705078125 0.76137744140625 0.4559916015625 0.74690458984375 0.45758359375 0.745601953125 0.45624677734375 0.72479931640625
0 0.49127021484375 0.73282939453125 0.5156525390625 0.72137705078125 0.5169455078125 0.7241478515625 0.51953154296875 0.72433251953125 0.5269201171875 0.73800146484375 0.52544248046875 0.7396638671875 0.53246162109375 0.75277861328125 0.53024501953125 0.75702705078125 0.52174814453125 0.76053662109375 0.52027041015625 0.76109072265625 0.51897744140625 0.76127548828125 0.5200857421875 0.76570859375 0.5084486328125 0.7686640625 0.5042001953125 0.76072138671875 0.493671484375 0.737447265625 0.49090078125 0.733198828125 0.49127021484375 0.73282939453125
0 0.52215546875 0.71403232421875 0.5452587890625 0.7043666015625 0.54950224609375 0.7053095703125 0.5573185546875 0.72265771484375 0.55953984375 0.72265771484375 0.56558173828125 0.7358076171875 0.56362705078125 0.7404279296875 0.55029931640625 0.74522587890625 0.549855078125 0.74380419921875 0.5379490234375 0.74842451171875 0.5361720703125 0.74460390625 0.5361720703125 0.74291572265625 0.5222224609375 0.71403916015625 0.52215546875 0.71403232421875
0 0.55420947265625 0.7037216796875 0.56260380859375 0.70053759765625 0.56520888671875 0.69778779296875 0.57808974609375 0.6928669921875 0.581273828125 0.69532734375 0.59154951171875 0.7192076171875 0.57953701171875 0.72470732421875 0.580694921875 0.7277466796875 0.57533994140625 0.7300623046875 0.57591884765625 0.7317990234375 0.56766923828125 0.73469365234375 0.56593251953125 0.72789140625 0.55869609375 0.71587890625 0.55869609375 0.71255009765625 0.55420947265625 0.7044453125 0.55420947265625 0.7037216796875
0 0.58699423828125 0.6906125 0.59075712890625 0.6887310546875 0.5922044921875 0.6887310546875 0.61058505859375 0.68120517578125 0.61275595703125 0.6852576171875 0.61536103515625 0.68453388671875 0.6191240234375 0.6907572265625 0.6188345703125 0.69683583984375 0.62390009765625 0.70349345703125 0.62491318359375 0.70580908203125 0.62332119140625 0.7121771484375 0.61319013671875 0.71622958984375 0.61232177734375 0.71405859375 0.60030927734375 0.71897939453125 0.59915146484375 0.71724267578125 0.59915146484375 0.713769140625 0.597559375 0.71000625 0.594954296875 0.7098615234375 0.59032294921875 0.699441015625 0.59075712890625 0.69698056640625 0.58742841796875 0.6906125 0.58699423828125 0.6906125
0 0.6184705078125 0.6709859375 0.6293568359375 0.66645 0.6342330078125 0.66679013671875 0.64149052734375 0.66486240234375 0.644665625 0.67143955078125 0.64534609375 0.67336728515625 0.64852119140625 0.67393427734375 0.65543857421875 0.69332548828125 0.655551953125 0.700809765625 0.65112939453125 0.70330458984375 0.649541796875 0.70103662109375 0.64534609375 0.70239736328125 0.6440986328125 0.70115 0.643078125 0.70296435546875 0.64319150390625 0.70523232421875 0.63117119140625 0.70988173828125 0.62924345703125 0.7054591796875 0.62878984375 0.70194384765625 0.62640849609375 0.69593369140625 0.62323330078125 0.690263671875 0.617109765625 0.67427451171875 0.6184705078125 0.6709859375
0 0.63220068359375 0.6509634765625 0.63277958984375 0.64676640625 0.6387134765625 0.64474013671875 0.64175283203125 0.6503845703125 0.64218701171875 0.65530537109375 0.6372662109375 0.65689736328125 0.6350953125 0.65617373046875 0.63277958984375 0.6512529296875 0.63220068359375 0.6509634765625
0 0.643057421875 0.64876494140625 0.6477484375 0.6482740234375 0.649712109375 0.653783203125 0.64960302734375 0.657710546875 0.64371201171875 0.65760146484375 0.64354833984375 0.653183203125 0.643057421875 0.64876494140625
0 0.67976513671875 0.66793916015625 0.686133203125 0.68212265625 0.6856990234375 0.6880564453125 0.6616740234375 0.6977533203125 0.6583453125 0.68791171875 0.65704267578125 0.6854513671875 0.65226669921875 0.6731494140625 0.65241142578125 0.66938642578125 0.67441015625 0.661281640625 0.6749890625 0.6631630859375 0.67889677734375 0.6620052734375 0.68048876953125 0.66533408203125 0.67976513671875 0.66793916015625
0 0.959724609375 0.4347791015625 0.984907421875 0.43043720703125 0.98924931640625 0.43304228515625 0.99011767578125 0.44085771484375 0.99444013671875 0.4589458984375 0.996448828125 0.458689453125 0.99704716796875 0.4620658203125 0.9956626953125 0.46520712890625 0.99672890625 0.4710712890625 0.99397451171875 0.470982421875 0.99406337890625 0.4740921875 0.97567119140625 0.47640234375 0.974871484375 0.46982734375 0.9738052734375 0.4697384765625 0.974071875 0.4720486328125 0.96794111328125 0.471959765625 0.9646537109375 0.45312333984375 0.9622546875 0.4497470703125 0.95967802734375 0.4348201171875 0.959724609375 0.4347791015625
0 0.99843310546875 0.55387685546875 0.9778111328125 0.5580484375 0.97100888671875 0.533733984375 0.97274560546875 0.52881318359375 0.99843310546875 0.52240205078125 0.99843310546875 0.55387685546875
0 0.998433203125 0.58707314453125 0.987073828125 0.58974404296875 0.98345556640625 0.58569169921875 0.978534765625 0.56224560546875 0.98012685546875 0.56007470703125 0.99843310546875 0.5570083984375 0.998433203125 0.58707314453125
0 0.9296810546875 0.43759677734375 0.94028974609375 0.43547509765625 0.94193994140625 0.4401900390625 0.94596552734375 0.4398140625 0.9458521484375 0.43561826171875 0.956965234375 0.435731640625 0.9587796875 0.4389068359375 0.9620681640625 0.460566015625 0.96002705078125 0.460566015625 0.96184140625 0.4736068359375 0.9601404296875 0.47406044921875 0.960707421875 0.47598828125 0.94891396484375 0.4773490234375 0.93405869140625 0.47700888671875 0.93439892578125 0.474854296875 0.93349169921875 0.4745140625 0.93213095703125 0.46929775390625 0.9341720703125 0.467369921875 0.932811328125 0.44752509765625 0.9304298828125 0.44729833984375 0.92974951171875 0.4381130859375 0.9296810546875 0.43759677734375
0 0.89736142578125 0.44440263671875 0.92414501953125 0.43960009765625 0.92580751953125 0.4420013671875 0.9321416015625 0.4837005859375 0.920863671875 0.4839791015625 0.920863671875 0.4868333984375 0.911326171875 0.48676376953125 0.9047125 0.48613720703125 0.90239501953125 0.4769587890625 0.9008029296875 0.476524609375 0.8976189453125 0.46089384765625 0.8979083984375 0.455394140625 0.8958822265625 0.44902607421875 0.89736142578125 0.44440263671875
0 0.86752998046875 0.45608330078125 0.88850869140625 0.45426884765625 0.88975615234375 0.4564234375 0.8957908203125 0.455948828125 0.8989005859375 0.48278173828125 0.8981009765625 0.48287060546875 0.89836748046875 0.48811279296875 0.89063740234375 0.48837939453125 0.8901931640625 0.4858916015625 0.884862109375 0.485447265625 0.88450673828125 0.49051181640625 0.873044921875 0.49068955078125 0.87295615234375 0.4878462890625 0.87162333984375 0.4878462890625 0.87162333984375 0.47887236328125 0.868780078125 0.478428125 0.86753623046875 0.47638447265625 0.865848046875 0.4622572265625 0.86744736328125 0.4622572265625 0.86735849609375 0.4567484375 0.86752998046875 0.45608330078125
0 0.83500185546875 0.45056142578125 0.86032939453125 0.4478115234375 0.862500390625 0.44940361328125 0.86742109375 0.49166435546875 0.84961943359375 0.4948484375 0.84918525390625 0.4926775390625 0.84658017578125 0.49311171875 0.84614599609375 0.48934873046875 0.8389095703125 0.49021708984375 0.83760693359375 0.47256015625 0.83543603515625 0.47256015625 0.83340986328125 0.4566400390625 0.83254150390625 0.45157451171875 0.83442294921875 0.45157451171875 0.83456767578125 0.45056142578125 0.83500185546875 0.45056142578125
0 0.8034611328125 0.45868349609375 0.82727490234375 0.4582298828125 0.82784189453125 0.460611328125 0.832264453125 0.46095146484375 0.8321509765625 0.46319970703125 0.8332560546875 0.463233203125 0.83427724609375 0.48700830078125 0.83196708984375 0.4917173828125 0.82246005859375 0.4917173828125 0.82219345703125 0.49607109375 0.80735537109375 0.495893359375 0.80628916015625 0.49331669921875 0.80522294921875 0.4897626953125 0.8036236328125 0.47323642578125 0.803534765625 0.460975 0.8034611328125 0.45868349609375
0 0.80080556640625 0.45020302734375 0.80178408203125 0.46270869140625 0.8007634765625 0.46361591796875 0.800990234375 0.47677021484375 0.8022376953125 0.4774505859375 0.8024234375 0.4873111328125 0.80272265625 0.49419208984375 0.7908423828125 0.4953197265625 0.788801171875 0.4960001953125 0.78914140625 0.501896875 0.77473974609375 0.50235048828125 0.77439951171875 0.4851138671875 0.771451171875 0.48500048828125 0.77077080078125 0.47502138671875 0.7694099609375 0.45245498046875 0.77179140625 0.45222822265625 0.77179140625 0.4425892578125 0.77836845703125 0.44190888671875 0.77836845703125 0.4437232421875 0.78018291015625 0.44395009765625 0.78018291015625 0.4414552734375 0.7919763671875 0.44088828125 0.79242998046875 0.44621806640625 0.79719267578125 0.44599130859375 0.79741953125 0.44939326171875 0.800821484375 0.44916640625 0.80080556640625 0.45020302734375
0 0.7380947265625 0.4574595703125 0.75242294921875 0.4567359375 0.75285712890625 0.44935478515625 0.76631689453125 0.44921005859375 0.766670703125 0.4526669921875 0.7689859375 0.45273701171875 0.76993525390625 0.4850095703125 0.77060498046875 0.4850095703125 0.77064638671875 0.48572509765625 0.77238681640625 0.4857947265625 0.7727349609375 0.49206025390625 0.77155146484375 0.4921298828125 0.77162109375 0.49588916015625 0.76458974609375 0.49568037109375 0.76431123046875 0.49581953125 0.7640328125 0.5000662109375 0.75686220703125 0.5000662109375 0.75644453125 0.50159775390625 0.744052734375 0.50152822265625 0.74286923828125 0.49769921875 0.74098955078125 0.4975599609375 0.74085712890625 0.488904296875 0.739575 0.48920341796875 0.73746015625 0.4674662109375 0.7387828125 0.46711806640625 0.7380947265625 0.4574595703125
0 0.73777529296875 0.444236328125 0.7439060546875 0.44388095703125 0.74417255859375 0.4445029296875 0.743994921875 0.44912314453125 0.74514990234375 0.45338798828125 0.74417255859375 0.4540099609375 0.738575 0.45374345703125 0.738575 0.4507224609375 0.73777529296875 0.444236328125
0 0.7286236328125 0.44343671875 0.737363671875 0.4435953125 0.737363671875 0.44402265625 0.73777529296875 0.45552041015625 0.7289791015625 0.45543154296875 0.7288013671875 0.4507224609375 0.72640234375 0.4509001953125 0.7266689453125 0.447879296875 0.72853486328125 0.44805693359375 0.7286236328125 0.44343671875
0 0.706829296875 0.4673580078125 0.73234404296875 0.46747138671875 0.73279765625 0.47166708984375 0.73665322265625 0.47200732421875 0.73685986328125 0.48104755859375 0.7378962890625 0.481156640625 0.739041796875 0.4955025390625 0.739041796875 0.49615703125 0.7365326171875 0.4963751953125 0.73664169921875 0.49893896484375 0.7375154296875 0.50955126953125 0.7328951171875 0.50937353515625 0.732983984375 0.499422265625 0.72747529296875 0.499422265625 0.72658671875 0.5270548828125 0.71343681640625 0.52678828125 0.71352568359375 0.51043974609375 0.710682421875 0.51043974609375 0.7105935546875 0.49560166015625 0.708727734375 0.49453544921875 0.70677294921875 0.46752470703125 0.706829296875 0.4673580078125
0 0.674894921875 0.46254443359375 0.67544130859375 0.46218759765625 0.68213193359375 0.46241435546875 0.683379296875 0.4606 0.686441015625 0.4606 0.68632763671875 0.45923916015625 0.69029658203125 0.4585587890625 0.69029658203125 0.4548166015625 0.6988015625 0.45413623046875 0.6990283203125 0.44994052734375 0.7050384765625 0.45005390625 0.70601162109375 0.4836748046875 0.70456435546875 0.48541162109375 0.70557744140625 0.49858193359375 0.70384072265625 0.50147646484375 0.69399912109375 0.50191064453125 0.69414384765625 0.503502734375 0.69370966796875 0.50552890625 0.67880263671875 0.506397265625 0.67909208984375 0.50248955078125 0.66982939453125 0.50162119140625 0.66925048828125 0.49670048828125 0.677789453125 0.495542578125 0.677789453125 0.494963671875 0.6775 0.48468798828125 0.67692109375 0.4836748046875 0.6759080078125 0.46529423828125 0.674894921875 0.46514951171875 0.674894921875 0.46254443359375
0 0.5972478515625 0.9990123046875 0.5972234375 0.99896904296875 0.6043591796875 0.995441015625 0.60262236328125 0.9932701171875 0.606240625 0.9912439453125 0.60681953125 0.99225703125 0.61449013671875 0.98849404296875 0.6183978515625 0.9947173828125 0.620858203125 0.996019921875 0.62548955078125 0.9915333984375 0.63046142578125 0.9980884765625 0.63154990234375 0.998712109375 0.63195546875 0.99901220703125 0.5972478515625 0.9990123046875
0 0.63381669921875 0.99901220703125 0.6266498046875 0.98889609375 0.63827587890625 0.981655859375 0.64955390625 0.97518154296875 0.6533828125 0.97629541015625 0.66201533203125 0.99202880859375 0.66222421875 0.99704130859375 0.66229375 0.99815517578125 0.65964228515625 0.99901201171875 0.63381669921875 0.99901220703125
0 0.66868125 0.99901201171875 0.66458203125 0.99266982421875 0.65640771484375 0.97507734375 0.659162109375 0.9736556640625 0.6602283203125 0.9748107421875 0.6708904296875 0.9684134765625 0.66840263671875 0.96352666015625 0.67586611328125 0.95863984375 0.68013095703125 0.96148310546875 0.68492890625 0.97125673828125 0.686705859375 0.9708125 0.692303515625 0.9813857421875 0.692303515625 0.984406640625 0.69159267578125 0.9865390625 0.69950048828125 0.99880048828125 0.6993595703125 0.99901171875 0.66868125 0.99901201171875
0 0.68626669921875 0.9587857421875 0.68638203125 0.95862353515625 0.6950005859375 0.9534701171875 0.69322353515625 0.949471875 0.70512958984375 0.94547353515625 0.70850595703125 0.9549806640625 0.7140146484375 0.95231513671875 0.7184572265625 0.96377685546875 0.71490322265625 0.9654650390625 0.71668017578125 0.96724208984375 0.71694677734375 0.97212890625 0.71570283203125 0.97346162109375 0.71570283203125 0.97470556640625 0.7205896484375 0.97603828125 0.7273423828125 0.98838857421875 0.72743115234375 0.99149833984375 0.71330390625 0.99691826171875 0.7110826171875 0.99149833984375 0.70619580078125 0.99398623046875 0.7046853515625 0.9935419921875 0.7025529296875 0.98750009765625 0.69970966796875 0.98874404296875 0.69715751953125 0.98431162109375 0.6956955078125 0.981526953125 0.6934677734375 0.98284970703125 0.68984775390625 0.97498291015625 0.69221474609375 0.97372978515625 0.6853431640625 0.96266474609375 0.68626669921875 0.9587857421875
0 0.73541923828125 0.93110302734375 0.7374603515625 0.93473173828125 0.7385943359375 0.9340513671875 0.7446044921875 0.94448408203125 0.74335712890625 0.9457314453125 0.7562845703125 0.96920498046875 0.75481044921875 0.97272041015625 0.73371826171875 0.98292626953125 0.7306564453125 0.9819056640625 0.7235123046875 0.968524609375 0.7235123046875 0.966256640625 0.71829599609375 0.9582052734375 0.7181826171875 0.955710546875 0.7129662109375 0.94675205078125 0.715801171875 0.94482421875 0.71568779296875 0.94221611328125 0.72589365234375 0.9371130859375 0.72600712890625 0.9355255859375 0.7340583984375 0.93098955078125 0.73541923828125 0.93110302734375
0 0.74388935546875 0.9217326171875 0.74887666015625 0.9217326171875 0.76106787109375 0.91637587890625 0.764946875 0.9176689453125 0.78304892578125 0.9474080078125 0.78101708984375 0.947962109375 0.78083232421875 0.9501787109375 0.75608056640625 0.962369921875 0.7544181640625 0.962369921875 0.7447728515625 0.94307841796875 0.74606611328125 0.93915390625 0.73926220703125 0.92724697265625 0.74266416015625 0.924865625 0.7419837890625 0.9231646484375 0.74388935546875 0.9217326171875
0 0.76910068359375 0.915953125 0.76895595703125 0.915663671875 0.77054794921875 0.91479521484375 0.76837705078125 0.908861328125 0.77271884765625 0.907124609375 0.7753240234375 0.90987451171875 0.78082373046875 0.91045341796875 0.78284990234375 0.908861328125 0.78328408203125 0.9046642578125 0.79312568359375 0.90090126953125 0.81092724609375 0.93679404296875 0.80629599609375 0.9404123046875 0.80600654296875 0.942004296875 0.8016646484375 0.9433068359375 0.79949375 0.9415701171875 0.79833583984375 0.942583203125 0.79775693359375 0.944319921875 0.79804638671875 0.94591201171875 0.78690234375 0.951701171875 0.76910068359375 0.915953125
0 0.79877001953125 0.9029275390625 0.81020361328125 0.896559375 0.80991416015625 0.891059765625 0.81787431640625 0.88729677734375 0.82192666015625 0.88845458984375 0.84262294921875 0.92434736328125 0.8414650390625 0.92738671875 0.8268474609375 0.93389951171875 0.8271369140625 0.93607041015625 0.827281640625 0.93751767578125 0.81787431640625 0.9412806640625 0.80354609375 0.91479521484375 0.80354609375 0.91276904296875 0.7990595703125 0.9058220703125 0.79877001953125 0.9029275390625
0 0.82641943359375 0.88887099609375 0.827527734375 0.88388369140625 0.8365787109375 0.87963525390625 0.836024609375 0.8776033203125 0.8480310546875 0.87298544921875 0.85117119140625 0.8750173828125 0.86668720703125 0.9018009765625 0.87241337890625 0.9139921875 0.87315224609375 0.915469921875 0.85819033203125 0.92211962890625 0.85394189453125 0.9132533203125 0.8423048828125 0.91842529296875 0.83491630859375 0.905310546875 0.834546875 0.9032787109375 0.82697353515625 0.88997919921875 0.82641943359375 0.88887099609375
0 0.8540318359375 0.87033095703125 0.86343916015625 0.8661337890625 0.86314970703125 0.86280498046875 0.8698072265625 0.85962099609375 0.870530859375 0.86193662109375 0.87516220703125 0.86367333984375 0.87574111328125 0.8643970703125 0.880227734375 0.86222607421875 0.88543798828125 0.87177822265625 0.88601689453125 0.87438330078125 0.89773994140625 0.89290859375 0.89672685546875 0.89898720703125 0.878491015625 0.90767099609375 0.878491015625 0.90926298828125 0.87429384765625 0.91071025390625 0.8706755859375 0.90492109375 0.871688671875 0.902894921875 0.867346875 0.89696103515625 0.8660443359375 0.89652685546875 0.8657548828125 0.8927638671875 0.857939453125 0.8798830078125 0.85822890625 0.8780015625 0.8543212890625 0.87134404296875 0.8540318359375 0.87033095703125
0 0.910564453125 0.85125361328125 0.916290625 0.85993515625 0.916290625 0.862890625 0.92571103515625 0.88117744140625 0.92663466796875 0.88708828125 0.9035453125 0.89743232421875 0.90058984375 0.8905978515625 0.89541787109375 0.88228564453125 0.8956025390625 0.88043857421875 0.88821396484375 0.86843203125 0.88821396484375 0.86621552734375 0.88322666015625 0.85753388671875 0.88692099609375 0.85439375 0.89449423828125 0.85143828125 0.89523310546875 0.8538396484375 0.906316015625 0.8494064453125 0.9055771484375 0.8479287109375 0.90871728515625 0.8466357421875 0.9103796875 0.85032998046875 0.910564453125 0.85125361328125
0 0.9357583984375 0.830362890625 0.9393689453125 0.8378849609375 0.94207685546875 0.84059287109375 0.9527029296875 0.861239453125 0.95168984375 0.8645681640625 0.9280990234375 0.8748439453125 0.9246255859375 0.87180458984375 0.9169548828125 0.85718701171875 0.9175337890625 0.85414775390625 0.90942900390625 0.8411220703125 0.91013662109375 0.84057646484375 0.9180443359375 0.83728896484375 0.9170669921875 0.83444580078125 0.9344818359375 0.8283150390625 0.9357583984375 0.830362890625
0 0.93996728515625 0.82784033203125 0.942121875 0.82670634765625 0.93996728515625 0.82251064453125 0.94813203125 0.81899521484375 0.94937939453125 0.82194365234375 0.96219345703125 0.817180859375 0.9655955078125 0.8177478515625 0.96933759765625 0.8240982421875 0.96877060546875 0.82613935546875 0.97217255859375 0.82818056640625 0.975574609375 0.83645869140625 0.97625498046875 0.83929365234375 0.975234375 0.83929365234375 0.97568798828125 0.842808984375 0.9626470703125 0.84961298828125 0.9660490234375 0.85607666015625 0.9661625 0.85891162109375 0.95652353515625 0.8633341796875 0.95198759765625 0.85437568359375 0.94971962890625 0.8523345703125 0.9472248046875 0.84779853515625 0.9472248046875 0.84235546875 0.9396271484375 0.82931455078125 0.93996728515625 0.82784033203125
0 0.98068720703125 0.859337109375 0.98735107421875 0.8565828125 0.98975 0.861647265625 0.98975 0.865734375 0.9801541015625 0.86866650390625 0.97891015625 0.86102529296875 0.9801541015625 0.86084765625 0.98068720703125 0.859337109375
0 0.9984333984375 0.846077734375 0.9893076171875 0.851981640625 0.98477158203125 0.851187890625 0.98420458984375 0.84631171875 0.98363759765625 0.843703515625 0.97830791015625 0.83508525390625 0.977854296875 0.8322501953125 0.96776181640625 0.81331259765625 0.96946279296875 0.81251884765625 0.9690091796875 0.8114982421875 0.973318359375 0.809003515625 0.9738853515625 0.81081787109375 0.98567880859375 0.80412734375 0.9889673828125 0.80911689453125 0.9932765625 0.80571494140625 0.99565791015625 0.8069623046875 0.9980392578125 0.813539453125 0.9984333984375 0.8133798828125 0.9984333984375 0.846077734375
0 0.448819140625 0.92877119140625 0.47640166015625 0.92995 0.47640166015625 0.968376953125 0.46154951171875 0.96672666015625 0.44834765625 0.96531220703125 0.44646171875 0.9622474609375 0.4466974609375 0.93442919921875 0.4471689453125 0.92995 0.448819140625 0.92877119140625
0 0.479937890625 0.9301857421875 0.48960361328125 0.930421484375 0.501391015625 0.930421484375 0.5020982421875 0.93277890625 0.50799189453125 0.93325048828125 0.50822763671875 0.9631904296875 0.5039841796875 0.962483203125 0.5035126953125 0.96719814453125 0.48135234375 0.96554794921875 0.48135234375 0.96012568359375 0.47946640625 0.95918271484375 0.47946640625 0.93089296875 0.479937890625 0.9301857421875
0 0.51412138671875 0.93678662109375 0.53746044921875 0.92594228515625 0.5409966796875 0.92806396484375 0.5499177734375 0.94107197265625 0.5484705078125 0.94295341796875 0.5507861328125 0.9474400390625 0.5500625 0.95265029296875 0.54441806640625 0.95568955078125 0.54441806640625 0.95713681640625 0.54123408203125 0.95872890625 0.5392078125 0.95482119140625 0.526905859375 0.960176171875 0.5244455078125 0.959018359375 0.52053779296875 0.9506240234375 0.52053779296875 0.9480189453125 0.514025 0.9371642578125 0.51412138671875 0.93678662109375
0 0.53989052734375 0.91621640625 0.55540654296875 0.9084583984375 0.55743837890625 0.91233740234375 0.56538115234375 0.90882783203125 0.5670435546875 0.9128916015625 0.56962958984375 0.912152734375 0.579234765625 0.9319171875 0.57794169921875 0.93228662109375 0.57868056640625 0.9356115234375 0.57794169921875 0.93782802734375 0.5613173828125 0.94650966796875 0.56094794921875 0.9496498046875 0.55669951171875 0.95001923828125 0.55189697265625 0.9396751953125 0.5498650390625 0.93875166015625 0.55041923828125 0.93598095703125 0.54340009765625 0.9256369140625 0.54395419921875 0.92305087890625 0.5422375 0.9218416015625 0.542451171875 0.91983291015625 0.5400150390625 0.91645654296875 0.53989052734375 0.91621640625
0 0.56496689453125 0.89696943359375 0.59002802734375 0.88619658203125 0.5970587890625 0.90003125 0.59921328125 0.89901064453125 0.60170810546875 0.904226953125 0.601027734375 0.9047939453125 0.606357421875 0.91522666015625 0.61089345703125 0.91352568359375 0.6140685546875 0.9216904296875 0.60828525390625 0.92441201171875 0.6083986328125 0.92633974609375 0.5975123046875 0.93166953125 0.59547119140625 0.9311025390625 0.59093525390625 0.93269013671875 0.5887806640625 0.92974169921875 0.58231689453125 0.93200966796875 0.5805025390625 0.9281541015625 0.58038916015625 0.92497900390625 0.5764201171875 0.91919560546875 0.5733583984375 0.91386591796875 0.56610087890625 0.90037138671875 0.5647400390625 0.89674267578125 0.56496689453125 0.89696943359375
0 0.595886328125 0.87763583984375 0.604958203125 0.87400703125 0.6081333984375 0.87446064453125 0.6089271484375 0.877408984375 0.60931328125 0.8775919921875 0.6104271484375 0.87703505859375 0.6098005859375 0.8745984375 0.615021875 0.8734150390625 0.61585732421875 0.8766173828125 0.61885087890625 0.87578193359375 0.62128740234375 0.88253486328125 0.62379365234375 0.881838671875 0.631799609375 0.8911673828125 0.63124267578125 0.89416083984375 0.633679296875 0.89423046875 0.6383693359375 0.90363974609375 0.63903984375 0.9098943359375 0.636255078125 0.91072978515625 0.63771708984375 0.915463671875 0.63771708984375 0.91998876953125 0.6325654296875 0.92207734375 0.62901494140625 0.91894453125 0.626717578125 0.91964072265625 0.62080009765625 0.9194318359375 0.6160662109375 0.92110263671875 0.61202841796875 0.91281826171875 0.61202841796875 0.91093857421875 0.6072248046875 0.9029326171875 0.6069462890625 0.9013314453125 0.60109853515625 0.89109775390625 0.59601650390625 0.881838671875 0.59601650390625 0.87828818359375 0.595886328125 0.87763583984375
0 0.6216322265625 0.86317685546875 0.63639453125 0.85608515625 0.63914443359375 0.86158486328125 0.64247314453125 0.859848046875 0.64160478515625 0.8576771484375 0.6465255859375 0.8550720703125 0.64999912109375 0.86129541015625 0.65289365234375 0.86216376953125 0.65274892578125 0.86418994140625 0.65231474609375 0.86693984375 0.66172998046875 0.885498046875 0.66456494140625 0.88425068359375 0.66910087890625 0.8943431640625 0.6650185546875 0.896837890625 0.66059599609375 0.8980853515625 0.66082275390625 0.9008068359375 0.65311162109375 0.9045490234375 0.6481220703125 0.90590986328125 0.6471015625 0.90420888671875 0.64256552734375 0.90477587890625 0.64143154296875 0.9026212890625 0.63916357421875 0.9019408203125 0.63281328125 0.890033984375 0.6322462890625 0.88765263671875 0.62408154296875 0.873477734375 0.62453515625 0.86905517578125 0.62204033203125 0.86372548828125 0.6216322265625 0.86317685546875
0 0.65215869140625 0.8548130859375 0.65590087890625 0.85311201171875 0.6571482421875 0.85039052734375 0.67551884765625 0.84199892578125 0.6819826171875 0.85435947265625 0.68322998046875 0.853565625 0.68663193359375 0.86252412109375 0.68980712890625 0.86139013671875 0.6921884765625 0.8680806640625 0.69037412109375 0.8695548828125 0.69320908203125 0.87715263671875 0.68810615234375 0.8793072265625 0.690033984375 0.88441015625 0.6710962890625 0.89416240234375 0.66492900390625 0.88221181640625 0.65177138671875 0.85659267578125 0.65215869140625 0.8548130859375
0 0.6842099609375 0.8457865234375 0.70684169921875 0.836828125 0.7093451171875 0.83713427734375 0.7233833984375 0.8661052734375 0.72292978515625 0.86916708984375 0.7120435546875 0.8758576171875 0.70728076171875 0.87767197265625 0.699796484375 0.88073369140625 0.69300263671875 0.86583330078125 0.68889521484375 0.85657421875 0.6853447265625 0.850517578125 0.682003125 0.8506568359375 0.68165498046875 0.8472455078125 0.68457890625 0.84745439453125 0.6844396484375 0.84641015625 0.6842099609375 0.8457865234375
0 0.71408134765625 0.8378501953125 0.73694892578125 0.82771298828125 0.7416638671875 0.8295990234375 0.75085810546875 0.84916611328125 0.748736328125 0.85718154296875 0.72869775390625 0.8635466796875 0.72728330078125 0.8635466796875 0.7256330078125 0.85859599609375 0.71903212890625 0.84893037109375 0.718560546875 0.8461013671875 0.71478857421875 0.84115068359375 0.71384560546875 0.8378501953125 0.71408134765625 0.8378501953125
0 0.7982572265625 0.82562626953125 0.797887890625 0.82581103515625 0.7927158203125 0.82728876953125 0.790683984375 0.82063896484375 0.794932421875 0.8184224609375 0.79327001953125 0.81509755859375 0.7971490234375 0.8141740234375 0.7934546875 0.80733955078125 0.81211083984375 0.79884267578125 0.8182064453125 0.7984732421875 0.8239326171875 0.80493828125 0.8283658203125 0.8182376953125 0.82984345703125 0.821747265625 0.83132119140625 0.8274734375 0.8056458984375 0.838741015625 0.80250576171875 0.838741015625 0.80028916015625 0.83264541015625 0.8026904296875 0.8324607421875 0.802136328125 0.82987470703125 0.7999197265625 0.82876640625 0.7982572265625 0.82562626953125
0 0.856824609375 0.77483134765625 0.85590107421875 0.7746466796875 0.86365908203125 0.77095234375 0.88213056640625 0.76504150390625 0.88564013671875 0.77427724609375 0.88841083984375 0.77575498046875 0.89192041015625 0.77926455078125 0.895060546875 0.78572958984375 0.8952453125 0.79348759765625 0.869569921875 0.80143037109375 0.8645826171875 0.792379296875 0.85867177734375 0.79478056640625 0.85442333984375 0.78628369140625 0.86162724609375 0.783882421875 0.856824609375 0.77483134765625
0 0.8318880859375 0.75081845703125 0.88046806640625 0.7334552734375 0.88268466796875 0.74102861328125 0.879729296875 0.74176748046875 0.88416240234375 0.75100322265625 0.88914970703125 0.75137265625 0.88970380859375 0.7563599609375 0.88065283203125 0.7563599609375 0.8825462890625 0.7638728515625 0.88069169921875 0.7648001953125 0.87714619140625 0.76529111328125 0.87736435546875 0.7643091796875 0.86978232421875 0.7664365234375 0.8696732421875 0.76758203125 0.8578015625 0.77190146484375 0.85700185546875 0.77056865234375 0.85629111328125 0.77056865234375 0.85418056640625 0.7754646484375 0.83884638671875 0.7810087890625 0.8357845703125 0.7700091796875 0.83260947265625 0.7710296875 0.82852705078125 0.7576486328125 0.8327228515625 0.7565146484375 0.8312486328125 0.75186533203125 0.8318880859375 0.75081845703125
0 0.94568603515625 0.7304939453125 0.9503173828125 0.7281783203125 0.9503173828125 0.726586328125 0.96811904296875 0.71949453125 0.97014521484375 0.72065244140625 0.97361875 0.71978408203125 0.9757896484375 0.72441533203125 0.98056572265625 0.72311279296875 0.98924951171875 0.74409853515625 0.9869337890625 0.74583525390625 0.985341796875 0.74800615234375 0.97926318359375 0.750032421875 0.95422509765625 0.76059755859375 0.95205419921875 0.76103173828125 0.9507515625 0.75625576171875 0.95379091796875 0.754663671875 0.9485806640625 0.742072265625 0.94959375 0.7404802734375 0.9459755859375 0.731217578125 0.94568603515625 0.7304939453125
0 0.98616533203125 0.714896484375 0.99444345703125 0.7117212890625 0.99750517578125 0.71410263671875 0.99843330078125 0.71766015625 0.99843330078125 0.7230056640625 0.9877529296875 0.7260095703125 0.9874126953125 0.7207931640625 0.98525810546875 0.7154634765625 0.98616533203125 0.714896484375
0 0.93336875 0.7024427734375 0.9581205078125 0.695977734375 0.957381640625 0.69283759765625 0.96550908203125 0.69006689453125 0.96920341796875 0.68914326171875 0.97197412109375 0.68840439453125 0.97880859375 0.70909248046875 0.9752990234375 0.70927724609375 0.97658642578125 0.716366015625 0.9755421875 0.71643564453125 0.975263671875 0.7187330078125 0.9687892578125 0.718941796875 0.96851083984375 0.7179671875 0.94971982421875 0.72510947265625 0.94895048828125 0.72780205078125 0.9463861328125 0.72831494140625 0.94634345703125 0.7293833984375 0.94407822265625 0.72972529296875 0.93704296875 0.718321875 0.93820078125 0.71441416015625 0.93617451171875 0.71166435546875 0.93458251953125 0.71166435546875 0.93226689453125 0.70428310546875 0.93299052734375 0.70283583984375 0.93336875 0.7024427734375
0 0.92111474609375 0.67301787109375 0.95916591796875 0.6608267578125 0.96840166015625 0.6593490234375 0.97634443359375 0.67874404296875 0.975975 0.68317724609375 0.967293359375 0.68539384765625 0.96507685546875 0.68447021484375 0.96027421875 0.6850244140625 0.96082841796875 0.6890880859375 0.93570712890625 0.697030859375 0.93293642578125 0.686871484375 0.927764453125 0.6892728515625 0.9225923828125 0.68299248046875 0.9242548828125 0.6792982421875 0.921853515625 0.67449560546875 0.92111474609375 0.67301787109375
0 0.9117376953125 0.64027529296875 0.9419134765625 0.6308453125 0.94544970703125 0.63320283203125 0.95322939453125 0.65795634765625 0.9515791015625 0.659606640625 0.921167578125 0.6690365234375 0.91715986328125 0.661492578125 0.91598115234375 0.65465595703125 0.91456669921875 0.64758349609375 0.9117376953125 0.64805498046875 0.911501953125 0.6447544921875 0.911501953125 0.6428685546875 0.9117376953125 0.64027529296875
0 0.9087185546875 0.6025720703125 0.93158564453125 0.59823017578125 0.93201982421875 0.6014142578125 0.94157197265625 0.59967744140625 0.94432177734375 0.61111103515625 0.9359275390625 0.61328203125 0.9379537109375 0.62370244140625 0.9362169921875 0.629636328125 0.936072265625 0.6305046875 0.91624443359375 0.63470185546875 0.9130603515625 0.6309388671875 0.91233671875 0.62037373046875 0.9084291015625 0.62008427734375 0.90437666015625 0.6066244140625 0.90813955078125 0.6054666015625 0.9084291015625 0.6034404296875 0.9087185546875 0.6025720703125
0 0.89517197265625 0.57635703125 0.90824462890625 0.573765234375 0.90824462890625 0.5709302734375 0.9335326171875 0.56662109375 0.934893359375 0.57036328125 0.93648095703125 0.57013642578125 0.94158388671875 0.58873388671875 0.94135712890625 0.5920224609375 0.94113037109375 0.59270283203125 0.9343263671875 0.59361005859375 0.93538974609375 0.596744140625 0.926371875 0.59832548828125 0.926286328125 0.5972142578125 0.9108576171875 0.60097529296875 0.90837880859375 0.600376953125 0.9052025390625 0.5926111328125 0.901873828125 0.5937689453125 0.89579521484375 0.5774146484375 0.89517197265625 0.57635703125
0 0.95943486328125 0.5530982421875 0.9664541015625 0.551251171875 0.9692248046875 0.55919384765625 0.9690400390625 0.5617798828125 0.96294453125 0.56288818359375 0.96109736328125 0.5575314453125 0.95943486328125 0.5530982421875
0 0.89644716796875 0.54016826171875 0.93191240234375 0.53407265625 0.93191240234375 0.5348115234375 0.93911630859375 0.53444208984375 0.9429953125 0.54589443359375 0.9413328125 0.54995810546875 0.94558125 0.5615951171875 0.91431064453125 0.5684880859375 0.89725126953125 0.57133134765625 0.8958296875 0.5696431640625 0.89396376953125 0.558714453125 0.891031640625 0.54778583984375 0.897606640625 0.545919921875 0.89680703125 0.540677734375 0.89644716796875 0.54016826171875
0 0.7994185546875 0.548325390625 0.8211279296875 0.54427294921875 0.82127265625 0.54586494140625 0.8251802734375 0.54586494140625 0.83140361328125 0.56945576171875 0.82995634765625 0.575244921875 0.80853642578125 0.57944208984375 0.80462880859375 0.571771484375 0.801589453125 0.56728486328125 0.798984375 0.5496279296875 0.7994185546875 0.548325390625
0 0.79933857421875 0.58430166015625 0.83508662109375 0.5783677734375 0.83725751953125 0.58401220703125 0.83783642578125 0.5915380859375 0.8398626953125 0.590525 0.8426125 0.60427421875 0.840007421875 0.60586630859375 0.8404416015625 0.60789248046875 0.8278501953125 0.61180009765625 0.8041146484375 0.6155630859375 0.79832548828125 0.58531474609375 0.79933857421875 0.58430166015625
0 0.71438974609375 0.5605875 0.72842841796875 0.5587060546875 0.72915205078125 0.55610087890625 0.74116455078125 0.55436416015625 0.74130927734375 0.5572587890625 0.75592685546875 0.55610087890625 0.758242578125 0.56811337890625 0.7598345703125 0.56811337890625 0.7609923828125 0.574626171875 0.759979296875 0.57506044921875 0.759400390625 0.57853388671875 0.75216396484375 0.57940224609375 0.75201923828125 0.582586328125 0.733638671875 0.5864939453125 0.72669169921875 0.58736240234375 0.721915625 0.57650771484375 0.71786318359375 0.5747708984375 0.71699482421875 0.5695607421875 0.71467919921875 0.56753447265625 0.713666015625 0.5616005859375 0.71438974609375 0.5605875
0 0.7203505859375 0.592887109375 0.7314947265625 0.5904267578125 0.732496875 0.58806337890625 0.7478822265625 0.58423447265625 0.7478822265625 0.58497646484375 0.76112099609375 0.58266630859375 0.76458623046875 0.5907517578125 0.764852734375 0.59261767578125 0.762542578125 0.5927953125 0.76343115234375 0.5992814453125 0.76627431640625 0.5991037109375 0.76876220703125 0.6118982421875 0.76840673828125 0.6132310546875 0.75054775390625 0.61714052734375 0.75019228515625 0.61696279296875 0.7496591796875 0.6163408203125 0.74912607421875 0.61500810546875 0.73126708984375 0.6186509765625 0.72762421875 0.6015916015625 0.72344814453125 0.6025689453125 0.72069384765625 0.592973046875 0.7203505859375 0.592887109375
0 0.72935146484375 0.6198654296875 0.7409181640625 0.61771083984375 0.74148515625 0.61907158203125 0.74874267578125 0.61771083984375 0.75067041015625 0.61827783203125 0.75384560546875 0.61941181640625 0.75702080078125 0.6321125 0.7567939453125 0.63415361328125 0.75951552734375 0.64163798828125 0.7594021484375 0.64594716796875 0.73762958984375 0.65161708984375 0.73728935546875 0.6469677734375 0.7326400390625 0.64016376953125 0.729805078125 0.63313310546875 0.729805078125 0.625762109375 0.728330859375 0.62077255859375 0.72935146484375 0.6198654296875
0 0.79823134765625 0.62076396484375 0.828769140625 0.6135275390625 0.83340048828125 0.6117908203125 0.83615029296875 0.61164609375 0.83643974609375 0.61685625 0.8438208984375 0.61627734375 0.8477751953125 0.6371474609375 0.84630244140625 0.639929296875 0.8382294921875 0.64058388671875 0.83757490234375 0.6389474609375 0.81968359375 0.64331123046875 0.81613798828125 0.64723857421875 0.81548349609375 0.64800224609375 0.80495458984375 0.64970322265625 0.80404736328125 0.6467548828125 0.80416083984375 0.64335283203125 0.7982640625 0.62203388671875 0.79823134765625 0.62076396484375
0 0.82006142578125 0.6447123046875 0.83614345703125 0.64098056640625 0.83836474609375 0.64195791015625 0.8451173828125 0.641513671875 0.85178125 0.65901728515625 0.8518701171875 0.66781357421875 0.82565908203125 0.67447744140625 0.8259255859375 0.67225615234375 0.817484765625 0.64862177734375 0.81926181640625 0.64533427734375 0.82006142578125 0.6447123046875
0 0.782409375 0.64933251953125 0.78331650390625 0.6491056640625 0.7860380859375 0.64842529296875 0.7869453125 0.64899228515625 0.789553515625 0.649219140625 0.79080087890625 0.65704365234375 0.78501748046875 0.659425 0.782409375 0.64933251953125
0 0.78138876953125 0.6366318359375 0.78229599609375 0.63617822265625 0.782069140625 0.63334326171875 0.7861515625 0.6332298828125 0.78626494140625 0.63606484375 0.78853291015625 0.63561123046875 0.7894400390625 0.64014716796875 0.78479072265625 0.6415080078125 0.782409375 0.64162138671875 0.78138876953125 0.6366318359375
0 0.78455107421875 0.64249130859375 0.78670927734375 0.6417951171875 0.7914431640625 0.64151669921875 0.79151279296875 0.647991015625 0.78496884765625 0.64757333984375 0.78489921875 0.64297861328125 0.78455107421875 0.64249130859375
0 0.82299208984375 0.68327119140625 0.82400517578125 0.68240283203125 0.8297943359375 0.67994248046875 0.8315310546875 0.6770478515625 0.8386228515625 0.6745875 0.8420962890625 0.6757453125 0.8558455078125 0.67212705078125 0.85787177734375 0.6767583984375 0.85859541015625 0.68052138671875 0.85931904296875 0.68283701171875 0.86047685546875 0.68399482421875 0.86148994140625 0.6870341796875 0.8655423828125 0.6997703125 0.8646740234375 0.70034921875 0.8646740234375 0.7013623046875 0.85931904296875 0.7028095703125 0.85874013671875 0.7004939453125 0.83789912109375 0.70787509765625 0.83789912109375 0.7094671875 0.83630712890625 0.7094671875 0.83283369140625 0.7104802734375 0.83254423828125 0.7093224609375 0.831965234375 0.709756640625 0.8268998046875 0.6970205078125 0.8268998046875 0.69427060546875 0.82299208984375 0.68327119140625
0 0.807493359375 0.67672236328125 0.81321953125 0.675429296875 0.81488203125 0.679677734375 0.8156208984375 0.679677734375 0.81635966796875 0.68226376953125 0.8082322265625 0.6848498046875 0.80730869140625 0.6806013671875 0.807493359375 0.67672236328125
0 0.83927841796875 0.70867236328125 0.8563345703125 0.7024068359375 0.858980078125 0.70505234375 0.86273935546875 0.70421689453125 0.86774990234375 0.716066015625 0.8683306640625 0.7168134765625 0.87160263671875 0.71813623046875 0.87139384765625 0.7260029296875 0.874874609375 0.7260029296875 0.87536201171875 0.7326861328125 0.8709064453125 0.73352158203125 0.86972294921875 0.734705078125 0.86638134765625 0.7358189453125 0.86638134765625 0.7369328125 0.8610904296875 0.73860361328125 0.86067275390625 0.737559375 0.84974287109375 0.74110986328125 0.8433380859375 0.72739521484375 0.8433380859375 0.72273095703125 0.83930029296875 0.71068720703125 0.83927841796875 0.70867236328125
0 0.7364685546875 0.65324931640625 0.7622302734375 0.646591796875 0.76440126953125 0.6484732421875 0.76512490234375 0.65209150390625 0.7696115234375 0.65107841796875 0.7733744140625 0.66338037109375 0.76917734375 0.66497236328125 0.771203515625 0.6730771484375 0.7707693359375 0.67741904296875 0.7589015625 0.6824845703125 0.7584673828125 0.6819056640625 0.748046875 0.683787109375 0.74356025390625 0.6722087890625 0.74124462890625 0.6722087890625 0.738060546875 0.66555126953125 0.7361791015625 0.66468291015625 0.73429765625 0.66207783203125 0.7335740234375 0.6567228515625 0.7348765625 0.6561439453125 0.73429765625 0.65411767578125 0.7364685546875 0.65324931640625
0 0.74579365234375 0.6876548828125 0.75611298828125 0.684026171875 0.76166953125 0.6836859375 0.780153515625 0.6797169921875 0.7812875 0.67983037109375 0.7833287109375 0.68062421875 0.789225390625 0.69275791015625 0.78196787109375 0.695366015625 0.78593681640625 0.70466474609375 0.78491630859375 0.7060255859375 0.7758443359375 0.70897392578125 0.77573095703125 0.7085203125 0.75497900390625 0.71487060546875 0.75293779296875 0.71487060546875 0.75101005859375 0.71067490234375 0.744773046875 0.687768359375 0.74579365234375 0.6876548828125
0 0.75519736328125 0.71590263671875 0.75741865234375 0.71510302734375 0.758218359375 0.71599150390625 0.77430029296875 0.7100384765625 0.7794537109375 0.709949609375 0.7887830078125 0.73553876953125 0.7887830078125 0.73669375 0.78762802734375 0.736871484375 0.78789453125 0.73829306640625 0.76754765625 0.745401171875 0.7623943359375 0.73447255859375 0.7614169921875 0.729319140625 0.75644130859375 0.71705771484375 0.7558193359375 0.71723544921875 0.75519736328125 0.71590263671875
0 0.770417578125 0.74633916015625 0.78894287109375 0.739681640625 0.796179296875 0.74387880859375 0.80370517578125 0.762259375 0.80384990234375 0.76616708984375 0.80399462890625 0.76689072265625 0.77707509765625 0.776876953125 0.77591728515625 0.76992998046875 0.7736015625 0.76775908203125 0.76737822265625 0.75589130859375 0.769838671875 0.75487822265625 0.76795712890625 0.747641796875 0.770417578125 0.74633916015625
0 0.777128125 0.781289453125 0.77822666015625 0.7806458984375 0.7874119140625 0.77735732421875 0.78797890625 0.7783779296875 0.8073701171875 0.771347265625 0.80827734375 0.76601748046875 0.81406064453125 0.7647701171875 0.81508125 0.76715146484375 0.81723583984375 0.76737822265625 0.81973056640625 0.7727080078125 0.8239263671875 0.77316162109375 0.824153125 0.7787181640625 0.8208646484375 0.77860478515625 0.824153125 0.7821201171875 0.8276685546875 0.78915087890625 0.8276685546875 0.78983125 0.826959375 0.79146767578125 0.81943193359375 0.79501318359375 0.82003193359375 0.7968677734375 0.81566826171875 0.7976859375 0.8153955078125 0.7968677734375 0.8138892578125 0.7946044921875 0.79261416015625 0.80386708984375 0.786825 0.7941703125 0.78248310546875 0.795328125 0.78103583984375 0.78823642578125 0.777128125 0.781289453125
0 0.450757421875 0.8493287109375 0.46348779296875 0.84909296875 0.46513798828125 0.838955859375 0.47763271484375 0.84131328125 0.475982421875 0.85239345703125 0.47786845703125 0.85262919921875 0.4781220703125 0.87799453125 0.4773283203125 0.88014912109375 0.4761943359375 0.881396484375 0.47290576171875 0.88173671875 0.47290576171875 0.8951177734375 0.4524939453125 0.89432392578125 0.4517076171875 0.8780322265625 0.453878515625 0.8780322265625 0.4519970703125 0.86529609375 0.450983984375 0.8514021484375 0.450757421875 0.8493287109375
0 0.48242578125 0.85522890625 0.49092265625 0.8546748046875 0.491107421875 0.8504263671875 0.5003431640625 0.8502416015625 0.5003431640625 0.85134990234375 0.50551513671875 0.8519041015625 0.50551513671875 0.85356650390625 0.51050244140625 0.85412060546875 0.51216484375 0.88071962890625 0.511056640625 0.88626103515625 0.5103177734375 0.88755400390625 0.48279521484375 0.888108203125 0.48224111328125 0.88404443359375 0.4803939453125 0.8803501953125 0.48057861328125 0.85559833984375 0.48242578125 0.85522890625
0 0.50977021484375 0.84536103515625 0.52163798828125 0.838703515625 0.52279580078125 0.841019140625 0.53466357421875 0.83551943359375 0.53668974609375 0.839861328125 0.539873828125 0.8388482421875 0.5420447265625 0.84347958984375 0.5414658203125 0.84507158203125 0.5426236328125 0.84796611328125 0.54624189453125 0.85650517578125 0.54522880859375 0.8634521484375 0.52178271484375 0.87314892578125 0.52207216796875 0.86649140625 0.51382265625 0.8549130859375 0.514112109375 0.8517291015625 0.51020439453125 0.84579521484375 0.50977021484375 0.84536103515625
0 0.535497265625 0.82217939453125 0.556950390625 0.8120421875 0.56331552734375 0.8162857421875 0.57628173828125 0.8429251953125 0.575338671875 0.84575419921875 0.57746044921875 0.85164794921875 0.5644943359375 0.858248828125 0.56284404296875 0.85164794921875 0.5498779296875 0.8561271484375 0.54024892578125 0.8350849609375 0.5354509765625 0.82584443359375 0.535362109375 0.8234455078125 0.535497265625 0.82217939453125
0 0.563457421875 0.80979609375 0.574797265625 0.8038994140625 0.57298291015625 0.79993046875 0.58069404296875 0.79698203125 0.583869140625 0.80628076171875 0.58659072265625 0.80548701171875 0.586137109375 0.80265205078125 0.59055966796875 0.80083759765625 0.59430185546875 0.80832197265625 0.59316787109375 0.81206416015625 0.5922607421875 0.81353828125 0.59475546875 0.8197751953125 0.597363671875 0.82034228515625 0.60654892578125 0.8355376953125 0.60575517578125 0.83905302734375 0.59475546875 0.8446095703125 0.5839826171875 0.849258984375 0.57978681640625 0.84823837890625 0.57366328125 0.8310017578125 0.5685603515625 0.819208203125 0.5644779296875 0.81058994140625 0.563457421875 0.80979609375
0 0.59058212890625 0.79283173828125 0.60302890625 0.787042578125 0.6054892578125 0.78197705078125 0.61055478515625 0.7828455078125 0.61619921875 0.78038505859375 0.62343564453125 0.7952921875 0.6292248046875 0.80672568359375 0.6329876953125 0.81352802734375 0.6324087890625 0.81714619140625 0.61315986328125 0.82640888671875 0.61069951171875 0.8211986328125 0.61012060546875 0.8211986328125 0.604476171875 0.8220669921875 0.60259462890625 0.81729091796875 0.60259462890625 0.81439638671875 0.59854228515625 0.8112123046875 0.59810810546875 0.8080283203125 0.59058212890625 0.79283173828125
0 0.62198837890625 0.78197705078125 0.62343564453125 0.78125341796875 0.619962109375 0.77416171875 0.6303826171875 0.7705435546875 0.6321193359375 0.772714453125 0.64311875 0.76909619140625 0.65006572265625 0.78154287109375 0.65455234375 0.78848994140625 0.6541181640625 0.79297646484375 0.66178876953125 0.809909765625 0.66193349609375 0.812225390625 0.65802587890625 0.81454111328125 0.66135458984375 0.821343359375 0.654262890625 0.824237890625 0.65006572265625 0.81758037109375 0.64311875 0.8203302734375 0.6397900390625 0.81338330078125 0.63805322265625 0.81454111328125 0.63602705078125 0.811067578125 0.62589599609375 0.79167392578125 0.62575126953125 0.7883451171875 0.62198837890625 0.78197705078125
0 0.64789482421875 0.76547802734375 0.67105146484375 0.75607060546875 0.67452490234375 0.7593994140625 0.68581376953125 0.7837138671875 0.66222294921875 0.79427900390625 0.65976259765625 0.7874767578125 0.6562890625 0.7844375 0.64934208984375 0.76851728515625 0.64789482421875 0.76547802734375
0 0.69228984375 0.7500919921875 0.7060390625 0.7460396484375 0.70777578125 0.7471974609375 0.71631484375 0.76615693359375 0.72253818359375 0.77715634765625 0.7205119140625 0.78178759765625 0.70213134765625 0.7884451171875 0.70271025390625 0.78974775390625 0.70271025390625 0.79018193359375 0.70314443359375 0.79133974609375 0.69807900390625 0.79293173828125 0.69344765625 0.7861294921875 0.6850533203125 0.76702529296875 0.68635595703125 0.76586748046875 0.6801326171875 0.75428916015625 0.69098720703125 0.75023671875 0.69228984375 0.7500919921875
