0 0.4866509765625 0.071555859375 0.48187705078125 0.06902744140625 0.48814609375 0.05615625 0.4936779296875 0.05869794921875 0.49920986328125 0.04703603515625 0.5186462890625 0.0564552734375 0.51132021484375 0.0718548828125 0.51730068359375 0.0746955078125 0.50728349609375 0.09458046875 0.50130302734375 0.09144072265625 0.4954720703125 0.10340166015625 0.47618525390625 0.092786328125 0.4866509765625 0.071555859375
0 0.58018349609375 0.08288603515625 0.5857154296875 0.06359921875 0.5975267578125 0.06778544921875 0.59169580078125 0.08677333984375 0.58018349609375 0.08288603515625
0 0.23396884765625 0.2972662109375 0.23689130859375 0.32235048828125 0.19646416015625 0.3303873046875 0.1928111328125 0.32746484375 0.18769677734375 0.31431376953125 0.187209765625 0.30067568359375 0.22666279296875 0.2931630859375 0.23396884765625 0.2972662109375
0 0.3564994140625 0.24763603515625 0.392027734375 0.244751171875 0.39331630859375 0.2654859375 0.38235888671875 0.2664279296875 0.3827630859375 0.272689453125 0.358216796875 0.27435048828125 0.3564994140625 0.24763603515625
0 0.4322119140625 0.3580078125 0.4364533203125 0.31537216796875 0.44504013671875 0.31537216796875 0.45801572265625 0.318234375 0.4534361328125 0.35830615234375 0.4322119140625 0.3580078125
0 0.20602255859375 0.40490830078125 0.21633876953125 0.40401123046875 0.2173853515625 0.4146265625 0.20721865234375 0.41597216796875 0.20602255859375 0.40490830078125
0 0.2346001953125 0.40525146484375 0.24289931640625 0.4036251953125 0.2419921875 0.38369951171875 0.260191015625 0.381096484375 0.26026328125 0.3826884765625 0.26362216796875 0.38287001953125 0.2639849609375 0.3963052734375 0.27443125 0.3949578125 0.27443125 0.39877412109375 0.29618447265625 0.3959119140625 0.29618447265625 0.3962935546875 0.29809267578125 0.41537529296875 0.26832509765625 0.421672265625 0.26794345703125 0.42606103515625 0.25382294921875 0.42930498046875 0.24943408203125 0.42835087890625 0.246953515625 0.42052734375 0.23512275390625 0.4226263671875 0.2346001953125 0.40525146484375
0 0.81243857421875 0.87533486328125 0.831609375 0.8730619140625 0.83227724609375 0.88567861328125 0.81410400390625 0.88694189453125 0.811175390625 0.88155322265625 0.81243857421875 0.87533486328125
0 0.81968701171875 0.9089150390625 0.81998603515625 0.89306689453125 0.85257939453125 0.89127275390625 0.85347646484375 0.91967978515625 0.831946875 0.92087587890625 0.83030224609375 0.919829296875 0.8298537109375 0.9183341796875 0.82910625 0.91713818359375 0.82776064453125 0.915792578125 0.82716259765625 0.9148955078125 0.8267140625 0.91414794921875 0.82656455078125 0.9131013671875 0.8252662109375 0.91115771484375 0.822527734375 0.9095130859375 0.81968701171875 0.9089150390625
0 0.68442197265625 0.73365810546875 0.73734873046875 0.74786162109375 0.73109599609375 0.76792275390625 0.678591015625 0.75414111328125 0.68442197265625 0.73365810546875
2 0.69043037109375 0.73314033203125 0.69920517578125 0.712572265625 0.750324609375 0.727607421875 0.74147060546875 0.74805283203125 0.69043037109375 0.73314033203125
0 0.821171484375 0.82040458984375 0.8210318359375 0.81809287109375 0.8215408203125 0.81582197265625 0.8224625 0.81409697265625 0.82368994140625 0.81297509765625 0.82551064453125 0.81165947265625 0.82780146484375 0.81135458984375 0.83067353515625 0.81165947265625 0.83340517578125 0.81217314453125 0.8357734375 0.81285576171875 0.83772548828125 0.81426591796875 0.83885859375 0.81594091796875 0.839740234375 0.8182955078125 0.83948818359375 0.820537109375 0.83867509765625 0.82229736328125 0.8371296875 0.82430859375 0.835526953125 0.82532958984375 0.83286435546875 0.82603779296875 0.82938857421875 0.82643720703125 0.82694599609375 0.8262267578125 0.8244064453125 0.82547294921875 0.82223671875 0.8233033203125 0.821171484375 0.82040458984375
0 0.8193810546875 0.8196923828125 0.821171484375 0.82040458984375 0.82223671875 0.8233033203125 0.8244064453125 0.82547294921875 0.82694599609375 0.8262267578125 0.82790244140625 0.82806123046875 0.828031640625 0.830187109375 0.82679501953125 0.832759765625 0.82522099609375 0.834459765625 0.8223435546875 0.83511298828125 0.81929326171875 0.83483623046875 0.81716328125 0.834459765625 0.81495966796875 0.83370419921875 0.81274033203125 0.83258291015625 0.810805078125 0.831326953125 0.80960791015625 0.82973759765625 0.80911845703125 0.82769677734375 0.809230078125 0.8250154296875 0.8101505859375 0.82281884765625 0.8118115234375 0.82092294921875 0.81420830078125 0.8197552734375 0.816785546875 0.8195376953125 0.8193810546875 0.8196923828125
0 0.79694892578125 0.83141689453125 0.80812783203125 0.8260837890625 0.80911845703125 0.82769677734375 0.80960791015625 0.82973759765625 0.810805078125 0.831326953125 0.815922265625 0.84259580078125 0.80505107421875 0.8472109375 0.8038841796875 0.844409375 0.79874130859375 0.834846875 0.79694892578125 0.83141689453125
0 0.79874130859375 0.834846875 0.8038841796875 0.844409375 0.80340205078125 0.8456951171875 0.79894580078125 0.847073828125 0.79585712890625 0.84719404296875 0.79399462890625 0.8466283203125 0.79205849609375 0.8459607421875 0.79039130859375 0.8453171875 0.7894931640625 0.8440861328125 0.7885048828125 0.84268525390625 0.78801318359375 0.84013955078125 0.7886529296875 0.837728515625 0.7894931640625 0.8359462890625 0.79168662109375 0.834569140625 0.7940318359375 0.83387431640625 0.79695205078125 0.8342349609375 0.79874130859375 0.834846875
0 0.6119181640625 0.690718359375 0.6750658203125 0.70642177734375 0.676736328125 0.708259375 0.6700541015625 0.735823828125 0.6675482421875 0.73716025390625 0.6028970703125 0.72145693359375 0.6119181640625 0.690718359375
