4 0.84393310546875 0.771512109375 0.8527185546875 0.7699974609375 0.85509150390625 0.7831658203125 0.845833984375 0.78439345703125 0.84393310546875 0.771512109375
4 0.574009375 0.68883837890625 0.58436416015625 0.68924814453125 0.5834875 0.70428935546875 0.57297255859375 0.703623828125 0.574009375 0.68883837890625
4 0.65628271484375 0.8930396484375 0.6611130859375 0.8913953125 0.66286015625 0.89787001953125 0.65792705078125 0.899719921875 0.65628271484375 0.8930396484375
0 0.4720921875 0.40727119140625 0.48672861328125 0.40933974609375 0.48539140625 0.41985302734375 0.4707392578125 0.41871748046875 0.4720921875 0.40727119140625
3 0.454570703125 0.40685966796875 0.4599892578125 0.4067693359375 0.45987705078125 0.4129974609375 0.45446279296875 0.41300556640625 0.454570703125 0.40685966796875
3 3.232421875e-05 0.45488017578125 0.00321005859375 0.45478330078125 0.00267646484375 0.45908720703125 3.232421875e-05 0.462984765625 3.232421875e-05 0.45488017578125
1 0.19752705078125 0.31149560546875 0.1979865234375 0.3102876953125 0.2021552734375 0.31174677734375 0.2011130859375 0.3143521484375 0.20872099609375 0.31685341796875 0.20535546875 0.32742236328125 0.19320791015625 0.32283330078125 0.19752705078125 0.31149560546875
1 0.13192490234375 0.30621875 0.14080625 0.31042705078125 0.13678759765625 0.32009521484375 0.12777373046875 0.3154697265625 0.13192490234375 0.30621875
3 0.348480078125 0.16167685546875 0.35619638671875 0.163826171875 0.3529775390625 0.17364365234375 0.3455740234375 0.17111552734375 0.348480078125 0.16167685546875
0 0.22122490234375 0.12498203125 0.23211435546875 0.1181681640625 0.23937265625 0.12914267578125 0.22853154296875 0.135480078125 0.22122490234375 0.12498203125
1 0.230826171875 0.0832775390625 0.24449677734375 0.08143427734375 0.245632421875 0.0942384765625 0.23205146484375 0.09533369140625 0.230826171875 0.0832775390625
0 0.3921234375 0.0462044921875 0.404167578125 0.045892578125 0.4042564453125 0.0581857421875 0.39248076171875 0.05781103515625 0.3921234375 0.0462044921875
3 0.3576630859375 0.23941103515625 0.36170947265625 0.2290060546875 0.3732705078125 0.23363046875 0.3674900390625 0.243457421875 0.3576630859375 0.23941103515625
