1 0.7092931640625 0.10299052734375 0.73516884765625 0.11592841796875 0.736071484375 0.1204416015625 0.73516884765625 0.123149609375 0.7472041015625 0.12676015625 0.75923935546875 0.11171611328125 0.76525693359375 0.11532666015625 0.7754869140625 0.1038931640625 0.7670623046875 0.09576943359375 0.7790974609375 0.0813271484375 0.78812392578125 0.08915 0.79684951171875 0.078318359375 0.80828291015625 0.08945087890625 0.80226533203125 0.09877822265625 0.81520322265625 0.10991083984375 0.77238125 0.17107626953125 0.6963552734375 0.1204416015625 0.7092931640625 0.10299052734375
4 0.6733408203125 0.34234873046875 0.6906212890625 0.3408126953125 0.69215732421875 0.355405078125 0.67103681640625 0.356173046875 0.6733408203125 0.34234873046875
1 0.81529775390625 0.3353224609375 0.82046982421875 0.37263486328125 0.784450390625 0.37799150390625 0.783157421875 0.36524619140625 0.78611279296875 0.35878125 0.78851416015625 0.3508384765625 0.7851892578125 0.337354296875 0.7807560546875 0.3380931640625 0.77780068359375 0.3238701171875 0.778759765625 0.320634765625 0.7867798828125 0.32723134765625 0.79542529296875 0.31918212890625 0.79413642578125 0.31087578125 0.8042228515625 0.30813798828125 0.804653515625 0.3025404296875 0.811396484375 0.302333984375 0.81529775390625 0.3353224609375
1 0.80849609375 0.28525390625 0.80846328125 0.28526474609375 0.8108646484375 0.29782529296875 0.811337890625 0.301845703125 0.80420029296875 0.3020658203125 0.8037625 0.30775703125 0.7935869140625 0.3105189453125 0.794903125 0.319001171875 0.7867599609375 0.32658271484375 0.778916015625 0.320126953125 0.77983251953125 0.31703564453125 0.7779853515625 0.3041056640625 0.7752146484375 0.2998572265625 0.7737369140625 0.28803544921875 0.772734375 0.28818359375 0.805762890625 0.28115654296875 0.80849609375 0.28525390625
1 0.804501953125 0.25779296875 0.80490234375 0.28083984375 0.771812109375 0.287880859375 0.771904296875 0.288310546875 0.7637623046875 0.28951318359375 0.75988330078125 0.26254482421875 0.8034759765625 0.254971484375 0.804501953125 0.25779296875
1 0.82675009765625 0.28083154296875 0.80884765625 0.28517578125 0.808971875 0.2850896484375 0.80598544921875 0.2806099609375 0.805390625 0.280732421875 0.805009765625 0.2590234375 0.81825322265625 0.25552568359375 0.82675009765625 0.28083154296875
1 0.94526376953125 0.99900791015625 0.943369140625 0.97040419921875 0.9659138671875 0.96942392578125 0.97130498046875 0.9816765625 0.98404765625 0.9895181640625 0.9831603515625 0.99900712890625 0.94526376953125 0.99900791015625
1 0.949250390625 0.918943359375 0.9541513671875 0.9164927734375 0.953661328125 0.90031943359375 0.9762060546875 0.899829296875 0.97816650390625 0.904240234375 0.9791466796875 0.9091412109375 0.98159716796875 0.9106115234375 0.98306748046875 0.9238443359375 0.98551796875 0.9253146484375 0.98600810546875 0.96844375 0.9541513671875 0.96746357421875 0.953661328125 0.9488396484375 0.95611181640625 0.9493296875 0.9585623046875 0.93658701171875 0.95023056640625 0.9370771484375 0.949250390625 0.918943359375
1 0.9985521484375 0.86172021484375 0.9677724609375 0.85841943359375 0.93666767578125 0.85534736328125 0.93359560546875 0.8323068359375 0.9627802734375 0.830002734375 0.96431630859375 0.8207865234375 0.9985521484375 0.81894443359375 0.9985521484375 0.86172021484375
1 0.89673076171875 0.78200166015625 0.92745146484375 0.77969765625 0.92821953125 0.80273818359375 0.897498828125 0.80696220703125 0.89711484375 0.81579443359375 0.88636259765625 0.823474609375 0.8456576171875 0.822706640625 0.84104951171875 0.8012021484375 0.8422015625 0.77931357421875 0.85333779296875 0.77624150390625 0.854105859375 0.7712494140625 0.8825224609375 0.77278544921875 0.88329052734375 0.78123369140625 0.89673076171875 0.78200166015625
1 0.72738291015625 0.86648359375 0.73967119140625 0.86725166015625 0.73967119140625 0.87953994140625 0.7465833984375 0.8879880859375 0.75541552734375 0.878771875 0.781144140625 0.90450048828125 0.77039189453125 0.91947685546875 0.7592556640625 0.91410068359375 0.75541552734375 0.9183248046875 0.75119150390625 0.92562099609375 0.74197529296875 0.9252369140625 0.73391103515625 0.934069140625 0.7285349609375 0.94098134765625 0.71855068359375 0.93867724609375 0.725846875 0.92946103515625 0.7077984375 0.91064462890625 0.71509462890625 0.90488447265625 0.712790625 0.8937482421875 0.72507890625 0.88261201171875 0.718934765625 0.87377978515625 0.72392685546875 0.8637955078125 0.72738291015625 0.86648359375
4 0.5244240234375 0.92218994140625 0.505546875 0.943994140625 0.486875 0.927958984375 0.50486669921875 0.9083494140625 0.5244240234375 0.92218994140625
1 0.29058720703125 0.9654041015625 0.3062330078125 0.93320986328125 0.335117578125 0.9464486328125 0.3179673828125 0.98105 0.30653388671875 0.9741296875 0.290286328125 0.9699173828125 0.29058720703125 0.9654041015625
1 0.31646298828125 0.904626171875 0.340834375 0.88536982421875 0.34715283203125 0.88898037109375 0.35136513671875 0.88777685546875 0.3603916015625 0.899812109375 0.36249775390625 0.90552880859375 0.365807421875 0.91666142578125 0.33993173828125 0.93712138671875 0.31646298828125 0.904626171875
1 0.37483388671875 0.91425439453125 0.3805505859375 0.89168828125 0.39499287109375 0.894998046875 0.39649736328125 0.8874759765625 0.426886328125 0.897405078125 0.4310986328125 0.89860859375 0.4262845703125 0.91425439453125 0.419966015625 0.91425439453125 0.41906337890625 0.922378125 0.4100369140625 0.9205728515625 0.40552373046875 0.9347142578125 0.37242685546875 0.92538701171875 0.37483388671875 0.91425439453125
1 0.2920916015625 0.8980068359375 0.313755078125 0.91275 0.32007353515625 0.91846669921875 0.31345419921875 0.93260810546875 0.3002154296875 0.92899755859375 0.2932951171875 0.9323072265625 0.28156083984375 0.9262896484375 0.2920916015625 0.8980068359375
1 0.299613671875 0.89710419921875 0.28938369140625 0.8862724609375 0.30292333984375 0.87483896484375 0.31465771484375 0.888077734375 0.30171982421875 0.89830771484375 0.299613671875 0.89710419921875
1 0.2824634765625 0.78397294921875 0.29810927734375 0.77645087890625 0.3038259765625 0.78999052734375 0.3086400390625 0.787884375 0.31826826171875 0.8179724609375 0.31525947265625 0.81947685546875 0.31826826171875 0.82218486328125 0.31104716796875 0.8260962890625 0.3131533203125 0.831512109375 0.29540126953125 0.83602529296875 0.29239248046875 0.83181298828125 0.2884810546875 0.832715625 0.2848705078125 0.8215830078125 0.28757841796875 0.81105224609375 0.28396787109375 0.79570732421875 0.28637490234375 0.796008203125 0.2824634765625 0.78397294921875
1 0.32766494140625 0.784198046875 0.3228623046875 0.78659931640625 0.31916806640625 0.76942080078125 0.33542294921875 0.76609599609375 0.33671591796875 0.778287109375 0.35056953125 0.7762552734375 0.3557416015625 0.80691796875 0.3599900390625 0.80488603515625 0.363499609375 0.8146759765625 0.343550390625 0.81966328125 0.3415185546875 0.8133830078125 0.33062041015625 0.80654853515625 0.32766494140625 0.784198046875
1 0.388990234375 0.7636947265625 0.39804130859375 0.75963095703125 0.42611787109375 0.79232548828125 0.4060546875 0.808720703125 0.37337890625 0.779384765625 0.373289453125 0.7792107421875 0.381786328125 0.77459287109375 0.37365888671875 0.755751953125 0.38381826171875 0.751503515625 0.388990234375 0.7636947265625
1 0.46343486328125 0.72905908203125 0.46001474609375 0.73361923828125 0.46922666015625 0.7428310546875 0.4557009765625 0.759834765625 0.46301708984375 0.7621451171875 0.4584810546875 0.76857119140625 0.4660546875 0.7758984375 0.45751943359375 0.7877076171875 0.4322134765625 0.771452734375 0.40393759765625 0.74805224609375 0.413187890625 0.73561806640625 0.42981220703125 0.74596201171875 0.43775498046875 0.735802734375 0.4423728515625 0.72324208984375 0.452275390625 0.722412109375 0.46343486328125 0.72905908203125
1 0.40154609375 0.6773412109375 0.44684619140625 0.666920703125 0.4561087890625 0.703537109375 0.43251806640625 0.70845791015625 0.43020234375 0.700353125 0.42180810546875 0.7022345703125 0.41992666015625 0.69355087890625 0.41080869140625 0.69557705078125 0.407045703125 0.69659013671875 0.4055984375 0.69687958984375 0.4016908203125 0.6787884765625 0.40154609375 0.6773412109375
1 0.3914125 0.63817216796875 0.3976927734375 0.637802734375 0.39750810546875 0.6341083984375 0.40600498046875 0.63300009765625 0.41561015625 0.6211783203125 0.426877734375 0.61729931640625 0.43500517578125 0.61600634765625 0.438330078125 0.63761796875 0.4416548828125 0.636140234375 0.4466421875 0.63503193359375 0.4518142578125 0.6595990234375 0.4316802734375 0.66347802734375 0.423922265625 0.66347802734375 0.418380859375 0.65645888671875 0.39270546875 0.661630859375 0.38827236328125 0.63928037109375 0.3914125 0.63817216796875
1 0.358292578125 0.61188193359375 0.3960123046875 0.57251201171875 0.40308466796875 0.56449658203125 0.4148720703125 0.5769912109375 0.40850693359375 0.58217763671875 0.42430205078125 0.59537958984375 0.39224033203125 0.6241408203125 0.38752529296875 0.61919013671875 0.3740876953125 0.630741796875 0.358292578125 0.61188193359375
1 0.330964453125 0.580933984375 0.34629580078125 0.55581279296875 0.35460791015625 0.5428828125 0.36236591796875 0.54879365234375 0.36624501953125 0.545653515625 0.38933427734375 0.56634150390625 0.36402841796875 0.59515703125 0.35682451171875 0.585182421875 0.3579328125 0.582596484375 0.3516525390625 0.57502314453125 0.3485123046875 0.57816328125 0.35239140625 0.5833353515625 0.340754296875 0.5931251953125 0.330964453125 0.580933984375
1 0.30717275390625 0.4922564453125 0.30646552734375 0.48353369140625 0.31589541015625 0.48329794921875 0.34229921875 0.5078158203125 0.341827734375 0.530919140625 0.31707412109375 0.531390625 0.3137736328125 0.55072197265625 0.336876953125 0.55355087890625 0.3342837890625 0.56628134765625 0.319431640625 0.57547548828125 0.3045794921875 0.5488359375 0.303872265625 0.4931994140625 0.30717275390625 0.4922564453125
1 0.23786279296875 0.499800390625 0.2418705078125 0.49673564453125 0.24773017578125 0.495287109375 0.25342216796875 0.49343515625 0.295149609375 0.492963671875 0.295149609375 0.55897314453125 0.27511103515625 0.55850166015625 0.27228203125 0.52054619140625 0.24894296875 0.5177171875 0.2409421875 0.510087109375 0.23786279296875 0.499800390625
1 0.206596484375 0.52080302734375 0.2198958984375 0.517478125 0.2243291015625 0.51064365234375 0.22765390625 0.51230615234375 0.229131640625 0.51304501953125 0.23725908203125 0.50953544921875 0.24224638671875 0.5182169921875 0.24649482421875 0.52043359375 0.24741845703125 0.5268986328125 0.2555458984375 0.54481591796875 0.25055859375 0.55423642578125 0.21915703125 0.56476513671875 0.2073353515625 0.5451853515625 0.21324619140625 0.531701171875 0.206596484375 0.52080302734375
0 0.21301025390625 0.6274296875 0.22483203125 0.61579267578125 0.23351357421875 0.6124677734375 0.23573017578125 0.6167162109375 0.24699775390625 0.61172890625 0.251615625 0.6194869140625 0.24182578125 0.62410478515625 0.24441181640625 0.63038515625 0.2538322265625 0.6252130859375 0.2808005859375 0.6699140625 0.26546923828125 0.67896513671875 0.25420166015625 0.68524541015625 0.243303515625 0.66252548828125 0.24866025390625 0.658646484375 0.24570478515625 0.65125791015625 0.23646904296875 0.654398046875 0.23166640625 0.64405400390625 0.2224306640625 0.64904130859375 0.21301025390625 0.6274296875
0 0.25881953125 0.69743662109375 0.2728578125 0.68616904296875 0.28320185546875 0.69281875 0.29114462890625 0.7055640625 0.28689619140625 0.71424560546875 0.273042578125 0.71424560546875 0.25881953125 0.69743662109375
0 0.28745029296875 0.67600966796875 0.28486435546875 0.6734236328125 0.29945673828125 0.6593853515625 0.31811298828125 0.675640234375 0.32106845703125 0.6734236328125 0.3319666015625 0.68450654296875 0.32642509765625 0.70076142578125 0.3134951171875 0.699837890625 0.28745029296875 0.67600966796875
1 0.1794330078125 0.8453134765625 0.22090595703125 0.8387853515625 0.2189859375 0.8702740234375 0.2059296875 0.872962109375 0.2093857421875 0.9071388671875 0.1610005859375 0.91405107421875 0.15754453125 0.84761748046875 0.1794330078125 0.8453134765625
4 0.11183740234375 0.85899736328125 0.1527572265625 0.8544841796875 0.15666865234375 0.91616474609375 0.11304091796875 0.92097880859375 0.11183740234375 0.85899736328125
4 0.10672236328125 0.87404140625 0.07934228515625 0.87313876953125 0.08054580078125 0.84545771484375 0.11243916015625 0.84786474609375 0.11063388671875 0.87374052734375 0.10672236328125 0.87404140625
1 0.069817578125 0.7415208984375 0.08231220703125 0.73751318359375 0.08914892578125 0.7643884765625 0.072175 0.76839619140625 0.069817578125 0.7415208984375
1 0.01323798828125 0.7490029296875 0.0408205078125 0.7487671875 0.04011328125 0.74593818359375 0.04388525390625 0.74593818359375 0.04695 0.7494744140625 0.0549654296875 0.7494744140625 0.05445673828125 0.7773546875 0.00498681640625 0.77587822265625 0.00404384765625 0.75159619140625 0.01323798828125 0.7490029296875
0 0.092861328125 0.571455078125 0.0922962890625 0.571698828125 0.09820712890625 0.5837052734375 0.07437890625 0.59497294921875 0.053321484375 0.55747578125 0.07841796875 0.5457421875 0.092861328125 0.571455078125
0 0.1063345703125 0.53937373046875 0.1094748046875 0.54011259765625 0.1192646484375 0.560246484375 0.0933203125 0.57126953125 0.0788671875 0.545537109375 0.087308984375 0.54159033203125 0.08472294921875 0.5356794921875 0.1007931640625 0.5290296875 0.1063345703125 0.53937373046875
0 -0.0 0.38443818359375 0.0064443359375 0.38082763671875 0.0275060546875 0.4160306640625 -0.0 0.43438447265625 -0.0 0.38443818359375
0 0.04466083984375 0.44146201171875 0.00163486328125 0.4673376953125 -0.0 0.465532421875 -0.0 0.43948349609375 0.0084375 0.433876953125 0.0155326171875 0.44302412109375 0.02313564453125 0.437638671875 0.01701171875 0.428173828125 0.02932041015625 0.41999970703125 0.04466083984375 0.44146201171875
0 -0.0 0.47179345703125 0.0462267578125 0.4449181640625 0.0584857421875 0.4654283203125 0.011571875 0.49583974609375 0.00992158203125 0.49560400390625 -0.0 0.5039947265625 -0.0 0.47179345703125
0 0.03887587890625 0.480971875 0.058973046875 0.466890234375 0.07267333984375 0.4871060546875 0.0766810546875 0.49064228515625 0.07831904296875 0.50972568359375 0.062115625 0.51939130859375 0.03887587890625 0.480971875
0 0.0399634765625 0.54045576171875 0.0128103515625 0.55467880859375 0.008623046875 0.555341796875 0.00378740234375 0.55000576171875 0.00349052734375 0.54288173828125 0.0037904296875 0.53298505859375 0.00529912109375 0.52634697265625 0.00376162109375 0.5140474609375 -0.0 0.5141796875 -0.0 0.5075974609375 0.01484228515625 0.49801328125 0.0399634765625 0.54045576171875
0 0.01816708984375 0.4990796875 0.0397787109375 0.48725791015625 0.0597279296875 0.520137109375 0.03737744140625 0.53122001953125 0.01816708984375 0.4990796875
1 0.788143359375 0.86199130859375 0.81371826171875 0.84544287109375 0.79626708984375 0.82197412109375 0.81612529296875 0.81023984375 0.83658515625 0.83852255859375 0.84831953125 0.8556728515625 0.80108125 0.8851591796875 0.788143359375 0.86199130859375
1 0.7449412109375 0.99901083984375 0.7446583984375 0.9941435546875 0.73048359375 0.9927828125 0.7307103515625 0.98677265625 0.72492705078125 0.98597890625 0.7253806640625 0.96613408203125 0.72526728515625 0.96239189453125 0.7749359375 0.9673814453125 0.77448232421875 0.9982259765625 0.7735751953125 0.99833935546875 0.773666796875 0.999010546875 0.7449412109375 0.99901083984375
1 0.17046796875 0.49512099609375 0.18595400390625 0.49396318359375 0.18523037109375 0.50438359375 0.1934798828125 0.5036599609375 0.195071875 0.51075166015625 0.19869013671875 0.51017275390625 0.19594033203125 0.52609296875 0.1939140625 0.538394921875 0.1808884765625 0.5402763671875 0.181612109375 0.53173740234375 0.16467880859375 0.53246103515625 0.16424462890625 0.5165408203125 0.1586001953125 0.50829130859375 0.16265263671875 0.49483154296875 0.17046796875 0.49512099609375
1 0.08467216796875 0.74437314453125 0.10003251953125 0.743605078125 0.1073287109375 0.78200595703125 0.09427236328125 0.78162197265625 0.08914892578125 0.7643884765625 0.08467216796875 0.74437314453125
