0 0.25085234375 0.87591083984375 0.25840546875 0.8644888671875 0.2679400390625 0.87119599609375 0.26060751953125 0.8822390625 0.25085234375 0.87591083984375
3 0.47972734375 0.8036337890625 0.48825751953125 0.80353095703125 0.48848798828125 0.8173654296875 0.47970263671875 0.81751689453125 0.47972734375 0.8036337890625
3 0.49128173828125 0.79025869140625 0.501148828125 0.7901779296875 0.50145712890625 0.79914755859375 0.49139873046875 0.79973232421875 0.49128173828125 0.79025869140625
3 0.5556896484375 0.78007470703125 0.56787861328125 0.7790439453125 0.5695611328125 0.793982421875 0.55656181640625 0.7946806640625 0.5556896484375 0.78007470703125
3 0.55987177734375 0.758548046875 0.569330859375 0.7586716796875 0.56925693359375 0.76575126953125 0.55935205078125 0.765496875 0.55987177734375 0.758548046875
0 0.92037802734375 0.74213447265625 0.92795771484375 0.7441248046875 0.92510625 0.75230703125 0.918214453125 0.749990625 0.92037802734375 0.74213447265625
1 0.92747626953125 0.7063619140625 0.93705029296875 0.7106736328125 0.9298861328125 0.72854248046875 0.920898828125 0.72353173828125 0.92747626953125 0.7063619140625
4 0.6175314453125 0.6001875 0.6317306640625 0.603191015625 0.62847705078125 0.61739560546875 0.614037109375 0.613753515625 0.6175314453125 0.6001875
3 0.69786044921875 0.5247560546875 0.7053216796875 0.5216181640625 0.70741357421875 0.5258716796875 0.69978173828125 0.5289904296875 0.69786044921875 0.5247560546875
3 0.68721103515625 0.52920341796875 0.69177939453125 0.5329859375 0.68755966796875 0.53812890625 0.6831666015625 0.5340845703125 0.68721103515625 0.52920341796875
3 0.73652333984375 0.32642314453125 0.7534421875 0.3329091796875 0.74240849609375 0.35271025390625 0.725930078125 0.3450595703125 0.73652333984375 0.32642314453125
1 0.8513986328125 0.02978681640625 0.86184052734375 0.03018271484375 0.8611 0.04237421875 0.85038134765625 0.04156494140625 0.8513986328125 0.02978681640625
3 0.3377021484375 0.5767302734375 0.34432177734375 0.5651064453125 0.3549166015625 0.57148115234375 0.3481474609375 0.5831052734375 0.3377021484375 0.5767302734375
3 0.36740341796875 0.542916796875 0.37226142578125 0.54496259765625 0.36946669921875 0.5506142578125 0.36470537109375 0.5484716796875 0.36740341796875 0.542916796875
3 0.47132939453125 0.51623203125 0.478279296875 0.51199609375 0.48336689453125 0.52180478515625 0.47639091796875 0.5256482421875 0.47132939453125 0.51623203125
1 0.49795546875 0.50979189453125 0.5062890625 0.50431162109375 0.51378994140625 0.51635439453125 0.50515302734375 0.52187607421875 0.49795546875 0.50979189453125
3 0.25218642578125 0.4942853515625 0.2640181640625 0.485028125 0.2726548828125 0.4947013671875 0.26077822265625 0.50414091796875 0.25218642578125 0.4942853515625
3 2.83203125e-05 0.0679955078125 0.009348046875 0.085083203125 2.83203125e-05 0.0905888671875 2.83203125e-05 0.0679955078125
