3 0.03016025390625 0.54255703125 0.0380560546875 0.5441361328125 0.03608203125 0.5530189453125 0.0279888671875 0.55163720703125 0.03016025390625 0.54255703125
3 0.0497228515625 0.5251775390625 0.05035263671875 0.53550673828125 0.02742685546875 0.53550673828125 0.02717490234375 0.525303515625 0.0497228515625 0.5251775390625
3 0.11770517578125 0.5398470703125 0.10939140625 0.55786015625 0.09465341796875 0.5518138671875 0.1030931640625 0.53380068359375 0.11770517578125 0.5398470703125
3 0.1150849609375 0.497495703125 0.116170703125 0.5141755859375 0.104326953125 0.5144716796875 0.10388125 0.49769306640625 0.1150849609375 0.497495703125
1 0.2940041015625 0.08890400390625 0.3038109375 0.09469169921875 0.28902021484375 0.1162345703125 0.27921337890625 0.10980390625 0.2940041015625 0.08890400390625
1 0.27360791015625 0.11218974609375 0.2810033203125 0.1160482421875 0.2765017578125 0.12537275390625 0.26846337890625 0.12151435546875 0.27360791015625 0.11218974609375
2 0.46306015625 0.09283974609375 0.4663521484375 0.09139306640625 0.4740361328125 0.1015962890625 0.45803837890625 0.11671220703125 0.44279658203125 0.09819521484375 0.44254462890625 0.092652734375 0.44871689453125 0.08659599609375 0.45388154296875 0.09101513671875 0.4579125 0.08899970703125 0.46306015625 0.09283974609375
3 0.841666015625 0.115441796875 0.8484681640625 0.12904609375 0.8362494140625 0.1339587890625 0.83032900390625 0.12022841796875 0.841666015625 0.115441796875
1 0.8739833984375 0.86684033203125 0.862247265625 0.873592578125 0.85549501953125 0.8586412109375 0.8669095703125 0.852853515625 0.8739833984375 0.86684033203125
3 0.33308447265625 0.3853654296875 0.343665625 0.390530078125 0.33799716796875 0.401741015625 0.3271640625 0.39594658203125 0.33308447265625 0.3853654296875
2 0.371614453125 0.26238916015625 0.3942603515625 0.265106640625 0.3909732421875 0.28372763671875 0.36799111328125 0.2791470703125 0.371614453125 0.26238916015625
3 0.40331875 0.258312890625 0.417812109375 0.2560482421875 0.4191708984375 0.26737119140625 0.40648916015625 0.27054169921875 0.40331875 0.258312890625
3 0.83794765625 0.09292646484375 0.8553765625 0.08377626953125 0.86626962890625 0.10316591796875 0.84796923828125 0.1129697265625 0.83794765625 0.09292646484375
