3 0.585269140625 0.291003125 0.60495234375 0.29896064453125 0.59937021484375 0.31220341796875 0.57970517578125 0.30529150390625 0.585269140625 0.291003125
3 0.589244921875 0.28295322265625 0.59376162109375 0.270050390625 0.611158203125 0.27572119140625 0.60664150390625 0.2895138671875 0.589244921875 0.28295322265625
3 0.6089056640625 0.24863525390625 0.61804140625 0.23625419921875 0.63227099609375 0.24717177734375 0.6239294921875 0.2582119140625 0.61104931640625 0.2502384765625 0.6089056640625 0.24863525390625
2 0.6168529296875 0.21679169921875 0.62556240234375 0.20501552734375 0.64199990234375 0.21679169921875 0.63414912109375 0.2278318359375 0.6168529296875 0.21679169921875
3 0.63975244140625 0.1849126953125 0.6463564453125 0.1753974609375 0.65882197265625 0.184259375 0.65240302734375 0.19333984375 0.63975244140625 0.1849126953125
3 0.66040712890625 0.13602763671875 0.6717486328125 0.12314833984375 0.68260947265625 0.132471484375 0.67109287109375 0.14502607421875 0.66040712890625 0.13602763671875
3 0.669048046875 0.1074625 0.6740775390625 0.0986302734375 0.68327763671875 0.104150390625 0.6784935546875 0.11273720703125 0.669048046875 0.1074625
3 0.6435185546875 0.9310017578125 0.64899814453125 0.91863359375 0.66621962890625 0.92693125 0.66078642578125 0.9394560546875 0.6435185546875 0.9310017578125
3 0.63983505859375 0.97662265625 0.65421884765625 0.97654736328125 0.65436953125 0.98987685546875 0.640380078125 0.9899521484375 0.63983505859375 0.97662265625
3 0.6243912109375 0.9740576171875 0.62424912109375 0.96356728515625 0.63609501953125 0.96342802734375 0.63634033203125 0.97393798828125 0.6243912109375 0.9740576171875
3 0.61564697265625 0.97520693359375 0.62842197265625 0.975459765625 0.62825390625 0.98469931640625 0.61541064453125 0.98441748046875 0.61564697265625 0.97520693359375
3 0.61788466796875 0.28340126953125 0.621691015625 0.27760166015625 0.632585546875 0.2828732421875 0.6289939453125 0.28911923828125 0.61788466796875 0.28340126953125
3 0.57816376953125 0.28585341796875 0.58380263671875 0.28879248046875 0.58126298828125 0.293460546875 0.57579716796875 0.29053037109375 0.57816376953125 0.28585341796875
3 0.6633650390625 0.120675390625 0.6685462890625 0.12573203125 0.6620689453125 0.13228330078125 0.6610546875 0.13138173828125 0.65829365234375 0.13403017578125 0.6546873046875 0.13048017578125 0.65807158203125 0.1272119140625 0.65704111328125 0.12620654296875 0.6633650390625 0.120675390625
