0 0.02054609375 0.94421123046875 0.03962783203125 0.92894580078125 0.0506953125 0.94707353515625 0.02913291015625 0.96100322265625 0.0184470703125 0.94631025390625 0.02054609375 0.94421123046875
0 0.10281865234375 0.89160595703125 0.11216875 0.88645390625 0.1108330078125 0.8835916015625 0.11789326171875 0.87805791015625 0.11980146484375 0.87996611328125 0.1402189453125 0.86584560546875 0.16235380859375 0.899238671875 0.1533853515625 0.90648974609375 0.150523046875 0.903818359375 0.1379291015625 0.91068779296875 0.141173046875 0.9152673828125 0.126480078125 0.92576240234375 0.10281865234375 0.89160595703125
4 0.212152734375 0.91749990234375 0.22202041015625 0.90793125 0.2239640625 0.910921484375 0.23173857421875 0.903744921875 0.2632853515625 0.94112265625 0.24654013671875 0.95457861328125 0.23921416015625 0.946953515625 0.2366724609375 0.95009326171875 0.212152734375 0.91749990234375
0 0.26175048828125 0.9594708984375 0.2714822265625 0.95107490234375 0.2892283203125 0.97130166015625 0.27797001953125 0.9787435546875 0.26175048828125 0.9594708984375
4 0.2714822265625 0.95057373046875 0.28325849609375 0.9398990234375 0.29040439453125 0.94903642578125 0.27868984375 0.95887666015625 0.2714822265625 0.95057373046875
0 0.39847646484375 0.68915126953125 0.41492265625 0.67405068359375 0.41895947265625 0.6794330078125 0.42299619140625 0.67614384765625 0.42867763671875 0.68376884765625 0.40655 0.7005140625 0.39847646484375 0.68915126953125
0 0.43812314453125 0.65122578125 0.4165607421875 0.67126162109375 0.40701982421875 0.66057587890625 0.4293455078125 0.64168486328125 0.43812314453125 0.65122578125
0 0.4133501953125 0.6548056640625 0.4042841796875 0.64441923828125 0.413095703125 0.63744345703125 0.4219072265625 0.64744814453125 0.4133501953125 0.6548056640625
0 0.358472265625 0.6486287109375 0.35612939453125 0.6485115234375 0.352029296875 0.64288857421875 0.35320068359375 0.641365625 0.350975 0.63749990234375 0.36104951171875 0.631642578125 0.36796103515625 0.642537109375 0.358472265625 0.6486287109375
0 0.34586298828125 0.6136294921875 0.3422375 0.605615234375 0.33842109375 0.60618759765625 0.33345986328125 0.59340283203125 0.34834365234375 0.588632421875 0.355785546875 0.60904990234375 0.34586298828125 0.6136294921875
0 0.31782607421875 0.55354765625 0.31668115234375 0.55354765625 0.311719921875 0.54381591796875 0.32374140625 0.5390455078125 0.32813017578125 0.5482046875 0.31782607421875 0.55354765625
0 0.7729390625 0.81904091796875 0.75709091796875 0.80239140625 0.7650150390625 0.79566337890625 0.779517578125 0.811810546875 0.7729390625 0.81904091796875
0 0.8373775390625 0.745873828125 0.83453681640625 0.7478173828125 0.8125587890625 0.7268859375 0.8300515625 0.7093931640625 0.83573291015625 0.71283193359375 0.83662998046875 0.711486328125 0.84126484375 0.71567265625 0.8427599609375 0.7144765625 0.8485908203125 0.7206064453125 0.84709580078125 0.7235966796875 0.85322568359375 0.73152080078125 0.84589970703125 0.7378001953125 0.84530166015625 0.73765068359375 0.8373775390625 0.745873828125
0 0.73183369140625 0.735833203125 0.72275908203125 0.73035263671875 0.71989677734375 0.71356064453125 0.7746615234375 0.67215322265625 0.790690234375 0.6919982421875 0.78172177734375 0.69982177734375 0.7780779296875 0.6980642578125 0.74627939453125 0.728666796875 0.74295419921875 0.7278470703125 0.73183369140625 0.735833203125
0 0.69744140625 0.771943359375 0.68474013671875 0.78216025390625 0.6759625 0.7726193359375 0.688747265625 0.76460498046875 0.69744140625 0.771943359375
0 0.7179423828125 0.755445703125 0.697822265625 0.771630859375 0.68751953125 0.76224609375 0.68626669921875 0.7598345703125 0.70611171875 0.742279296875 0.7179423828125 0.755445703125
0 0.71978212890625 0.537843359375 0.7282166015625 0.53104892578125 0.72751376953125 0.52718310546875 0.73290244140625 0.52238017578125 0.7370025390625 0.52355166015625 0.74449990234375 0.5178115234375 0.75750302734375 0.53550048828125 0.75316865234375 0.542177734375 0.7571515625 0.55190087890625 0.73231669921875 0.5678326171875 0.71720498046875 0.540186328125 0.71978212890625 0.537843359375
0 0.7875515625 0.52560849609375 0.784561328125 0.52710361328125 0.7703578125 0.511853515625 0.775740234375 0.50841474609375 0.77200244140625 0.5037798828125 0.78187021484375 0.4967529296875 0.79667177734375 0.5179833984375 0.7875515625 0.52560849609375
0 0.83164404296875 0.58230859375 0.8192408203125 0.56189111328125 0.82649189453125 0.5561666015625 0.8388951171875 0.57639326171875 0.83164404296875 0.58230859375
0 0.83441123046875 0.5669236328125 0.82716015625 0.5556654296875 0.83708271484375 0.54669697265625 0.846051171875 0.55890927734375 0.83441123046875 0.5669236328125
0 0.82146025390625 0.58909580078125 0.8301318359375 0.58281640625 0.8367103515625 0.59178701171875 0.82759013671875 0.59866455078125 0.82146025390625 0.58909580078125
0 0.99908740234375 0.57023671875 0.99510927734375 0.565782421875 0.992421875 0.56798828125 0.9848994140625 0.556431640625 0.97523759765625 0.5614771484375 0.9694998046875 0.5525443359375 0.98893623046875 0.54058349609375 0.99908740234375 0.5554396484375 0.99908740234375 0.57023671875
0 0.96665908203125 0.561216015625 0.96905126953125 0.558823828125 0.98504892578125 0.58259599609375 0.96875224609375 0.593659765625 0.9606787109375 0.58050283203125 0.9552962890625 0.5779611328125 0.956193359375 0.56824296875 0.96665908203125 0.561216015625
0 0.94281826171875 0.5543603515625 0.93637646484375 0.54952529296875 0.935075 0.5470251953125 0.92776845703125 0.53922861328125 0.92864609375 0.5364099609375 0.92494990234375 0.53198837890625 0.92789853515625 0.52863544921875 0.93582255859375 0.52654228515625 0.93492548828125 0.524299609375 0.9377662109375 0.521907421875 0.942849609375 0.51906669921875 0.9395603515625 0.51502998046875 0.9456681640625 0.5096669921875 0.949278515625 0.5139833984375 0.9525677734375 0.5109931640625 0.957053125 0.50994658203125 0.97388291015625 0.53753359375 0.97181171875 0.54175107421875 0.966641015625 0.54455048828125 0.9640123046875 0.5433908203125 0.9595607421875 0.547256640625 0.958975 0.55018525390625 0.95382060546875 0.55346533203125 0.94854912109375 0.551473828125 0.94281826171875 0.5543603515625
0 0.99908740234375 0.414094140625 0.996629296875 0.41516298828125 0.9708572265625 0.37744208984375 0.99077197265625 0.3645560546875 0.99908740234375 0.377751171875 0.99908740234375 0.414094140625
0 0.78148330078125 0.37378876953125 0.8103388671875 0.35734267578125 0.82140263671875 0.37947021484375 0.8140765625 0.3820119140625 0.81751533203125 0.38859033203125 0.80570400390625 0.39546787109375 0.79598583984375 0.40070078125 0.78148330078125 0.37378876953125
0 0.734108203125 0.39412216796875 0.728127734375 0.3975609375 0.713326171875 0.37692841796875 0.71826005859375 0.37304111328125 0.71586787109375 0.37020048828125 0.73515478515625 0.36093076171875 0.745321484375 0.37662939453125 0.738144921875 0.37991865234375 0.74367685546875 0.38754365234375 0.734108203125 0.39412216796875
0 0.4744375 0.46488125 0.4841556640625 0.457106640625 0.51241318359375 0.50225888671875 0.499854296875 0.5095849609375 0.4744375 0.46488125
1 0.442525390625 0.4850771484375 0.45314072265625 0.4786482421875 0.47736142578125 0.52110927734375 0.4639001953125 0.53022939453125 0.44073134765625 0.48612373046875 0.442525390625 0.4850771484375
0 0.7616236328125 0.2927060546875 0.7808962890625 0.27419677734375 0.7892921875 0.28373759765625 0.78776572265625 0.28431005859375 0.791963671875 0.28908056640625 0.76963798828125 0.3068265625 0.7616236328125 0.2927060546875
0 0.75707587890625 0.28364384765625 0.734051171875 0.2586755859375 0.75677685546875 0.23759453125 0.77950244140625 0.260170703125 0.75707587890625 0.28364384765625
0 0.70692216796875 0.26983583984375 0.70079228515625 0.259669140625 0.69840009765625 0.25383818359375 0.7027359375 0.2511470703125 0.6976525390625 0.2421763671875 0.70079228515625 0.2409802734375 0.6958583984375 0.23350478515625 0.709762890625 0.22468359375 0.7202287109375 0.23933564453125 0.72381689453125 0.23664453125 0.73428271484375 0.25279169921875 0.70692216796875 0.26983583984375
4 0.7857443359375 0.19809140625 0.7917248046875 0.193905078125 0.80622734375 0.21483662109375 0.79755576171875 0.22096650390625 0.78365126953125 0.20063310546875 0.7823056640625 0.19913798828125 0.7857443359375 0.19809140625
0 0.89261328125 0.1746341796875 0.909173828125 0.1612396484375 0.91599287109375 0.16854580078125 0.92110712890625 0.16489267578125 0.93498876953125 0.1826708984375 0.9120962890625 0.20215390625 0.89066494140625 0.17585185546875 0.89261328125 0.1746341796875
0 0.77265302734375 0.1747560546875 0.79725029296875 0.15649072265625 0.8121060546875 0.17816552734375 0.78677822265625 0.19448251953125 0.77265302734375 0.1747560546875
0 0.79992919921875 0.15762265625 0.8072353515625 0.15162001953125 0.809670703125 0.1389560546875 0.82525712890625 0.13968671875 0.822578125 0.15697783203125 0.807665234375 0.168983203125 0.79992919921875 0.15762265625
0 0.97143330078125 0.09914736328125 0.985786328125 0.09009599609375 0.99301669921875 0.09955400390625 0.979289453125 0.1093994140625 0.97143330078125 0.09914736328125
0 0.92059697265625 0.09470107421875 0.91850380859375 0.09589716796875 0.901160546875 0.0724240234375 0.91147685546875 0.06599501953125 0.92852099609375 0.08872060546875 0.92059697265625 0.09470107421875
0 0.94272451171875 0.08587998046875 0.940332421875 0.08528193359375 0.92029794921875 0.0570244140625 0.926726953125 0.05179150390625 0.92971708984375 0.055529296875 0.93450146484375 0.051941015625 0.93061416015625 0.04640908203125 0.93689365234375 0.04117626953125 0.95319033203125 0.0634533203125 0.94855546875 0.06838720703125 0.95470751953125 0.07763212890625 0.94272451171875 0.08587998046875
4 0.99908720703125 0.080284765625 0.99382880859375 0.08338583984375 0.9881380859375 0.072004296875 0.99908720703125 0.06734453125 0.99908720703125 0.080284765625
4 0.87107216796875 0.096468359375 0.881089453125 0.0891423828125 0.89529296875 0.10857880859375 0.8837806640625 0.1175494140625 0.869876171875 0.0979634765625 0.87107216796875 0.096468359375
0 0.90994189453125 0.27135146484375 0.91921162109375 0.26417490234375 0.9314755859375 0.2818478515625 0.92358603515625 0.28838193359375 0.90994189453125 0.27135146484375
0 0.92294931640625 0.2572974609375 0.92145419921875 0.25804501953125 0.91442724609375 0.250419921875 0.9263880859375 0.241598828125 0.93192001953125 0.24997138671875 0.92294931640625 0.2572974609375
4 0.89856875 0.215732421875 0.8968115234375 0.21713818359375 0.88943134765625 0.209172265625 0.8969287109375 0.20167490234375 0.90477744140625 0.20999228515625 0.89856875 0.215732421875
0 0.680584765625 0.3091923828125 0.68764736328125 0.30505224609375 0.7027466796875 0.345723046875 0.6947099609375 0.34937607421875 0.680584765625 0.3091923828125
0 0.133068359375 0.14486748046875 0.1335369140625 0.13526162109375 0.14654013671875 0.135847265625 0.1456029296875 0.1430953125 0.1444314453125 0.14322744140625 0.14419716796875 0.1484990234375 0.1379884765625 0.14803046875 0.13833994140625 0.14615615234375 0.133068359375 0.14486748046875
0 0.16135947265625 0.13326025390625 0.17325830078125 0.131644140625 0.17413359375 0.14218486328125 0.16206630859375 0.14344169921875 0.16135947265625 0.13326025390625
0 0.156340625 0.11854140625 0.15594228515625 0.110400390625 0.16537578125 0.1099490234375 0.16626318359375 0.11825986328125 0.156340625 0.11854140625
4 0.141784375 0.2368240234375 0.14866181640625 0.23248818359375 0.15299765625 0.24026279296875 0.16226728515625 0.23667451171875 0.16555654296875 0.24639267578125 0.157183984375 0.25013046875 0.15957607421875 0.25850302734375 0.1497083984375 0.2622408203125 0.141784375 0.2368240234375
0 0.16220048828125 0.28752724609375 0.1762544921875 0.28872333984375 0.17520791015625 0.30083369140625 0.1600806640625 0.2989693359375 0.16220048828125 0.28752724609375
0 0.16339658203125 0.31473818359375 0.17969326171875 0.30756171875 0.1856736328125 0.32445634765625 0.16892841796875 0.33043681640625 0.16339658203125 0.31473818359375
4 0.20406376953125 0.40839931640625 0.2021201171875 0.408548828125 0.18597294921875 0.35293076171875 0.18896318359375 0.3520337890625 0.18701953125 0.34650185546875 0.20107353515625 0.34351162109375 0.21976240234375 0.40511005859375 0.20406376953125 0.40839931640625
0 0.1254076171875 0.01564990234375 0.1339296875 0.0116130859375 0.13892724609375 0.0241693359375 0.12944443359375 0.02618193359375 0.1242115234375 0.01684599609375 0.1254076171875 0.01564990234375
0 0.16743076171875 0.09732978515625 0.1657861328125 0.0977783203125 0.15935712890625 0.0876115234375 0.166940625 0.08310146484375 0.1734111328125 0.09284443359375 0.16743076171875 0.09732978515625
0 0.5278171875 0.48357783203125 0.53013671875 0.489248046875 0.5221603515625 0.49471376953125 0.50245 0.46278505859375 0.506287890625 0.461079296875 0.50650107421875 0.458947265625 0.51068359375 0.45595703125 0.5278171875 0.48357783203125
0 0.53969931640625 0.47756748046875 0.52854697265625 0.48368076171875 0.5077408203125 0.45013779296875 0.50752158203125 0.45027255859375 0.50049736328125 0.43939267578125 0.51112412109375 0.43236650390625 0.53969931640625 0.47756748046875
0 0.4842931640625 0.483326953125 0.491811328125 0.495958984375 0.48200361328125 0.50107607421875 0.4745412109375 0.48823408203125 0.4842931640625 0.483326953125
4 0.5394779296875 0.4779875 0.55137412109375 0.47176552734375 0.5575552734375 0.48145478515625 0.54185185546875 0.49064296875 0.5405154296875 0.4888052734375 0.53359287109375 0.49222626953125 0.528977734375 0.48402158203125 0.5394779296875 0.4779875
0 0.58428330078125 0.4247724609375 0.57660771484375 0.42925 0.568115234375 0.41771484375 0.56859501953125 0.41597548828125 0.57553330078125 0.41223876953125 0.58428330078125 0.4247724609375
0 0.574736328125 0.410126953125 0.56816474609375 0.4157001953125 0.567744140625 0.417216796875 0.56765283203125 0.417096875 0.55848466796875 0.42200078125 0.5540072265625 0.41667041015625 0.5719169921875 0.40579658203125 0.574736328125 0.410126953125
0 0.6083978515625 0.38040341796875 0.628447265625 0.4109765625 0.6284416015625 0.4109806640625 0.63442822265625 0.42023271484375 0.6249041015625 0.4273078125 0.59594970703125 0.38581455078125 0.60630859375 0.37890625 0.6083978515625 0.38040341796875
0 0.64648095703125 0.35575166015625 0.6502734375 0.3534765625 0.65137265625 0.354527734375 0.66369140625 0.379033203125 0.663544921875 0.37914287109375 0.67089208984375 0.39601416015625 0.65456494140625 0.40227294921875 0.6502111328125 0.395469921875 0.62884765625 0.410693359375 0.6087560546875 0.3800591796875 0.60673828125 0.378623046875 0.60682353515625 0.37856533203125 0.60222998046875 0.37246455078125 0.61023486328125 0.3674783203125 0.613006640625 0.37025009765625 0.64456201171875 0.3529798828125 0.64648095703125 0.35575166015625
0 0.680144140625 0.36744169921875 0.6641015625 0.37875 0.651770703125 0.35423232421875 0.650703125 0.35322265625 0.65074521484375 0.35319306640625 0.64392236328125 0.340400390625 0.65436982421875 0.33400400390625 0.65735478515625 0.337841796875 0.66396435546875 0.33336435546875 0.680144140625 0.36744169921875
0 0.1579201171875 0.9637861328125 0.16538251953125 0.95738984375 0.1685806640625 0.961014453125 0.17305810546875 0.95760302734375 0.19352646484375 0.977858203125 0.18819619140625 0.98361484375 0.192247265625 0.98894521484375 0.18265263671875 0.9964076171875 0.16197109375 0.977858203125 0.16644853515625 0.9735939453125 0.1579201171875 0.9637861328125
4 0.185708984375 0.999002734375 0.1848994140625 0.99827080078125 0.2013595703125 0.9848732421875 0.20674560546875 0.9908640625 0.1965328125 0.99900283203125 0.185708984375 0.999002734375
0 0.95526025390625 0.13420732421875 0.96396806640625 0.14427568359375 0.9549880859375 0.1516228515625 0.9470966796875 0.14182666015625 0.95526025390625 0.13420732421875
4 0.8569703125 0.1183951171875 0.86839931640625 0.1105037109375 0.87193681640625 0.11594609375 0.859963671875 0.1227490234375 0.8569703125 0.1183951171875
0 0.13367880859375 0.05028505859375 0.14348662109375 0.050071875 0.14327333984375 0.0626513671875 0.13431845703125 0.06286455078125 0.13367880859375 0.05028505859375
0 0.16669130859375 0.107144921875 0.17202158203125 0.10266748046875 0.18332177734375 0.11951123046875 0.17756513671875 0.12313583984375 0.16669130859375 0.107144921875
0 0.14460107421875 0.21613935546875 0.15419560546875 0.21315439453125 0.1569673828125 0.2227490234375 0.14715966796875 0.225733984375 0.14460107421875 0.21613935546875
0 0.261173828125 3.22265625e-06 0.2420265625 0.00885537109375 0.249705078125 0.02379443359375 0.21362802734375 0.048561328125 0.1898283203125 0.0026869140625 0.1944904296875 2.83203125e-06 0.261173828125 3.22265625e-06
