2 0.925331640625 0.607071875 0.93514873046875 0.58966298828125 0.95072509765625 0.59725478515625 0.92824296875 0.64442841796875 0.90786201171875 0.63574150390625 0.90786201171875 0.63089677734375 0.8971703125 0.62688740234375 0.8924927734375 0.62722158203125 0.887648046875 0.62337919921875 0.89833974609375 0.59781943359375 0.90084560546875 0.59815361328125 0.90418671875 0.59765244140625 0.90736083984375 0.59765244140625 0.9132078125 0.59982412109375 0.9120384765625 0.60216298828125 0.9130408203125 0.60416767578125 0.925331640625 0.607071875
2 0.8269673828125 0.57186171875 0.86823056640625 0.58656279296875 0.87040224609375 0.58155107421875 0.8675623046875 0.57653935546875 0.87274111328125 0.56150419921875 0.8936232421875 0.56818642578125 0.88794326171875 0.58372275390625 0.87875517578125 0.58205224609375 0.87482001953125 0.59218203125 0.86526474609375 0.5942763671875 0.852555859375 0.61911796875 0.8140427734375 0.60536962890625 0.81887744140625 0.59069462890625 0.82345869140625 0.58493525390625 0.823066015625 0.58035400390625 0.8269673828125 0.57186171875
2 0.702149609375 0.5294703125 0.71459560546875 0.53322158203125 0.71571005859375 0.53104990234375 0.73859892578125 0.53867109375 0.72754296875 0.56886923828125 0.71641708984375 0.5661205078125 0.71720244140625 0.56481162109375 0.6910236328125 0.55604169921875 0.702149609375 0.5294703125
2 0.4729916015625 0.59538466796875 0.47746904296875 0.58109951171875 0.48066728515625 0.58109951171875 0.48130693359375 0.57811455078125 0.49495244140625 0.5770484375 0.495165625 0.57939375 0.50177529296875 0.5789673828125 0.5019884765625 0.585363671875 0.51136982421875 0.5849373046875 0.5106970703125 0.60938251953125 0.4951326171875 0.610875 0.49078916015625 0.61371494140625 0.48364755859375 0.6144919921875 0.4729916015625 0.59538466796875
2 0.60097177734375 0.7044275390625 0.6068828125 0.70644189453125 0.6084341796875 0.703787890625 0.63934990234375 0.7153013671875 0.63679140625 0.72276376953125 0.6289025390625 0.7261751953125 0.6229326171875 0.72873369140625 0.61909482421875 0.7381150390625 0.62399873046875 0.73982080078125 0.61973447265625 0.74877568359375 0.5939357421875 0.7383283203125 0.59244326171875 0.7411 0.5689224609375 0.73158779296875 0.5724013671875 0.72468271484375 0.57687880859375 0.71636748046875 0.593509375 0.72276376953125 0.60097177734375 0.7044275390625
2 0.506662109375 0.7725794921875 0.5142814453125 0.77638916015625 0.5164583984375 0.77312373046875 0.5316970703125 0.78074306640625 0.545030859375 0.78754609375 0.52886640625 0.81731640625 0.50083818359375 0.80534326171875 0.497028515625 0.80996923828125 0.47417060546875 0.799356640625 0.476891796875 0.79146513671875 0.4845111328125 0.7852064453125 0.50083818359375 0.79282578125 0.50410361328125 0.78384580078125 0.502198828125 0.77894775390625 0.506662109375 0.7725794921875
2 0.455410546875 0.8399568359375 0.45241728515625 0.84376650390625 0.42928720703125 0.8334259765625 0.43826708984375 0.81873154296875 0.456226953125 0.8260787109375 0.464118359375 0.809207421875 0.46978974609375 0.811069140625 0.47167568359375 0.80832900390625 0.4752751953125 0.8102958984375 0.477180078125 0.80784677734375 0.492962890625 0.81519404296875 0.48207822265625 0.83859619140625 0.4883369140625 0.84077314453125 0.481533984375 0.85192998046875 0.455410546875 0.8399568359375
2 0.20190888671875 0.89513828125 0.2193921875 0.8957779296875 0.22280361328125 0.90153466796875 0.2268546875 0.90622529296875 0.23431708984375 0.90771787109375 0.23455439453125 0.93287265625 0.2065265625 0.9356486328125 0.17781591796875 0.9384203125 0.17760263671875 0.92434833984375 0.1935935546875 0.92392197265625 0.19274072265625 0.908357421875 0.19572568359375 0.908570703125 0.1959388671875 0.89961572265625 0.20190888671875 0.89513828125
2 0.06873271484375 0.83366572265625 0.080705859375 0.8502650390625 0.063769921875 0.862715234375 0.066115234375 0.8667662109375 0.06995302734375 0.86527373046875 0.0776287109375 0.87572119140625 0.06995302734375 0.881904296875 0.07187197265625 0.884249609375 0.045646875 0.9030123046875 0.03581962890625 0.88894033203125 0.038378125 0.886808203125 0.037312109375 0.8848892578125 0.03859140625 0.8836099609375 0.034966796875 0.8789193359375 0.02963642578125 0.88105146484375 0.02729111328125 0.87508154296875 0.02878359375 0.8693248046875 0.05138408203125 0.85269423828125 0.051597265625 0.84864326171875 0.05330302734375 0.8445921875 0.06873271484375 0.83366572265625
2 -0.0 0.71035849609375 -0.0 0.6704095703125 0.0257001953125 0.683365234375 0.0215326171875 0.70003564453125 0.035424609375 0.706634375 0.03229892578125 0.72399931640625 -0.0 0.71035849609375
2 0.02132119140625 0.6288537109375 0.05010478515625 0.6397275390625 0.051597265625 0.636955859375 0.07121279296875 0.64420498046875 0.0654560546875 0.66104873046875 0.05546591796875 0.657511328125 0.04744716796875 0.65517255859375 0.04594365234375 0.658513671875 0.0466119140625 0.66168779296875 0.0531271484375 0.66436064453125 0.04694599609375 0.67939580078125 0.01720986328125 0.66820302734375 0.01787802734375 0.66436064453125 0.00785458984375 0.66101953125 0.01304658203125 0.64894130859375 0.0179447265625 0.65084619140625 0.023387109375 0.6391451171875 0.0179447265625 0.63669599609375 0.02132119140625 0.6288537109375
2 0.08734345703125 0.551465625 0.09202109375 0.544950390625 0.1257666015625 0.5578138671875 0.11808203125 0.5723478515625 0.1027126953125 0.5663337890625 0.09950048828125 0.56790400390625 0.0973287109375 0.5770921875 0.0918158203125 0.579598046875 0.089515234375 0.588051171875 0.064519921875 0.579232421875 0.0638802734375 0.56643974609375 0.05599150390625 0.56217548828125 0.064733203125 0.54405244140625 0.076673046875 0.550448828125 0.08734345703125 0.551465625
2 0.0926017578125 0.49831943359375 0.11632392578125 0.507674609375 0.11849560546875 0.50349814453125 0.1432201171875 0.51385576171875 0.13754013671875 0.529726171875 0.11850234375 0.52237568359375 0.11566240234375 0.529225 0.12167646484375 0.53189794921875 0.11683173828125 0.54292373046875 0.10246484375 0.53690966796875 0.10213076171875 0.5392484375 0.07748720703125 0.527721484375 0.08258505859375 0.518700390625 0.0926017578125 0.49831943359375
2 0.292473046875 0.40082548828125 0.29990283203125 0.3836892578125 0.319615625 0.390371484375 0.31861328125 0.39254326171875 0.3247943359375 0.39504912109375 0.32646494140625 0.3917080078125 0.3216203125 0.38034814453125 0.32571328125 0.36992470703125 0.354280078125 0.37978115234375 0.3527765625 0.383122265625 0.363301171875 0.38663046875 0.35949150390625 0.39805947265625 0.35078369140625 0.39533828125 0.3483345703125 0.4029576171875 0.3555837890625 0.40487646484375 0.35110634765625 0.4172427734375 0.318911328125 0.40615576171875 0.3172056640625 0.40978037109375 0.292473046875 0.40082548828125
2 0.3779578125 0.247149609375 0.381582421875 0.23968720703125 0.39437509765625 0.243525 0.39075048828125 0.25077421875 0.3965072265625 0.25290634765625 0.3954412109375 0.25482529296875 0.40951318359375 0.2599423828125 0.39736005859375 0.2934166015625 0.3820087890625 0.28787314453125 0.38371455078125 0.28424853515625 0.357489453125 0.27465400390625 0.359834765625 0.25823662109375 0.36729716796875 0.243525 0.3779578125 0.247149609375
2 0.24816591796875 0.23097392578125 0.2594994140625 0.20098203125 0.2712005859375 0.20615224609375 0.273649609375 0.200165625 0.28532119140625 0.20450224609375 0.2905 0.2031658203125 0.2936740234375 0.2046693359375 0.2961798828125 0.2071751953125 0.2846642578125 0.24211474609375 0.24816591796875 0.23097392578125
2 0.17522900390625 0.19757373046875 0.17522900390625 0.182879296875 0.18529736328125 0.17036181640625 0.19073974609375 0.1717224609375 0.1945494140625 0.167640625 0.20815537109375 0.1709060546875 0.20951591796875 0.1752599609375 0.213053515625 0.17607626953125 0.2163189453125 0.1796138671875 0.23237392578125 0.1853283203125 0.22475458984375 0.20356025390625 0.20597841796875 0.1983900390625 0.2032572265625 0.20328818359375 0.17522900390625 0.19757373046875
2 0.1255337890625 0.1394642578125 0.15677353515625 0.15065712890625 0.1604205078125 0.159715625 0.15307333984375 0.1847505859375 0.1337529296875 0.18066875 0.13103173828125 0.178491796875 0.13130380859375 0.17332158203125 0.12967109375 0.1730494140625 0.128310546875 0.17903603515625 0.10926220703125 0.17250517578125 0.11225556640625 0.1629810546875 0.11470458984375 0.15808291015625 0.11552099609375 0.1529126953125 0.1255337890625 0.1394642578125
2 0.13463876953125 0.18668623046875 0.15307333984375 0.1847505859375 0.157224609375 0.1853255859375 0.157224609375 0.19593828125 0.15232646484375 0.19648251953125 0.152870703125 0.20573447265625 0.1349109375 0.2062787109375 0.13463876953125 0.18668623046875
2 -0.0 0.11565283203125 0.00805439453125 0.11854150390625 0.01569501953125 0.118194140625 0.02576669921875 0.1244455078125 0.015000390625 0.153271484375 -0.0 0.146825 -0.0 0.11565283203125
2 0.74922060546875 0.37272783203125 0.77804658203125 0.382799609375 0.7617234375 0.42551748046875 0.73914892578125 0.4171822265625 0.7398435546875 0.41197275390625 0.7356759765625 0.40988896484375 0.7394962890625 0.4012064453125 0.7394962890625 0.39773349609375 0.74922060546875 0.37272783203125
2 0.81683662109375 0.3955025390625 0.819939453125 0.3866375 0.8319072265625 0.39151328125 0.83146396484375 0.39417275390625 0.8496373046875 0.40082158203125 0.83412353515625 0.45002255859375 0.82437197265625 0.4473630859375 0.82038271484375 0.443373828125 0.8273287109375 0.42531416015625 0.8235083984375 0.424272265625 0.82072998046875 0.42878720703125 0.80649072265625 0.423577734375 0.8103109375 0.412116796875 0.80961640625 0.408296484375 0.8120474609375 0.4023923828125 0.81683662109375 0.3955025390625
2 0.92026318359375 0.43832412109375 0.90608330078125 0.47106630859375 0.873784375 0.45752158203125 0.874131640625 0.45543779296875 0.858155859375 0.4502283203125 0.8602396484375 0.440851171875 0.86683837890625 0.43182138671875 0.881772265625 0.43703095703125 0.889412890625 0.4262646484375 0.92026318359375 0.43832412109375
2 0.9417681640625 0.44172490234375 0.97811494140625 0.45457919921875 0.97634189453125 0.4598982421875 0.9799580078125 0.46140478515625 0.9751412109375 0.4770908203125 0.97057958984375 0.4754822265625 0.967297265625 0.48344111328125 0.948165625 0.4790541015625 0.944427734375 0.4873798828125 0.9258111328125 0.480287890625 0.9417681640625 0.44172490234375
2 0.9984279296875 0.8286626953125 0.9865111328125 0.8193375 0.9861638671875 0.8130861328125 0.97782861328125 0.806834765625 0.97574482421875 0.8089185546875 0.9684515625 0.80405634765625 0.968798828125 0.79849951171875 0.972619140625 0.79085888671875 0.9941517578125 0.7658533203125 0.99842783203125 0.7661134765625 0.9984279296875 0.8286626953125
2 0.9263794921875 0.88243076171875 0.9538611328125 0.8975013671875 0.93657431640625 0.92542626953125 0.96494248046875 0.9462591796875 0.95341787109375 0.96354599609375 0.90510341796875 0.92941552734375 0.89743623046875 0.92397861328125 0.90731962890625 0.9103556640625 0.907762890625 0.90370693359375 0.9263794921875 0.88243076171875
2 0.83695244140625 0.97097626953125 0.835191796875 0.96231796875 0.83449716796875 0.9525935546875 0.84505029296875 0.94962607421875 0.84352705078125 0.93592314453125 0.8552560546875 0.9342658203125 0.85752890625 0.94065126953125 0.86206796875 0.94011494140625 0.86922724609375 0.9605814453125 0.882771875 0.96162333984375 0.8942328125 0.9845451171875 0.87721513671875 0.99253310546875 0.86922724609375 0.9803775390625 0.8483892578125 0.99044921875 0.83695244140625 0.97097626953125
