0 0.1717798828125 0.0899669921875 0.20589580078125 0.08957021484375 0.2074826171875 0.17128974609375 0.1721765625 0.17208310546875 0.1717798828125 0.0899669921875
0 0.49880205078125 1.201171875e-05 0.49967470703125 0.1214060546875 0.490533984375 0.12166162109375 0.4911556640625 0.1713931640625 0.4501271484375 0.17108232421875 0.45168125 0.12908388671875 0.43699560546875 0.130120703125 0.43441083984375 0.1168828125 0.43505703125 0.0942666015625 0.4124408203125 0.09362041015625 0.413733203125 0.08263544921875 0.39305556640625 0.0794044921875 0.39176318359375 0.1110671875 0.243788671875 0.1110671875 0.2418501953125 0.09168193359375 0.23086513671875 0.09232802734375 0.23215751953125 0.083927734375 0.22311103515625 0.083281640625 0.22311103515625 1.044921875e-05 0.49880205078125 1.201171875e-05
0 0.668355859375 1.142578125e-05 0.66914765625 0.0057291015625 0.67317685546875 0.00554560546875 0.67298701171875 0.0168662109375 0.66716416015625 0.01683662109375 0.66200712890625 0.01683662109375 0.66319716796875 0.03944833984375 0.6366185546875 0.0422251953125 0.63503173828125 0.03746484375 0.6199572265625 0.035878125 0.619560546875 0.0422251953125 0.59932900390625 0.041828515625 0.59972578125 0.03746484375 0.58385791015625 0.03944833984375 0.583064453125 0.0231837890625 0.57870087890625 0.022787109375 0.57909755859375 0.00612587890625 0.5909984375 0.008109375 0.58941396484375 1.19140625e-05 0.668355859375 1.142578125e-05
0 0.71831083984375 1.103515625e-05 0.72021845703125 0.03586171875 0.70533466796875 0.0356708984375 0.70495302734375 0.04005966796875 0.69350400390625 0.04025048828125 0.69350400390625 0.033953515625 0.67785693359375 0.037006640625 0.67709384765625 1.1328125e-05 0.71831083984375 1.103515625e-05
0 0.84112080078125 9.5703125e-06 0.84231044921875 0.02588408203125 0.8296162109375 0.0274708984375 0.8296162109375 0.0326279296875 0.8573849609375 0.03223125 0.85976513671875 0.046115625 0.852624609375 0.04571884765625 0.8530212890625 0.05365283203125 0.84112041015625 0.05404951171875 0.8435005859375 0.10562001953125 0.812558203125 0.10681015625 0.8113681640625 0.101653125 0.80502099609375 0.10125634765625 0.8026408203125 0.088562109375 0.79946728515625 0.0889587890625 0.798673828125 0.06833056640625 0.8030375 0.06872724609375 0.80422763671875 0.04452880859375 0.80026064453125 0.04492548828125 0.798673828125 0.0246939453125 0.8026408203125 0.025090625 0.80184775390625 1.005859375e-05 0.84112080078125 9.5703125e-06
0 0.7200310546875 0.04256875 0.724884375 0.11025234375 0.6852193359375 0.11013193359375 0.6852193359375 0.09942109375 0.67411181640625 0.10140458984375 0.675301953125 0.1121154296875 0.6261115234375 0.11528896484375 0.6261115234375 0.10180126953125 0.62373134765625 0.10180126953125 0.62293798828125 0.09069384765625 0.62690498046875 0.089900390625 0.62650830078125 0.0720490234375 0.649119921875 0.0720490234375 0.6479298828125 0.06887548828125 0.666574609375 0.06927216796875 0.66736796875 0.07363583984375 0.67411181640625 0.07284248046875 0.67371513671875 0.0895037109375 0.6852193359375 0.0895037109375 0.6857078125 0.0442802734375 0.68992998046875 0.04382138671875 0.68992998046875 0.0411595703125 0.70590087890625 0.0411595703125 0.7200310546875 0.04256875
0 0.76535205078125 0.0073875 0.7875669921875 0.006594140625 0.78955048828125 0.1025947265625 0.75631494140625 0.10387587890625 0.746421875 0.103329296875 0.7451205078125 0.09704091796875 0.74234365234375 0.05023076171875 0.7451205078125 0.05023076171875 0.744723828125 0.0391232421875 0.74194697265625 0.0391232421875 0.74313701171875 0.0073875 0.758608203125 0.0073875 0.758608203125 0.00421396484375 0.76495537109375 0.00421396484375 0.76535205078125 0.0073875
0 0.57781005859375 0.05448349609375 0.61311142578125 0.05295693359375 0.616164453125 0.077 0.6167369140625 0.08730419921875 0.6188359375 0.12107890625 0.5738029296875 0.12413203125 0.5734212890625 0.07108466796875 0.576665234375 0.07127548828125 0.57628359375 0.05505595703125 0.57781005859375 0.05448349609375
0 0.90475166015625 8.49609375e-06 0.9043701171875 0.03466572265625 0.9039884765625 0.08275185546875 0.90379765625 0.0922927734375 0.8637259765625 0.09763564453125 0.8625810546875 0.0440158203125 0.8606728515625 0.0331392578125 0.86200859375 0.032566796875 0.86219931640625 9.1796875e-06 0.90475166015625 8.49609375e-06
0 0.95930380859375 0.00661171875 0.96242802734375 0.00669521484375 0.96180634765625 0.00731689453125 0.96398212890625 0.02938525390625 0.9499951171875 0.02969609375 0.95208818359375 0.05154013671875 0.95189736328125 0.0855056640625 0.9604841796875 0.0845515625 0.9616291015625 0.09218427734375 0.95266064453125 0.09180263671875 0.95304228515625 0.09561904296875 0.92270224609375 0.0975271484375 0.92270224609375 0.09523740234375 0.9210291015625 0.07583525390625 0.921926171875 0.04653115234375 0.911908984375 0.04757763671875 0.9110119140625 0.03083251953125 0.9222251953125 0.030383984375 0.92252421875 0.0202171875 0.91998251953125 0.02036669921875 0.9189359375 0.0134892578125 0.93149482421875 0.0122931640625 0.93089677734375 0.007209765625 0.95930380859375 0.00661171875
0 0.05886875 0.49232802734375 0.0549017578125 0.47288994140625 0.06045556640625 0.47209658203125 0.058075390625 0.45900556640625 0.15288583984375 0.45107158203125 0.1512990234375 0.4475013671875 0.1687537109375 0.44591455078125 0.16994375 0.45107158203125 0.1842248046875 0.451468359375 0.19493564453125 0.5958658203125 0.1965224609375 0.62403125 0.17192724609375 0.62522138671875 0.16994375 0.6184775390625 0.16121640625 0.61887421875 0.15328251953125 0.48677431640625 0.05886875 0.4943115234375 0.05886875 0.49232802734375
0 0.24954169921875 0.62785009765625 0.24272265625 0.6166474609375 0.211423046875 0.56477841796875 0.2178951171875 0.54098212890625 0.259341796875 0.5386994140625 0.27456474609375 0.53323212890625 0.35533681640625 0.53000126953125 0.3739892578125 0.54456044921875 0.4163646484375 0.62054404296875 0.24929814453125 0.6297984375 0.24954169921875 0.62785009765625
0 0.45190859375 0.51213125 0.62480419921875 0.50058671875 0.60499921875 0.5819517578125 0.5636439453125 0.586475 0.53198125 0.59035205078125 0.4912720703125 0.5909982421875 0.45190859375 0.51213125
0 0.6766541015625 0.49828486328125 0.6956443359375 0.4830845703125 0.75446982421875 0.47850244140625 0.7672384765625 0.47776533203125 0.76379453125 0.493466796875 0.7737408203125 0.50527802734375 0.73986123046875 0.5832943359375 0.71717119140625 0.5848484375 0.7069140625 0.60940341796875 0.64816865234375 0.61251162109375 0.63760078125 0.59883544921875 0.6338708984375 0.58702421875 0.61298583984375 0.552407421875 0.62480419921875 0.50058671875 0.6766541015625 0.49828486328125
0 0.82659921875 0.4017279296875 0.95975517578125 0.391601953125 0.958236328125 0.51210048828125 0.83571259765625 0.5212138671875 0.830649609375 0.41792939453125 0.82659921875 0.4017279296875
0 0.17175703125 0.999009765625 0.1713421875 0.98682158203125 0.19959970703125 0.98741962890625 0.2002884765625 0.99901015625 0.17175703125 0.999009765625
0 0.2030404296875 0.99901015625 0.20342490234375 0.9677822265625 0.20361318359375 0.9581107421875 0.20321708984375 0.906287890625 0.203727734375 0.82145166015625 0.32660849609375 0.8255751953125 0.32656806640625 0.80305224609375 0.36536962890625 0.80578232421875 0.36126708984375 0.99901162109375 0.2030404296875 0.99901015625
4 0.0107203125 0.85747646484375 0.06414931640625 0.85709482421875 0.06300439453125 0.88495419921875 0.0109111328125 0.88571748046875 0.0107203125 0.85747646484375
0 0.32461982421875 0.82131748046875 0.31244296875 0.82180458984375 0.31268642578125 0.80037333984375 0.29710009765625 0.8008603515625 0.29685654296875 0.72926044921875 0.32924697265625 0.7297474609375 0.3287599609375 0.78356923828125 0.32656806640625 0.80305224609375 0.32461982421875 0.82131748046875
0 0.31063642578125 0.80490771484375 0.31110498046875 0.8135765625 0.230274609375 0.81416220703125 0.223597265625 0.812405078125 0.20508828125 0.8129908203125 0.20485400390625 0.8040876953125 0.2579208984375 0.80385341796875 0.30618486328125 0.8046734375 0.31063642578125 0.80490771484375
0 0.2059501953125 0.7322138671875 0.2221697265625 0.7318322265625 0.222360546875 0.773048828125 0.25995166015625 0.772285546875 0.2579208984375 0.80385341796875 0.20485400390625 0.8040876953125 0.2059501953125 0.7322138671875
0 0.46144892578125 0.7865892578125 0.5106392578125 0.7838123046875 0.51133876953125 0.94097734375 0.46533232421875 0.9402779296875 0.46105224609375 0.9226560546875 0.46144892578125 0.7865892578125
0 0.61412783203125 0.93087734375 0.56414404296875 0.9348443359375 0.5625572265625 0.77973603515625 0.6165080078125 0.78052939453125 0.61412783203125 0.93087734375
0 0.7054091796875 0.76461787109375 0.706744921875 0.77606689453125 0.70788974609375 0.828541796875 0.62602900390625 0.8283509765625 0.62526572265625 0.8020181640625 0.6288912109375 0.7997283203125 0.6285095703125 0.78980576171875 0.62564736328125 0.78961494140625 0.626691796875 0.76505966796875 0.65388837890625 0.76423623046875 0.65522412109375 0.7711056640625 0.6760232421875 0.7701515625 0.67697734375 0.76385458984375 0.7054091796875 0.76461787109375
0 0.462859765625 0.99901201171875 0.461958203125 0.9702201171875 0.4921080078125 0.9702201171875 0.49459453125 0.98824775390625 0.5645294921875 0.9870044921875 0.56484033203125 0.97177421875 0.5993416015625 0.97208505859375 0.5984421875 0.99901181640625 0.462859765625 0.99901201171875
0 0.6637265625 0.99901142578125 0.6692765625 0.98358544921875 0.72389814453125 0.9990109375 0.6637265625 0.99901142578125
0 0.627059375 0.88328935546875 0.65491875 0.88214443359375 0.654537109375 0.888823046875 0.67438212890625 0.8886322265625 0.67514541015625 0.88252607421875 0.70472216796875 0.88195361328125 0.70758447265625 0.90904970703125 0.7018599609375 0.90866806640625 0.70510380859375 0.9315662109375 0.70682119140625 0.946831640625 0.646312890625 0.94667353515625 0.62585576171875 0.94569931640625 0.623907421875 0.91915380859375 0.627560546875 0.9181796875 0.629265234375 0.90916875 0.62536865234375 0.90770751953125 0.6241509765625 0.882866796875 0.627059375 0.88328935546875
0 0.6679041015625 0.6730125 0.6741205078125 0.72336572265625 0.499127734375 0.73486611328125 0.49664111328125 0.68389130859375 0.66510673828125 0.67176923828125 0.6679041015625 0.6730125
0 0.82242548828125 0.6620564453125 0.82864189453125 0.71272041015625 0.67820400390625 0.7229775390625 0.6722984375 0.6716919921875 0.82242548828125 0.6620564453125
0 0.85912470703125 0.6904048828125 0.93803076171875 0.69089189453125 0.93803076171875 0.763466015625 0.861073046875 0.760787109375 0.85936826171875 0.7118361328125 0.85912470703125 0.6904048828125
0 0.828720703125 0.754285546875 0.8283240234375 0.7673765625 0.86759697265625 0.768169921875 0.86759697265625 0.9240716796875 0.7878609375 0.92288154296875 0.7866708984375 0.7534921875 0.828720703125 0.754285546875
0 0.87313203125 0.82640361328125 0.87313203125 0.7837845703125 0.8894490234375 0.78281044921875 0.8894490234375 0.77988798828125 0.8979728515625 0.77988798828125 0.89821640625 0.77599140625 0.905766015625 0.77599140625 0.90479189453125 0.76941591796875 0.9386435546875 0.768441796875 0.9381564453125 0.84028525390625 0.90503544921875 0.83955458984375 0.90454833984375 0.8312744140625 0.8872572265625 0.831030859375 0.8872572265625 0.82640361328125 0.87313203125 0.82640361328125
0 0.71487353515625 0.870097265625 0.741293359375 0.86761064453125 0.7428474609375 0.87817861328125 0.7481314453125 0.87817861328125 0.748753125 0.88563828125 0.75496953125 0.88594912109375 0.7555912109375 0.8884357421875 0.76584833984375 0.88874658203125 0.7670916015625 0.89340888671875 0.781389453125 0.893098046875 0.781389453125 0.93381572265625 0.7661591796875 0.93630234375 0.7661591796875 0.9400322265625 0.75061806640625 0.9431404296875 0.7493748046875 0.9509109375 0.74315830078125 0.95184345703125 0.7428474609375 0.96023564453125 0.71549521484375 0.9608572265625 0.7123869140625 0.86978642578125 0.71487353515625 0.870097265625
0 0.74597978515625 0.768541015625 0.7509529296875 0.7691626953125 0.7506421875 0.77973056640625 0.75033134765625 0.78656865234375 0.76804814453125 0.78843359375 0.7677373046875 0.79340673828125 0.78296767578125 0.79247431640625 0.7835892578125 0.83567861328125 0.76649404296875 0.836921875 0.7668048828125 0.83909765625 0.7500205078125 0.8415841796875 0.74722314453125 0.85992265625 0.7142759765625 0.8596119140625 0.71303271484375 0.7679193359375 0.74597978515625 0.768541015625
0 0.840792578125 0.92619755859375 0.84249736328125 0.93155537109375 0.8432279296875 0.9437322265625 0.855161328125 0.94543701171875 0.85345654296875 0.97612275390625 0.7816130859375 0.976609765625 0.7811259765625 0.94495 0.78770146484375 0.9447064453125 0.78867568359375 0.935451953125 0.79062392578125 0.93472138671875 0.79086748046875 0.92619755859375 0.840792578125 0.92619755859375
0 0.8587828125 0.93020595703125 0.8911732421875 0.9282576171875 0.9374453125 0.92923173828125 0.9376888671875 0.99790927734375 0.90797724609375 0.99863984375 0.8858154296875 0.99863984375 0.87338662109375 0.99900908203125 0.86120615234375 0.99900927734375 0.85926982421875 0.94092158203125 0.8587828125 0.93020595703125
0 0.87223173828125 0.864516796875 0.887574609375 0.86305556640625 0.88879228515625 0.8611072265625 0.93482080078125 0.8477126953125 0.93738173828125 0.920614453125 0.9068361328125 0.9186310546875 0.90485263671875 0.91228388671875 0.88739794921875 0.9114904296875 0.88819140625 0.90792021484375 0.875100390625 0.906730078125 0.87272021484375 0.8821349609375 0.87223173828125 0.864516796875
0 0.2178951171875 0.54098212890625 0.21052724609375 0.4178333984375 0.7599603515625 0.3767837890625 0.7672384765625 0.47776533203125 0.690279296875 0.484905859375 0.6882958984375 0.49680673828125 0.6109400390625 0.50156708984375 0.42466796875 0.51323818359375 0.4296162109375 0.52560869140625 0.2242650390625 0.54045341796875 0.2178951171875 0.54098212890625
0 -0.0 0.5330712890625 -0.0 0.484272265625 0.021411328125 0.4836505859375 0.02451953125 0.48302890625 0.027627734375 0.523125 0.02203291015625 0.53058466796875 -0.0 0.5330712890625
0 0.20321708984375 0.906287890625 0.20361318359375 0.9581107421875 0.18933271484375 0.95865185546875 0.1885392578125 0.906287890625 0.20321708984375 0.906287890625
