4 0.9036880859375 0.9935658203125 0.9003615234375 0.92962939453125 0.81037119140625 0.92962939453125 0.80896943359375 0.96747578125 0.7943916015625 0.96775615234375 0.7952326171875 0.9890623046875 0.73692109375 0.98794091796875 0.736637890625 0.76029326171875 0.7304875 0.760512890625 0.7288720703125 0.72457412109375 0.7375626953125 0.72513486328125 0.738964453125 0.66766435546875 0.77288603515625 0.66542158203125 0.77428779296875 0.678037109375 0.78978564453125 0.68064287109375 0.8023494140625 0.68098701171875 0.8023494140625 0.67530751953125 0.83591025390625 0.67427490234375 0.8364265625 0.6815033203125 0.856339453125 0.68356845703125 0.8553955078125 0.60104013671875 0.8939626953125 0.6021189453125 0.892479296875 0.685321484375 0.90569462890625 0.68491689453125 0.9077173828125 0.6052205078125 0.90596435546875 0.60481591796875 0.9040458984375 0.59855712890625 0.92873388671875 0.5967681640625 0.93052294921875 0.59998837890625 0.94340361328125 0.60070390625 0.945550390625 0.68407080078125 0.98097236328125 0.68442861328125 0.98204580078125 0.6901533203125 0.98741279296875 0.6901533203125 0.9888439453125 0.70267626953125 0.99528427734375 0.70339189453125 0.993853125 0.72128173828125 0.98633935546875 0.72163955078125 0.9881283203125 0.724859765625 0.94411923828125 0.724501953125 0.945192578125 0.77781376953125 0.9602201171875 0.77781376953125 0.9598623046875 0.817529296875 0.94340361328125 0.818244921875 0.9426880859375 0.8697677734375 0.98526591796875 0.8694099609375 0.98562373046875 0.875850390625 0.99492646484375 0.87763935546875 0.9927796875 0.89731826171875 0.9892017578125 0.8980337890625 0.99063291015625 0.9087677734375 0.94304580078125 0.9087677734375 0.94447705078125 0.9924923828125 0.9036880859375 0.9935658203125
4 0.89110341796875 0.5758974609375 0.7243697265625 0.5755396484375 0.72687421875 0.448163671875 0.72687421875 0.43528291015625 0.76658984375 0.4331361328125 0.76837880859375 0.449237109375 0.8936080078125 0.44959482421875 0.89110341796875 0.5758974609375
4 0.82873251953125 0.39368740234375 0.83010244140625 0.2977908203125 0.88170390625 0.2982474609375 0.8801310546875 0.27697509765625 0.91909892578125 0.2750126953125 0.915734765625 0.265761328125 0.9202203125 0.26043486328125 0.949095703125 0.258752734375 0.96900009765625 0.26772373046875 0.97741044921875 0.28174091796875 0.96367353515625 0.289590625 0.96367353515625 0.31201806640625 0.979653125 0.31173779296875 0.9793728515625 0.35631240234375 0.95890771484375 0.35631240234375 0.95890771484375 0.40677431640625 0.9897455078125 0.40677431640625 0.9897455078125 0.48947578125 0.94180673828125 0.48835439453125 0.94124609375 0.45106865234375 0.9095671875 0.45050791015625 0.90900654296875 0.43088388671875 0.84144365234375 0.430603515625 0.840322265625 0.4048119140625 0.83275302734375 0.4048119140625 0.83135126953125 0.39668193359375 0.82873251953125 0.39368740234375
0 0.37267587890625 0.99901162109375 0.3722572265625 0.97890107421875 0.51503408203125 0.98131728515625 0.5158662109375 0.9990119140625 0.37267587890625 0.99901162109375
0 0.51275927734375 0.958275390625 0.41632099609375 0.95995751953125 0.41632099609375 0.9543505859375 0.39893974609375 0.95547197265625 0.398659375 0.92743759765625 0.41604072265625 0.9271572265625 0.41632099609375 0.92211103515625 0.5121986328125 0.9218306640625 0.51275927734375 0.958275390625
0 0.6310771484375 0.9990115234375 0.629973046875 0.93605439453125 0.68464013671875 0.93745615234375 0.6843642578125 0.99901123046875 0.6310771484375 0.9990115234375
4 0.70125400390625 0.99901103515625 0.7008619140625 0.99371728515625 0.7210703125 0.99437626953125 0.7276599609375 0.9945958984375 0.72748056640625 0.99901083984375 0.70125400390625 0.99901103515625
4 0.72238828125 0.98141650390625 0.69493115234375 0.98207548828125 0.69559013671875 0.9016810546875 0.7173361328125 0.90146142578125 0.718434375 0.91200498046875 0.72304716796875 0.912224609375 0.72238828125 0.98141650390625
0 0.6305791015625 0.8974826171875 0.6305791015625 0.8737318359375 0.67601533203125 0.8733876953125 0.67670380859375 0.8911146484375 0.64451982421875 0.89163095703125 0.64434765625 0.89903154296875 0.6305791015625 0.8974826171875
0 0.66637734375 0.86770810546875 0.6333328125 0.86753603515625 0.63247236328125 0.8403431640625 0.6670658203125 0.84068740234375 0.66637734375 0.86770810546875
0 0.67567109375 0.842236328125 0.6911607421875 0.8415478515625 0.68978388671875 0.87510869140625 0.67601533203125 0.8733876953125 0.67567109375 0.842236328125
4 0.7083748046875 0.88970625 0.706617578125 0.85236455078125 0.723091796875 0.85192529296875 0.72506875 0.8859720703125 0.7083748046875 0.88970625
4 0.69497578125 0.8380869140625 0.69453642578125 0.8060169921875 0.72243291015625 0.80623662109375 0.72287216796875 0.83632958984375 0.69497578125 0.8380869140625
4 0.7213892578125 0.77862314453125 0.69634345703125 0.78005439453125 0.69527001953125 0.67987099609375 0.72389384765625 0.67879765625 0.7213892578125 0.77862314453125
0 0.65499501953125 0.77670517578125 0.652069140625 0.76655087890625 0.64656171875 0.76035498046875 0.65430654296875 0.7532986328125 0.65430654296875 0.74727490234375 0.641570703125 0.7469306640625 0.6408822265625 0.71250927734375 0.685113671875 0.711132421875 0.68821162109375 0.7765330078125 0.65499501953125 0.77670517578125
0 0.63337919921875 0.68146083984375 0.6316646484375 0.612305078125 0.64835849609375 0.6134033203125 0.6494568359375 0.616478515625 0.6857001953125 0.6145015625 0.6857001953125 0.64920732421875 0.66351484375 0.650744921875 0.6648328125 0.6826509765625 0.63337919921875 0.68146083984375
4 0.69663642578125 0.64133251953125 0.6971970703125 0.594234765625 0.71906396484375 0.59395439453125 0.71850322265625 0.64077177734375 0.69663642578125 0.64133251953125
0 0.5537240234375 0.99267646484375 0.5544396484375 0.906805078125 0.58377900390625 0.906805078125 0.5823478515625 0.99410771484375 0.5537240234375 0.99267646484375
0 0.53006142578125 0.892050390625 0.5297810546875 0.8687818359375 0.547723046875 0.86822109375 0.55024609375 0.87074423828125 0.5524888671875 0.8713048828125 0.55361025390625 0.87382802734375 0.57856083984375 0.87382802734375 0.5788412109375 0.8923306640625 0.53006142578125 0.892050390625
0 0.53090244140625 0.86317490234375 0.53006142578125 0.8278515625 0.5592171875 0.82729091796875 0.5592171875 0.86401591796875 0.53090244140625 0.86317490234375
0 0.3693310546875 0.88225615234375 0.3696888671875 0.8006783203125 0.42049619140625 0.79781591796875 0.42156953125 0.88332958984375 0.3693310546875 0.88225615234375
0 0.461019140625 0.8852734375 0.45849599609375 0.86284599609375 0.49409970703125 0.86284599609375 0.49353896484375 0.8849931640625 0.461019140625 0.8852734375
0 0.4587763671875 0.8533142578125 0.45989775390625 0.72687919921875 0.52689990234375 0.72547744140625 0.525778515625 0.8541552734375 0.4587763671875 0.8533142578125
0 0.53054443359375 0.75351181640625 0.53054443359375 0.6929576171875 0.5613822265625 0.692396875 0.56194287109375 0.71987060546875 0.58577216796875 0.72043125 0.5863328125 0.75547431640625 0.53054443359375 0.75351181640625
0 0.5252701171875 0.70383916015625 0.46191240234375 0.70299814453125 0.4610712890625 0.66122685546875 0.52414873046875 0.66290888671875 0.5252701171875 0.70383916015625
0 0.38859189453125 0.78941923828125 0.36318818359375 0.79049267578125 0.36390380859375 0.6466580078125 0.427233984375 0.6470158203125 0.426518359375 0.72358447265625 0.390738671875 0.7253734375 0.38859189453125 0.78941923828125
0 -0.0 0.90980849609375 0.17069052734375 0.90784609375 0.17293330078125 0.915695703125 0.18470771484375 0.9154154296875 0.18751123046875 0.93167529296875 0.17657783203125 0.93251630859375 0.17769912109375 0.94120703125 0.1824650390625 0.94148740234375 0.18358642578125 0.95578486328125 0.17209228515625 0.956065234375 0.17237265625 0.96279345703125 0.18442744140625 0.961391796875 0.1841470703125 0.98522099609375 0.1656443359375 0.985781640625 0.1669484375 0.9990095703125 0.14902607421875 0.99900927734375 0.1454595703125 0.98606201171875 0.11199580078125 0.9865091796875 0.11118671875 0.99298193359375 0.09365615234375 0.99163349609375 0.0923076171875 0.99824111328125 0.0329630859375 0.99570029296875 0.03363740234375 0.97803486328125 0.0276896484375 0.97978447265625 0.0287103515625 0.9990072265625 -0.0 0.999006640625 -0.0 0.90980849609375
0 0.26006669921875 0.8431900390625 0.26006669921875 0.82693544921875 0.26380087890625 0.8267158203125 0.26511884765625 0.82012607421875 0.28115380859375 0.81968681640625 0.28335029296875 0.8260568359375 0.297188671875 0.8267158203125 0.299824609375 0.84846181640625 0.2967494140625 0.8486814453125 0.2980673828125 0.854392578125 0.30070322265625 0.85461220703125 0.30136220703125 0.864057421875 0.30048359375 0.86691298828125 0.272587109375 0.86625400390625 0.27236748046875 0.85790703125 0.2659974609375 0.8574677734375 0.26380087890625 0.84692421875 0.26006669921875 0.8431900390625
0 -0.0 0.87613671875 -0.0 0.847261328125 0.00724814453125 0.8458595703125 0.045935546875 0.845579296875 0.0467765625 0.84754169921875 0.05546728515625 0.84866298828125 0.05490654296875 0.8766974609375 -0.0 0.87613671875
0 0.06033056640625 0.86110078125 0.06089345703125 0.8416865234375 0.05624208984375 0.84025537109375 0.0540953125 0.80232880859375 -0.0 0.8006005859375 -0.0 0.7765673828125 0.0899751953125 0.777934765625 0.0919611328125 0.80662587890625 0.09174150390625 0.86241865234375 0.06033056640625 0.86110078125
0 0.1030337890625 0.861540625 0.10051064453125 0.84023447265625 0.12994677734375 0.83911318359375 0.13078779296875 0.8427576171875 0.147328125 0.84303798828125 0.14844951171875 0.84023447265625 0.17115732421875 0.839673828125 0.17115732421875 0.8340669921875 0.18124970703125 0.83294560546875 0.18293173828125 0.837991796875 0.1893796875 0.837991796875 0.191902734375 0.86266201171875 0.1030337890625 0.861540625
0 0.09448486328125 0.8211607421875 0.09492421875 0.80358818359375 0.1015138671875 0.80358818359375 0.102392578125 0.79941474609375 0.19355009765625 0.79875576171875 0.19333046875 0.8266521484375 0.17070576171875 0.826871875 0.1649947265625 0.8200625 0.13578037109375 0.82160009765625 0.1316068359375 0.82445556640625 0.12369921875 0.82401630859375 0.12369921875 0.82840947265625 0.10986083984375 0.82840947265625 0.1096412109375 0.8242359375 0.10173359375 0.82203935546875 0.09448486328125 0.8211607421875
0 0.0951470703125 0.766023046875 -0.0 0.76583984375 -0.0 0.7155720703125 0.0143833984375 0.7166646484375 0.04962392578125 0.71705107421875 0.05025009765625 0.6345654296875 0.01257529296875 0.635004296875 -0.0 0.6408408203125 -0.0 0.5844857421875 0.09624130859375 0.58030517578125 0.0951470703125 0.766023046875
0 0.107544921875 0.78981630859375 0.1081056640625 0.78364873046875 0.1019380859375 0.7822470703125 0.1019380859375 0.762342578125 0.10782529296875 0.762342578125 0.107544921875 0.75253056640625 0.100536328125 0.75253056640625 0.1019380859375 0.73010302734375 0.1142732421875 0.7303833984375 0.1137125 0.714964453125 0.12716904296875 0.714964453125 0.13417763671875 0.7233748046875 0.1344580078125 0.7892556640625 0.107544921875 0.78981630859375
0 0.27228525390625 0.78300166015625 0.2426029296875 0.78254501953125 0.2426029296875 0.75514599609375 0.27137197265625 0.75560263671875 0.27228525390625 0.78300166015625
0 0.1424923828125 0.78166494140625 0.1453546875 0.71082099609375 0.212262890625 0.7129677734375 0.212262890625 0.74946318359375 0.1972353515625 0.7505365234375 0.1979509765625 0.76735302734375 0.212262890625 0.76699521484375 0.211905078125 0.78560068359375 0.1424923828125 0.78166494140625
0 0.27573173828125 0.74274765625 0.23052333984375 0.740464453125 0.22961005859375 0.6979958984375 0.27618837890625 0.69936591796875 0.27573173828125 0.74274765625
0 0.30639091796875 0.6990154296875 0.22961005859375 0.6979958984375 0.229464453125 0.66430908203125 0.30639091796875 0.66430908203125 0.30639091796875 0.6990154296875
0 0.30710654296875 0.65536416015625 0.23125341796875 0.6535751953125 0.229106640625 0.62101552734375 0.305317578125 0.62173115234375 0.30710654296875 0.65536416015625
0 0.14267529296875 0.7150884765625 0.12993515625 0.71574736328125 0.127738671875 0.70937734375 0.10840888671875 0.70981669921875 0.1097267578125 0.68345791015625 0.1158771484375 0.68038271484375 0.1158771484375 0.6748912109375 0.1391607421875 0.6751109375 0.14201630859375 0.684116796875 0.14640947265625 0.68477578125 0.1453546875 0.71082099609375 0.14267529296875 0.7150884765625
0 0.14856884765625 0.7106171875 0.1474474609375 0.6769759765625 0.15950224609375 0.674733203125 0.15894150390625 0.64389541015625 0.15950224609375 0.6217482421875 0.20379658203125 0.6225892578125 0.20379658203125 0.6523056640625 0.20940341796875 0.65258603515625 0.2096837890625 0.6646408203125 0.19005966796875 0.66436044921875 0.1903400390625 0.678097265625 0.1701552734375 0.6825828125 0.170716015625 0.6966 0.18921865234375 0.694076953125 0.18893828125 0.68090078125 0.20828203125 0.6778169921875 0.21024443359375 0.6971607421875 0.19538623046875 0.69856240234375 0.19314345703125 0.71173857421875 0.14856884765625 0.7106171875
0 0.1042095703125 0.6641048828125 0.10333095703125 0.6186359375 0.12661455078125 0.6186359375 0.12683427734375 0.63796572265625 0.12068388671875 0.6375263671875 0.120903515625 0.6518041015625 0.137377734375 0.65136474609375 0.13803671875 0.672671484375 0.10267197265625 0.67223212890625 0.1042095703125 0.6641048828125
0 0.23631181640625 0.60925185546875 0.23631181640625 0.52182958984375 0.314408984375 0.52008115234375 0.313243359375 0.61041748046875 0.23631181640625 0.60925185546875
0 -0.0 0.56372275390625 -0.0 0.519713671875 0.0328447265625 0.519355859375 0.0342759765625 0.546190625 0.0435787109375 0.54583291015625 0.0421474609375 0.4953833984375 0.07363369140625 0.4957412109375 0.0714869140625 0.56372275390625 -0.0 0.56372275390625
0 0.00851689453125 0.4941103515625 0.0071779296875 0.42744287109375 0.07383701171875 0.42794912109375 0.07363369140625 0.4957412109375 0.00851689453125 0.4941103515625
0 0.00630927734375 0.3653310546875 0.04738505859375 0.3646720703125 0.04738505859375 0.351273046875 0.0748421875 0.349955078125 0.07383701171875 0.42794912109375 0.02410146484375 0.427933203125 0.02344248046875 0.41343583984375 0.0076271484375 0.41475380859375 0.00850576171875 0.39190947265625 0.00433232421875 0.39015224609375 0.00630927734375 0.3653310546875
0 0.10496953125 0.586220703125 0.10518916015625 0.55415078125 0.12539755859375 0.55327216796875 0.126276171875 0.5646943359375 0.13154794921875 0.5646943359375 0.13088896484375 0.548659375 0.1627392578125 0.54822001953125 0.16361787109375 0.56513359375 0.15373330078125 0.56491396484375 0.15439228515625 0.597203515625 0.12605654296875 0.5978625 0.12539755859375 0.5868796875 0.10496953125 0.586220703125
0 0.188746875 0.59429091796875 0.18930751953125 0.49729189453125 0.21565986328125 0.49729189453125 0.21481884765625 0.56298984375 0.2077625 0.56316201171875 0.2087951171875 0.5932806640625 0.188746875 0.59429091796875
0 0.13344208984375 0.54076982421875 0.11499091796875 0.539671484375 0.11323359375 0.52583310546875 0.10444736328125 0.5262724609375 0.10796181640625 0.48651455078125 0.13585830078125 0.488271875 0.13344208984375 0.54076982421875
0 0.13585830078125 0.488271875 0.15365048828125 0.4887111328125 0.15233251953125 0.494422265625 0.161777734375 0.49376328125 0.16045986328125 0.5166076171875 0.16155810546875 0.52253828125 0.1551880859375 0.5242955078125 0.15430947265625 0.53220322265625 0.1402513671875 0.53330146484375 0.13937275390625 0.5065033203125 0.13585830078125 0.505405078125 0.13585830078125 0.488271875
0 0.1174775390625 0.46239697265625 0.1171197265625 0.41624111328125 0.1543306640625 0.419103515625 0.1543306640625 0.465975 0.1174775390625 0.46239697265625
0 0.162855859375 0.45235322265625 0.162855859375 0.4330234375 0.165711328125 0.42731240234375 0.16439345703125 0.41017919921875 0.18943427734375 0.409080859375 0.190971875 0.36053671875 0.20239404296875 0.3594384765625 0.214914453125 0.37327685546875 0.21535380859375 0.4128150390625 0.22150419921875 0.4141330078125 0.22128447265625 0.4306072265625 0.2144751953125 0.43104658203125 0.21535380859375 0.43697724609375 0.20744609375 0.4367576171875 0.20744609375 0.4620181640625 0.19207021484375 0.4620181640625 0.19207021484375 0.46707021484375 0.178012109375 0.4686078125 0.173838671875 0.46223779296875 0.16790791015625 0.45630712890625 0.162855859375 0.45235322265625
0 0.1229859375 0.3974904296875 0.1190611328125 0.39188349609375 0.113173828125 0.38655703125 0.11177216796875 0.38066982421875 0.1120525390625 0.36973642578125 0.11793974609375 0.3694560546875 0.120182421875 0.3624474609375 0.15214169921875 0.362727734375 0.15158095703125 0.38459462890625 0.14457236328125 0.3851552734375 0.144852734375 0.39777080078125 0.1229859375 0.3974904296875
0 0.24086494140625 0.51584189453125 0.24216806640625 0.41788544921875 0.31135107421875 0.41744755859375 0.309204296875 0.5140529296875 0.24086494140625 0.51584189453125
0 -0.0 0.28468994140625 0.0090052734375 0.2859189453125 0.0094408203125 0.31283154296875 -0.0 0.3142626953125 -0.0 0.28468994140625
0 0.11212880859375 0.29887744140625 0.1132021484375 0.25486826171875 0.22411943359375 0.254152734375 0.22376162109375 0.29923525390625 0.11212880859375 0.29887744140625
0 0.36306748046875 0.54254296875 0.362351953125 0.47885498046875 0.3841775390625 0.47921279296875 0.3845353515625 0.494955859375 0.40600322265625 0.49424033203125 0.4049298828125 0.47849716796875 0.42890224609375 0.477423828125 0.42961787109375 0.54397421875 0.36306748046875 0.54254296875
0 0.427141796875 0.613784375 0.3618216796875 0.613784375 0.362101953125 0.5843482421875 0.42602041015625 0.58490888671875 0.427141796875 0.613784375
0 0.52287744140625 0.57674189453125 0.46097841796875 0.57638408203125 0.46169404296875 0.54382451171875 0.52466640625 0.54382451171875 0.52287744140625 0.57674189453125
0 0.5255259765625 0.53920263671875 0.4624486328125 0.5403240234375 0.4632896484375 0.50724345703125 0.5238439453125 0.50668271484375 0.5255259765625 0.53920263671875
0 0.5274703125 0.4670630859375 0.46987041015625 0.46598505859375 0.46951259765625 0.43163642578125 0.46342998046875 0.43306767578125 0.46342998046875 0.415177734375 0.470228125 0.41482001953125 0.470228125 0.38548056640625 0.52711796875 0.38798515625 0.5274703125 0.4670630859375
0 0.5316337890625 0.51375361328125 0.53378056640625 0.4153591796875 0.563835546875 0.4153591796875 0.563119921875 0.5101755859375 0.55131259765625 0.514469140625 0.55560625 0.5244875 0.5681291015625 0.5244875 0.56705576171875 0.51661591796875 0.58458779296875 0.515900390625 0.58923916015625 0.53128564453125 0.59102822265625 0.54702880859375 0.53342275390625 0.5495333984375 0.5316337890625 0.51375361328125
0 0.40982978515625 0.4329853515625 0.3769123046875 0.43477431640625 0.37512333984375 0.41903125 0.37941689453125 0.418315625 0.37977470703125 0.4129486328125 0.41269208984375 0.4122330078125 0.40982978515625 0.4329853515625
0 0.42736181640625 0.4047193359375 0.36653623046875 0.4040037109375 0.36653623046875 0.36428818359375 0.42986640625 0.36500380859375 0.42736181640625 0.4047193359375
0 0.42856376953125 0.285714453125 0.38244599609375 0.2901775390625 0.3787267578125 0.217281640625 0.42707607421875 0.217281640625 0.42856376953125 0.285714453125
0 0.53115986328125 0.33999296875 0.46996865234375 0.342276171875 0.47042529296875 0.3157904296875 0.4658587890625 0.3157904296875 0.4640322265625 0.28656484375 0.47042529296875 0.28656484375 0.46859873046875 0.26327568359375 0.53252978515625 0.2614490234375 0.53207314453125 0.25733916015625 0.5918943359375 0.25779580078125 0.5918943359375 0.38246142578125 0.53252978515625 0.3847447265625 0.53115986328125 0.33999296875
0 0.6169865234375 0.1389078125 0.61586513671875 0.124049609375 0.60941728515625 0.12432998046875 0.6091369140625 0.09517421875 0.617547265625 0.0934921875 0.617547265625 0.08087666015625 0.63913369140625 0.07919462890625 0.640255078125 0.13722578125 0.6169865234375 0.1389078125
0 0.42588173828125 0.15276640625 0.38923203125 0.15105078125 0.38858583984375 0.135542578125 0.369675390625 0.1373970703125 0.37110654296875 0.074424609375 0.41762021484375 0.074424609375 0.417017578125 0.129726953125 0.4260640625 0.13166552734375 0.42588173828125 0.15276640625
0 0.26432626953125 0.161911328125 0.26264423828125 0.11537421875 0.30021025390625 0.11425283203125 0.3035744140625 0.1621916015625 0.26432626953125 0.161911328125
0 0.24610390625 0.133876953125 0.2046130859375 0.1341572265625 0.20405234375 0.089862890625 0.244421875 0.0904236328125 0.24610390625 0.133876953125
0 0.30121962890625 0.06505458984375 0.26436640625 0.0664857421875 0.26365087890625 0.06255 0.199605078125 0.0621921875 0.198889453125 0.0392931640625 0.26221962890625 0.0389353515625 0.26472421875 0.014962890625 0.294063671875 0.01353173828125 0.29585263671875 0.04609130859375 0.30229296875 0.0475224609375 0.30121962890625 0.06505458984375
0 0.03371162109375 0.17500771484375 0.00902353515625 0.17572333984375 0.00830791015625 0.12634716796875 0.03371162109375 0.125273828125 0.03371162109375 0.17500771484375
0 0.0532365234375 0.1298345703125 0.05185966796875 0.11486123046875 0.059432421875 0.114344921875 0.05977666015625 0.11055859375 0.074330078125 0.1115619140625 0.0880021484375 0.1215734375 0.08937900390625 0.128801953125 0.0862810546875 0.134653515625 0.07647099609375 0.1399888671875 0.0713078125 0.13843994140625 0.06442353515625 0.130006640625 0.0532365234375 0.1298345703125
0 0.0430966796875 0.08724580078125 0.041694921875 0.06874306640625 0.06608486328125 0.0690234375 0.06552421875 0.06005244140625 0.05431044921875 0.06033271484375 0.05515146484375 0.0325787109375 0.0851482421875 0.03145732421875 0.08486787109375 0.0395873046875 0.08374658203125 0.085563671875 0.0430966796875 0.08724580078125
0 0.08155224609375 8.203125e-06 0.08099189453125 0.012183203125 0.06473203125 0.01274384765625 0.06529267578125 0.03124658203125 0.0151111328125 0.0306859375 0.013709375 0.00937978515625 0.00950419921875 0.0090994140625 0.00838369140625 6.8359375e-06 0.08155224609375 8.203125e-06
0 0.15388037109375 9.375e-06 0.15247958984375 0.0144259765625 0.11211005859375 0.01330458984375 0.110989453125 8.69140625e-06 0.15388037109375 9.375e-06
0 0.14883515625 0.06068271484375 0.0868791015625 0.0618041015625 0.08547744140625 0.01722939453125 0.15247958984375 0.0144259765625 0.15185615234375 0.03051435546875 0.09556982421875 0.03040556640625 0.09500908203125 0.04582451171875 0.1544419921875 0.044703125 0.1544419921875 0.05984169921875 0.14883515625 0.06068271484375
0 0.438746484375 0.17754609375 0.41216806640625 0.17820498046875 0.4117287109375 0.1628291015625 0.438746484375 0.16238974609375 0.438746484375 0.17754609375
0 0.70630927734375 0.1765009765625 0.6924708984375 0.16134462890625 0.69554609375 0.15519423828125 0.7047716796875 0.14948310546875 0.7188296875 0.163321484375 0.70630927734375 0.1765009765625
0 0.7087888671875 0.10736376953125 0.6993435546875 0.10692451171875 0.69912392578125 0.0596982421875 0.709228125 0.0586 0.7087888671875 0.10736376953125
0 0.8089681640625 0.167447265625 0.7606326171875 0.16940966796875 0.757548828125 0.15847626953125 0.808428515625 0.1556728515625 0.8089681640625 0.167447265625
0 0.72288115234375 1.083984375e-05 0.71783720703125 0.02379677734375 0.69428837890625 0.01762919921875 0.6934478515625 1.11328125e-05 0.72288115234375 1.083984375e-05
0 0.01257529296875 0.635004296875 0.0143833984375 0.7166646484375 -0.0 0.7155720703125 -0.0 0.6408408203125 0.01257529296875 0.635004296875
0 0.58715263671875 0.68922314453125 0.5335986328125 0.68644619140625 0.53121845703125 0.65788408203125 0.539945703125 0.65550390625 0.58754931640625 0.65550390625 0.5895328125 0.65867744140625 0.5891361328125 0.6828759765625 0.58715263671875 0.68922314453125
0 0.55496279296875 0.02954296875 0.57440087890625 0.028749609375 0.57400419921875 0.03906376953125 0.55575615234375 0.03946044921875 0.55496279296875 0.02954296875
0 0.13815791015625 0.10315185546875 0.13890546875 0.12617646484375 0.0912115234375 0.12557841796875 0.085530078125 0.11765439453125 0.07685849609375 0.11167392578125 0.0761109375 0.10374990234375 0.08418447265625 0.1041984375 0.08508154296875 0.0955267578125 0.13890546875 0.09448017578125 0.13815791015625 0.10315185546875
0 0.1498197265625 0.0955267578125 0.16267763671875 0.09567626953125 0.16237861328125 0.144416796875 0.1504177734375 0.14396826171875 0.1498197265625 0.0955267578125
