2 0.00477060546875 0.04280693359375 0.01930703125 0.018794921875 0.0247501953125 0.022537109375 0.030987109375 0.0163001953125 0.036997265625 0.02038251953125 0.036997265625 0.02412470703125 0.05043681640625 0.03237353515625 0.03085703125 0.0632208984375 0.01626455078125 0.05527822265625 0.018296484375 0.05250751953125 0.00477060546875 0.04280693359375
2 0.05067919921875 0.03764130859375 0.057596484375 0.03219814453125 0.0735857421875 0.043084375 0.076420703125 0.03934228515625 0.0886677734375 0.04637294921875 0.0886677734375 0.0511357421875 0.07177138671875 0.07608349609375 0.0558955078125 0.065310546875 0.04136962890625 0.05387373046875 0.05067919921875 0.03764130859375
2 0.10239033203125 9.375e-06 0.08994912109375 0.0214630859375 0.0730158203125 0.00988486328125 0.07417255859375 8.88671875e-06 0.10239033203125 9.375e-06
2 0.132671875 9.86328125e-06 0.12725166015625 0.00541689453125 0.13233369140625 0.00854970703125 0.13149833984375 0.01175205078125 0.13546650390625 0.0140494140625 0.13665 0.019270703125 0.13045400390625 0.02567548828125 0.13045400390625 0.02818173828125 0.122448046875 0.038276171875 0.0975251953125 0.020871875 0.10267685546875 0.0073662109375 0.1107419921875 9.47265625e-06 0.132671875 9.86328125e-06
2 0.07222685546875 0.0906056640625 0.0807658203125 0.07656689453125 0.09451513671875 0.07208037109375 0.09712021484375 0.070198828125 0.092923046875 0.05948896484375 0.10731240234375 0.053754296875 0.11325791015625 0.06750009765625 0.1114033203125 0.07120927734375 0.101966796875 0.07470029296875 0.1021755859375 0.0774849609375 0.11143466796875 0.084307421875 0.11505478515625 0.0795734375 0.12619365234375 0.08992177734375 0.1157822265625 0.1013369140625 0.10907294921875 0.10570068359375 0.09990908203125 0.1187373046875 0.09150888671875 0.11153720703125 0.091622265625 0.108815625 0.09134384765625 0.1080978515625 0.08801640625 0.1080978515625 0.07222685546875 0.0906056640625
2 0.1769703125 0.0289474609375 0.1790138671875 0.03916533203125 0.154491015625 0.0640435546875 0.1399609375 0.05173828125 0.146515625 0.0443921875 0.148044921875 0.04133359375 0.14930517578125 0.0402833984375 0.153720703125 0.03787109375 0.15378017578125 0.03818798828125 0.17012880859375 0.0243271484375 0.1769703125 0.0289474609375
2 0.15315830078125 0.03498935546875 0.153623046875 0.037373046875 0.14902939453125 0.03987763671875 0.14765380859375 0.04102392578125 0.14610791015625 0.04411572265625 0.13958984375 0.05142578125 0.13885322265625 0.05080478515625 0.12819111328125 0.0407646484375 0.14329580078125 0.02734814453125 0.15315830078125 0.03498935546875
2 0.12915029296875 0.09199384765625 0.14007890625 0.085951953125 0.14478798828125 0.08950595703125 0.14727587890625 0.10061240234375 0.13350400390625 0.1063876953125 0.1326154296875 0.09732490234375 0.12915029296875 0.09199384765625
2 0.11489697265625 0.106321875 0.13010341796875 0.103899609375 0.13952919921875 0.11446484375 0.1393625 0.11810146484375 0.1412421875 0.1183798828125 0.14165986328125 0.1176837890625 0.14569765625 0.11260166015625 0.155211328125 0.124339453125 0.1490283203125 0.1310978515625 0.127666796875 0.1490810546875 0.11680751953125 0.1365138671875 0.11702568359375 0.1322046875 0.10765673828125 0.118365625 0.11489697265625 0.106321875
2 0.15306708984375 0.07152626953125 0.15937548828125 0.06495126953125 0.16648359375 0.071259765625 0.16923798828125 0.0723259765625 0.16799404296875 0.06815 0.17154814453125 0.06583984375 0.16728330078125 0.06255234375 0.1679052734375 0.05855400390625 0.175990625 0.05322294921875 0.179278125 0.05366728515625 0.18016669921875 0.05793212890625 0.18611962890625 0.0601533203125 0.1997138671875 0.04904697265625 0.2128638671875 0.06308544921875 0.21197529296875 0.06628408203125 0.178123046875 0.09338359375 0.17261435546875 0.08574248046875 0.16728330078125 0.09089580078125 0.15306708984375 0.07152626953125
2 0.1821587890625 0.0944310546875 0.19552275390625 0.08423076171875 0.1995771484375 0.08498623046875 0.2018451171875 0.0837388671875 0.20082451171875 0.08045029296875 0.20989638671875 0.07251240234375 0.21583505859375 0.07887119140625 0.2191236328125 0.0770568359375 0.22320595703125 0.08454111328125 0.214020703125 0.0917986328125 0.223886328125 0.10529306640625 0.21606181640625 0.11130322265625 0.211072265625 0.106994140625 0.205742578125 0.11039609375 0.20959814453125 0.11527216796875 0.20982490234375 0.11878759765625 0.20063955078125 0.1245708984375 0.1828359375 0.10200458984375 0.18362978515625 0.09985 0.1821587890625 0.0944310546875
2 0.1374103515625 0.1503916015625 0.14464677734375 0.14329990234375 0.15738291015625 0.1386685546875 0.15969853515625 0.137944921875 0.1602775390625 0.1252087890625 0.17214521484375 0.12448515625 0.1772107421875 0.13765546875 0.1757634765625 0.1393921875 0.16530283203125 0.1419673828125 0.17851337890625 0.1634171875 0.15883017578125 0.17933740234375 0.1374103515625 0.1503916015625
2 0.17491240234375 0.1695041015625 0.189483984375 0.1599970703125 0.1970638671875 0.17198583984375 0.20000205078125 0.16976455078125 0.2141845703125 0.1894955078125 0.185737890625 0.21029013671875 0.17171728515625 0.19058701171875 0.18309501953125 0.180340234375 0.17491240234375 0.1695041015625
2 0.20481298828125 0.128246875 0.23701826171875 0.10261875 0.247677734375 0.11407197265625 0.2474509765625 0.1156595703125 0.23905947265625 0.12325732421875 0.25005908203125 0.136184765625 0.23985322265625 0.144803125 0.23781201171875 0.1410609375 0.23225546875 0.14491650390625 0.23418330078125 0.1476380859375 0.2342966796875 0.148998828125 0.22477119140625 0.1555759765625 0.20481298828125 0.128246875
2 0.29394140625 1.181640625e-05 0.2998380859375 0.00230712890625 0.30394873046875 0.0085544921875 0.31435244140625 0.02013486328125 0.29492412109375 0.03281767578125 0.29391103515625 0.03180458984375 0.2905822265625 0.03527802734375 0.29391103515625 0.04236982421875 0.28233271484375 0.049316796875 0.279641015625 0.05049267578125 0.27495146484375 0.04396181640625 0.269017578125 0.03281767578125 0.2756751953125 0.0283310546875 0.267280859375 0.0151607421875 0.29389013671875 1.181640625e-05 0.29394140625 1.181640625e-05
2 0.383733203125 0.00017431640625 0.39445419921875 0.01256611328125 0.3804611328125 0.0223125 0.38651787109375 0.03393857421875 0.37704990234375 0.047374609375 0.365354296875 0.05057705078125 0.34795 0.02495791015625 0.360341796875 0.01590771484375 0.361246875 0.01730009765625 0.3664681640625 0.0136103515625 0.366050390625 0.0116611328125 0.3744044921875 0.0066486328125 0.3766322265625 0.00699677734375 0.37892958984375 0.004908203125 0.37899921875 0.002958984375 0.383733203125 0.00017431640625
2 0.285842578125 0.05033017578125 0.2924197265625 0.04579423828125 0.29661552734375 0.04919619140625 0.2976361328125 0.04919619140625 0.297862890625 0.04817568359375 0.30024423828125 0.04647470703125 0.30194521484375 0.0462478515625 0.304666796875 0.0447736328125 0.3044400390625 0.03672236328125 0.31600673828125 0.028330859375 0.325758984375 0.04227890625 0.329501171875 0.0391037109375 0.34118125 0.051691015625 0.3135119140625 0.07380380859375 0.30298642578125 0.0614625 0.29748662109375 0.06515224609375 0.29616396484375 0.0622283203125 0.29205654296875 0.06243720703125 0.285842578125 0.05033017578125
2 0.33692705078125 0.06042900390625 0.341103125 0.06558232421875 0.34678955078125 0.06371650390625 0.3493662109375 0.0670927734375 0.349455078125 0.071801953125 0.3561775390625 0.07438134765625 0.36254560546875 0.08378876953125 0.364571875 0.08755166015625 0.340257421875 0.1068005859375 0.328823828125 0.0939197265625 0.328534375 0.08899892578125 0.31550869140625 0.09884052734375 0.3055224609375 0.08798583984375 0.3308962890625 0.0636263671875 0.33692705078125 0.06042900390625
2 0.38019111328125 0.0495240234375 0.3962560546875 0.03997197265625 0.40465029296875 0.0454716796875 0.40479501953125 0.05227392578125 0.4074001953125 0.05227392578125 0.4197021484375 0.0440244140625 0.4254912109375 0.04966875 0.42896474609375 0.0569052734375 0.42925419921875 0.060812890625 0.40132158203125 0.07875927734375 0.3994400390625 0.07933818359375 0.38019111328125 0.0495240234375
2 0.435776953125 0.06097265625 0.44586943359375 0.07526083984375 0.43464296875 0.08365244140625 0.4420138671875 0.094538671875 0.42908642578125 0.1033837890625 0.42715869140625 0.10723935546875 0.41309716796875 0.11529072265625 0.39495341796875 0.0879615234375 0.41570537109375 0.07355986328125 0.4195609375 0.0754876953125 0.421488671875 0.07310625 0.422169140625 0.0698177734375 0.435776953125 0.06097265625
2 0.9245935546875 0.007473046875 0.93740771484375 0.0171119140625 0.93967568359375 0.01473056640625 0.9440982421875 0.0185861328125 0.94194365234375 0.02176123046875 0.95135576171875 0.02890537109375 0.92425341796875 0.0658734375 0.91075888671875 0.05566748046875 0.9226658203125 0.0389978515625 0.91688251953125 0.03502890625 0.91348046875 0.039905078125 0.90860439453125 0.0359361328125 0.90747041015625 0.037296875 0.90815078125 0.04035869140625 0.91280009765625 0.04546162109375 0.902934375 0.05793544921875 0.8921615234375 0.0484099609375 0.89170791015625 0.044441015625 0.90168701171875 0.0333279296875 0.902934375 0.03457529296875 0.9245935546875 0.007473046875
2 0.95990244140625 0.052495703125 0.9711865234375 0.03801298828125 0.9846029296875 0.04876396484375 0.9603466796875 0.08714765625 0.92889345703125 0.0663564453125 0.932180859375 0.05835986328125 0.93848935546875 0.056138671875 0.942043359375 0.06111220703125 0.94470888671875 0.05498359375 0.9396443359375 0.0493859375 0.947285546875 0.0411228515625 0.95990244140625 0.052495703125
2 0.98676982421875 0.0537787109375 0.9984611328125 0.0617087890625 0.9984611328125 0.065036328125 0.9869474609375 0.08212216796875 0.97379755859375 0.07270400390625 0.98676982421875 0.0537787109375
2 0.87522783203125 0.07101201171875 0.870017578125 0.0666701171875 0.8798591796875 0.0546576171875 0.8925953125 0.065367578125 0.88116171875 0.08085361328125 0.879425 0.08374814453125 0.88724033203125 0.0904056640625 0.89085859375 0.085340234375 0.902581640625 0.09344501953125 0.88289853515625 0.12123291015625 0.86914921875 0.11254921875 0.87128896484375 0.10581826171875 0.86981611328125 0.10467275390625 0.868070703125 0.10756376953125 0.85790224609375 0.09342998046875 0.87522783203125 0.07101201171875
2 0.89932890625 0.11014970703125 0.903771484375 0.09984306640625 0.911323828125 0.090513671875 0.94162197265625 0.11130478515625 0.91798759765625 0.14480166015625 0.90545966796875 0.1367162109375 0.9077697265625 0.1277421875 0.912301171875 0.1217892578125 0.89932890625 0.11014970703125
2 0.93244521484375 0.13387939453125 0.940451171875 0.120234375 0.94817861328125 0.11459541015625 0.96733994140625 0.12769677734375 0.97559716796875 0.1331513671875 0.9525078125 0.17304970703125 0.936991796875 0.16307509765625 0.95176904296875 0.14312587890625 0.94604287109375 0.13980107421875 0.94456513671875 0.14201767578125 0.93244521484375 0.13387939453125
2 0.97419404296875 0.14171416015625 0.98269892578125 0.13150830078125 0.995399609375 0.14114716796875 0.9896162109375 0.151012890625 0.98904921875 0.15520859375 0.99267802734375 0.1580435546875 0.990863671875 0.16416708984375 0.99812119140625 0.1685896484375 0.9984609375 0.1691228515625 0.99846083984375 0.17576630859375 0.99744072265625 0.17856875 0.99551298828125 0.1783419921875 0.99097705078125 0.190248828125 0.987134375 0.186833984375 0.983970703125 0.18825224609375 0.98157060546875 0.18770673828125 0.98080693359375 0.185306640625 0.979116015625 0.18481572265625 0.97644326171875 0.1846521484375 0.9748068359375 0.18072470703125 0.963679296875 0.1745064453125 0.95947919921875 0.1663244140625 0.96926064453125 0.153605078125 0.979981640625 0.1577125 0.9829751953125 0.14921923828125 0.97419404296875 0.14171416015625
2 -0.0 0.14674931640625 0.003330859375 0.14328408203125 0.001998046875 0.13919697265625 0.00795576171875 0.13268046875 0.0175609375 0.13859130859375 0.01194462890625 0.1463541015625 0.0135439453125 0.14795341796875 0.009545703125 0.15221826171875 0.0133662109375 0.15328447265625 0.01523212890625 0.1566607421875 0.01709794921875 0.1560388671875 0.01877890625 0.1476802734375 0.023699609375 0.1479697265625 0.036291015625 0.1596927734375 0.009950390625 0.18675712890625 -0.0 0.17908642578125 -0.0 0.14674931640625
2 0.0395865234375 0.159475390625 0.05557578125 0.17206259765625 0.050699609375 0.17659853515625 0.06169931640625 0.188165234375 0.0350505859375 0.21594794921875 0.02382412109375 0.20596884765625 0.01237080078125 0.19224765625 0.01804072265625 0.1862375 0.01792734375 0.1817015625 0.0395865234375 0.159475390625
2 -0.0 0.2234951171875 0.0096419921875 0.23550751953125 -0.0 0.24404658203125 -0.0 0.2234951171875
2 0.00973896484375 0.23870263671875 0.02220048828125 0.23396865234375 0.029440625 0.24712626953125 0.02951025390625 0.2499109375 0.01809287109375 0.25769169921875 0.020814453125 0.26052666015625 0.02829873046875 0.25599072265625 0.0374916015625 0.26726025390625 0.03533349609375 0.271298046875 0.0067677734375 0.29287958984375 -0.0 0.28462841796875 -0.0 0.254538671875 0.01309580078125 0.25005205078125 0.00973896484375 0.23870263671875
2 0.04962822265625 0.205880078125 0.06487431640625 0.21256328125 0.05784296875 0.2263474609375 0.04579921875 0.22084775390625 0.0432234375 0.21799345703125 0.04962822265625 0.205880078125
2 0.06152978515625 0.1972306640625 0.075731640625 0.1845603515625 0.08150986328125 0.18852861328125 0.09146513671875 0.199876171875 0.09146513671875 0.201755859375 0.09633828125 0.20823017578125 0.09626865234375 0.209413671875 0.09891416015625 0.2130337890625 0.0989837890625 0.21929931640625 0.0850603515625 0.23008994140625 0.0709412109375 0.207384765625 0.06724697265625 0.207384765625 0.06152978515625 0.1972306640625
2 0.10163896484375 0.24439853515625 0.10956357421875 0.257620703125 0.0877095703125 0.27498818359375 0.077578515625 0.25877861328125 0.06021103515625 0.27122529296875 0.04921162109375 0.2577654296875 0.08083740234375 0.2333296875 0.0822994140625 0.2338169921875 0.104360546875 0.21990439453125 0.11048408203125 0.225801171875 0.114906640625 0.23464619140625 0.10163896484375 0.24439853515625
2 0.08809375 0.28041669921875 0.09715654296875 0.27277548828125 0.1029318359375 0.26442353515625 0.1130609375 0.25998095703125 0.12283447265625 0.25216201171875 0.1300314453125 0.26104716796875 0.12825439453125 0.265933984375 0.13163076171875 0.26966572265625 0.12532236328125 0.275441015625 0.13870634765625 0.28963623046875 0.130769921875 0.29743330078125 0.1198400390625 0.30613544921875 0.101600390625 0.28977548828125 0.097144921875 0.29311708984375 0.08809375 0.28041669921875
2 0.13054833984375 0.299213671875 0.1405703125 0.29720615234375 0.14429111328125 0.305141015625 0.15427021484375 0.2974298828125 0.16572353515625 0.31035732421875 0.15461044921875 0.31920244140625 0.151321875 0.31375927734375 0.14905390625 0.31523349609375 0.152115625 0.32010966796875 0.14171044921875 0.32180146484375 0.1318185546875 0.31015537109375 0.13054833984375 0.299213671875
2 0.037125390625 0.27333466796875 0.051048828125 0.2681830078125 0.0566181640625 0.282941796875 0.04610595703125 0.2869099609375 0.03676630859375 0.29087080078125 0.040943359375 0.29845908203125 0.04693037109375 0.29372509765625 0.0555740234375 0.30842099609375 0.0287580078125 0.32917275390625 0.0099337890625 0.29889521484375 0.03567529296875 0.28165859375 0.03533515625 0.280524609375 0.038056640625 0.27893701171875 0.037125390625 0.27333466796875
2 0.06622373046875 0.31702353515625 0.0632916015625 0.3058283203125 0.07875166015625 0.3013857421875 0.08630400390625 0.3178232421875 0.07697470703125 0.3217326171875 0.076352734375 0.32377626953125 0.08372734375 0.3292849609375 0.08950263671875 0.3370150390625 0.06364697265625 0.3573619140625 0.03947958984375 0.32990693359375 0.05556162109375 0.31622392578125 0.0592044921875 0.31942255859375 0.06622373046875 0.31702353515625
2 0.0739193359375 0.35907314453125 0.0783748046875 0.35413037109375 0.07795712890625 0.35051025390625 0.08895654296875 0.34382705078125 0.10053828125 0.35391640625 0.10666904296875 0.3495626953125 0.1163537109375 0.36182412109375 0.11759765625 0.36377890625 0.08063564453125 0.3935439453125 0.0682853515625 0.37710654296875 0.076726171875 0.364578515625 0.07326103515625 0.36200185546875 0.0739193359375 0.35907314453125
2 0.1361603515625 0.38798525390625 0.14575869140625 0.39810634765625 0.10640927734375 0.428497265625 0.09586318359375 0.4121677734375 0.10572890625 0.40434326171875 0.10546875 0.403974609375 0.11637978515625 0.39710380859375 0.11592412109375 0.39345849609375 0.123500390625 0.38755341796875 0.13376953125 0.38322265625 0.1361603515625 0.38798525390625
2 0.13288505859375 0.3780521484375 0.13288505859375 0.3814541015625 0.1335546875 0.382783203125 0.123251171875 0.38712861328125 0.11540517578125 0.39324384765625 0.11585673828125 0.3968560546875 0.105185546875 0.40357421875 0.096483984375 0.39131982421875 0.12517392578125 0.36954716796875 0.13288505859375 0.3780521484375
2 -0.0 0.38664814453125 0.01772685546875 0.41183095703125 0.01758212890625 0.419212109375 0.00441181640625 0.428040625 -0.0 0.42138310546875 -0.0 0.38664814453125
2 -0.0 0.439808984375 0.003008203125 0.44740673828125 0.006750390625 0.44377802734375 0.003008203125 0.43459267578125 0.01196669921875 0.4279021484375 0.0231931640625 0.440489453125 0.03328564453125 0.43379892578125 0.04564619140625 0.4478603515625 0.04075009765625 0.4511033203125 0.00720390625 0.47734404296875 -0.0 0.47791103515625 -0.0 0.439808984375
2 0.01324033203125 0.47698447265625 0.02097041015625 0.47120908203125 0.022303125 0.4677439453125 0.0297666015625 0.4612578125 0.03065517578125 0.46161318359375 0.04433818359375 0.45112880859375 0.05153515625 0.45521591796875 0.05588876953125 0.46383447265625 0.0555333984375 0.46587802734375 0.04886962890625 0.47120908203125 0.0495681640625 0.4785169921875 0.056598828125 0.4875888671875 0.04004267578125 0.4984751953125 0.030970703125 0.48464052734375 0.0224658203125 0.4909908203125 0.01324033203125 0.47698447265625
2 0.04600966796875 0.5027115234375 0.07307392578125 0.48679130859375 0.0920333984375 0.516316015625 0.0908755859375 0.5202236328125 0.07278447265625 0.530065234375 0.0702453125 0.53144658203125 0.0609166015625 0.51654853515625 0.0564611328125 0.51961171875 0.04600966796875 0.5027115234375
2 0.03980546875 0.532292578125 0.05609580078125 0.52115390625 0.065494140625 0.5355646484375 0.0656333984375 0.53681767578125 0.0491341796875 0.5476083984375 0.03980546875 0.532292578125
2 -0.0 0.53694765625 0.001340625 0.53615380859375 0.0124537109375 0.54590615234375 0.0260615234375 0.53683427734375 0.03740146484375 0.55078232421875 0.004742578125 0.57641044921875 -0.0 0.567451953125 -0.0 0.53694765625
2 -0.0 0.684158203125 0.002066015625 0.6813232421875 0.01000390625 0.68710654296875 0.01726142578125 0.698446484375 0.00489443359375 0.71579443359375 0.00721005859375 0.717241796875 -0.0 0.7237625 -0.0 0.684158203125
2 0.0065251953125 0.66836376953125 0.01705244140625 0.66048310546875 0.00845791015625 0.6504095703125 0.02107470703125 0.64010283203125 0.03621103515625 0.657607421875 0.04052021484375 0.655339453125 0.05220029296875 0.6709884765625 0.0221986328125 0.6922216796875 0.0065251953125 0.66836376953125
2 0.0751 0.62154658203125 0.08088916015625 0.6185072265625 0.08175751953125 0.616046875 0.08537578125 0.615757421875 0.085665234375 0.6164810546875 0.087401953125 0.6150337890625 0.07944189453125 0.59838994140625 0.09348056640625 0.590574609375 0.1080982421875 0.61546796875 0.11649248046875 0.62574375 0.0872572265625 0.6431111328125 0.0751 0.62154658203125
2 0.09980224609375 0.58345712890625 0.1084859375 0.5792599609375 0.10993330078125 0.57998359375 0.1151435546875 0.57187880859375 0.12382724609375 0.57202353515625 0.13482666015625 0.568260546875 0.13555029296875 0.57361552734375 0.1423525390625 0.5924302734375 0.1532072265625 0.613416015625 0.1429314453125 0.62123134765625 0.129905859375 0.6003904296875 0.13786591796875 0.59677216796875 0.13569501953125 0.5918513671875 0.12209052734375 0.59821943359375 0.1290375 0.60878466796875 0.1168802734375 0.6147185546875 0.09980224609375 0.58345712890625
2 -0.0 0.76315087890625 0.0012814453125 0.75782109375 0.0101265625 0.76609921875 -0.0 0.777779296875 -0.0 0.76315087890625
2 -0.0 0.78100068359375 0.00719287109375 0.7717529296875 0.01352802734375 0.773493359375 0.01986318359375 0.77077822265625 0.03179599609375 0.77673115234375 0.00921826171875 0.802203515625 -0.0 0.7914935546875 -0.0 0.78100068359375
2 0.02480556640625 0.73957685546875 0.03795986328125 0.72880400390625 0.030362109375 0.72131962890625 0.0418154296875 0.7104333984375 0.05043369140625 0.71905166015625 0.049186328125 0.72109287109375 0.06166025390625 0.73504091796875 0.04289228515625 0.7515265625 0.03883994140625 0.7519607421875 0.02480556640625 0.73957685546875
2 0.05911318359375 0.7207623046875 0.06759541015625 0.70936181640625 0.0820705078125 0.69879619140625 0.100384375 0.71844453125 0.0878595703125 0.732351171875 0.07546181640625 0.72169677734375 0.0666931640625 0.72872978515625 0.05911318359375 0.7207623046875
2 0.10080400390625 0.67833203125 0.1069857421875 0.68764423828125 0.11370458984375 0.682065625 0.11060185546875 0.67640205078125 0.11695224609375 0.66993828125 0.13112705078125 0.68649453125 0.10946787109375 0.70633935546875 0.103647265625 0.70063359375 0.08399130859375 0.67530498046875 0.09991552734375 0.66038408203125 0.10951142578125 0.6720236328125 0.10080400390625 0.67833203125
2 0.13622998046875 0.65610361328125 0.1563015625 0.64510390625 0.1632189453125 0.65667060546875 0.155848046875 0.66166015625 0.16367255859375 0.67368046875 0.150631640625 0.680824609375 0.13622998046875 0.65610361328125
2 -0.0 0.9795654296875 0.007462890625 0.98285400390625 0.02016357421875 0.9901115234375 0.02356552734375 0.99340009765625 0.02077138671875 0.9990078125 -0.0 0.999007421875 -0.0 0.9795654296875
2 0.01841474609375 0.93371552734375 0.0343349609375 0.9422544921875 0.02955888671875 0.95093828125 0.04157138671875 0.95585908203125 0.0475052734375 0.94529384765625 0.061978125 0.9531091796875 0.0457685546875 0.98364697265625 0.04215029296875 0.98364697265625 0.01557373046875 0.96827841796875 0.021309375 0.9548458984375 0.0106541015625 0.95043115234375 0.0126255859375 0.9431228515625 0.01841474609375 0.93371552734375
2 0.05981416015625 0.99900859375 0.06829091796875 0.98655693359375 0.07477705078125 0.9721630859375 0.10880703125 0.98620146484375 0.11491005859375 0.9990095703125 0.05981416015625 0.99900859375
2 0.10231484375 0.92941376953125 0.1231802734375 0.93939287109375 0.11989169921875 0.94710400390625 0.1348541015625 0.95711162109375 0.128283203125 0.9691033203125 0.1152423828125 0.96184580078125 0.10605703125 0.9785154296875 0.08496484375 0.96558798828125 0.08938740234375 0.9562892578125 0.08711943359375 0.9543615234375 0.10231484375 0.92941376953125
2 0.0402970703125 0.89876962890625 0.06521650390625 0.90950927734375 0.06210908203125 0.91569794921875 0.06916435546875 0.92513310546875 0.06569208984375 0.9330767578125 0.058303515625 0.9472998046875 0.01822041015625 0.9247646484375 0.0263478515625 0.908325 0.0335517578125 0.91220400390625 0.0402970703125 0.89876962890625
2 0.0469892578125 0.88604912109375 0.05255986328125 0.87594326171875 0.05274462890625 0.87465029296875 0.0577318359375 0.86966298828125 0.0593943359375 0.8705865234375 0.061426171875 0.8692935546875 0.066967578125 0.8607966796875 0.09245830078125 0.87815986328125 0.08322255859375 0.892567578125 0.094120703125 0.90143388671875 0.08525439453125 0.91417919921875 0.0469892578125 0.88604912109375
2 0.13715419921875 0.90317763671875 0.14452509765625 0.90794033203125 0.150421875 0.90227041015625 0.166637890625 0.91712568359375 0.154617578125 0.93594990234375 0.14373134765625 0.92607099609375 0.1321646484375 0.94082607421875 0.11842490234375 0.927297265625 0.13715419921875 0.90317763671875
2 0.14214697265625 0.88356357421875 0.1473189453125 0.8739583984375 0.16412802734375 0.8571494140625 0.17317900390625 0.86527685546875 0.16597509765625 0.87321962890625 0.16689873046875 0.87358896484375 0.1742873046875 0.8671240234375 0.18887978515625 0.88079287109375 0.17465673828125 0.8924298828125 0.18444658203125 0.90148095703125 0.17262490234375 0.9123791015625 0.16394326171875 0.9053599609375 0.1615419921875 0.90074208984375 0.14214697265625 0.88356357421875
2 0.08692255859375 0.84332783203125 0.090437890625 0.8398125 0.0876029296875 0.83686416015625 0.08953076171875 0.83368896484375 0.10427255859375 0.8181533203125 0.11368466796875 0.82098828125 0.1193546875 0.83255498046875 0.10631376953125 0.8489978515625 0.10665400390625 0.85500791015625 0.12287001953125 0.86589423828125 0.1150455078125 0.88052265625 0.1007572265625 0.8731517578125 0.10461279296875 0.8609046875 0.08692255859375 0.84332783203125
2 0.10848642578125 0.81160556640625 0.11642431640625 0.80173984375 0.11930029296875 0.7987095703125 0.1337744140625 0.8143271484375 0.14159892578125 0.80650263671875 0.150557421875 0.81466728515625 0.13241357421875 0.8370068359375 0.10848642578125 0.81160556640625
2 0.1634439453125 0.7777943359375 0.16359375 0.7776953125 0.177392578125 0.79819482421875 0.182724609375 0.799931640625 0.1845744140625 0.80138505859375 0.1896142578125 0.8032697265625 0.1855689453125 0.81810380859375 0.16981201171875 0.814645703125 0.17183818359375 0.80370078125 0.1725619140625 0.80022724609375 0.17140400390625 0.79747744140625 0.16619384765625 0.80037197265625 0.1551296875 0.781947265625 0.1634439453125 0.7777943359375
2 0.2009287109375 0.78348291015625 0.18379970703125 0.7957572265625 0.17741455078125 0.7860693359375 0.17193974609375 0.78760234375 0.164697265625 0.77701171875 0.1867453125 0.76332138671875 0.2009287109375 0.78348291015625
2 0.17694765625 0.83002177734375 0.18874111328125 0.82265087890625 0.1928234375 0.81720771484375 0.20008095703125 0.8144861328125 0.21686396484375 0.83308349609375 0.2039365234375 0.8427224609375 0.19758623046875 0.8363720703125 0.18652939453125 0.84236884765625 0.17694765625 0.83002177734375
2 0.181819140625 0.74616572265625 0.20323896484375 0.73342958984375 0.2111990234375 0.7426921875 0.21698818359375 0.7402318359375 0.23739501953125 0.77279580078125 0.2355134765625 0.7774271484375 0.2217642578125 0.78336103515625 0.22596142578125 0.78726875 0.21365947265625 0.79450517578125 0.198462890625 0.7751115234375 0.2080150390625 0.76845390625 0.20135751953125 0.75933603515625 0.19339736328125 0.763533203125 0.181819140625 0.74616572265625
2 0.23204052734375 0.953284375 0.2534603515625 0.97296748046875 0.24332939453125 0.98440107421875 0.22133056640625 0.965007421875 0.23204052734375 0.953284375
2 0.291622265625 0.902986328125 0.3020427734375 0.89546044921875 0.3280939453125 0.92845859375 0.30956865234375 0.9414841796875 0.3033453125 0.93337939453125 0.31000283203125 0.927011328125 0.3017533203125 0.9136962890625 0.29495107421875 0.9157224609375 0.29278017578125 0.91413046875 0.29726669921875 0.91022275390625 0.291622265625 0.902986328125
2 0.4890833984375 0.90340078125 0.508227734375 0.90829736328125 0.51308818359375 0.8937400390625 0.5022537109375 0.88661220703125 0.50529306640625 0.87488916015625 0.5144109375 0.87749423828125 0.5168712890625 0.8799546875 0.54581708984375 0.88762529296875 0.5320076171875 0.92845498046875 0.499793359375 0.91888671875 0.49660927734375 0.92655732421875 0.48199169921875 0.92149189453125 0.4890833984375 0.90340078125
2 0.54909892578125 0.85160556640625 0.57268974609375 0.8440796875 0.580215625 0.85015830078125 0.58499169921875 0.86549951171875 0.555322265625 0.87693310546875 0.54953310546875 0.86607841796875 0.54909892578125 0.85160556640625
2 0.35876865234375 0.86122744140625 0.37022197265625 0.85328955078125 0.37475791015625 0.861454296875 0.37464453125 0.864516015625 0.3814484375 0.87245400390625 0.381788671875 0.87812392578125 0.37997421875 0.87959814453125 0.3733970703125 0.88379384765625 0.35876865234375 0.86122744140625
2 0.4559783203125 0.86020068359375 0.46022490234375 0.85720712890625 0.4670474609375 0.856162890625 0.4708763671875 0.86291572265625 0.47045869140625 0.86402958984375 0.4607818359375 0.86959892578125 0.45925029296875 0.8693205078125 0.4559783203125 0.86020068359375
2 0.44529423828125 0.8192916015625 0.4500033203125 0.8171591796875 0.449914453125 0.81324970703125 0.46031005859375 0.80791865234375 0.46137626953125 0.80996220703125 0.46973291015625 0.82293662109375 0.4750896484375 0.8318029296875 0.47804501953125 0.83586669921875 0.46179013671875 0.84362470703125 0.44922958984375 0.8262615234375 0.44775185546875 0.82736982421875 0.4449810546875 0.8242296875 0.44529423828125 0.8192916015625
2 0.24481318359375 0.14633818359375 0.2612560546875 0.13352412109375 0.27078154296875 0.139987890625 0.27100830078125 0.14871962890625 0.261823046875 0.15552353515625 0.2601220703125 0.152801953125 0.2544521484375 0.1564306640625 0.2446998046875 0.1496267578125 0.24481318359375 0.14633818359375
2 0.23154013671875 0.1680779296875 0.25038720703125 0.1550748046875 0.2588068359375 0.16071630859375 0.2621404296875 0.15823740234375 0.266243359375 0.16212666015625 0.2654689453125 0.16592802734375 0.27017802734375 0.17028173828125 0.24556630859375 0.1889404296875 0.23154013671875 0.1680779296875
2 0.18498916015625 0.2165416015625 0.2156716796875 0.1948322265625 0.22580263671875 0.2071341796875 0.2179873046875 0.21335751953125 0.22175029296875 0.2175546875 0.238973046875 0.2055421875 0.2511302734375 0.2200150390625 0.20872470703125 0.24910556640625 0.18498916015625 0.2165416015625
2 0.26631533203125 0.19467099609375 0.25966552734375 0.1839576171875 0.2877421875 0.1640083984375 0.296423828125 0.17860087890625 0.29162119140625 0.18211044921875 0.293653125 0.18488115234375 0.2979015625 0.181741015625 0.30658310546875 0.19282392578125 0.30584423828125 0.19559462890625 0.28257021484375 0.21129541015625 0.2792453125 0.20612333984375 0.26354462890625 0.21628271484375 0.2530158203125 0.20187490234375 0.26631533203125 0.19467099609375
2 0.41387919921875 0.9064220703125 0.4314271484375 0.894600390625 0.4454654296875 0.91196357421875 0.434751953125 0.920091015625 0.44029345703125 0.92877255859375 0.431796484375 0.934129296875 0.43235068359375 0.93800830078125 0.41461806640625 0.94816767578125 0.403719921875 0.93302099609375 0.42108310546875 0.92101455078125 0.41886650390625 0.91768974609375 0.41591103515625 0.920091015625 0.40833779296875 0.9093775390625 0.41387919921875 0.9064220703125
2 0.43406474609375 0.9437775390625 0.44631181640625 0.93447880859375 0.449600390625 0.93867451171875 0.45345595703125 0.93538603515625 0.4647958984375 0.9491072265625 0.44801279296875 0.96384912109375 0.43406474609375 0.9437775390625
2 0.340541015625 0.7541291015625 0.35384052734375 0.7476640625 0.3590125 0.7541291015625 0.3627068359375 0.75098896484375 0.35882783203125 0.74433916015625 0.36621640625 0.740644921875 0.3837642578125 0.7668744140625 0.35642646484375 0.78479169921875 0.340541015625 0.7541291015625
2 0.317690234375 0.7551765625 0.32852998046875 0.7496677734375 0.34052490234375 0.76770458984375 0.34496748046875 0.77196943359375 0.35092041015625 0.787340625 0.3503873046875 0.79009501953125 0.33714853515625 0.79773623046875 0.33288369140625 0.79320478515625 0.32861884765625 0.7946263671875 0.3294185546875 0.8011125 0.3208888671875 0.80608818359375 0.30916044921875 0.782898046875 0.3272861328125 0.77276904296875 0.317690234375 0.7551765625
2 0.2634333984375 0.70125419921875 0.27261875 0.6962646484375 0.27363935546875 0.69694501953125 0.2859998046875 0.6921822265625 0.2854328125 0.69059462890625 0.294844921875 0.6857185546875 0.31185478515625 0.71146005859375 0.2884205078125 0.72355439453125 0.302935546875 0.7465744140625 0.28830712890625 0.7545123046875 0.27492607421875 0.7314923828125 0.2775341796875 0.72990478515625 0.26267900390625 0.70336943359375 0.2634333984375 0.70125419921875
2 0.3516314453125 0.72531630859375 0.3624861328125 0.718803515625 0.37203828125 0.73067119140625 0.37203828125 0.733710546875 0.363788671875 0.73834189453125 0.3616177734375 0.73819716796875 0.3516314453125 0.72531630859375
2 0.307826953125 0.6826953125 0.31112744140625 0.67939482421875 0.31089169921875 0.67703740234375 0.31796416015625 0.67185087890625 0.3207931640625 0.674915625 0.3377669921875 0.6664287109375 0.34271767578125 0.6732654296875 0.34389638671875 0.680809375 0.3542693359375 0.6999048828125 0.3396529296875 0.70839189453125 0.3328341796875 0.69665546875 0.31798203125 0.703020703125 0.307826953125 0.6826953125
2 0.3519580078125 0.6744267578125 0.34309541015625 0.65506572265625 0.34734384765625 0.65174091796875 0.354365234375 0.64372548828125 0.36591689453125 0.6397177734375 0.3715748046875 0.6470259765625 0.37742412109375 0.65662900390625 0.3730015625 0.6650205078125 0.3519580078125 0.6744267578125
2 0.35182919921875 0.68732509765625 0.36340751953125 0.6782072265625 0.37440693359375 0.688627734375 0.3648548828125 0.69890341796875 0.36456533203125 0.70006123046875 0.36196025390625 0.69933759765625 0.35182919921875 0.68732509765625
2 0.4868595703125 0.79798271484375 0.53185205078125 0.7801072265625 0.5306484375 0.77469130859375 0.54478984375 0.7707798828125 0.54900224609375 0.780708984375 0.55321455078125 0.77920458984375 0.549303125 0.76807197265625 0.56194013671875 0.76325791015625 0.5757806640625 0.80116884765625 0.5499048828125 0.8083900390625 0.5559224609375 0.82674375 0.53726787109375 0.83516845703125 0.52682080078125 0.80671025390625 0.49729609375 0.81915693359375 0.49613828125 0.81959111328125 0.4868595703125 0.79798271484375
2 0.5783451171875 0.7628484375 0.5885509765625 0.7611474609375 0.59070556640625 0.76749775390625 0.59240654296875 0.76727099609375 0.59297353515625 0.7664771484375 0.61497294921875 0.76522978515625 0.61848828125 0.796414453125 0.60259306640625 0.80059384765625 0.60159189453125 0.7927857421875 0.5922931640625 0.79312587890625 0.59660234375 0.80934189453125 0.58106669921875 0.8109294921875 0.57925224609375 0.79970302734375 0.5866232421875 0.79822880859375 0.58673662109375 0.7913115234375 0.58242744140625 0.79176513671875 0.5783451171875 0.7628484375
2 0.59003515625 0.82245673828125 0.61146201171875 0.821163671875 0.61220087890625 0.82892177734375 0.62568505859375 0.82873701171875 0.62568505859375 0.85201103515625 0.62420732421875 0.85201103515625 0.62439208984375 0.8732533203125 0.608506640625 0.872514453125 0.60813720703125 0.8603232421875 0.591328125 0.8603232421875 0.59003515625 0.82245673828125
2 0.63209345703125 0.83602822265625 0.6366248046875 0.82865361328125 0.65323994140625 0.83842724609375 0.64115625 0.8569970703125 0.63298193359375 0.85219912109375 0.63849072265625 0.8418923828125 0.63209345703125 0.83602822265625
2 0.6580962890625 0.8407677734375 0.6649146484375 0.84420419921875 0.66344189453125 0.847204296875 0.66829658203125 0.8498771484375 0.665296484375 0.85609541015625 0.653187109375 0.84922255859375 0.6580962890625 0.8407677734375
2 0.67401640625 0.8485876953125 0.67705087890625 0.843758203125 0.68837666015625 0.85016904296875 0.68816298828125 0.8531607421875 0.68273515625 0.862349609375 0.6715802734375 0.85546865234375 0.67256328125 0.85307529296875 0.67072548828125 0.8514939453125 0.67222138671875 0.8490578125 0.67388818359375 0.8498271484375 0.67401640625 0.8485876953125
2 0.4872556640625 0.99901279296875 0.475484375 0.9903091796875 0.49073564453125 0.9751921875 0.50029482421875 0.98227001953125 0.5119318359375 0.99132099609375 0.51145185546875 0.99901279296875 0.4872556640625 0.99901279296875
2 0.6607314453125 0.99901220703125 0.66844677734375 0.979444921875 0.70535263671875 0.991457421875 0.70189697265625 0.99901181640625 0.6607314453125 0.99901220703125
2 0.67820810546875 0.93326533203125 0.71354130859375 0.940559765625 0.708800390625 0.9644025390625 0.72431611328125 0.9694443359375 0.72106337890625 0.9830001953125 0.68285146484375 0.970810546875 0.68693369140625 0.953229296875 0.6747845703125 0.9499765625 0.67820810546875 0.93326533203125
2 0.68044765625 0.88793720703125 0.7110015625 0.88224052734375 0.7117251953125 0.89454248046875 0.7080466796875 0.89518974609375 0.710133203125 0.90554189453125 0.7156328125 0.9039498046875 0.72026416015625 0.9245013671875 0.6871212890625 0.93000908203125 0.68044765625 0.88793720703125
2 0.748623046875 0.995888671875 0.74982734375 0.99901142578125 0.73302041015625 0.99901162109375 0.73083388671875 0.99024130859375 0.74545146484375 0.98705732421875 0.748623046875 0.995888671875
2 0.752172265625 0.999011328125 0.751416015625 0.996259765625 0.75645087890625 0.9903861328125 0.7739630859375 0.98922822265625 0.77830458984375 0.99901103515625 0.752172265625 0.999011328125
2 0.73727734375 0.93413212890625 0.75202666015625 0.9353759765625 0.75415908203125 0.94363916015625 0.76366611328125 0.94381689453125 0.76357724609375 0.941240234375 0.7726400390625 0.940884765625 0.77308427734375 0.94674892578125 0.78111591796875 0.9493419921875 0.77926875 0.98129765625 0.7600583984375 0.9818517578125 0.756548828125 0.9703994140625 0.7559947265625 0.9619025390625 0.75248515625 0.95322099609375 0.736599609375 0.9519279296875 0.73727734375 0.93413212890625
2 0.7389462890625 0.88883515625 0.758156640625 0.8840326171875 0.7622203125 0.8960390625 0.764991015625 0.89622373046875 0.76517578125 0.89363779296875 0.78124599609375 0.89308359375 0.78974287109375 0.89770146484375 0.7869720703125 0.935752734375 0.76554521484375 0.93445966796875 0.76554521484375 0.93168896484375 0.75279990234375 0.9292876953125 0.7531693359375 0.92688642578125 0.752245703125 0.9265169921875 0.7544623046875 0.9150646484375 0.75557060546875 0.9150646484375 0.758156640625 0.904351171875 0.7472583984375 0.9065677734375 0.74504189453125 0.8995486328125 0.742455859375 0.90047216796875 0.7389462890625 0.88883515625
2 0.76142314453125 0.86298828125 0.77546142578125 0.86631318359375 0.77754267578125 0.85262705078125 0.8011296875 0.858523828125 0.7948927734375 0.8933373046875 0.7561103515625 0.87995615234375 0.7595123046875 0.86430712890625 0.76142314453125 0.86298828125
2 0.7611916015625 0.8301658203125 0.77695400390625 0.83583583984375 0.77241806640625 0.8485365234375 0.77491279296875 0.84876328125 0.77389228515625 0.85284560546875 0.7557484375 0.84660869140625 0.75801640625 0.8436603515625 0.75881015625 0.83549560546875 0.7611916015625 0.8301658203125
2 0.79444580078125 0.7958798828125 0.81803662109375 0.80427412109375 0.82020751953125 0.8084712890625 0.82165478515625 0.81136591796875 0.82165478515625 0.81324736328125 0.8248388671875 0.81527353515625 0.815576171875 0.84146943359375 0.77924921875 0.82873330078125 0.78228857421875 0.81976015625 0.78778828125 0.81498408203125 0.7916958984375 0.81585244140625 0.7919853515625 0.81701025390625 0.79473525390625 0.817155078125 0.79603779296875 0.8196154296875 0.79820869140625 0.8204837890625 0.798932421875 0.8180234375 0.79560361328125 0.81541826171875 0.79762978515625 0.8090501953125 0.79574833984375 0.8081818359375 0.79328798828125 0.81397099609375 0.78663046875 0.810931640625 0.79444580078125 0.7958798828125
2 0.71257470703125 0.8747259765625 0.70070693359375 0.86083193359375 0.7083775390625 0.8541744140625 0.720534765625 0.8661869140625 0.71257470703125 0.8747259765625
2 0.74157880859375 0.7999326171875 0.74656611328125 0.7870025390625 0.76060439453125 0.79457587890625 0.7419482421875 0.846111328125 0.70943837890625 0.83355068359375 0.724030859375 0.79623828125 0.74157880859375 0.7999326171875
2 0.687709375 0.76928896484375 0.72286298828125 0.784824609375 0.71413134765625 0.80750439453125 0.6792044921875 0.79174189453125 0.687709375 0.76928896484375
2 0.880990234375 0.9990095703125 0.88103349609375 0.99861669921875 0.88498193359375 0.9984828125 0.884797265625 0.997005078125 0.876300390625 0.9964509765625 0.87740859375 0.9779794921875 0.89126220703125 0.980011328125 0.890338671875 0.98315146484375 0.9117548828125 0.98386943359375 0.9148640625 0.9813056640625 0.921077734375 0.98188544921875 0.91963046875 0.996213671875 0.9070390625 0.99592421875 0.906819921875 0.9990091796875 0.880990234375 0.9990095703125
2 0.8661048828125 0.955220703125 0.8766169921875 0.9547333984375 0.880863671875 0.94992978515625 0.880863671875 0.9458224609375 0.88935693359375 0.9455439453125 0.8892873046875 0.94150615234375 0.8959705078125 0.94150615234375 0.8962490234375 0.95542958984375 0.8880341796875 0.95626494140625 0.88921767578125 0.9712326171875 0.888521484375 0.97701083984375 0.867566796875 0.97520078125 0.8661048828125 0.955220703125
2 0.8580578125 0.93338759765625 0.88844150390625 0.9340984375 0.8884841796875 0.94469765625 0.8747650390625 0.94525322265625 0.8730982421875 0.94576611328125 0.87305546875 0.95196328125 0.8571138671875 0.95200595703125 0.8580578125 0.93338759765625
2 0.866339453125 0.88725654296875 0.8750232421875 0.88566455078125 0.88500947265625 0.89044052734375 0.88486474609375 0.905637109375 0.8866015625 0.9057818359375 0.8881935546875 0.91200517578125 0.90585048828125 0.91533388671875 0.9039689453125 0.93458291015625 0.88892373046875 0.93255224609375 0.88816005859375 0.9245884765625 0.8634591796875 0.9140123046875 0.86230126953125 0.90880205078125 0.866339453125 0.88725654296875
2 0.935328125 0.9194083984375 0.950750390625 0.9208826171875 0.95041015625 0.9322224609375 0.96401806640625 0.9323359375 0.97377041015625 0.931201953125 0.9855638671875 0.93675849609375 0.98488349609375 0.95807744140625 0.9516576171875 0.955015625 0.95199775390625 0.93845947265625 0.9347611328125 0.93732548828125 0.935328125 0.9194083984375
2 0.91074013671875 0.9240869140625 0.91811474609375 0.92453115234375 0.9178482421875 0.9336828125 0.90976279296875 0.9335939453125 0.91074013671875 0.9240869140625
2 0.95105751953125 0.86760986328125 0.96409833984375 0.8708984375 0.96273759765625 0.87509423828125 0.965345703125 0.87566123046875 0.963077734375 0.881104296875 0.96557255859375 0.88212490234375 0.97770625 0.88382587890625 0.9764587890625 0.888588671875 0.998458203125 0.8925576171875 0.989386328125 0.925556640625 0.9574078125 0.916825 0.95865517578125 0.89800078125 0.9613767578125 0.89788740234375 0.962283984375 0.89788740234375 0.9636447265625 0.89267099609375 0.96205712890625 0.8902896484375 0.9576345703125 0.88507333984375 0.947201953125 0.879516796875 0.95105751953125 0.86760986328125
2 0.87741650390625 0.86278564453125 0.880705078125 0.86221865234375 0.8801380859375 0.859723828125 0.88580810546875 0.8505384765625 0.8947666015625 0.85416728515625 0.89771494140625 0.84418818359375 0.9087146484375 0.84475517578125 0.91789990234375 0.8512189453125 0.91279697265625 0.86607412109375 0.89692119140625 0.860517578125 0.8918181640625 0.8700431640625 0.89159140625 0.87095029296875 0.89522021484375 0.87299150390625 0.89147802734375 0.88410458984375 0.87412802734375 0.87752744140625 0.8733341796875 0.87446572265625 0.87741650390625 0.86278564453125
2 0.41219794921875 0.6235994140625 0.42609189453125 0.6473349609375 0.40394833984375 0.66108427734375 0.3946857421875 0.6564529296875 0.39092275390625 0.64921650390625 0.3852783203125 0.63995380859375 0.41219794921875 0.6235994140625
2 0.41786787109375 0.70383115234375 0.425104296875 0.7003576171875 0.43291962890625 0.71352802734375 0.4385640625 0.7119359375 0.4344875 0.70126220703125 0.44316318359375 0.698283203125 0.45564208984375 0.71786982421875 0.43089345703125 0.72872451171875 0.41786787109375 0.70383115234375
2 0.4570193359375 0.68267802734375 0.4665263671875 0.67743583984375 0.4704357421875 0.68365537109375 0.4815421875 0.679212890625 0.47861005859375 0.67290439453125 0.48625126953125 0.6694392578125 0.4986015625 0.691030078125 0.49140458984375 0.6951171875 0.4855404296875 0.684455078125 0.47345673828125 0.6897861328125 0.47781044921875 0.69778271484375 0.4675037109375 0.7024029296875 0.4570193359375 0.68267802734375
2 0.509713671875 0.6668173828125 0.51980615234375 0.665569921875 0.517991796875 0.6585392578125 0.54407353515625 0.654230078125 0.55031044921875 0.68858994140625 0.529671875 0.69380625 0.52729052734375 0.68201279296875 0.51322900390625 0.68541474609375 0.509713671875 0.6668173828125
2 0.55453232421875 0.64275947265625 0.57052158203125 0.64287294921875 0.57006796875 0.65852197265625 0.580954296875 0.65795498046875 0.58084091796875 0.66759384765625 0.5653052734375 0.66850107421875 0.56541865234375 0.66362490234375 0.5529447265625 0.6635115234375 0.55453232421875 0.64275947265625
2 0.58198828125 0.66265498046875 0.5979306640625 0.662724609375 0.59911416015625 0.67887578125 0.58233642578125 0.67950234375 0.58198828125 0.66265498046875
2 0.608741015625 0.6364728515625 0.61010185546875 0.63488525390625 0.62631787109375 0.64180263671875 0.622235546875 0.65200849609375 0.6232560546875 0.65370947265625 0.64741005859375 0.65291572265625 0.64899765625 0.688636328125 0.63799794921875 0.68886318359375 0.63663720703125 0.6914712890625 0.611689453125 0.6889765625 0.611689453125 0.66062685546875 0.6141841796875 0.6605134765625 0.61407080078125 0.65733828125 0.60239072265625 0.6504208984375 0.608741015625 0.6364728515625
2 0.65521826171875 0.65441806640625 0.667963671875 0.6540486328125 0.669256640625 0.644812890625 0.69714853515625 0.64943076171875 0.690498828125 0.697456640625 0.6648234375 0.6924693359375 0.66777890625 0.67215068359375 0.66376669921875 0.67074775390625 0.66332236328125 0.67172509765625 0.658435546875 0.67074775390625 0.65808017578125 0.66754912109375 0.65665859375 0.6669271484375 0.65521826171875 0.65441806640625
2 0.9137197265625 0.86757890625 0.92764306640625 0.87349638671875 0.91838408203125 0.89347646484375 0.9048783203125 0.8880462890625 0.9137197265625 0.86757890625
2 0.70730341796875 0.656827734375 0.71989482421875 0.65885390625 0.72061845703125 0.6581302734375 0.74493291015625 0.66420888671875 0.737117578125 0.70328564453125 0.7103427734375 0.6970623046875 0.7132373046875 0.685483984375 0.7261181640625 0.68852333984375 0.72771015625 0.6812869140625 0.703974609375 0.67694501953125 0.70730341796875 0.656827734375
2 0.7488560546875 0.6717587890625 0.7557734375 0.66109931640625 0.7710822265625 0.6692640625 0.77096884765625 0.67561435546875 0.76495869140625 0.684686328125 0.76473193359375 0.68820166015625 0.770515234375 0.69080986328125 0.77471103515625 0.69557255859375 0.77913359375 0.6841193359375 0.797020703125 0.69229296875 0.78573154296875 0.71705869140625 0.75010341796875 0.69840751953125 0.756907421875 0.687748046875 0.7582681640625 0.68786142578125 0.75962890625 0.6875212890625 0.75951552734375 0.68071728515625 0.7488560546875 0.6717587890625
2 0.79878408203125 0.700678515625 0.8083892578125 0.70769765625 0.81042119140625 0.70307978515625 0.83221748046875 0.7154556640625 0.8211345703125 0.73669794921875 0.81097529296875 0.730417578125 0.81171416015625 0.72506083984375 0.8048796875 0.72210546875 0.80321728515625 0.72432197265625 0.79047197265625 0.71582509765625 0.79878408203125 0.700678515625
2 0.8276072265625 0.7266556640625 0.84291611328125 0.71928466796875 0.8479056640625 0.7206455078125 0.84824580078125 0.72336708984375 0.85346220703125 0.7266556640625 0.85289521484375 0.7300576171875 0.85675068359375 0.73187197265625 0.858678515625 0.7282431640625 0.8663896484375 0.7308513671875 0.86672978515625 0.74264482421875 0.85709091796875 0.76146904296875 0.824772265625 0.74502626953125 0.82465888671875 0.74355205078125 0.8215970703125 0.738902734375 0.8276072265625 0.7266556640625
2 0.86369248046875 0.7081611328125 0.877464453125 0.7147361328125 0.86902353515625 0.73152900390625 0.854807421875 0.72415439453125 0.86369248046875 0.7081611328125
2 0.9558337890625 0.77551689453125 0.9772869140625 0.785418359375 0.9805873046875 0.78353232421875 0.986716796875 0.77033046875 0.9984607421875 0.775749609375 0.99846083984375 0.7918740234375 0.99779697265625 0.79272646484375 0.9855380859375 0.78942607421875 0.980029296875 0.7924265625 0.97597685546875 0.8031365234375 0.94920205078125 0.7908345703125 0.9558337890625 0.77551689453125
2 0.92133525390625 0.75843818359375 0.93091611328125 0.76168818359375 0.93175576171875 0.76422734375 0.9394263671875 0.76770078125 0.941597265625 0.76654296875 0.954478125 0.77320048828125 0.94275517578125 0.79751494140625 0.92379560546875 0.7875287109375 0.9277033203125 0.7781212890625 0.92307197265625 0.775950390625 0.92176943359375 0.7779765625 0.9149671875 0.774503125 0.91438828125 0.77189794921875 0.92133525390625 0.75843818359375
2 0.92590205078125 0.73380234375 0.94251435546875 0.74181337890625 0.9322595703125 0.7612865234375 0.9188712890625 0.75648212890625 0.9169435546875 0.75047197265625 0.92590205078125 0.73380234375
2 0.9984607421875 0.7332890625 0.97762265625 0.72368740234375 0.98389599609375 0.70634697265625 0.9888716796875 0.70732431640625 0.99020439453125 0.704925390625 0.98816083984375 0.702615234375 0.99544658203125 0.689820703125 0.99846064453125 0.69140869140625 0.9984607421875 0.7332890625
2 0.9317404296875 0.72118505859375 0.9545751953125 0.675071484375 0.98842744140625 0.68937646484375 0.9750041015625 0.71899755859375 0.95672607421875 0.71217001953125 0.94746337890625 0.73069541015625 0.93255634765625 0.72780078125 0.9317404296875 0.72118505859375
2 0.85831953125 0.66833310546875 0.8760521484375 0.63379140625 0.90542177734375 0.65060048828125 0.89396943359375 0.67368984375 0.89618603515625 0.6784923828125 0.8860267578125 0.70102763671875 0.870880078125 0.69253076171875 0.87789931640625 0.6786771484375 0.85831953125 0.66833310546875
2 0.8347361328125 0.61451630859375 0.865807421875 0.6303921875 0.85923037109375 0.64445361328125 0.8436947265625 0.6385568359375 0.83303515625 0.65987587890625 0.8165923828125 0.65046376953125 0.8347361328125 0.61451630859375
2 0.7722736328125 0.63216787109375 0.78384033203125 0.631827734375 0.782060546875 0.62064697265625 0.79141259765625 0.59694140625 0.825442578125 0.6119572265625 0.81282568359375 0.64127802734375 0.790968359375 0.6324818359375 0.78759208984375 0.6354138671875 0.788036328125 0.648297265625 0.7866146484375 0.64980771484375 0.7730205078125 0.6505185546875 0.7722736328125 0.63216787109375
2 0.74480439453125 0.58706875 0.7537775390625 0.588516015625 0.75479072265625 0.59213427734375 0.7620271484375 0.59444990234375 0.764776953125 0.59097646484375 0.78142080078125 0.5966208984375 0.77188671875 0.630251953125 0.73035859375 0.6382404296875 0.72981318359375 0.61920361328125 0.74162392578125 0.61901884765625 0.74291689453125 0.61550927734375 0.73940732421875 0.6129232421875 0.74480439453125 0.58706875
2 0.69423701171875 0.591062890625 0.70569033203125 0.59242373046875 0.704896484375 0.599341015625 0.71226748046875 0.59922763671875 0.712380859375 0.58584658203125 0.7265556640625 0.57847568359375 0.732679296875 0.58210439453125 0.7265556640625 0.6239486328125 0.68913408203125 0.61918583984375 0.69423701171875 0.591062890625
2 0.655333984375 0.57340234375 0.66928203125 0.57498994140625 0.669622265625 0.5728353515625 0.68583828125 0.57385595703125 0.685498046875 0.6078755859375 0.6630451171875 0.60492724609375 0.6627048828125 0.61139091796875 0.6562412109375 0.61093740234375 0.6559009765625 0.6041333984375 0.6544267578125 0.6041333984375 0.655333984375 0.57340234375
2 0.6178447265625 0.582979296875 0.618568359375 0.592965625 0.62348916015625 0.5931103515625 0.62319970703125 0.5714009765625 0.6394162109375 0.5701666015625 0.64134091796875 0.61124580078125 0.60559296875 0.61399560546875 0.60400087890625 0.58533935546875 0.6178447265625 0.582979296875
2 0.433034765625 0.61805888671875 0.460187890625 0.606606640625 0.46813056640625 0.6226767578125 0.4481814453125 0.629141796875 0.4499537109375 0.6339513671875 0.44746591796875 0.6352841796875 0.449065234375 0.6385716796875 0.4435564453125 0.64123720703125 0.433034765625 0.61805888671875
2 0.4784009765625 0.6231111328125 0.50833828125 0.6136990234375 0.51242060546875 0.6265130859375 0.48395751953125 0.6362654296875 0.4784009765625 0.6231111328125
2 0.51612841796875 0.61692998046875 0.52563544921875 0.61373134765625 0.51832724609375 0.59062802734375 0.54944599609375 0.581198046875 0.5541609375 0.594871484375 0.55573974609375 0.5999892578125 0.5334001953125 0.608494140625 0.54099794921875 0.6270916015625 0.52217373046875 0.633328515625 0.51612841796875 0.61692998046875
2 0.55930380859375 0.57309697265625 0.57371455078125 0.57414130859375 0.573644921875 0.5832611328125 0.57594228515625 0.5836091796875 0.5785876953125 0.5867419921875 0.5804673828125 0.58305224609375 0.60007080078125 0.58308818359375 0.599163671875 0.62016953125 0.57002431640625 0.6228140625 0.56983955078125 0.60803681640625 0.56743828125 0.60896044921875 0.5644828125 0.5921513671875 0.55478388671875 0.591439453125 0.55346123046875 0.5808576171875 0.5578470703125 0.58043994140625 0.55930380859375 0.57309697265625
2 0.3370541015625 0.1139916015625 0.34635283203125 0.10548671875 0.3528166015625 0.10730107421875 0.36744501953125 0.0943736328125 0.3889908203125 0.11331123046875 0.380939453125 0.1218162109375 0.37526953125 0.1180740234375 0.369599609375 0.12272333984375 0.37232119140625 0.12657890625 0.371073828125 0.12952724609375 0.36461005859375 0.13440341796875 0.36062353515625 0.13041572265625 0.34951708984375 0.13965625 0.331125 0.11975361328125 0.3370541015625 0.1139916015625
2 0.36124111328125 0.14185244140625 0.3929927734375 0.119853125 0.4149921875 0.147408984375 0.41487880859375 0.14899658203125 0.406373828125 0.1562541015625 0.39798232421875 0.14876982421875 0.3929927734375 0.15217177734375 0.3992296875 0.1585220703125 0.3992296875 0.1630580078125 0.3884568359375 0.17122275390625 0.36124111328125 0.14185244140625
2 0.42026640625 0.1231732421875 0.43726015625 0.11079736328125 0.43929208984375 0.1059947265625 0.44058505859375 0.10581005859375 0.44187802734375 0.1074724609375 0.44908193359375 0.102669921875 0.45979541015625 0.11559990234375 0.4692158203125 0.10710302734375 0.4806681640625 0.1216955078125 0.4634896484375 0.13684208984375 0.46016484375 0.1344408203125 0.453145703125 0.13979755859375 0.44760419921875 0.1344408203125 0.4339353515625 0.1453390625 0.42026640625 0.1231732421875
2 0.1700451171875 0.3404099609375 0.17457646484375 0.33507890625 0.17448759765625 0.334279296875 0.1675572265625 0.33259111328125 0.1718220703125 0.3235283203125 0.18310615234375 0.3277931640625 0.18230654296875 0.3299255859375 0.19590068359375 0.3333908203125 0.2021203125 0.33703369140625 0.1943013671875 0.35391533203125 0.20798447265625 0.357913671875 0.20807333984375 0.3715462890625 0.1899712890625 0.3715462890625 0.19107958984375 0.3602787109375 0.1700220703125 0.3523359375 0.1700451171875 0.3404099609375
2 0.2138900390625 0.3084048828125 0.2280734375 0.30247099609375 0.23328369140625 0.31390458984375 0.2379150390625 0.31144423828125 0.2410990234375 0.31390458984375 0.24486201171875 0.31202314453125 0.25875595703125 0.33532451171875 0.25904541015625 0.33792958984375 0.2431251953125 0.34719228515625 0.23371787109375 0.3283775390625 0.2276392578125 0.331416796875 0.2264814453125 0.32794326171875 0.22329736328125 0.3289564453125 0.2138900390625 0.3084048828125
2 0.2485896484375 0.29990556640625 0.263783203125 0.2930640625 0.26307236328125 0.29030966796875 0.25889638671875 0.2834681640625 0.2646716796875 0.27946982421875 0.2646716796875 0.27849248046875 0.2731125 0.27636005859375 0.2938802734375 0.31350068359375 0.2934359375 0.31572197265625 0.264559375 0.33056005859375 0.25638515625 0.31465576171875 0.268024609375 0.308702734375 0.26758037109375 0.30692568359375 0.25443037109375 0.31225673828125 0.2485896484375 0.29990556640625
2 0.3230328125 0.261219921875 0.335334765625 0.25456240234375 0.32940087890625 0.24501025390625 0.34286064453125 0.23806328125 0.3605625 0.2732125 0.34355185546875 0.27807587890625 0.33446640625 0.26946943359375 0.32708525390625 0.2733771484375 0.3230328125 0.261219921875
2 0.35028955078125 0.23693447265625 0.3683916015625 0.225666796875 0.36857626953125 0.22271142578125 0.37282470703125 0.2208642578125 0.38353818359375 0.23804267578125 0.3938822265625 0.2336095703125 0.40644287109375 0.25023388671875 0.40625810546875 0.2548517578125 0.3996083984375 0.25854609375 0.40348740234375 0.26094736328125 0.4051498046875 0.26667353515625 0.39481513671875 0.273718359375 0.387884765625 0.26616611328125 0.37660068359375 0.273718359375 0.35028955078125 0.23693447265625
2 0.38811806640625 0.20139208984375 0.40114365234375 0.20428671875 0.402591015625 0.208049609375 0.41112998046875 0.21094423828125 0.41344560546875 0.20399716796875 0.4067880859375 0.20385244140625 0.4036041015625 0.20356298828125 0.4033146484375 0.1979185546875 0.4053408203125 0.1929978515625 0.41055107421875 0.17563037109375 0.41720859375 0.17635400390625 0.4425361328125 0.182866796875 0.4276291015625 0.23120625 0.40157783203125 0.22454873046875 0.40143310546875 0.2222330078125 0.40099892578125 0.2219435546875 0.39824912109375 0.22382509765625 0.38392099609375 0.218325390625 0.38811806640625 0.20139208984375
2 0.43990615234375 0.15687587890625 0.4514095703125 0.1470240234375 0.45777763671875 0.15426044921875 0.466171875 0.14890546875 0.4657376953125 0.145721484375 0.485855078125 0.13110380859375 0.50626181640625 0.15556298828125 0.475579296875 0.1813248046875 0.46761923828125 0.1701806640625 0.4757240234375 0.16207587890625 0.47109267578125 0.15368154296875 0.4616853515625 0.160049609375 0.4625537109375 0.16245048828125 0.4514896484375 0.17097919921875 0.43990615234375 0.15687587890625
2 0.47877607421875 0.185152734375 0.49798642578125 0.17056025390625 0.5075916015625 0.185152734375 0.52015224609375 0.17554755859375 0.5303115234375 0.18921650390625 0.50241962890625 0.2115669921875 0.49798642578125 0.20768798828125 0.48708828125 0.2143376953125 0.47471240234375 0.1999298828125 0.47877607421875 0.185152734375
2 0.52971201171875 0.20382587890625 0.5409796875 0.195513671875 0.57201171875 0.23781337890625 0.55076953125 0.25573076171875 0.5369984375 0.23572919921875 0.5415337890625 0.23264140625 0.54319619140625 0.2248833984375 0.54744462890625 0.22229736328125 0.54393505859375 0.2174947265625 0.5402408203125 0.22008076171875 0.52971201171875 0.20382587890625
2 0.49724716796875 0.24061328125 0.4954 0.23156220703125 0.50315810546875 0.2269443359375 0.5017759765625 0.2233587890625 0.51466669921875 0.21567021484375 0.534635546875 0.24495732421875 0.5247697265625 0.248925390625 0.5203365234375 0.243383984375 0.51017724609375 0.25077255859375 0.516526953125 0.26154892578125 0.50850166015625 0.26596904296875 0.4946611328125 0.24430751953125 0.49724716796875 0.24061328125
2 0.46001533203125 0.26285810546875 0.474072265625 0.25525126953125 0.4696666015625 0.2438724609375 0.48328935546875 0.2341482421875 0.507794140625 0.272329296875 0.49520263671875 0.2818814453125 0.48730634765625 0.2699236328125 0.46980224609375 0.2803076171875 0.46001533203125 0.26285810546875
2 0.4202978515625 0.26474619140625 0.433030078125 0.25761181640625 0.438941015625 0.26832529296875 0.44189638671875 0.2670322265625 0.4422658203125 0.26315322265625 0.44403701171875 0.26175810546875 0.45020859375 0.2659240234375 0.45353349609375 0.26259912109375 0.45778193359375 0.26518515625 0.4574125 0.26943359375 0.4701578125 0.29196875 0.4721896484375 0.301943359375 0.460183203125 0.30785419921875 0.45279462890625 0.29751025390625 0.4396798828125 0.30342109375 0.4202978515625 0.26474619140625
2 0.39342431640625 0.28132421875 0.41134169921875 0.27319677734375 0.43886416015625 0.3160505859375 0.43812529296875 0.318451953125 0.42611884765625 0.3267640625 0.4130041015625 0.30810791015625 0.39988935546875 0.315496484375 0.38825234375 0.29536259765625 0.3945326171875 0.29019052734375 0.39342431640625 0.28132421875
2 0.3570712890625 0.31662802734375 0.38330078125 0.300742578125 0.39696962890625 0.319029296875 0.36889296875 0.3382396484375 0.3570712890625 0.31662802734375
2 0.3491673828125 0.3505154296875 0.33475966796875 0.36012060546875 0.31628818359375 0.3279802734375 0.32995703125 0.32188466796875 0.33402080078125 0.32779560546875 0.33956220703125 0.3242859375 0.34011640625 0.3207763671875 0.351383984375 0.31486552734375 0.37077900390625 0.35476396484375 0.35711015625 0.36307607421875 0.3491673828125 0.3505154296875
2 0.31983916015625 0.338916796875 0.3301802734375 0.3559837890625 0.330747265625 0.36437529296875 0.336757421875 0.37458115234375 0.32099501953125 0.38297265625 0.31305712890625 0.3695916015625 0.31498486328125 0.36290107421875 0.300583203125 0.371292578125 0.28389169921875 0.3469681640625 0.30022119140625 0.33766943359375 0.30498388671875 0.34424658203125 0.3063447265625 0.34311259765625 0.3018087890625 0.33630859375 0.313375390625 0.32882431640625 0.31983916015625 0.338916796875
2 0.30187939453125 0.389484765625 0.28697236328125 0.3988921875 0.2798806640625 0.3861560546875 0.26352626953125 0.39397138671875 0.25180322265625 0.3741435546875 0.2549873046875 0.363723046875 0.2719205078125 0.354605078125 0.2819068359375 0.353447265625 0.30187939453125 0.389484765625
2 0.21612216796875 0.379553125 0.22741103515625 0.37289560546875 0.232766015625 0.38201357421875 0.247094140625 0.37361923828125 0.26185654296875 0.39836787109375 0.25027822265625 0.403578125 0.246515234375 0.39663115234375 0.231608203125 0.406183203125 0.21612216796875 0.379553125
2 0.179525390625 0.3990064453125 0.20464658203125 0.38404453125 0.20889501953125 0.39309560546875 0.2144365234375 0.39309560546875 0.21683779296875 0.39882177734375 0.22533466796875 0.41433779296875 0.21166572265625 0.4219111328125 0.20834091796875 0.41969453125 0.19614970703125 0.4272677734375 0.179525390625 0.3990064453125
2 0.1693544921875 0.4013123046875 0.1924578125 0.43667451171875 0.18208486328125 0.44492568359375 0.17949169921875 0.43738173828125 0.1688830078125 0.4397392578125 0.1611033203125 0.4265373046875 0.14931591796875 0.432666796875 0.14082900390625 0.4192291015625 0.1693544921875 0.4013123046875
2 0.111345703125 0.43010712890625 0.130739453125 0.42084443359375 0.1352259765625 0.43387001953125 0.133633984375 0.4370541015625 0.13841005859375 0.449211328125 0.1188716796875 0.4599212890625 0.1098984375 0.440093359375 0.11597705078125 0.436909375 0.111345703125 0.43010712890625
2 0.2123330078125 0.5816048828125 0.199596875 0.5895650390625 0.18744140625 0.570751953125 0.197158203125 0.5654296875 0.19699169921875 0.5661189453125 0.2008994140625 0.56423740234375 0.2123330078125 0.5816048828125
2 0.21725380859375 0.54310703125 0.20140625 0.55384765625 0.2014001953125 0.55381298828125 0.193603515625 0.5562890625 0.1936248046875 0.55604111328125 0.18367666015625 0.53659423828125 0.20741220703125 0.52443701171875 0.21725380859375 0.54310703125
2 0.20249130859375 0.59796650390625 0.2151970703125 0.590947265625 0.2278138671875 0.6104056640625 0.23696552734375 0.605696484375 0.2297685546875 0.59334619140625 0.2437181640625 0.5854384765625 0.25748349609375 0.60799423828125 0.26066748046875 0.6243486328125 0.24431318359375 0.63259814453125 0.2267400390625 0.64221884765625 0.20249130859375 0.59796650390625
2 0.21322255859375 0.5185982421875 0.220433984375 0.516919921875 0.224698828125 0.524827734375 0.22736435546875 0.523494921875 0.22565966796875 0.5145423828125 0.240040234375 0.50511240234375 0.25984306640625 0.54330361328125 0.2424544921875 0.5536943359375 0.2200640625 0.54800791015625 0.20904658203125 0.525084375 0.21322255859375 0.5185982421875
2 0.25094580078125 0.51215234375 0.26387578125 0.50605673828125 0.2575955078125 0.49331142578125 0.27237265625 0.48555341796875 0.28197783203125 0.50328603515625 0.28345556640625 0.502177734375 0.29416904296875 0.52305048828125 0.26442998046875 0.5389359375 0.25094580078125 0.51215234375
2 0.2785666015625 0.4833416015625 0.29058681640625 0.4778984375 0.29954541015625 0.4890115234375 0.30011240234375 0.49037236328125 0.30396787109375 0.489125 0.3072564453125 0.49207333984375 0.30941103515625 0.48946513671875 0.30929765625 0.48765078125 0.316441796875 0.48413544921875 0.32993623046875 0.5104439453125 0.30204013671875 0.52427861328125 0.2785666015625 0.4833416015625
2 0.33039658203125 0.4564458984375 0.3441576171875 0.45074677734375 0.36244443359375 0.48344130859375 0.3343677734375 0.4991419921875 0.32254599609375 0.47919287109375 0.336399609375 0.4710654296875 0.33039658203125 0.4564458984375
2 0.28661083984375 0.56597548828125 0.29978115234375 0.5610546875 0.30643876953125 0.571619921875 0.318451171875 0.56597548828125 0.3175828125 0.56351513671875 0.3151224609375 0.56394931640625 0.302965234375 0.55266044921875 0.3136751953125 0.54050322265625 0.3256876953125 0.54962119140625 0.31946435546875 0.560186328125 0.32120107421875 0.56235732421875 0.32279306640625 0.56177841796875 0.3371212890625 0.584211328125 0.301807421875 0.59853955078125 0.28661083984375 0.56597548828125
2 0.326808203125 0.5380734375 0.3619912109375 0.5247431640625 0.37215048828125 0.54349677734375 0.357840234375 0.54915634765625 0.36627041015625 0.56872578125 0.351503515625 0.572440625 0.34324775390625 0.55429560546875 0.3345662109375 0.55679248046875 0.326808203125 0.5380734375
2 0.36582568359375 0.515749609375 0.37886650390625 0.51064658203125 0.3881935546875 0.53058896484375 0.3955896484375 0.52550498046875 0.3951958984375 0.51495576171875 0.38771162109375 0.5033890625 0.40167861328125 0.495542578125 0.4169685546875 0.5279966796875 0.37920673828125 0.5442126953125 0.36582568359375 0.515749609375
2 0.34923603515625 0.44466640625 0.3613697265625 0.4380892578125 0.37066845703125 0.45271767578125 0.37089521484375 0.4552125 0.3749775390625 0.45385166015625 0.37146220703125 0.44648076171875 0.385296875 0.4400169921875 0.3952759765625 0.457140234375 0.36976123046875 0.46813994140625 0.37146220703125 0.4716552734375 0.3651119140625 0.47471708984375 0.3647716796875 0.4716552734375 0.34923603515625 0.44466640625
2 0.38338876953125 0.42379833984375 0.39804921875 0.41820068359375 0.40489072265625 0.430462109375 0.421505859375 0.42273212890625 0.427725390625 0.43303876953125 0.427903125 0.43730361328125 0.41004404296875 0.44689951171875 0.4064900390625 0.44414521484375 0.39867109375 0.44698837890625 0.38338876953125 0.42379833984375
2 0.41621328125 0.39735634765625 0.43112041015625 0.39084345703125 0.4424091796875 0.41153974609375 0.4551453125 0.4047375 0.44255390625 0.38592275390625 0.4646974609375 0.37550224609375 0.4749732421875 0.3920013671875 0.48774599609375 0.38518125 0.4995333984375 0.40309814453125 0.4811451171875 0.41323525390625 0.48444560546875 0.41889326171875 0.46369970703125 0.431387890625 0.4596919921875 0.425965625 0.4363529296875 0.43775302734375 0.41621328125 0.39735634765625
2 0.48912109375 0.365683203125 0.503069140625 0.36001328125 0.5112337890625 0.37271396484375 0.52756328125 0.3643224609375 0.53618154296875 0.38031162109375 0.49898671875 0.3978884765625 0.49206943359375 0.38291982421875 0.49637861328125 0.3801982421875 0.48912109375 0.365683203125
2 0.52634482421875 0.3474462890625 0.54139658203125 0.3403544921875 0.5466068359375 0.3517880859375 0.55225126953125 0.349906640625 0.55196181640625 0.3486041015625 0.5587640625 0.34513056640625 0.56600048828125 0.349906640625 0.5703423828125 0.3519328125 0.57656572265625 0.3609060546875 0.57468427734375 0.363655859375 0.5823548828125 0.37943134765625 0.55471162109375 0.3966541015625 0.5444359375 0.37885244140625 0.5371994140625 0.36669521484375 0.536765234375 0.3632216796875 0.5325681640625 0.35916923828125 0.52634482421875 0.3474462890625
2 0.56088994140625 0.3278986328125 0.57370400390625 0.3196205078125 0.58345634765625 0.334135546875 0.62076455078125 0.31338359375 0.611692578125 0.29762109375 0.624846875 0.28945634765625 0.63664033203125 0.3079404296875 0.640609375 0.3049919921875 0.65240283203125 0.32710478515625 0.62960966796875 0.3429806640625 0.62711484375 0.33912509765625 0.5828892578125 0.36271201171875 0.56088994140625 0.3278986328125
2 0.6439396484375 0.27395751953125 0.65477939453125 0.26693828125 0.6750375 0.2990134765625 0.65060341796875 0.3162505859375 0.6414517578125 0.3011458984375 0.65051455078125 0.2949263671875 0.6470494140625 0.28888447265625 0.651225390625 0.28479736328125 0.6439396484375 0.27395751953125
2 0.6606759765625 0.2629822265625 0.67124111328125 0.25560107421875 0.67891181640625 0.2647189453125 0.69164794921875 0.25487744140625 0.70423935546875 0.27050810546875 0.69613447265625 0.27962607421875 0.70222919921875 0.29210888671875 0.686871875 0.30220380859375 0.6606759765625 0.2629822265625
1 0.69230537109375 0.24107978515625 0.701910546875 0.2351689453125 0.706158984375 0.22611787109375 0.71354755859375 0.227226171875 0.72075146484375 0.22260830078125 0.7322037109375 0.23904794921875 0.71616513671875 0.2511654296875 0.7230955078125 0.26351572265625 0.7122556640625 0.2708015625 0.69230537109375 0.24107978515625
1 0.73549697265625 0.253836328125 0.74392255859375 0.2485998046875 0.7465408203125 0.2501271484375 0.74763173828125 0.248654296875 0.74795908203125 0.2433087890625 0.76147783203125 0.23651669921875 0.767383203125 0.25244716796875 0.757315625 0.25998837890625 0.754710546875 0.25694912109375 0.75152646484375 0.25680439453125 0.75331796875 0.26278515625 0.74125078125 0.27040888671875 0.73386953125 0.25825166015625 0.73549697265625 0.253836328125
1 0.7354548828125 0.21298212890625 0.74544111328125 0.20169326171875 0.7577431640625 0.2100875 0.760203515625 0.206324609375 0.7577431640625 0.19879873046875 0.76715048828125 0.19069384765625 0.78683359375 0.21110068359375 0.78567578125 0.21674501953125 0.77901826171875 0.22369208984375 0.771637109375 0.21573193359375 0.75470380859375 0.23700712890625 0.7354548828125 0.21298212890625
2 0.76373544921875 0.167340234375 0.77371005859375 0.159028125 0.78423876953125 0.16641669921875 0.79125791015625 0.1808244140625 0.784608203125 0.1871046875 0.7766654296875 0.17990087890625 0.76373544921875 0.167340234375
2 0.7875591796875 0.16720341796875 0.7969712890625 0.1576779296875 0.800940234375 0.16142001953125 0.80241435546875 0.15631708984375 0.80910498046875 0.15008017578125 0.81715625 0.15801806640625 0.81613564453125 0.1630076171875 0.811486328125 0.16833740234375 0.8208984375 0.17740927734375 0.82640830078125 0.17098818359375 0.82799990234375 0.172751953125 0.81457001953125 0.18690341796875 0.8104537109375 0.1825251953125 0.8064810546875 0.1848380859375 0.7875591796875 0.16720341796875
2 0.832578515625 0.170378515625 0.8414236328125 0.17672890625 0.840856640625 0.17740927734375 0.85151611328125 0.18375966796875 0.85230986328125 0.18262568359375 0.86285595703125 0.19079033203125 0.8470935546875 0.21131552734375 0.8436916015625 0.21891328125 0.8527634765625 0.22481005859375 0.852196484375 0.22877900390625 0.84459873046875 0.239665234375 0.82928994140625 0.22651103515625 0.83722783203125 0.21675869140625 0.83813505859375 0.20961455078125 0.83076416015625 0.20530537109375 0.8291765625 0.2075734375 0.81760986328125 0.19940869140625 0.81715625 0.19646025390625 0.81840361328125 0.186141015625 0.832578515625 0.170378515625
2 0.87185263671875 0.199558203125 0.884347265625 0.20686640625 0.88576181640625 0.2061591796875 0.89424873046875 0.21134560546875 0.89330576171875 0.21370302734375 0.90273564453125 0.21959677734375 0.891183984375 0.2391638671875 0.8890623046875 0.2382208984375 0.8845830078125 0.24576484375 0.8918912109375 0.254016015625 0.8812826171875 0.26580341796875 0.867944921875 0.25631240234375 0.88198369140625 0.23489248046875 0.87402353515625 0.2293927734375 0.86837919921875 0.2370634765625 0.8552087890625 0.22982705078125 0.85448515625 0.224037890625 0.87185263671875 0.199558203125
2 0.91280546875 0.2225203125 0.94254453125 0.243947265625 0.91594560546875 0.28495390625 0.907079296875 0.27978193359375 0.91465263671875 0.26962255859375 0.8935951171875 0.25613837890625 0.89414931640625 0.25041220703125 0.901353125 0.23618916015625 0.899875390625 0.23415732421875 0.90116845703125 0.22769228515625 0.9072640625 0.22566044921875 0.91280546875 0.2225203125
1 0.9984607421875 0.31861064453125 0.9868732421875 0.3106208984375 0.97708330078125 0.32262744140625 0.963414453125 0.315608203125 0.97209599609375 0.3006462890625 0.98225537109375 0.30563359375 0.98317890625 0.3048947265625 0.98151650390625 0.30138515625 0.9953701171875 0.27718759765625 0.9984607421875 0.2786671875 0.9984607421875 0.31861064453125
1 0.77170537109375 0.2597287109375 0.79205224609375 0.2589291015625 0.79400693359375 0.27554423828125 0.81159951171875 0.2737671875 0.81053330078125 0.26150576171875 0.82332783203125 0.26017294921875 0.82768154296875 0.2874501953125 0.7902751953125 0.2938474609375 0.7871654296875 0.27980908203125 0.77197197265625 0.279187109375 0.77170537109375 0.2597287109375
1 0.74741650390625 0.27620576171875 0.76297587890625 0.28657861328125 0.7530744140625 0.304259765625 0.735393359375 0.29530126953125 0.74741650390625 0.27620576171875
1 0.7589681640625 0.3044955078125 0.7775921875 0.31746162109375 0.7603826171875 0.34645869140625 0.7384580078125 0.33231376953125 0.74765224609375 0.31722587890625 0.75024541015625 0.318876171875 0.7589681640625 0.3044955078125
2 0.84982978515625 0.26086015625 0.86517109375 0.2711359375 0.85938193359375 0.2815564453125 0.85923720703125 0.28488515625 0.8669078125 0.28966123046875 0.868355078125 0.28777978515625 0.88355166015625 0.298344921875 0.8682103515625 0.3230935546875 0.83781728515625 0.30326572265625 0.8515666015625 0.28054326171875 0.8415802734375 0.27287265625 0.84982978515625 0.26086015625
1 0.88976328125 0.29325625 0.9023546875 0.3019400390625 0.89584189453125 0.31105791015625 0.90409140625 0.316412890625 0.9056833984375 0.314097265625 0.9191431640625 0.32003115234375 0.89974951171875 0.354187109375 0.883250390625 0.34405615234375 0.89092109375 0.33175419921875 0.88788173828125 0.3300173828125 0.88614501953125 0.33334619140625 0.87036953125 0.32292568359375 0.88976328125 0.29325625
1 0.9268349609375 0.3154029296875 0.94217626953125 0.3265470703125 0.9333478515625 0.33595439453125 0.94130791015625 0.33957265625 0.94507080078125 0.33117841796875 0.9596884765625 0.339283203125 0.9374001953125 0.37908359375 0.90338896484375 0.35896630859375 0.9119279296875 0.34333564453125 0.91655927734375 0.34261201171875 0.9265455078125 0.33363876953125 0.91771708984375 0.326112890625 0.9268349609375 0.3154029296875
1 0.970205859375 0.336090234375 0.98495517578125 0.34497529296875 0.98611015625 0.34319833984375 0.99846064453125 0.3532318359375 0.99846064453125 0.39885283203125 0.9798943359375 0.384401953125 0.97581201171875 0.3906388671875 0.96413193359375 0.38281435546875 0.969915234375 0.37498984375 0.9542662109375 0.364103515625 0.95925576171875 0.34754736328125 0.970205859375 0.336090234375
2 0.41235234375 0.4938740234375 0.44251650390625 0.48468876953125 0.4468255859375 0.49171943359375 0.45068115234375 0.4923998046875 0.45362958984375 0.49784296875 0.45158837890625 0.5100900390625 0.44841318359375 0.5115642578125 0.4565779296875 0.5311822265625 0.42788798828125 0.53991396484375 0.4226716796875 0.52630615234375 0.43525888671875 0.5221103515625 0.43491875 0.5166671875 0.420970703125 0.520749609375 0.41235234375 0.4938740234375
2 0.46101748046875 0.49031318359375 0.4690140625 0.48818076171875 0.4743451171875 0.50079755859375 0.478698828125 0.49946484375 0.48474072265625 0.5230103515625 0.4677701171875 0.5272751953125 0.46537119140625 0.51181513671875 0.466881640625 0.51137080078125 0.46634853515625 0.50861650390625 0.4648380859375 0.50932724609375 0.46101748046875 0.49031318359375
2 0.47821416015625 0.46927314453125 0.49012021484375 0.4626982421875 0.49847216796875 0.47353798828125 0.49873876953125 0.476558984375 0.4878162109375 0.484344140625 0.47821416015625 0.46927314453125
2 0.50333037109375 0.4714078125 0.5265205078125 0.4681203125 0.5207943359375 0.43848408203125 0.53760341796875 0.4353439453125 0.54185185546875 0.463051171875 0.5320619140625 0.4665607421875 0.53704921875 0.50276484375 0.51045029296875 0.507198046875 0.5080490234375 0.49740810546875 0.5195013671875 0.49593037109375 0.5187625 0.49168193359375 0.50749482421875 0.49334443359375 0.50333037109375 0.4714078125
2 0.5656125 0.4654822265625 0.5795064453125 0.467653125 0.579072265625 0.47170556640625 0.59687392578125 0.469679296875 0.59890009765625 0.4951515625 0.59730810546875 0.49573056640625 0.59716337890625 0.513676953125 0.57255947265625 0.514255859375 0.5700990234375 0.49833564453125 0.577914453125 0.49602001953125 0.57400673828125 0.47460009765625 0.56503349609375 0.47300810546875 0.5656125 0.4654822265625
2 0.5648916015625 0.3962041015625 0.5803138671875 0.40493583984375 0.56625234375 0.4263681640625 0.5532115234375 0.4158220703125 0.5528712890625 0.41344072265625 0.5648916015625 0.3962041015625
2 0.56900908203125 0.42346494140625 0.5880560546875 0.4239583984375 0.6035720703125 0.4336828125 0.59486474609375 0.46540263671875 0.5622564453125 0.45545126953125 0.5696310546875 0.43297197265625 0.56661005859375 0.431728125 0.56900908203125 0.42346494140625
2 0.60305888671875 0.399713671875 0.6186896484375 0.39233251953125 0.62332099609375 0.38104365234375 0.62125625 0.37424423828125 0.63925673828125 0.3655712890625 0.64842060546875 0.3793716796875 0.64842060546875 0.381553515625 0.6297505859375 0.3903630859375 0.6300400390625 0.39499443359375 0.63742119140625 0.40990146484375 0.63597392578125 0.41395390625 0.6119212890625 0.4262953125 0.6010814453125 0.40532646484375 0.60305888671875 0.399713671875
2 0.65496533203125 0.35773681640625 0.65921201171875 0.35885068359375 0.66081318359375 0.35502177734375 0.66638251953125 0.35697099609375 0.666312890625 0.36093916015625 0.67773017578125 0.3669958984375 0.67202158203125 0.38196357421875 0.652946484375 0.37451455078125 0.6534337890625 0.36776162109375 0.65071875 0.36616044921875 0.65071875 0.36455927734375 0.65496533203125 0.35773681640625
2 0.65870986328125 0.4036767578125 0.6712044921875 0.3902390625 0.69006435546875 0.40650576171875 0.69855126953125 0.397547265625 0.709395703125 0.40721298828125 0.681105859375 0.43927470703125 0.65210888671875 0.412163671875 0.65870986328125 0.4036767578125
2 0.68934619140625 0.43682412109375 0.71350009765625 0.43228818359375 0.7150876953125 0.43432939453125 0.71917001953125 0.43251494140625 0.71951025390625 0.419247265625 0.73527275390625 0.4204947265625 0.73515927734375 0.4375044921875 0.72234521484375 0.43739111328125 0.7150876953125 0.44306103515625 0.71792265625 0.45950390625 0.71803603515625 0.46642119140625 0.70783017578125 0.46993662109375 0.69785107421875 0.47163759765625 0.68934619140625 0.43682412109375
1 0.72596923828125 0.3709896484375 0.7404421875 0.359411328125 0.7450734375 0.36737138671875 0.75115205078125 0.362884765625 0.756217578125 0.3621611328125 0.7537572265625 0.3589771484375 0.7657697265625 0.35391162109375 0.7690984375 0.3610033203125 0.76273037109375 0.36664775390625 0.7657697265625 0.3727263671875 0.777926953125 0.36650302734375 0.78313720703125 0.37692353515625 0.76330927734375 0.3866203125 0.765914453125 0.39023857421875 0.755638671875 0.394869921875 0.74666552734375 0.38184423828125 0.73653447265625 0.38821240234375 0.72596923828125 0.3709896484375
1 0.782716015625 0.40339541015625 0.7951626953125 0.40846083984375 0.80529375 0.3900802734375 0.829029296875 0.40310595703125 0.81137236328125 0.43653828125 0.79718896484375 0.42944658203125 0.793570703125 0.435669921875 0.78300546875 0.43017021484375 0.78590009765625 0.425973046875 0.7840185546875 0.4251046875 0.7822818359375 0.426551953125 0.77432177734375 0.4226443359375 0.782716015625 0.40339541015625
1 0.82140830078125 0.42200205078125 0.832248046875 0.42528955078125 0.83491357421875 0.419425390625 0.8336697265625 0.4173818359375 0.84157744140625 0.40352109375 0.8701875 0.419069921875 0.86076923828125 0.436484765625 0.84717509765625 0.4281328125 0.8398892578125 0.437462109375 0.8356244140625 0.435151953125 0.83047109375 0.4437705078125 0.81705458984375 0.4387060546875 0.8166103515625 0.4355962890625 0.82140830078125 0.42200205078125
2 0.69132001953125 0.4751376953125 0.72359453125 0.48309775390625 0.71896318359375 0.50480712890625 0.73083095703125 0.50654384765625 0.727646875 0.5223193359375 0.70651650390625 0.51725380859375 0.70941103515625 0.502201953125 0.6868333984375 0.49641279296875 0.69132001953125 0.4751376953125
2 0.75510869140625 0.4674298828125 0.7904224609375 0.4752453125 0.78434384765625 0.50737509765625 0.76770009765625 0.5028884765625 0.7611873046875 0.49811240234375 0.7503326171875 0.49608623046875 0.75510869140625 0.4674298828125
2 0.79431025390625 0.49188193359375 0.80284921875 0.49521064453125 0.8015466796875 0.4992630859375 0.8053095703125 0.5007103515625 0.80675693359375 0.50794677734375 0.81196708984375 0.5098283203125 0.8164537109375 0.500565625 0.813414453125 0.499118359375 0.8142828125 0.476830078125 0.83555791015625 0.4776984375 0.83251865234375 0.50244716796875 0.82296650390625 0.50215771484375 0.82224287109375 0.50403916015625 0.8299134765625 0.50649951171875 0.8270189453125 0.51445966796875 0.82267705078125 0.5127228515625 0.8176115234375 0.53226123046875 0.78186357421875 0.523143359375 0.79431025390625 0.49188193359375
1 0.87501162109375 0.42518642578125 0.90744794921875 0.4412267578125 0.90485439453125 0.447710546875 0.88980263671875 0.475787890625 0.874461328125 0.46695947265625 0.87764541015625 0.4607361328125 0.8704984375 0.4582833984375 0.8605693359375 0.47693798828125 0.84793232421875 0.47092041015625 0.85214462890625 0.4594869140625 0.85665791015625 0.46159306640625 0.86117109375 0.450761328125 0.863578125 0.45226572265625 0.87501162109375 0.42518642578125
1 0.912196875 0.443248828125 0.92660458984375 0.44989853515625 0.9271587890625 0.455994140625 0.93085302734375 0.45691767578125 0.93251552734375 0.45285400390625 0.9441525390625 0.4595037109375 0.92900595703125 0.492937109375 0.92180205078125 0.49404541015625 0.91884658203125 0.4907205078125 0.92032431640625 0.48480966796875 0.91034970703125 0.47982236328125 0.906470703125 0.48702626953125 0.9000056640625 0.48887333984375 0.89058525390625 0.48462490234375 0.912196875 0.443248828125
2 0.9528939453125 0.46486572265625 0.99020224609375 0.48176220703125 0.96672861328125 0.52780205078125 0.96309990234375 0.52961650390625 0.9509662109375 0.5222455078125 0.95244033203125 0.50852431640625 0.934183203125 0.49945234375 0.9528939453125 0.46486572265625
1 0.8418619140625 0.49312470703125 0.85294482421875 0.49922021484375 0.8503587890625 0.50587001953125 0.8618111328125 0.50937958984375 0.86587490234375 0.499035546875 0.8802826171875 0.50346875 0.87418701171875 0.51935419921875 0.86716787109375 0.51843056640625 0.861072265625 0.54188935546875 0.82671533203125 0.5296982421875 0.8418619140625 0.49312470703125
1 0.88418232421875 0.51858583984375 0.89471103515625 0.52246484375 0.895265234375 0.51636923828125 0.91539912109375 0.5244966796875 0.91983232421875 0.5322546875 0.90542451171875 0.562178515625 0.87974912109375 0.5509109375 0.8843669921875 0.5416751953125 0.88067275390625 0.53927392578125 0.87716318359375 0.54536943359375 0.871067578125 0.54130576171875 0.88418232421875 0.51858583984375
2 0.9167603515625 0.54752060546875 0.94681103515625 0.5624892578125 0.94023388671875 0.57972587890625 0.90836875 0.56725205078125 0.9167603515625 0.54752060546875
2 0.945563671875 0.52960361328125 0.9593982421875 0.53561376953125 0.95157373046875 0.5579533203125 0.93762568359375 0.5519431640625 0.945563671875 0.52960361328125
2 0.53215283203125 0.309365234375 0.54247216796875 0.30346845703125 0.54519365234375 0.30834462890625 0.53544140625 0.31480830078125 0.53215283203125 0.309365234375
2 0.97481171875 0.12603955078125 0.97850146484375 0.120261328125 0.98581123046875 0.125343359375 0.9828873046875 0.13028623046875 0.97481171875 0.12603955078125
2 1.201171875e-05 7.421875e-06 0.01416435546875 0.00876181640625 -0.0 0.03237646484375 -0.0 7.421875e-06 1.201171875e-05 7.421875e-06
1 0.79410693359375 1.083984375e-05 0.765561328125 0.02516572265625 0.760898828125 0.02574853515625 0.74924248046875 0.01350947265625 0.7160220703125 0.0426501953125 0.72534716796875 0.0578033203125 0.68597646484375 0.09284453125 0.66319228515625 0.07575634765625 0.6555974609375 0.07860439453125 0.62806650390625 0.10518603515625 0.6223705078125 0.10518603515625 0.5976875 0.119426171875 0.487563671875 0.0168970703125 0.50558759765625 1.279296875e-05 0.79410693359375 1.083984375e-05
2 0.0524419921875 0.63820302734375 0.042349609375 0.62166279296875 0.05748818359375 0.612691796875 0.07150537109375 0.63427822265625 0.07543017578125 0.64044580078125 0.0681412109375 0.64352958984375 0.0602916015625 0.63511923828125 0.05300263671875 0.63820302734375 0.0524419921875 0.63820302734375
2 0.04739580078125 0.65922880859375 0.03758369140625 0.64661337890625 0.0487974609375 0.640726171875 0.05019921875 0.64296884765625 0.05832919921875 0.63904404296875 0.0706642578125 0.64885615234375 0.04739580078125 0.65922880859375
2 0.2934986328125 0.30149521484375 0.28300791015625 0.2694404296875 0.2934986328125 0.2665263671875 0.3004923828125 0.2828451171875 0.3179767578125 0.2746857421875 0.32905029296875 0.29391865234375 0.3022408203125 0.30324365234375 0.2934986328125 0.30149521484375
2 0.24202392578125 0.80816826171875 0.23301796875 0.7881794921875 0.24619736328125 0.78158984375 0.25542294921875 0.8004802734375 0.24400078125 0.807509375 0.24202392578125 0.80816826171875
2 0.32435751953125 0.999012109375 0.31735107421875 0.99285126953125 0.3167904296875 0.987805078125 0.30950146484375 0.982478515625 0.32351865234375 0.970984375 0.331087890625 0.977151953125 0.33753583984375 0.977151953125 0.3535154296875 0.9978974609375 0.3512857421875 0.9990123046875 0.32435751953125 0.999012109375
2 0.77397275390625 0.66695576171875 0.7670884765625 0.6638578125 0.76553955078125 0.6592109375 0.7691537109375 0.65318720703125 0.77672646484375 0.658350390625 0.77689853515625 0.661792578125 0.77397275390625 0.66695576171875
2 0.3961025390625 0.76298095703125 0.3797837890625 0.730343359375 0.41009013671875 0.71344169921875 0.42232919921875 0.733257421875 0.40484482421875 0.743748046875 0.41125576171875 0.75715283203125 0.3961025390625 0.76298095703125
2 0.45371923828125 0.69031376953125 0.4418146484375 0.696530078125 0.4386341796875 0.69500107421875 0.43162197265625 0.68313427734375 0.444567578125 0.6742341796875 0.45400712890625 0.687719140625 0.45371923828125 0.69031376953125
2 0.40938720703125 0.87718828125 0.40741025390625 0.8734541015625 0.40367607421875 0.873893359375 0.39642744140625 0.85039013671875 0.4164162109375 0.84423974609375 0.420809375 0.858078125 0.4287169921875 0.85654052734375 0.4317921875 0.86642509765625 0.425641796875 0.86950029296875 0.42454345703125 0.8734541015625 0.40938720703125 0.87718828125
