0 0.29273388671875 0.4527900390625 0.291157421875 0.45026767578125 0.2747625 0.4250447265625 0.27287080078125 0.41747783203125 0.37060986328125 0.35820380859375 0.38889658203125 0.3903630859375 0.3898423828125 0.393516015625 0.29273388671875 0.4527900390625
0 0.0686921875 0.42179912109375 0.150036328125 0.373875390625 0.16075615234375 0.387748046875 0.1673771484375 0.40414296875 0.1651701171875 0.40824169921875 0.08697890625 0.4561654296875 0.08414130859375 0.45080556640625 0.06806162109375 0.42747431640625 0.0686921875 0.42179912109375
0 0.05449326171875 0.4085466796875 0.0495525390625 0.40286484375 0.04461181640625 0.39471259765625 0.0357185546875 0.38087861328125 0.04065927734375 0.37766708984375 0.05745771484375 0.40187666015625 0.0591869140625 0.40459404296875 0.05449326171875 0.4085466796875
0 0.09319970703125 0.3805654296875 0.09715224609375 0.389952734375 0.07491904296875 0.40008125 0.071460546875 0.3931642578125 0.0885060546875 0.38352978515625 0.09319970703125 0.3805654296875
0 0.16540673828125 0.34409921875 0.146494140625 0.3135171875 0.146494140625 0.30707880859375 0.26238408203125 0.24068359375 0.2728462890625 0.2410859375 0.30342841796875 0.2942021484375 0.2998068359375 0.29903095703125 0.26439599609375 0.3215650390625 0.24870263671875 0.29782373046875 0.16540673828125 0.34409921875
0 0.21067880859375 0.23166171875 0.262701171875 0.20170947265625 0.26900693359375 0.2143208984375 0.21572333984375 0.243012109375 0.21067880859375 0.23166171875
0 0.22108330078125 0.19477314453125 0.24346865234375 0.183107421875 0.2507203125 0.19414248046875 0.2267583984375 0.20675400390625 0.22108330078125 0.19477314453125
0 0.15400029296875 0.1849666015625 0.2388126953125 0.13483583984375 0.25930634765625 0.16920224609375 0.22809287109375 0.18780419921875 0.17102587890625 0.22059404296875 0.1621978515625 0.20861318359375 0.16093662109375 0.20325322265625 0.1533697265625 0.1896958984375 0.15400029296875 0.1849666015625
0 0.0250759765625 0.1408642578125 0.065302734375 0.21302734375 0.0355787109375 0.2302451171875 -0.0 0.17375244140625 -0.0 0.155068359375 0.024716796875 0.140283203125 0.0250759765625 0.1408642578125
0 0.0592029296875 0.12444970703125 0.10028857421875 0.19275458984375 0.06572265625 0.212783203125 0.025496484375 0.14061572265625 0.02513671875 0.1400390625 0.057080078125 0.120927734375 0.0592029296875 0.12444970703125
0 0.024453125 0.139873046875 -0.0 0.154501953125 -0.0 0.100791015625 0.024453125 0.139873046875
0 0.056826171875 0.1205078125 0.024873046875 0.139619140625 -0.0 0.099873046875 -0.0 0.05908056640625 0.01456640625 0.05025244140625 0.056826171875 0.1205078125
0 0.16877353515625 0.14317431640625 0.1716015625 0.152587890625 0.1329486328125 0.17453828125 0.0464279296875 0.029681640625 0.088818359375 0.006552734375 0.16877353515625 0.14317431640625
0 0.21029296875 0.1306224609375 0.17203125 0.15234375 0.1692244140625 0.142978125 0.089248046875 0.006318359375 0.10081474609375 8.984375e-06 0.13557587890625 9.47265625e-06 0.21029296875 0.1306224609375
0 0.31614375 0.115426171875 0.3117173828125 0.11462138671875 0.3056814453125 0.1077806640625 0.295219140625 0.097318359375 0.30045029296875 0.08202734375 0.28837841796875 0.06190751953125 0.2783185546875 0.0655291015625 0.2726849609375 0.05426201171875 0.26986826171875 0.04500693359375 0.2666490234375 0.0321302734375 0.2690634765625 0.0289111328125 0.2690634765625 0.024484765625 0.279928125 0.01965595703125 0.2815376953125 0.02247275390625 0.2907927734375 0.01603447265625 0.28958564453125 0.01160810546875 0.29924306640625 0.00838896484375 0.30165751953125 0.0112056640625 0.30688857421875 0.0079865234375 0.31252216796875 0.01764404296875 0.319362890625 0.0273015625 0.319362890625 0.036958984375 0.3342515625 0.0655291015625 0.34028740234375 0.064321875 0.35235927734375 0.08444169921875 0.3511521484375 0.091684765625 0.34753056640625 0.10013515625 0.3394826171875 0.10617099609375 0.32781318359375 0.109390234375 0.31614375 0.115426171875
0 0.3266904296875 0.01318740234375 0.33741025390625 0.00940400390625 0.355696875 0.0399869140625 0.3427701171875 0.04534677734375 0.3263751953125 0.0147638671875 0.3266904296875 0.01318740234375
0 0.3673701171875 1.201171875e-05 0.37335302734375 0.00940400390625 0.37713642578125 0.017916796875 0.392585546875 0.03746455078125 0.380919921875 0.04219384765625 0.35601220703125 0.0030982421875 0.36449208984375 1.19140625e-05 0.3673701171875 1.201171875e-05
0 0.3969494140625 0.22198115234375 0.41176796875 0.21630595703125 0.4328921875 0.24909580078125 0.41838896484375 0.25729326171875 0.3969494140625 0.22198115234375
0 0.37771689453125 0.183516015625 0.38906728515625 0.17563388671875 0.4108220703125 0.2122072265625 0.39978701171875 0.21851298828125 0.38213095703125 0.18950654296875 0.37771689453125 0.183516015625
0 0.32908671875 0.16393076171875 0.3413830078125 0.1588861328125 0.3763798828125 0.2191060546875 0.36408369140625 0.22478125 0.33192431640625 0.16866005859375 0.32908671875 0.16393076171875
0 0.3723763671875 0.08749287109375 0.3872650390625 0.097955078125 0.3506470703125 0.1538880859375 0.3389775390625 0.1446330078125 0.370766796875 0.091919140625 0.3723763671875 0.08749287109375
0 0.3997392578125 0.10439345703125 0.41422548828125 0.11364853515625 0.3816314453125 0.16797197265625 0.36674287109375 0.158716796875 0.3981296875 0.10600302734375 0.3997392578125 0.10439345703125
0 0.47091396484375 0.1089884765625 0.466815234375 0.12254580078125 0.4352865234375 0.11434833984375 0.43686298828125 0.10299794921875 0.47091396484375 0.1089884765625
0 0.46701416015625 0.07729404296875 0.4641765625 0.08895966796875 0.42886435546875 0.08328447265625 0.4332783203125 0.0700423828125 0.46701416015625 0.07729404296875
0 0.5022505859375 0.07416650390625 0.50496796875 0.08775341796875 0.48100546875 0.09244716796875 0.4782880859375 0.07886015625 0.5022505859375 0.07416650390625
0 0.4669484375 1.23046875e-05 0.49670546875 0.0181693359375 0.48423125 0.0298388671875 0.4830240234375 0.0394962890625 0.47014736328125 0.05800654296875 0.45807548828125 0.05237294921875 0.44117490234375 0.04955625 0.44278447265625 0.0394962890625 0.4435892578125 0.0358748046875 0.43634619140625 0.0334603515625 0.41703115234375 0.0213884765625 0.40737373046875 0.02822919921875 0.4009353515625 0.01977890625 0.38805869140625 0.0089142578125 0.38805869140625 1.2109375e-05 0.4669484375 1.23046875e-05
0 0.61963779296875 1.201171875e-05 0.598328125 0.0148365234375 0.5934994140625 0.00920302734375 0.56975810546875 0.02127490234375 0.5689533203125 0.02771318359375 0.56171015625 0.031334765625 0.55486943359375 0.031334765625 0.54843115234375 0.036968359375 0.53515205078125 0.0361634765625 0.51664814453125 1.23046875e-05 0.61963779296875 1.201171875e-05
0 0.68207587890625 0.01461181640625 0.674508984375 0.01902578125 0.661279296875 0.011904296875 0.67518291015625 1.171875e-05 0.69908798828125 1.15234375e-05 0.68207587890625 0.01461181640625
0 0.6608203125 0.01166015625 0.65811396484375 0.01019775390625 0.64583212890625 1.19140625e-05 0.6744259765625 1.171875e-05 0.6608203125 0.01166015625
0 0.7706013671875 1.07421875e-05 0.7706013671875 0.00351025390625 0.757674609375 0.02179697265625 0.7529453125 0.01675234375 0.7356044921875 0.039768359375 0.73434326171875 0.0454435546875 0.73434326171875 0.05206455078125 0.7252 0.060892578125 0.71195791015625 0.0700359375 0.70533681640625 0.065621875 0.702183984375 0.060892578125 0.7009228515625 0.05395625 0.6917794921875 0.0482810546875 0.68326669921875 0.03094033203125 0.6961935546875 0.0132841796875 0.70407568359375 0.0158064453125 0.7081744140625 0.00823955078125 0.7179349609375 1.1328125e-05 0.7706013671875 1.07421875e-05
0 0.42125185546875 0.1882759765625 0.41682548828125 0.1794232421875 0.44418837890625 0.16131552734375 0.449821875 0.16815625 0.4783919921875 0.1488412109375 0.47637998046875 0.14320771484375 0.4969021484375 0.13113583984375 0.50615732421875 0.1379765625 0.5150099609375 0.13757412109375 0.531105859375 0.16171787109375 0.5053525390625 0.18143525390625 0.489256640625 0.1914951171875 0.48483037109375 0.1971287109375 0.4816111328125 0.20115263671875 0.473965625 0.20235986328125 0.47637998046875 0.21604130859375 0.4659177734375 0.223284375 0.44539560546875 0.22972275390625 0.42125185546875 0.1882759765625
0 0.61992236328125 0.06995478515625 0.63078701171875 0.0949033203125 0.6332013671875 0.0953056640625 0.64044453125 0.10979189453125 0.63682294921875 0.12146142578125 0.619117578125 0.12669248046875 0.6146912109375 0.1194494140625 0.58853544921875 0.1319236328125 0.58692587890625 0.139569140625 0.5784755859375 0.145202734375 0.57646357421875 0.15043388671875 0.56841572265625 0.1532505859375 0.56720849609375 0.1621033203125 0.55191748046875 0.16411533203125 0.546686328125 0.15687216796875 0.5297857421875 0.124278125 0.5330048828125 0.114620703125 0.540650390625 0.10657275390625 0.55312470703125 0.10214638671875 0.55634384765625 0.10576796875 0.565196484375 0.1013416015625 0.57002529296875 0.1009392578125 0.58370673828125 0.09570810546875 0.58048759765625 0.0924888671875 0.5905474609375 0.0892697265625 0.58692587890625 0.0800146484375 0.60825283203125 0.06834521484375 0.6179103515625 0.06834521484375 0.61992236328125 0.06995478515625
0 0.49686025390625 0.1072169921875 0.53154189453125 0.09618193359375 0.5343794921875 0.10753232421875 0.500958984375 0.11888271484375 0.49686025390625 0.1072169921875
0 0.53501005859375 0.09492080078125 0.5573955078125 0.0835705078125 0.56149423828125 0.09365966796875 0.53753232421875 0.10343359375 0.53501005859375 0.09492080078125
0 0.57263095703125 0.0720193359375 0.60523974609375 0.05472685546875 0.60943935546875 0.06485537109375 0.56867841796875 0.08659453125 0.56423173828125 0.076466015625 0.57263095703125 0.0720193359375
