3 0.106769140625 0.91971064453125 0.120351953125 0.91203955078125 0.12869501953125 0.926701953125 0.1151826171875 0.93465458984375 0.106769140625 0.91971064453125
3 0.65797529296875 0.98202978515625 0.66445 0.97421796875 0.67169892578125 0.98012958984375 0.66529453125 0.98794150390625 0.65797529296875 0.98202978515625
3 0.684432421875 0.800568359375 0.6872474609375 0.7904986328125 0.702694140625 0.79359521484375 0.700196875 0.8037193359375 0.684432421875 0.800568359375
1 0.50206923828125 0.63972939453125 0.5072970703125 0.62905771484375 0.52403251953125 0.6368435546875 0.5190291015625 0.6477716796875 0.50206923828125 0.63972939453125
3 0.6619208984375 0.96935712890625 0.66558056640625 0.96506416015625 0.66927705078125 0.96779150390625 0.6652990234375 0.971966015625 0.6619208984375 0.96935712890625
3 0.69740068359375 0.78196201171875 0.70098994140625 0.7771763671875 0.7049310546875 0.78027294921875 0.70148251953125 0.78498828125 0.69740068359375 0.78196201171875
3 0.12337919921875 0.51129453125 0.10184658203125 0.49582958984375 0.11081875 0.484016015625 0.1319869140625 0.4993865234375 0.12337919921875 0.51129453125
3 0.03644150390625 0.4001201171875 0.0537517578125 0.3986298828125 0.05455419921875 0.41146923828125 0.037129296875 0.412615625 0.03644150390625 0.4001201171875
3 0.02080703125 0.3894146484375 0.02728173828125 0.38526240234375 0.03171552734375 0.39201865234375 0.0253111328125 0.3961708984375 0.02080703125 0.3894146484375
3 0.31755712890625 0.399525 0.3264494140625 0.39135126953125 0.33399443359375 0.39997412109375 0.3250123046875 0.407429296875 0.31755712890625 0.399525
3 0.25614931640625 0.29043271484375 0.26890400390625 0.2812708984375 0.2761794921875 0.29115126953125 0.26333505859375 0.300672265625 0.25614931640625 0.29043271484375
3 0.55215986328125 0.59544638671875 0.55628681640625 0.58959990234375 0.56144541015625 0.5930390625 0.55701748046875 0.5988453125 0.55215986328125 0.59544638671875
3 0.07172060546875 0.25408916015625 0.0857884765625 0.2538970703125 0.09225380859375 0.25393828125 0.09198466796875 0.2600421875 0.091944921875 0.2653818359375 0.0716341796875 0.265460546875 0.07172060546875 0.25408916015625
2 0.56136279296875 0.4187984375 0.57285009765625 0.416380078125 0.57518212890625 0.42769462890625 0.56360849609375 0.42985390625 0.56136279296875 0.4187984375
3 0.8697736328125 0.41125732421875 0.86979384765625 0.398385546875 0.9040560546875 0.39836005859375 0.903725390625 0.41103681640625 0.8697736328125 0.41125732421875
3 0.712209375 0.082742578125 0.71532236328125 0.07482470703125 0.7258794921875 0.0787498046875 0.7228341796875 0.08659990234375 0.712209375 0.082742578125
3 0.68323662109375 0.0954765625 0.68722939453125 0.08925068359375 0.6953501953125 0.094596875 0.69081611328125 0.10082275390625 0.68323662109375 0.0954765625
3 0.47406591796875 0.187426953125 0.47394462890625 0.1737279296875 0.49046982421875 0.17337666015625 0.4906728515625 0.1870466796875 0.47406591796875 0.187426953125
3 0.50001572265625 0.1560900390625 0.499857421875 0.14805556640625 0.50807529296875 0.14797744140625 0.5081283203125 0.15603701171875 0.50001572265625 0.1560900390625
3 0.32176298828125 0.21097939453125 0.32147236328125 0.18678095703125 0.33596328125 0.18635888671875 0.3365259765625 0.21069794921875 0.32176298828125 0.21097939453125
3 0.29553203125 0.19196259765625 0.30261435546875 0.1921353515625 0.30270068359375 0.2010314453125 0.29587744140625 0.2010314453125 0.29553203125 0.19196259765625
3 0.88372890625 0.43637216796875 0.8926537109375 0.43607958984375 0.8926537109375 0.44485810546875 0.8838751953125 0.4452970703125 0.88372890625 0.43637216796875
3 0.87825478515625 0.45039130859375 0.88508115234375 0.44814580078125 0.88777578125 0.4572177734375 0.88067998046875 0.45928359375 0.87825478515625 0.45039130859375
3 0.46255302734375 0.316740625 0.47573525390625 0.316740625 0.47667685546875 0.327098046875 0.46349462890625 0.3280396484375 0.46255302734375 0.316740625
