1 0.78499716796875 0.61304453125 0.83597197265625 0.62330166015625 0.83224208984375 0.65438388671875 0.8431208984375 0.65469462890625 0.84125595703125 0.66992490234375 0.8272689453125 0.6671275390625 0.8188767578125 0.71841318359375 0.767901953125 0.7081560546875 0.7672802734375 0.70318291015625 0.77194267578125 0.681425390625 0.77132099609375 0.6745873046875 0.78499716796875 0.61304453125
3 0.82699921875 0.6820892578125 0.8339751953125 0.6828083984375 0.8333279296875 0.69560966796875 0.82548896484375 0.695034375 0.82699921875 0.6820892578125
0 0.802659375 0.42679130859375 0.8778416015625 0.4348056640625 0.8778416015625 0.4494986328125 0.800751171875 0.44110263671875 0.802659375 0.42679130859375
0 0.77983173828125 0.38105576171875 0.79054736328125 0.3822734375 0.79006025390625 0.38860537109375 0.78007529296875 0.38641357421875 0.77983173828125 0.38105576171875
3 0.8321529296875 0.39800400390625 0.8354330078125 0.39917548828125 0.83379296875 0.41147578125 0.83086435546875 0.41147578125 0.8321529296875 0.39800400390625
3 0.85053603515625 0.4163470703125 0.86053251953125 0.4162751953125 0.86024482421875 0.42281962890625 0.84931337890625 0.42152509765625 0.85053603515625 0.4163470703125
3 0.86024482421875 0.4243298828125 0.8667892578125 0.4239703125 0.86686123046875 0.42619970703125 0.87290224609375 0.425912109375 0.87326181640625 0.43216884765625 0.860460546875 0.43188125 0.86024482421875 0.4243298828125
3 0.84200244140625 0.6977458984375 0.85035498046875 0.6981130859375 0.85035498046875 0.7047216796875 0.8410845703125 0.703161328125 0.84200244140625 0.6977458984375
1 0.75181875 0.5464244140625 0.76868779296875 0.55075888671875 0.76810205078125 0.5552103515625 0.75498173828125 0.55216455078125 0.755098828125 0.5540388671875 0.7525216796875 0.554741796875 0.75181875 0.5464244140625
3 0.75621103515625 0.554333984375 0.76331103515625 0.55613720703125 0.7660158203125 0.5577712890625 0.76607216796875 0.55850380859375 0.76663564453125 0.55856015625 0.76629755859375 0.56149033203125 0.7555912109375 0.5597435546875 0.75621103515625 0.554333984375
0 0.8265134765625 0.405369921875 0.82198271484375 0.405369921875 0.8218388671875 0.4017021484375 0.829533984375 0.40127060546875 0.8298935546875 0.40594521484375 0.8271607421875 0.40652060546875 0.8265134765625 0.405369921875
0 0.7646 0.42058935546875 0.769274609375 0.42094892578125 0.7695623046875 0.427421484375 0.7641685546875 0.4271337890625 0.7646 0.42058935546875
0 0.770641015625 0.4218119140625 0.77373349609375 0.42202763671875 0.7735177734375 0.42770908203125 0.77035341796875 0.42756533203125 0.770641015625 0.4218119140625
3 0.67093056640625 0.51298095703125 0.68170791015625 0.51954111328125 0.6759677734375 0.526335546875 0.66589326171875 0.517549609375 0.67093056640625 0.51298095703125
