1 8.73046875e-05 0.16861533203125 0.01832607421875 0.15811328125 0.03413896484375 0.1803341796875 0.01302041015625 0.19463701171875 0.00908935546875 0.1889587890625 0.002394921875 0.1930263671875 8.73046875e-05 0.19026552734375 8.73046875e-05 0.16861533203125
1 0.0149669921875 0.10911103515625 0.036487109375 0.0942228515625 0.04136923828125 0.10148759765625 0.03988037109375 0.1025703125 0.04515888671875 0.110014453125 0.03751181640625 0.11529296875 0.036090625 0.1131951171875 0.0317595703125 0.1159697265625 0.032436328125 0.11705244140625 0.01930205078125 0.12534462890625 0.01776435546875 0.123117578125 0.01580244140625 0.1246552734375 0.01198466796875 0.119034765625 0.015219140625 0.11717890625 0.01315126953125 0.11383837890625 0.01643876953125 0.11192958984375 0.0149669921875 0.10911103515625
2 0.049305859375 0.16234423828125 0.0720595703125 0.1491744140625 0.07122158203125 0.1476693359375 0.07816669921875 0.143856640625 0.0829115234375 0.151941015625 0.08401826171875 0.15128994140625 0.0891517578125 0.16035791015625 0.08405498046875 0.163104296875 0.06764443359375 0.17253515625 0.0569068359375 0.17859658203125 0.05187978515625 0.17091064453125 0.0537078125 0.16987197265625 0.049305859375 0.16234423828125
1 0.10442666015625 0.1855361328125 0.08797431640625 0.1948033203125 0.08345654296875 0.1881232421875 0.089987109375 0.18363828125 0.0865234375 0.17791015625 0.09695302734375 0.1721123046875 0.10442666015625 0.1855361328125
2 0.05229228515625 0.1912880859375 0.035068359375 0.20498046875 0.0247265625 0.19498046875 0.0426201171875 0.18039677734375 0.05229228515625 0.1912880859375
1 0.045952734375 0.22344892578125 0.06859677734375 0.20540771484375 0.07978193359375 0.21825263671875 0.05784404296875 0.23600654296875 0.045952734375 0.22344892578125
1 0.0688267578125 0.228001953125 0.0805025390625 0.2415494140625 0.07024365234375 0.24853251953125 0.0590134765625 0.2356724609375 0.0688267578125 0.228001953125
1 0.15682685546875 0.09561484375 0.17030068359375 0.086805078125 0.17703759765625 0.096305859375 0.1629591796875 0.10563388671875 0.15682685546875 0.09561484375
1 0.190623828125 0.14059267578125 0.2038267578125 0.13057109375 0.21645009765625 0.14733876953125 0.20726494140625 0.15431005859375 0.20563427734375 0.15203037109375 0.2011369140625 0.155062890625 0.190623828125 0.14059267578125
1 0.3263912109375 0.1843900390625 0.33392060546875 0.178981640625 0.34309365234375 0.1913892578125 0.3355642578125 0.1969037109375 0.3263912109375 0.1843900390625
1 0.09439453125 0.3652734375 0.08501953125 0.3770703125 0.0839779296875 0.3762416015625 0.0819005859375 0.37827734375 0.0757103515625 0.37337490234375 0.07737216796875 0.37150537109375 0.07430009765625 0.368957421875 0.08384765625 0.3571484375 0.09439453125 0.3652734375
1 0.11247587890625 0.3598021484375 0.10539345703125 0.36913017578125 0.10015390625 0.36537744140625 0.0983203125 0.3676953125 0.08685546875 0.358857421875 0.09039794921875 0.35448056640625 0.0875 0.3526171875 0.09390625 0.3446873046875 0.11247587890625 0.3598021484375
1 0.16163740234375 0.5696837890625 0.19156513671875 0.570055078125 0.19160068359375 0.57559873046875 0.196876953125 0.5757234375 0.19712509765625 0.583294921875 0.19044404296875 0.583294921875 0.1904970703125 0.58635498046875 0.16150234375 0.58646708984375 0.16163740234375 0.5696837890625
1 0.18307744140625 0.587850390625 0.208316796875 0.59018017578125 0.20739052734375 0.60325888671875 0.18143369140625 0.60153056640625 0.18307744140625 0.587850390625
0 0.29313876953125 0.5905794921875 0.2751376953125 0.6102724609375 0.26275390625 0.599775390625 0.263232421875 0.599208984375 0.281044921875 0.580478515625 0.29313876953125 0.5905794921875
1 0.2672265625 0.591884765625 0.26725712890625 0.5937283203125 0.2623828125 0.599462890625 0.25165498046875 0.59037646484375 0.25774560546875 0.5839474609375 0.2672265625 0.591884765625
1 0.73516484375 0.9990033203125 0.7449412109375 0.98650712890625 0.74868037109375 0.98974765625 0.7499267578125 0.9881689453125 0.75823583984375 0.99489931640625 0.75495673828125 0.99900322265625 0.73516484375 0.9990033203125
1 0.83283095703125 0.98924580078125 0.84007978515625 0.98205 0.85142685546875 0.99307900390625 0.84710869140625 0.99900244140625 0.845124609375 0.99900244140625 0.83283095703125 0.98924580078125
1 0.8306724609375 0.88808486328125 0.8573791015625 0.91707001953125 0.8394212890625 0.93303876953125 0.812244921875 0.90353427734375 0.8306724609375 0.88808486328125
1 0.75531025390625 0.95659091796875 0.7700630859375 0.94359765625 0.77710107421875 0.95198916015625 0.76248359375 0.96471171875 0.75531025390625 0.95659091796875
1 0.73708681640625 0.9432087890625 0.74730703125 0.93273935546875 0.7534142578125 0.9387634765625 0.7432771484375 0.94927451171875 0.73708681640625 0.9432087890625
1 0.7028908203125 0.999003515625 0.70041015625 0.99722568359375 0.7137111328125 0.9801244140625 0.7239892578125 0.98807041015625 0.714306640625 0.99900341796875 0.7028908203125 0.999003515625
1 0.6962009765625 0.98142939453125 0.7050662109375 0.988264453125 0.6981634765625 0.9969943359375 0.6890953125 0.98995625 0.6962009765625 0.98142939453125
1 0.6851021484375 0.962215625 0.6920060546875 0.968001171875 0.68044814453125 0.980193359375 0.673027734375 0.9739193359375 0.6851021484375 0.962215625
1 0.65501904296875 0.9647099609375 0.661116796875 0.9577638671875 0.67203974609375 0.96736123046875 0.66610107421875 0.97398916015625 0.65501904296875 0.9647099609375
1 0.64549521484375 0.97350419921875 0.6550966796875 0.980867578125 0.64196845703125 0.9990037109375 0.6348451171875 0.99900380859375 0.6286599609375 0.9936962890625 0.64549521484375 0.97350419921875
1 0.6026818359375 0.99900390625 0.59171943359375 0.987901953125 0.6089607421875 0.9698509765625 0.62710888671875 0.98686435546875 0.61615595703125 0.99900380859375 0.6026818359375 0.99900390625
1 0.49344775390625 0.99900400390625 0.5009533203125 0.9908169921875 0.51076845703125 0.99900400390625 0.49344775390625 0.99900400390625
1 0.52512041015625 0.98381123046875 0.5113486328125 0.99890283203125 0.5014544921875 0.99065 0.51544697265625 0.9748287109375 0.52512041015625 0.98381123046875
1 0.50460166015625 0.967005859375 0.5115384765625 0.97387001953125 0.50962958984375 0.97567275390625 0.5111142578125 0.9769984375 0.49510107421875 0.9940720703125 0.48688232421875 0.985800390625 0.50460166015625 0.967005859375
1 0.4574896484375 0.962048828125 0.47231015625 0.94722841796875 0.4774533203125 0.95277763671875 0.4793482421875 0.95122109375 0.48469443359375 0.9569056640625 0.46946787109375 0.9726736328125 0.4574896484375 0.962048828125
1 0.4688994140625 0.92983994140625 0.45888046875 0.93899521484375 0.4449748046875 0.92483046875 0.45516650390625 0.91584794921875 0.4688994140625 0.92983994140625
0 0.5104880859375 0.874582421875 0.52448759765625 0.88207822265625 0.5074015625 0.91184111328125 0.49351220703125 0.90335322265625 0.5104880859375 0.874582421875
1 0.4801603515625 0.8651814453125 0.48878955078125 0.870783984375 0.4799345703125 0.8834037109375 0.47150380859375 0.87762412109375 0.4801603515625 0.8651814453125
1 0.4482587890625 0.8747423828125 0.45663671875 0.8616140625 0.4714923828125 0.87051025390625 0.463028125 0.88372490234375 0.4482587890625 0.8747423828125
1 0.44203701171875 0.84907607421875 0.451405859375 0.854154296875 0.44981513671875 0.85701767578125 0.45596591796875 0.8605171875 0.43896279296875 0.88857138671875 0.42488447265625 0.879934375 0.4402576171875 0.8563052734375 0.43847119140625 0.85536884765625 0.44203701171875 0.84907607421875
1 0.3762412109375 0.8515724609375 0.38280556640625 0.8424365234375 0.3995208984375 0.854753125 0.39322724609375 0.864159765625 0.3762412109375 0.8515724609375
1 0.35991708984375 0.85090654296875 0.3689740234375 0.85668134765625 0.36527646484375 0.86220693359375 0.35621953125 0.85622431640625 0.35991708984375 0.85090654296875
4 0.38187138671875 0.87231923828125 0.386676171875 0.86636396484375 0.3954060546875 0.87326669921875 0.39100732421875 0.87942490234375 0.38187138671875 0.87231923828125
4 0.4054013671875 0.8953431640625 0.4112857421875 0.88804462890625 0.42164765625 0.8966427734375 0.41536435546875 0.904248828125 0.4054013671875 0.8953431640625
1 0.52601357421875 0.82853037109375 0.53732685546875 0.81197158203125 0.5409134765625 0.81462861328125 0.5434181640625 0.8116056640625 0.54911865234375 0.81540595703125 0.5474322265625 0.8179876953125 0.55056064453125 0.82021474609375 0.5385599609375 0.83728583984375 0.52601357421875 0.82853037109375
1 0.4862484375 0.8101677734375 0.4934171875 0.81647275390625 0.48512568359375 0.826578125 0.478216015625 0.82044580078125 0.4862484375 0.8101677734375
1 0.51179912109375 0.80539765625 0.5189724609375 0.79565263671875 0.52661953125 0.80120185546875 0.5192431640625 0.8110822265625 0.51179912109375 0.80539765625
1 0.54064736328125 0.7526619140625 0.55215361328125 0.76098671875 0.5467451171875 0.76941748046875 0.53412548828125 0.76029736328125 0.54064736328125 0.7526619140625
1 0.6217134765625 0.77365712890625 0.6272412109375 0.76648837890625 0.65721171875 0.78704453125 0.65200888671875 0.79415419921875 0.64727275390625 0.79066435546875 0.643284375 0.79585751953125 0.62177890625 0.7795072265625 0.62445361328125 0.776038671875 0.6217134765625 0.77365712890625
1 0.70718291015625 0.78698447265625 0.71470576171875 0.77966728515625 0.7136693359375 0.778630859375 0.74317734375 0.75290927734375 0.75290390625 0.7635328125 0.75152529296875 0.76480537109375 0.75475966796875 0.7677216796875 0.71906611328125 0.79929873046875 0.70718291015625 0.78698447265625
1 0.6765744140625 0.81421572265625 0.7061189453125 0.78875107421875 0.71765537109375 0.8005689453125 0.68909560546875 0.827018359375 0.6765744140625 0.81421572265625
0 0.27116865234375 0.80689443359375 0.280928515625 0.7899658203125 0.29224306640625 0.79601171875 0.2817921875 0.81337216796875 0.27116865234375 0.80689443359375
1 0.31113037109375 0.81368193359375 0.31797177734375 0.801233203125 0.331791015625 0.80814287109375 0.33680048828125 0.79976494140625 0.34716494140625 0.80503349609375 0.34274189453125 0.81376826171875 0.3496515625 0.8174822265625 0.3430009765625 0.830005859375 0.31113037109375 0.81368193359375
1 0.475101953125 0.77269521484375 0.485658984375 0.78108671875 0.4727845703125 0.79835107421875 0.46216103515625 0.789800390625 0.475101953125 0.77269521484375
0 0.460536328125 0.77364755859375 0.4675080078125 0.77924580078125 0.46490380859375 0.7824359375 0.4664337890625 0.78351015625 0.457232421875 0.794612890625 0.45295771484375 0.79065625 0.4538591796875 0.78948974609375 0.44967021484375 0.7858841796875 0.460536328125 0.77364755859375
0 0.50841162109375 0.7003318359375 0.52089267578125 0.71208671875 0.515051171875 0.71823212890625 0.51860380859375 0.7212544921875 0.5092912109375 0.731065234375 0.50510234375 0.7274275390625 0.49760654296875 0.73503369140625 0.4862525390625 0.72301826171875 0.50841162109375 0.7003318359375
1 0.5247009765625 0.73078671875 0.5343923828125 0.7389947265625 0.5088951171875 0.76958779296875 0.49740791015625 0.75956884765625 0.5247009765625 0.73078671875
1 0.5336861328125 0.74525048828125 0.5403181640625 0.7369943359375 0.56095849609375 0.75134111328125 0.55398818359375 0.7602740234375 0.5336861328125 0.74525048828125
1 0.49863046875 0.766105078125 0.507440234375 0.77318740234375 0.493880078125 0.7904615234375 0.4847248046875 0.7832927734375 0.49863046875 0.766105078125
1 0.47455830078125 0.81052353515625 0.46386572265625 0.8246333984375 0.45625966796875 0.81835009765625 0.46673173828125 0.80457099609375 0.47455830078125 0.81052353515625
1 0.3952416015625 0.72986162109375 0.3766306640625 0.76363056640625 0.35932578125 0.7550748046875 0.36435546875 0.742744140625 0.3705388671875 0.73238681640625 0.370634765625 0.731552734375 0.3767224609375 0.7202712890625 0.3952416015625 0.72986162109375
1 0.370087890625 0.7319921875 0.3700658203125 0.73222666015625 0.366064453125 0.73892578125 0.35874794921875 0.73466923828125 0.36290703125 0.7277796875 0.370087890625 0.7319921875
1 0.3364669921875 0.71952373046875 0.34269892578125 0.71532763671875 0.34818291015625 0.72338740234375 0.341992578125 0.7278744140625 0.3364669921875 0.71952373046875
1 0.3640111328125 0.70142421875 0.35308466796875 0.71122900390625 0.3483484375 0.70537109375 0.3594412109375 0.696189453125 0.3640111328125 0.70142421875
1 0.3752333984375 0.6805623046875 0.38121591796875 0.6755767578125 0.3866583984375 0.6806869140625 0.38109130859375 0.6862125 0.3752333984375 0.6805623046875
1 0.3568375 0.68703740234375 0.365215234375 0.68003818359375 0.37799404296875 0.69377138671875 0.36956318359375 0.70135380859375 0.3568375 0.68703740234375
1 0.41804541015625 0.70419345703125 0.44153818359375 0.68769677734375 0.4614896484375 0.71611259765625 0.45475283203125 0.72086298828125 0.46528994140625 0.7362369140625 0.45276630859375 0.74409658203125 0.4423154296875 0.728636328125 0.4314328125 0.73606416015625 0.4142490234375 0.71101669921875 0.42029501953125 0.70704365234375 0.41804541015625 0.70419345703125
1 0.61343515625 0.70217705078125 0.63415888671875 0.7190427734375 0.62009052734375 0.73650537109375 0.61843037109375 0.73513818359375 0.6166400390625 0.73718896484375 0.6135150390625 0.7345197265625 0.61025986328125 0.7376447265625 0.59507314453125 0.72366650390625 0.61343515625 0.70217705078125
1 0.61428271484375 0.7016712890625 0.627175 0.6847080078125 0.64385908203125 0.6982556640625 0.63873173828125 0.70546279296875 0.64435361328125 0.7103130859375 0.63840107421875 0.71747822265625 0.63408203125 0.71372294921875 0.6318359375 0.71594755859375 0.61428271484375 0.7016712890625
1 0.632483984375 0.68723583984375 0.6389708984375 0.6798748046875 0.6503498046875 0.6890630859375 0.6442591796875 0.69671015625 0.632483984375 0.68723583984375
1 0.6625322265625 0.681894921875 0.66804384765625 0.6753912109375 0.6776341796875 0.68398935546875 0.67190205078125 0.690823828125 0.6625322265625 0.681894921875
1 0.65558486328125 0.65431806640625 0.662580859375 0.6496541015625 0.67000869140625 0.65898203125 0.66344462890625 0.6639916015625 0.65558486328125 0.65431806640625
1 0.67009912109375 0.6560861328125 0.66394091796875 0.648168359375 0.6738888671875 0.64106259765625 0.6797087890625 0.64898046875 0.67009912109375 0.6560861328125
1 0.681603515625 0.69576142578125 0.7083576171875 0.66792998046875 0.7252361328125 0.686244921875 0.6997388671875 0.71210126953125 0.681603515625 0.69576142578125
1 0.63400498046875 0.5630541015625 0.65017890625 0.58064912109375 0.6384037109375 0.5930333984375 0.62119931640625 0.57523525390625 0.62710224609375 0.56968603515625 0.62304189453125 0.56521962890625 0.62920009765625 0.559602734375 0.6331251953125 0.56400146484375 0.63400498046875 0.5630541015625
1 0.6151919921875 0.58865576171875 0.6233107421875 0.57915498046875 0.63022041015625 0.58632373046875 0.62192880859375 0.59582451171875 0.6151919921875 0.58865576171875
1 0.62192880859375 0.59582451171875 0.63022041015625 0.58632373046875 0.6364390625 0.59254248046875 0.62745654296875 0.60169765625 0.62192880859375 0.59582451171875
1 0.62178671875 0.4826666015625 0.6335619140625 0.472583203125 0.64114130859375 0.48138076171875 0.6288248046875 0.491937890625 0.62178671875 0.4826666015625
1 0.40635693359375 3.90625e-06 0.397408203125 0.0052958984375 0.39308623046875 3.90625e-06 0.40635693359375 3.90625e-06
1 0.4512849609375 4.00390625e-06 0.451903515625 0.00372509765625 0.44205146484375 0.00512734375 0.4392572265625 4.00390625e-06 0.4512849609375 4.00390625e-06
1 0.64733564453125 0.8180353515625 0.6593509765625 0.82994052734375 0.63102119140625 0.8570578125 0.619116015625 0.8443810546875 0.64733564453125 0.8180353515625
1 8.73046875e-05 0.914794921875 0.005019921875 0.9074802734375 0.00840361328125 0.90937509765625 0.01408818359375 0.90145732421875 0.020584765625 0.9019310546875 0.04880458984375 0.9235865234375 0.04142294921875 0.93351162109375 0.0358142578125 0.92973095703125 0.028010546875 0.93975869140625 8.73046875e-05 0.91500166015625 8.73046875e-05 0.914794921875
1 0.0335765625 0.86630009765625 0.03858603515625 0.86906396484375 0.046273046875 0.85818125 0.07529345703125 0.87830556640625 0.06130146484375 0.8985162109375 0.02778974609375 0.8729505859375 0.0335765625 0.86630009765625
1 0.18455537109375 0.999002734375 0.16499443359375 0.9801892578125 0.16914501953125 0.97662294921875 0.16819052734375 0.97572158203125 0.1709478515625 0.97338857421875 0.17349296875 0.9756685546875 0.17428828125 0.9747671875 0.198822265625 0.99900283203125 0.18455537109375 0.999002734375
2 0.22333212890625 0.94899541015625 0.23680595703125 0.93474423828125 0.25278447265625 0.9492544921875 0.239137890625 0.9648875 0.22333212890625 0.94899541015625
1 0.256037109375 0.91392353515625 0.2618697265625 0.90777275390625 0.27918369140625 0.92353330078125 0.2723154296875 0.93073212890625 0.256037109375 0.91392353515625
1 0.26977421875 0.9064423828125 0.27693251953125 0.89870087890625 0.2926275390625 0.913706640625 0.2906126953125 0.91609267578125 0.28796142578125 0.91397177734375 0.28334833984375 0.91858486328125 0.26977421875 0.9064423828125
1 0.25460625 0.901641015625 0.26021904296875 0.8957904296875 0.2695470703125 0.90503203125 0.26544970703125 0.90914736328125 0.25921787109375 0.903040234375 0.2576806640625 0.9046189453125 0.25460625 0.901641015625
1 8.740234375e-05 0.763003125 0.00715859375 0.76878486328125 8.73046875e-05 0.77727451171875 8.740234375e-05 0.763003125
1 0.11731494140625 0.22933701171875 0.13282568359375 0.21981279296875 0.1374517578125 0.2257994140625 0.12194091796875 0.2353236328125 0.11731494140625 0.22933701171875
