1 0.7578125 0.0078125 0.859375 0.0068359375 0.8603515625 0.0654296875 0.7578125 0.06640625 0.7578125 0.0078125
0 0.634765625 0.197265625 0.6455078125 0.197265625 0.666015625 0.197265625 0.666015625 0.3056640625 0.634765625 0.3056640625 0.634765625 0.298828125 0.62890625 0.298828125 0.62890625 0.291015625 0.62890625 0.2861328125 0.62890625 0.2822265625 0.62890625 0.203125 0.634765625 0.203125 0.634765625 0.197265625
1 0.490234375 0.2607421875 0.505859375 0.2607421875 0.505859375 0.2666015625 0.5185546875 0.2666015625 0.5185546875 0.35546875 0.5390625 0.376953125 0.5234375 0.3916015625 0.5029296875 0.3701171875 0.4482421875 0.37109375 0.4482421875 0.3623046875 0.4443359375 0.3623046875 0.4443359375 0.3505859375 0.44140625 0.3505859375 0.44140625 0.3251953125 0.47265625 0.3251953125 0.47265625 0.265625 0.490234375 0.265625 0.490234375 0.2607421875
0 0.1962890625 0.306640625 0.2548828125 0.306640625 0.255859375 0.33203125 0.1962890625 0.33203125 0.1962890625 0.306640625
1 0.1478927734375 0.6938294921875 0.19174189453125 0.6957154296875 0.2018791015625 0.69642265625 0.20022880859375 0.749466015625 0.20565107421875 0.7497017578125 0.20400078125 0.7886001953125 0.1969283203125 0.79307939453125 0.19716416015625 0.8036880859375 0.20400078125 0.803923828125 0.202586328125 0.83339228515625 0.2047080078125 0.83857880859375 0.19952158203125 0.85413818359375 0.138934375 0.849658984375 0.1408203125 0.69335791015625 0.1474212890625 0.69335791015625 0.1478927734375 0.6938294921875
0 7.24609375e-05 0.5766505859375 0.10418935546875 0.575632421875 0.10418935546875 0.589896875 0.1092837890625 0.643898046875 0.087887109375 0.643898046875 0.087887109375 0.69789921875 7.236328125e-05 0.6999353515625 7.24609375e-05 0.5766505859375
0 7.236328125e-05 0.69993466796875 0.06660625 0.6977896484375 0.06415576171875 0.76493388671875 0.051903125 0.76493388671875 0.0533734375 0.825706640625 0.06758642578125 0.825706640625 0.0680765625 0.8717763671875 0.0102443359375 0.87128623046875 0.0117146484375 0.87667744140625 7.2265625e-05 0.878170703125 7.236328125e-05 0.69993466796875
1 0.3489021484375 0.68455693359375 0.34841201171875 0.682596484375 0.34547138671875 0.6629923828125 0.4292791015625 0.59290751953125 0.450353515625 0.60172939453125 0.45819521484375 0.59731845703125 0.448883203125 0.58604609375 0.457705078125 0.58065498046875 0.462116015625 0.5840857421875 0.47632900390625 0.5796748046875 0.466526953125 0.56399150390625 0.48956181640625 0.549778515625 0.5008341796875 0.56987275390625 0.4846607421875 0.57869453125 0.4861310546875 0.5826154296875 0.484170703125 0.5884966796875 0.4964232421875 0.59290751953125 0.4817201171875 0.62672470703125 0.460645703125 0.6174126953125 0.466526953125 0.62231376953125 0.4483931640625 0.64142783203125 0.42584833984375 0.6585814453125 0.4082046875 0.66397255859375 0.4057541015625 0.67132412109375 0.39742236328125 0.67426474609375 0.39889267578125 0.67916572265625 0.38958076171875 0.68945791015625 0.3670359375 0.7022005859375 0.3489021484375 0.68455693359375
1 0.17540556640625 0.37089072265625 0.18569775390625 0.37040068359375 0.18569775390625 0.375791796875 0.26313408203125 0.375791796875 0.26313408203125 0.36942041015625 0.2729361328125 0.37040068359375 0.2729361328125 0.37530166015625 0.31361474609375 0.374321484375 0.31410478515625 0.393435546875 0.3268474609375 0.393435546875 0.32733759765625 0.31452890625 0.37634794921875 0.31305859375 0.3753677734375 0.3253111328125 0.3694865234375 0.3238408203125 0.371446875 0.39931669921875 0.37781826171875 0.4012771484375 0.3729171875 0.41058916015625 0.3694865234375 0.41107919921875 0.3699765625 0.42284169921875 0.3724271484375 0.42284169921875 0.371446875 0.44489638671875 0.3636052734375 0.44489638671875 0.3640953125 0.464990625 0.3371396484375 0.4654806640625 0.3356693359375 0.44440625 0.3283177734375 0.44391611328125 0.32586728515625 0.4115693359375 0.32292666015625 0.41058916015625 0.321946484375 0.4042177734375 0.32733759765625 0.40372763671875 0.32586728515625 0.39882666015625 0.31802568359375 0.3998068359375 0.31361474609375 0.4164703125 0.24352998046875 0.41696044921875 0.24402001953125 0.423821875 0.23274765625 0.42284169921875 0.23323779296875 0.41696044921875 0.172955078125 0.4194109375 0.17540556640625 0.37089072265625
2 0.02935478515625 0.29247421875 0.05778076171875 0.29100390625 0.0568005859375 0.2699294921875 0.0528796875 0.26453828125 0.0528796875 0.25914716796875 0.0852265625 0.2596373046875 0.08620673828125 0.29051376953125 0.1180634765625 0.28806328125 0.11561298828125 0.3047267578125 0.0288646484375 0.30570703125 0.02935478515625 0.29247421875
0 7.2265625e-05 0.08320009765625 0.0469984375 0.08320009765625 0.0513052734375 0.0913697265625 0.0513052734375 0.1183451171875 0.0469984375 0.12632919921875 7.2265625e-05 0.12583984375 7.2265625e-05 0.08320009765625
0 0.165614453125 0.0249033203125 0.2146248046875 0.0102001953125 0.22246640625 0.03176474609375 0.1719857421875 0.04793818359375 0.165614453125 0.0249033203125
1 0.71696982421875 0.13221044921875 0.82773310546875 0.13221044921875 0.82479248046875 0.18906240234375 0.71549951171875 0.1910228515625 0.715009375 0.184161328125 0.70226669921875 0.182691015625 0.70226669921875 0.16063642578125 0.715009375 0.1601462890625 0.71696982421875 0.13221044921875
0 0.60130537109375 0.27581064453125 0.62679072265625 0.27532060546875 0.62890625 0.298828125 0.59934501953125 0.29933564453125 0.60130537109375 0.27581064453125
2 0.8793087890625 0.2640046875 0.89962744140625 0.2505205078125 0.90978681640625 0.26511298828125 0.88854453125 0.27859716796875 0.8793087890625 0.2640046875
0 0.9020287109375 0.214501171875 0.921423828125 0.21394697265625 0.92253212890625 0.22743115234375 0.9022134765625 0.22761591796875 0.9020287109375 0.214501171875
0 0.88115595703125 0.22872421875 0.9022134765625 0.22761591796875 0.90313701171875 0.24479443359375 0.8807865234375 0.24534853515625 0.88115595703125 0.22872421875
1 0.96231943359375 1.953125e-06 0.94455244140625 0.03111767578125 0.94031748046875 0.03536962890625 0.94314638671875 0.03631259765625 0.9445609375 0.0367841796875 0.94196767578125 0.038905859375 0.94550390625 0.04220634765625 0.94055322265625 0.04220634765625 0.9452681640625 0.0450353515625 0.9389029296875 0.04527109375 0.94173193359375 0.04857158203125 0.93583828125 0.0469212890625 0.9365455078125 0.05092900390625 0.9315947265625 0.04975029296875 0.93183056640625 0.05305078125 0.92687978515625 0.05069326171875 0.92735126953125 0.0542294921875 0.9233435546875 0.05140048828125 0.9219291015625 0.05399375 0.91839287109375 0.05305078125 0.8839736328125 0.06578115234375 0.874592578125 3.515625e-06 0.96231943359375 1.953125e-06
3 0.927882421875 0.1574681640625 0.9542861328125 0.15841123046875 0.95522919921875 0.1716130859375 0.92835390625 0.1711416015625 0.927882421875 0.1574681640625
1 0.20565107421875 0.7497017578125 0.20932216796875 0.74197373046875 0.20932216796875 0.73584423828125 0.2270033203125 0.73560849609375 0.226767578125 0.7459814453125 0.2352544921875 0.7464529296875 0.2357259765625 0.75022490234375 0.2522283203125 0.74998916015625 0.2531712890625 0.77332822265625 0.23289697265625 0.7716779296875 0.23313271484375 0.7794576171875 0.2270033203125 0.78016494140625 0.2272390625 0.7872373046875 0.2192236328125 0.7872373046875 0.2187521484375 0.78322958984375 0.2142728515625 0.78417265625 0.2116796875 0.78865185546875 0.20400078125 0.7886001953125 0.20565107421875 0.7497017578125
4 0.26953427734375 0.24324443359375 0.30384150390625 0.24226416015625 0.30482177734375 0.25402666015625 0.26806396484375 0.254516796875 0.26953427734375 0.24324443359375
0 0.2196638671875 4.8828125e-06 0.173440234375 0.01283427734375 0.16994921875 0.0018158203125 0.17093642578125 4.19921875e-06 0.2196638671875 4.8828125e-06
4 0.37852548828125 6.25e-06 0.32335439453125 0.016412890625 0.31446220703125 5.859375e-06 0.37852548828125 6.25e-06
0 0.42842041015625 6.4453125e-06 0.45256123046875 0.0054193359375 0.44894296875 0.0180107421875 0.409721484375 0.006721875 0.4127578125 6.4453125e-06 0.42842041015625 6.4453125e-06
0 0.33301513671875 0.02853935546875 0.37903896484375 0.02028984375 0.38135458984375 0.0318681640625 0.33489658203125 0.03997294921875 0.33301513671875 0.02853935546875
0 0.4112484375 0.02742734375 0.44604580078125 0.03477880859375 0.44457548828125 0.04605126953125 0.4078177734375 0.03869970703125 0.4112484375 0.02742734375
0 0.62551953125 0.41314638671875 0.62602578125 0.37061748046875 0.6315951171875 0.363023046875 0.67665546875 0.363023046875 0.67513662109375 0.41365263671875 0.62551953125 0.41314638671875
2 0.78612138671875 0.3743482421875 0.76485693359375 0.3490333984375 0.76890732421875 0.34143896484375 0.80333544921875 0.31156748046875 0.82865029296875 0.338401171875 0.78612138671875 0.3743482421875
0 0.72992109375 0.327778515625 0.71405322265625 0.30675361328125 0.723970703125 0.2996130859375 0.7207970703125 0.2944560546875 0.77792138671875 0.244472265625 0.78585537109375 0.2488359375 0.80450009765625 0.2770013671875 0.7973595703125 0.28176181640625 0.79973974609375 0.28533203125 0.7886322265625 0.293266015625 0.78585537109375 0.2908857421875 0.7763345703125 0.298423046875 0.77752470703125 0.3031833984375 0.7572931640625 0.31627431640625 0.74737578125 0.32341494140625 0.74182197265625 0.31905126953125 0.73111123046875 0.32817529296875 0.72992109375 0.327778515625
0 0.53634296875 0.020366015625 0.537586328125 0.0334205078125 0.4813275390625 0.0334205078125 0.48194912109375 0.02005517578125 0.53634296875 0.020366015625
0 0.53354560546875 0.05952958984375 0.5347888671875 0.07009755859375 0.4822599609375 0.07009755859375 0.48194912109375 0.05797548828125 0.53354560546875 0.05952958984375
