0 0.0830078125 0.6220703125 0.1015625 0.646484375 0.0869140625 0.658203125 0.083984375 0.654296875 0.0654296875 0.6689453125 0.0537109375 0.6533203125 0.060546875 0.6474609375 0.052734375 0.6376953125 0.0615234375 0.6298828125 0.0654296875 0.6357421875 0.0830078125 0.6220703125
0 0.56640625 0.248046875 0.5615234375 0.24609375 0.568359375 0.2353515625 0.572265625 0.23828125 0.57421875 0.2353515625 0.5869140625 0.2421875 0.5810546875 0.2529296875 0.5888671875 0.2568359375 0.5849609375 0.263671875 0.58984375 0.2666015625 0.583984375 0.27734375 0.576171875 0.2724609375 0.568359375 0.28515625 0.5771484375 0.2900390625 0.5712890625 0.2998046875 0.5654296875 0.296875 0.5625 0.302734375 0.5556640625 0.298828125 0.5484015625 0.3129828125 0.53515625 0.3057203125 0.537109375 0.2998046875 0.533203125 0.2978515625 0.5390625 0.287109375 0.54296875 0.2890625 0.56640625 0.248046875
0 0.27420556640625 0.20291650390625 0.2763671875 0.2060546875 0.2666015625 0.212890625 0.263671875 0.208984375 0.2607421875 0.2109375 0.251953125 0.19921875 0.2607421875 0.1923828125 0.255859375 0.185546875 0.2626953125 0.1806640625 0.2587890625 0.17578125 0.267578125 0.1689453125 0.2734375 0.1767578125 0.28515625 0.16796875 0.279296875 0.16015625 0.2880859375 0.15234375 0.2919921875 0.158203125 0.2978515625 0.1533203125 0.302734375 0.16015625 0.3134765625 0.15234375 0.322265625 0.1640625 0.3203125 0.166015625 0.322265625 0.169921875 0.3134765625 0.1767578125 0.310930859375 0.17536416015625 0.27420556640625 0.20291650390625
0 0.0341796875 0.474609375 0.0322265625 0.470703125 0.029296875 0.47265625 0.0205078125 0.4609375 0.0302734375 0.453125 0.025390625 0.4462890625 0.03125 0.4423828125 0.02734375 0.4375 0.037109375 0.4296875 0.04296875 0.4375 0.0537109375 0.4287109375 0.0478515625 0.4208984375 0.0576171875 0.4140625 0.0615234375 0.4189453125 0.0673828125 0.4140625 0.072265625 0.4208984375 0.08203125 0.4140625 0.0908203125 0.42578125 0.0888671875 0.427734375 0.091796875 0.431640625 0.08203125 0.439453125 0.0791015625 0.435546875 0.0419921875 0.4638671875 0.0439453125 0.466796875 0.0341796875 0.474609375
0 0.533203125 0.76171875 0.556640625 0.7822265625 0.5439453125 0.7958984375 0.5400390625 0.79296875 0.5244140625 0.8095703125 0.509765625 0.796875 0.515625 0.7900390625 0.505859375 0.78125 0.513671875 0.7724609375 0.5185546875 0.77734375 0.533203125 0.76171875
0 0.3330078125 0.6728515625 0.3447265625 0.666015625 0.341796875 0.6611328125 0.34765625 0.6572265625 0.3447265625 0.65234375 0.3544921875 0.646484375 0.3603515625 0.65625 0.3740234375 0.6484375 0.3681640625 0.638671875 0.3779296875 0.6328125 0.380859375 0.638671875 0.3876953125 0.634765625 0.3896484375 0.6396484375 0.4013671875 0.6328125 0.4140625 0.654296875 0.404296875 0.66015625 0.4033203125 0.658203125 0.396484375 0.662109375 0.39453125 0.6591796875 0.359375 0.6806640625 0.3603515625 0.68359375 0.353515625 0.6875 0.3544921875 0.689453125 0.345703125 0.6943359375 0.3330078125 0.6728515625
0 0.388927734375 0.7412109375 0.408458984375 0.7646484375 0.402599609375 0.76953125 0.404552734375 0.771484375 0.395763671875 0.779296875 0.389904296875 0.7724609375 0.381115234375 0.7802734375 0.386974609375 0.787109375 0.378185546875 0.794921875 0.376232421875 0.7919921875 0.369396484375 0.7978515625 0.349865234375 0.7744140625 0.358654296875 0.7666015625 0.361583984375 0.76953125 0.368419921875 0.763671875 0.368419921875 0.7626953125 0.376232421875 0.7548828125 0.378185546875 0.7568359375 0.383068359375 0.751953125 0.380138671875 0.7490234375 0.388927734375 0.7412109375
1 0.591796875 0.5556640625 0.615234375 0.5751953125 0.609375 0.5810546875 0.61328125 0.583984375 0.6064453125 0.591796875 0.59765625 0.5849609375 0.58984375 0.5947265625 0.59765625 0.6015625 0.5908203125 0.6103515625 0.587890625 0.6083984375 0.5830078125 0.6142578125 0.55859375 0.5947265625 0.5654296875 0.5859375 0.5693359375 0.58984375 0.576171875 0.5810546875 0.57421875 0.580078125 0.5810546875 0.572265625 0.5830078125 0.5732421875 0.587890625 0.5673828125 0.583984375 0.564453125 0.591796875 0.5556640625
0 0.57452685546875 0.87176220703125 0.57257373046875 0.86980908203125 0.58429248046875 0.85418408203125 0.60284716796875 0.86785595703125 0.59503466796875 0.87762158203125 0.59991748046875 0.88152783203125 0.59405810546875 0.89031689453125 0.59894091796875 0.89422314453125 0.59210498046875 0.90301220703125 0.58136279296875 0.89519970703125 0.57257373046875 0.90691845703125 0.58331591796875 0.91570751953125 0.57550341796875 0.92449658203125 0.56964404296875 0.92059033203125 0.56378466796875 0.92840283203125 0.55890185546875 0.92449658203125 0.55206591796875 0.93328564453125 0.53448779296875 0.91961376953125 0.54522998046875 0.90496533203125 0.54815966796875 0.90691845703125 0.57452685546875 0.87176220703125
0 0.330078125 0.48046875 0.3349609375 0.4794921875 0.3349609375 0.4775390625 0.3388671875 0.4765625 0.33984375 0.4775390625 0.349609375 0.474609375 0.3583984375 0.5029296875 0.341796875 0.5078125 0.3408203125 0.50390625 0.318359375 0.5107421875 0.3115234375 0.4912109375 0.3203125 0.48828125 0.3173828125 0.4775390625 0.328125 0.474609375 0.330078125 0.48046875
1 0.84699130859375 0.28834052734375 0.8794724609375 0.29322333984375 0.8775193359375 0.30494208984375 0.8726365234375 0.30396552734375 0.8716599609375 0.31080146484375 0.8677537109375 0.30982490234375 0.8667771484375 0.31861396484375 0.8462693359375 0.31568427734375 0.84760693359375 0.308380859375 0.836823046875 0.306788671875 0.838776171875 0.29415048828125 0.844578515625 0.294101171875 0.84699130859375 0.28834052734375
0 0.5309158203125 0.4769228515625 0.5533767578125 0.4984072265625 0.5406814453125 0.5120791015625 0.5367751953125 0.5081728515625 0.5211501953125 0.5257509765625 0.5065017578125 0.5120791015625 0.5123611328125 0.5062197265625 0.5035720703125 0.4974306640625 0.5104080078125 0.4886416015625 0.5162673828125 0.4935244140625 0.5309158203125 0.4769228515625
0 0.790247265625 0.99900478515625 0.794921875 0.990234375 0.798828125 0.9931640625 0.828125 0.9580078125 0.8251953125 0.955078125 0.8330078125 0.9453125 0.8369140625 0.9482421875 0.8388671875 0.9462890625 0.8505859375 0.9560546875 0.8427734375 0.96484375 0.8486328125 0.9697265625 0.84375 0.9765625 0.8486328125 0.98046875 0.8408203125 0.9892578125 0.833984375 0.9833984375 0.82421875 0.994140625 0.8268126953125 0.999004296875 0.790247265625 0.99900478515625
0 0.1455078125 0.4833984375 0.1435546875 0.4794921875 0.154296875 0.4736328125 0.15625 0.4775390625 0.16015625 0.4765625 0.1669921875 0.490234375 0.15625 0.4951171875 0.16015625 0.5029296875 0.1533203125 0.5068359375 0.15625 0.51171875 0.1455078125 0.517578125 0.140625 0.5087890625 0.1279296875 0.515625 0.1328125 0.5234375 0.1220703125 0.529296875 0.119140625 0.5234375 0.11328125 0.52734375 0.109375 0.51953125 0.09765625 0.5263671875 0.0908203125 0.51171875 0.09375 0.5107421875 0.091796875 0.5068359375 0.1025390625 0.5009765625 0.1044921875 0.5048828125 0.1455078125 0.4833984375
0 7.275390625e-05 0.39584609375 0.0126953125 0.40234375 0.009765625 0.41015625 0.0224609375 0.4150390625 0.0185546875 0.42578125 0.01171875 0.423828125 0.0048828125 0.4443359375 7.275390625e-05 0.440283984375 7.275390625e-05 0.39584609375
1 0.1552734375 0.2939453125 0.154296875 0.2890625 0.1533203125 0.2890625 0.15234375 0.2841796875 0.154296875 0.2841796875 0.154296875 0.2734375 0.18359375 0.271484375 0.1845703125 0.2890625 0.1796875 0.2900390625 0.1806640625 0.3134765625 0.16015625 0.314453125 0.16015625 0.3046875 0.1484375 0.3056640625 0.1484375 0.2939453125 0.1552734375 0.2939453125
0 0.2265625 0.5341796875 0.2392578125 0.529296875 0.236328125 0.5244140625 0.2431640625 0.521484375 0.240234375 0.515625 0.2509765625 0.5107421875 0.255859375 0.5205078125 0.26953125 0.5146484375 0.265625 0.50390625 0.275390625 0.5 0.2783203125 0.505859375 0.28515625 0.5029296875 0.287109375 0.5078125 0.298828125 0.5029296875 0.30859375 0.525390625 0.298828125 0.529296875 0.298828125 0.5283203125 0.291015625 0.53125 0.2890625 0.5283203125 0.251953125 0.5458984375 0.2529296875 0.548828125 0.2451171875 0.5517578125 0.24609375 0.552734375 0.236328125 0.5576171875 0.2265625 0.5341796875
0 0.783203125 0.8466796875 0.78515625 0.8427734375 0.7841796875 0.841796875 0.7861328125 0.837890625 0.7880859375 0.8388671875 0.79296875 0.8291015625 0.8193359375 0.84375 0.810546875 0.859375 0.8056640625 0.8564453125 0.794921875 0.876953125 0.7763671875 0.8671875 0.78125 0.859375 0.771484375 0.853515625 0.77734375 0.84375 0.783203125 0.8466796875
1 0.4501953125 0.59084638671875 0.4580078125 0.58010419921875 0.453125 0.57619794921875 0.45703125 0.57033857421875 0.4521484375 0.56740888671875 0.4580078125 0.55764326171875 0.4677734375 0.56447919921875 0.4765625 0.55178388671875 0.4677734375 0.54494794921875 0.4736328125 0.53615888671875 0.4794921875 0.54006513671875 0.4833984375 0.53322919921875 0.48828125 0.53713544921875 0.4951171875 0.52639326171875 0.515625 0.54104169921875 0.509765625 0.54885419921875 0.5078125 0.54787763671875 0.5029296875 0.55471357421875 0.5009765625 0.55276044921875 0.4765625 0.58694013671875 0.4794921875 0.58986982421875 0.474609375 0.59572919921875 0.4765625 0.59670576171875 0.4697265625 0.60549482421875 0.4501953125 0.59084638671875
0 0.2001953125 0.50390625 0.1953125 0.50390625 0.1953125 0.505859375 0.1904296875 0.505859375 0.1904296875 0.5048828125 0.1796875 0.5048828125 0.177734375 0.4755859375 0.1953125 0.474609375 0.1962890625 0.4794921875 0.2197265625 0.4775390625 0.220703125 0.498046875 0.2109375 0.4990234375 0.2119140625 0.509765625 0.2001953125 0.5107421875 0.2001953125 0.50390625
1 0.6474609375 0.248046875 0.67578125 0.26171875 0.671875 0.271484375 0.6669921875 0.26953125 0.6640625 0.2763671875 0.6611328125 0.2744140625 0.6552734375 0.287109375 0.6572265625 0.287109375 0.6533203125 0.294921875 0.6572265625 0.296875 0.65234375 0.306640625 0.6240234375 0.29296875 0.6279296875 0.28515625 0.6259765625 0.2841796875 0.630859375 0.2744140625 0.63671875 0.27734375 0.642578125 0.2646484375 0.6376953125 0.2626953125 0.642578125 0.251953125 0.64453125 0.2529296875 0.6474609375 0.248046875
0 0.169921875 0.5830078125 0.171875 0.587890625 0.1611328125 0.59375 0.1591796875 0.5888671875 0.15625 0.5908203125 0.1484375 0.5771484375 0.1591796875 0.5712890625 0.1552734375 0.564453125 0.162109375 0.560546875 0.1591796875 0.5546875 0.1689453125 0.548828125 0.173828125 0.5576171875 0.1865234375 0.55078125 0.181640625 0.5419921875 0.1923828125 0.537109375 0.1953125 0.54296875 0.201171875 0.5390625 0.205078125 0.5458984375 0.216796875 0.5400390625 0.2236328125 0.5537109375 0.2216796875 0.5546875 0.2236328125 0.55859375 0.212890625 0.564453125 0.2109375 0.560546875 0.169921875 0.5830078125
0 0.8486328125 0.919921875 0.859375 0.9033203125 0.8623046875 0.9052734375 0.8740234375 0.88671875 0.8916015625 0.8974609375 0.88671875 0.9052734375 0.8955078125 0.9111328125 0.8896484375 0.919921875 0.884765625 0.9169921875 0.8798828125 0.92578125 0.8759765625 0.9228515625 0.8701171875 0.9326171875 0.8486328125 0.919921875
1 0.2861328125 0.744140625 0.2900390625 0.7470703125 0.28125 0.755859375 0.27734375 0.751953125 0.2744140625 0.7548828125 0.2646484375 0.744140625 0.2724609375 0.7353515625 0.2666015625 0.7294921875 0.2724609375 0.7236328125 0.2685546875 0.7197265625 0.2763671875 0.7109375 0.283203125 0.7177734375 0.2939453125 0.7080078125 0.287109375 0.701171875 0.294921875 0.693359375 0.2998046875 0.697265625 0.3046875 0.6923828125 0.310546875 0.6982421875 0.3193359375 0.689453125 0.330078125 0.7001953125 0.328125 0.7021484375 0.3310546875 0.7060546875 0.322265625 0.7138671875 0.3193359375 0.7109375 0.2861328125 0.744140625
1 0.638671875 0.501953125 0.634765625 0.4990234375 0.642578125 0.4892578125 0.646484375 0.4921875 0.6494140625 0.4892578125 0.6611328125 0.4990234375 0.6533203125 0.5087890625 0.66015625 0.513671875 0.6552734375 0.51953125 0.66015625 0.5234375 0.65234375 0.533203125 0.64453125 0.5263671875 0.6357421875 0.5380859375 0.6435546875 0.5439453125 0.63671875 0.552734375 0.630859375 0.548828125 0.626953125 0.5546875 0.62109375 0.5498046875 0.6123046875 0.5595703125 0.6005859375 0.55078125 0.6025390625 0.5478515625 0.5986328125 0.544921875 0.6064453125 0.5361328125 0.6103515625 0.5380859375 0.638671875 0.501953125
0 0.69236328125 0.99607421875 0.6806640625 0.9853515625 0.6865234375 0.978515625 0.685546875 0.9775390625 0.6875 0.9755859375 0.6826171875 0.970703125 0.6875 0.96484375 0.6826171875 0.9609375 0.6904296875 0.953125 0.697265625 0.958984375 0.703125 0.9521484375 0.71875 0.96484375 0.7021484375 0.984375 0.705078125 0.9873046875 0.6982421875 0.9951171875 0.6953125 0.9931640625 0.69240234375 0.99607421875 0.69236328125 0.99607421875
0 0.333984375 0.103515625 0.3583984375 0.123046875 0.3466796875 0.1376953125 0.34430947265625 0.1372451171875 0.328125 0.15349580078125 0.3134765625 0.140625 0.318359375 0.1337890625 0.30859375 0.125 0.3154296875 0.1162109375 0.3212890625 0.12109375 0.333984375 0.103515625
0 0.4267578125 0.2822265625 0.435546875 0.2724609375 0.4306640625 0.2685546875 0.435546875 0.2626953125 0.4306640625 0.2587890625 0.4384765625 0.25 0.4462890625 0.2578125 0.45703125 0.24609375 0.4482421875 0.23828125 0.455078125 0.23046875 0.4609375 0.234375 0.4658203125 0.228515625 0.4697265625 0.232421875 0.4775390625 0.22265625 0.4970703125 0.2392578125 0.490234375 0.2470703125 0.48828125 0.24609375 0.4833984375 0.251953125 0.48046875 0.25 0.453125 0.28125 0.4560546875 0.2841796875 0.4501953125 0.2900390625 0.4521484375 0.291015625 0.4443359375 0.298828125 0.4267578125 0.2822265625
0 0.6083984375 0.7236328125 0.611328125 0.7265625 0.6015625 0.734375 0.5986328125 0.73046875 0.5966796875 0.7333984375 0.5869140625 0.7216796875 0.59375 0.7158203125 0.5927734375 0.7138671875 0.5947265625 0.7119140625 0.5908203125 0.70703125 0.5966796875 0.7021484375 0.5927734375 0.697265625 0.6015625 0.6904296875 0.607421875 0.697265625 0.619140625 0.6875 0.61328125 0.6806640625 0.6220703125 0.6728515625 0.6259765625 0.677734375 0.6318359375 0.6728515625 0.634765625 0.677734375 0.6376953125 0.67578125 0.6396484375 0.6767578125 0.6455078125 0.6708984375 0.65625 0.6826171875 0.6533203125 0.685546875 0.65625 0.6884765625 0.646484375 0.6962890625 0.64453125 0.693359375 0.6083984375 0.7236328125
1 0.091796875 0.3974609375 0.1044921875 0.392578125 0.1015625 0.38671875 0.107421875 0.3837890625 0.10546875 0.3779296875 0.115234375 0.373046875 0.1201171875 0.3837890625 0.134765625 0.3759765625 0.12890625 0.3662109375 0.1396484375 0.361328125 0.142578125 0.3671875 0.1484375 0.3642578125 0.1513671875 0.369140625 0.162109375 0.36328125 0.173828125 0.3857421875 0.1640625 0.390625 0.1630859375 0.388671875 0.15625 0.392578125 0.154296875 0.3896484375 0.1171875 0.408203125 0.119140625 0.4111328125 0.111328125 0.4140625 0.1123046875 0.416015625 0.1025390625 0.419921875 0.091796875 0.3974609375
1 0.98327841796875 0.4727271484375 0.98523154296875 0.4776099609375 0.98718466796875 0.4766333984375 0.98816123046875 0.4815162109375 0.98718466796875 0.4815162109375 0.99011435546875 0.4922583984375 0.96277060546875 0.5020240234375 0.95691123046875 0.4854224609375 0.96081748046875 0.4834693359375 0.95300498046875 0.4610083984375 0.97253623046875 0.4551490234375 0.97546591796875 0.4629615234375 0.98620810546875 0.4600318359375 0.99011435546875 0.4707740234375 0.98327841796875 0.4727271484375
1 0.970547265625 0.32138779296875 0.969570703125 0.32627060546875 0.971523828125 0.32627060546875 0.970547265625 0.33115341796875 0.968594140625 0.33115341796875 0.966641015625 0.34091904296875 0.937344140625 0.33505966796875 0.941250390625 0.31845810546875 0.945156640625 0.31943466796875 0.950039453125 0.29599716796875 0.970547265625 0.29990341796875 0.968594140625 0.30869248046875 0.979336328125 0.31064560546875 0.977383203125 0.32236435546875 0.970547265625 0.32138779296875
0 0.4248046875 0.6064453125 0.4287109375 0.6025390625 0.427734375 0.6015625 0.4306640625 0.5986328125 0.4326171875 0.599609375 0.4404296875 0.5927734375 0.4599609375 0.615234375 0.4462890625 0.626953125 0.443359375 0.623046875 0.42578125 0.638671875 0.412109375 0.623046875 0.4189453125 0.6171875 0.412109375 0.6083984375 0.4208984375 0.6005859375 0.4248046875 0.6064453125
0 0.6044921875 0.2373046875 0.576171875 0.224609375 0.5830078125 0.2080078125 0.587890625 0.2099609375 0.59765625 0.1884765625 0.615234375 0.1962890625 0.6123046875 0.205078125 0.6240234375 0.2099609375 0.619140625 0.220703125 0.61328125 0.2177734375 0.6044921875 0.2373046875
0 0.3466796875 0.8212890625 0.34375 0.8251953125 0.3447265625 0.826171875 0.3408203125 0.8291015625 0.33984375 0.828125 0.3330078125 0.8359375 0.3115234375 0.8154296875 0.32421875 0.802734375 0.3271484375 0.8056640625 0.34375 0.7890625 0.3583984375 0.8037109375 0.3515625 0.8095703125 0.359375 0.818359375 0.3515625 0.826171875 0.3466796875 0.8212890625
1 0.81719189453125 0.720059375 0.84648876953125 0.731778125 0.84258251953125 0.74154375 0.83769970703125 0.7405671875 0.83574658203125 0.7464265625 0.83184033203125 0.74545 0.82891064453125 0.7532625 0.81035595703125 0.7464265625 0.805953125 0.74025625 0.80342724609375 0.7328037109375 0.80733349609375 0.72591875 0.8132146484375 0.72506220703125 0.81719189453125 0.720059375
0 0.640625 0.8037109375 0.638671875 0.8017578125 0.6513671875 0.7890625 0.66796875 0.8056640625 0.6611328125 0.8125 0.6640625 0.8154296875 0.6572265625 0.8232421875 0.6611328125 0.8271484375 0.6533203125 0.8349609375 0.646484375 0.8271484375 0.6357421875 0.837890625 0.6435546875 0.845703125 0.634765625 0.8544921875 0.630859375 0.849609375 0.6240234375 0.8564453125 0.6201171875 0.8525390625 0.6123046875 0.859375 0.5966796875 0.84375 0.609375 0.8310546875 0.611328125 0.8330078125 0.640625 0.8037109375
1 0.810546875 0.775390625 0.8388671875 0.787109375 0.83203125 0.8037109375 0.8271484375 0.8017578125 0.818359375 0.82421875 0.80078125 0.81640625 0.8037109375 0.80859375 0.7919921875 0.8037109375 0.7958984375 0.79296875 0.802734375 0.794921875 0.810546875 0.775390625
0 0.37109375 0.33203125 0.373046875 0.3359375 0.3623046875 0.341796875 0.359375 0.3369140625 0.3564453125 0.337890625 0.3505859375 0.32421875 0.361328125 0.3193359375 0.357421875 0.3115234375 0.365234375 0.30859375 0.3623046875 0.302734375 0.373046875 0.2978515625 0.376953125 0.306640625 0.3896484375 0.30078125 0.3857421875 0.2919921875 0.396484375 0.287109375 0.3984375 0.29296875 0.4052734375 0.2900390625 0.4091796875 0.296875 0.4208984375 0.291015625 0.4267578125 0.3046875 0.423828125 0.306640625 0.42578125 0.310546875 0.4150390625 0.3154296875 0.4130859375 0.3115234375 0.37109375 0.33203125
1 0.6650390625 0.2236328125 0.66796875 0.2197265625 0.6669921875 0.21875 0.6689453125 0.21484375 0.6708984375 0.21484375 0.6767578125 0.2060546875 0.701171875 0.22265625 0.69140625 0.2373046875 0.6875 0.234375 0.6748046875 0.25390625 0.658203125 0.2431640625 0.6630859375 0.2353515625 0.6533203125 0.2294921875 0.66015625 0.2197265625 0.6650390625 0.2236328125
0 0.55859375 0.7412109375 0.5625 0.73828125 0.560546875 0.736328125 0.564453125 0.7333984375 0.5654296875 0.734375 0.5732421875 0.7275390625 0.59375 0.7490234375 0.5810546875 0.7607421875 0.5771484375 0.7578125 0.560546875 0.7734375 0.546875 0.7587890625 0.552734375 0.751953125 0.5458984375 0.744140625 0.5537109375 0.736328125 0.55859375 0.7412109375
1 0.5751953125 0.4140625 0.5771484375 0.41015625 0.576171875 0.4091796875 0.578125 0.404296875 0.5791015625 0.4052734375 0.583984375 0.3955078125 0.6103515625 0.408203125 0.603515625 0.423828125 0.5986328125 0.421875 0.5888671875 0.443359375 0.5703125 0.4345703125 0.57421875 0.4267578125 0.564453125 0.421875 0.5693359375 0.4111328125 0.5751953125 0.4140625
0 0.6826171875 0.4716796875 0.6806640625 0.4765625 0.6826171875 0.4765625 0.6806640625 0.4814453125 0.6796875 0.4814453125 0.67578125 0.4912109375 0.6474609375 0.4814453125 0.6533203125 0.46484375 0.658203125 0.466796875 0.666015625 0.4443359375 0.6845703125 0.451171875 0.681640625 0.4599609375 0.6923828125 0.462890625 0.6884765625 0.4736328125 0.6826171875 0.4716796875
0 0.171875 0.23816123046875 0.18359375 0.23230185546875 0.1806640625 0.22741904296875 0.1875 0.22351279296875 0.1845703125 0.21862998046875 0.1943359375 0.21277060546875 0.19921875 0.22351279296875 0.2138671875 0.21570029296875 0.2080078125 0.20593466796875 0.21875 0.20105185546875 0.2216796875 0.20691123046875 0.2275390625 0.20398154296875 0.23046875 0.20886435546875 0.2412109375 0.20300498046875 0.2529296875 0.22448935546875 0.2431640625 0.22937216796875 0.2431640625 0.22839560546875 0.2353515625 0.23230185546875 0.2333984375 0.22937216796875 0.1962890625 0.24792685546875 0.1982421875 0.25085654296875 0.19140625 0.25476279296875 0.19140625 0.25573935546875 0.1826171875 0.26062216796875 0.171875 0.23816123046875
1 0.76738720703125 0.29668408203125 0.74199658203125 0.28008251953125 0.75176220703125 0.26445751953125 0.75566845703125 0.26738720703125 0.76836376953125 0.24785595703125 0.78496533203125 0.25762158203125 0.78008251953125 0.26543408203125 0.79082470703125 0.27227001953125 0.78496533203125 0.28203564453125 0.77910595703125 0.27812939453125 0.76738720703125 0.29668408203125
1 0.7578125 0.2978515625 0.7509765625 0.3095703125 0.7568359375 0.3125 0.7529296875 0.318359375 0.7587890625 0.3212890625 0.75390625 0.33203125 0.7431640625 0.326171875 0.736328125 0.33984375 0.74609375 0.345703125 0.7412109375 0.35546875 0.734375 0.3525390625 0.7314453125 0.3583984375 0.7265625 0.3564453125 0.720703125 0.3671875 0.6982421875 0.35546875 0.7041015625 0.3466796875 0.705078125 0.34765625 0.708984375 0.33984375 0.7119140625 0.341796875 0.7314453125 0.3046875 0.728515625 0.302734375 0.732421875 0.2958984375 0.73046875 0.294921875 0.736328125 0.2861328125 0.7578125 0.2978515625
0 0.3271484375 0.25 0.3232421875 0.2470703125 0.33203125 0.23828125 0.3359375 0.2412109375 0.337890625 0.2392578125 0.349609375 0.2490234375 0.3408203125 0.2578125 0.3466796875 0.263671875 0.341796875 0.26953125 0.3466796875 0.2734375 0.337890625 0.2822265625 0.3310546875 0.275390625 0.3212890625 0.2861328125 0.328125 0.29296875 0.3203125 0.3017578125 0.3154296875 0.296875 0.310546875 0.3017578125 0.3046875 0.296875 0.2958984375 0.3056640625 0.28515625 0.2958984375 0.287109375 0.29296875 0.2841796875 0.2900390625 0.2919921875 0.28125 0.294921875 0.2841796875 0.3271484375 0.25
0 0.3837890625 0.193359375 0.40625 0.21484375 0.4013671875 0.220703125 0.4033203125 0.22265625 0.3955078125 0.23046875 0.388671875 0.224609375 0.380859375 0.2333984375 0.3876953125 0.240234375 0.3798828125 0.248046875 0.3779296875 0.24609375 0.3720703125 0.251953125 0.3486328125 0.2314453125 0.3564453125 0.22265625 0.3603515625 0.2255859375 0.37890625 0.205078125 0.3759765625 0.2021484375 0.3837890625 0.193359375
0 0.5712890625 0.615234375 0.5654296875 0.626953125 0.5703125 0.6298828125 0.5673828125 0.63671875 0.5732421875 0.638671875 0.568359375 0.6494140625 0.55859375 0.64453125 0.5517578125 0.658203125 0.5615234375 0.6630859375 0.556640625 0.673828125 0.55078125 0.6708984375 0.5478515625 0.6767578125 0.54296875 0.6748046875 0.537109375 0.6865234375 0.5146484375 0.67578125 0.51953125 0.666015625 0.521484375 0.6669921875 0.5244140625 0.6591796875 0.52734375 0.6611328125 0.544921875 0.623046875 0.5419921875 0.62109375 0.5458984375 0.6142578125 0.544921875 0.6142578125 0.548828125 0.6044921875 0.5712890625 0.615234375
0 0.68359375 0.80078125 0.6640625 0.77734375 0.677734375 0.765625 0.6806640625 0.76953125 0.6982421875 0.75390625 0.7119140625 0.7685546875 0.705078125 0.7744140625 0.7138671875 0.7841796875 0.705078125 0.7919921875 0.7001953125 0.7861328125 0.68359375 0.80078125
1 0.6796875 0.423828125 0.6962890625 0.380859375 0.693359375 0.3798828125 0.697265625 0.3681640625 0.701171875 0.3701171875 0.7021484375 0.3662109375 0.716796875 0.3720703125 0.712890625 0.3828125 0.71875 0.3857421875 0.7158203125 0.3935546875 0.72265625 0.396484375 0.71875 0.40625 0.708984375 0.40234375 0.7041015625 0.416015625 0.7138671875 0.419921875 0.7099609375 0.4306640625 0.703125 0.4287109375 0.7001953125 0.435546875 0.693359375 0.43359375 0.689453125 0.4443359375 0.6748046875 0.4384765625 0.67578125 0.435546875 0.671875 0.43359375 0.67578125 0.4228515625 0.6796875 0.423828125
1 0.0400390625 0.3271484375 0.037109375 0.3251953125 0.048828125 0.3095703125 0.0673828125 0.3257900390625 0.06297470703125 0.333984375 0.064453125 0.337890625 0.05859375 0.345703125 0.0634765625 0.349609375 0.056640625 0.359375 0.047178125 0.3528421875 0.03966875 0.3645609375 0.0478515625 0.37109375 0.0400390625 0.380859375 0.0341796875 0.3759765625 0.0283203125 0.3837890625 0.024290625 0.385428125 0.018734375 0.3908046875 0.0018296875 0.3784125 0.009765625 0.3603515625 0.0126953125 0.3623046875 0.0400390625 0.3271484375
1 0.4677734375 0.390625 0.4560546875 0.396484375 0.458984375 0.4013671875 0.453125 0.4052734375 0.4560546875 0.4111328125 0.4462890625 0.4169921875 0.4404296875 0.4072265625 0.4267578125 0.4150390625 0.4326171875 0.4248046875 0.4228515625 0.4296875 0.419921875 0.4248046875 0.4130859375 0.427734375 0.4111328125 0.423828125 0.400390625 0.4296875 0.38671875 0.408203125 0.396484375 0.4033203125 0.3974609375 0.404296875 0.404296875 0.400390625 0.40625 0.4033203125 0.44140625 0.3818359375 0.4404296875 0.37890625 0.447265625 0.375 0.4462890625 0.3740234375 0.455078125 0.369140625 0.4677734375 0.390625
0 0.2607421875 0.6474609375 0.2568359375 0.6494140625 0.2568359375 0.6513671875 0.2529296875 0.65234375 0.251953125 0.6513671875 0.2421875 0.654296875 0.2314453125 0.626953125 0.248046875 0.62109375 0.25 0.625 0.271484375 0.6171875 0.279296875 0.63671875 0.2705078125 0.6396484375 0.2744140625 0.650390625 0.263671875 0.654296875 0.2607421875 0.6474609375
1 0.0966796875 0.314453125 0.09375 0.3173828125 0.0947265625 0.318359375 0.0908203125 0.322265625 0.08984375 0.3203125 0.0810546875 0.328125 0.0625 0.3056640625 0.0751953125 0.2939453125 0.078125 0.296875 0.0966796875 0.2822265625 0.109375 0.2978515625 0.1025390625 0.3037109375 0.1103515625 0.3115234375 0.1015625 0.3193359375 0.0966796875 0.314453125
0 0.517578125 0.32421875 0.5146484375 0.3212890625 0.5263671875 0.3115234375 0.5419921875 0.3291015625 0.53515625 0.3349609375 0.5390625 0.3388671875 0.53125 0.345703125 0.5361328125 0.3505859375 0.52734375 0.3583984375 0.5185546875 0.3486328125 0.5078125 0.3583984375 0.515625 0.3681640625 0.5068359375 0.3759765625 0.501953125 0.37109375 0.494140625 0.376953125 0.490234375 0.3720703125 0.482421875 0.3798828125 0.466796875 0.3623046875 0.4814453125 0.349609375 0.4833984375 0.3525390625 0.517578125 0.32421875
0 0.478515625 0.8642578125 0.48046875 0.8671875 0.46875 0.8818359375 0.4501953125 0.8671875 0.4580078125 0.8583984375 0.453125 0.8544921875 0.458984375 0.845703125 0.4541015625 0.841796875 0.4619140625 0.8330078125 0.4716796875 0.8408203125 0.48046875 0.8291015625 0.470703125 0.8212890625 0.4775390625 0.8115234375 0.4833984375 0.8154296875 0.4892578125 0.8076171875 0.494140625 0.8115234375 0.5009765625 0.802734375 0.51953125 0.8173828125 0.5078125 0.83203125 0.5048828125 0.8291015625 0.478515625 0.8642578125
1 0.853359765625 0.4008009765625 0.857266015625 0.4008009765625 0.856289453125 0.4193556640625 0.832851953125 0.4174025390625 0.832851953125 0.4076369140625 0.827969140625 0.4076369140625 0.828945703125 0.3968947265625 0.822109765625 0.3968947265625 0.823086328125 0.3861525390625 0.833828515625 0.3871291015625 0.834805078125 0.3715041015625 0.823086328125 0.3705275390625 0.824062890625 0.3588087890625 0.830898828125 0.3597853515625 0.831875390625 0.3500197265625 0.835781640625 0.3500197265625 0.836758203125 0.3392775390625 0.860195703125 0.3412306640625 0.859219140625 0.3597853515625 0.855312890625 0.3597853515625 0.853359765625 0.4008009765625
0 0.20381953125 0.6497482421875 0.20186640625 0.6468185546875 0.21651484375 0.6360763671875 0.23018671875 0.6546310546875 0.22237421875 0.6604904296875 0.22530390625 0.6643966796875 0.21749140625 0.6712326171875 0.22042109375 0.6761154296875 0.21260859375 0.6819748046875 0.20577265625 0.6741623046875 0.19405390625 0.6829513671875 0.19991328125 0.6917404296875 0.19112421875 0.6985763671875 0.18721796875 0.6936935546875 0.17940546875 0.6995529296875 0.17647578125 0.6946701171875 0.16866328125 0.7015060546875 0.15499140625 0.6829513671875 0.16866328125 0.6722091796875 0.17061640625 0.6741623046875 0.20381953125 0.6497482421875
1 0.6630859375 0.62890625 0.6669921875 0.6259765625 0.666015625 0.625 0.669921875 0.6220703125 0.6708984375 0.623046875 0.6796875 0.6171875 0.697265625 0.6416015625 0.6826171875 0.6513671875 0.6796875 0.6474609375 0.66015625 0.6611328125 0.6484375 0.64453125 0.65625 0.638671875 0.650390625 0.6298828125 0.6591796875 0.623046875 0.6630859375 0.62890625
1 0.4296875 0.181640625 0.4267578125 0.185546875 0.427734375 0.1865234375 0.4248046875 0.1904296875 0.423828125 0.189453125 0.4169921875 0.1982421875 0.3935546875 0.1796875 0.404296875 0.166015625 0.408203125 0.1689453125 0.4228515625 0.150390625 0.4384765625 0.1630859375 0.4326171875 0.169921875 0.44140625 0.1767578125 0.4345703125 0.185546875 0.4296875 0.181640625
1 7.275390625e-05 0.58244833984375 0.0107421875 0.572265625 0.013671875 0.576171875 0.0322265625 0.5625 0.0439453125 0.578125 0.037109375 0.5830078125 0.044921875 0.59375 0.03515625 0.6005859375 0.03125 0.5947265625 0.0122015625 0.607421875 7.275390625e-05 0.5872203125 7.275390625e-05 0.58244833984375
0 0.07421875 0.5302734375 0.0712890625 0.5263671875 0.0810546875 0.51953125 0.099609375 0.544921875 0.0927734375 0.5498046875 0.0947265625 0.5517578125 0.0849609375 0.55859375 0.0830078125 0.5546875 0.0791015625 0.5576171875 0.0771484375 0.5546875 0.0703125 0.5595703125 0.0751953125 0.56640625 0.06640625 0.5732421875 0.064453125 0.5712890625 0.0576171875 0.5751953125 0.0390625 0.5498046875 0.048828125 0.54296875 0.0517578125 0.546875 0.07421875 0.5302734375
0 0.1298828125 0.580078125 0.1513671875 0.603515625 0.142578125 0.611328125 0.138671875 0.6064453125 0.1181640625 0.625 0.12109375 0.62890625 0.1123046875 0.63671875 0.091796875 0.6123046875 0.09765625 0.607421875 0.095703125 0.60546875 0.1044921875 0.5986328125 0.109375 0.603515625 0.119140625 0.5947265625 0.1142578125 0.5888671875 0.123046875 0.58203125 0.125 0.5849609375 0.1298828125 0.580078125
1 0.93535595703125 0.3740943359375 0.93144970703125 0.3740943359375 0.93047314453125 0.3555396484375 0.95391064453125 0.3535865234375 0.95488720703125 0.3662818359375 0.96074658203125 0.3653052734375 0.96172314453125 0.3760474609375 0.96758251953125 0.3750708984375 0.96855908203125 0.3867896484375 0.95586376953125 0.3877662109375 0.95684033203125 0.4024146484375 0.96953564453125 0.4024146484375 0.97051220703125 0.4141333984375 0.96367626953125 0.4141333984375 0.96367626953125 0.4238990234375 0.95781689453125 0.4248755859375 0.95879345703125 0.4356177734375 0.93535595703125 0.4375708984375 0.93437939453125 0.4190162109375 0.93730908203125 0.4180396484375 0.93535595703125 0.3740943359375
1 0.7431640625 0.935546875 0.74609375 0.9384765625 0.734375 0.9521484375 0.7158203125 0.9375 0.72265625 0.9296875 0.71875 0.9267578125 0.7255859375 0.9189453125 0.720703125 0.9150390625 0.7275390625 0.90625 0.7353515625 0.9130859375 0.7451171875 0.9013671875 0.736328125 0.89453125 0.744140625 0.8857421875 0.7490234375 0.8896484375 0.7548828125 0.8818359375 0.759765625 0.8857421875 0.765625 0.8779296875 0.783203125 0.892578125 0.7724609375 0.90625 0.76953125 0.904296875 0.7431640625 0.935546875
0 0.291015625 0.6396484375 0.2880859375 0.609375 0.306640625 0.607421875 0.306640625 0.6123046875 0.330078125 0.609375 0.3330078125 0.62890625 0.3232421875 0.6298828125 0.3251953125 0.642578125 0.3134765625 0.64453125 0.3125 0.6376953125 0.291015625 0.6396484375
0 0.1484375 0.724609375 0.14453125 0.7275390625 0.1455078125 0.7294921875 0.1416015625 0.732421875 0.140625 0.7314453125 0.1328125 0.73828125 0.11328125 0.7158203125 0.126953125 0.7041015625 0.1298828125 0.7080078125 0.1474609375 0.6923828125 0.1611328125 0.7080078125 0.154296875 0.7138671875 0.1611328125 0.72265625 0.15234375 0.7294921875 0.1484375 0.724609375
1 0.2630556640625 0.49285595703125 0.2357119140625 0.47723095703125 0.2445009765625 0.46160595703125 0.2493837890625 0.46355908203125 0.2611025390625 0.44305126953125 0.2777041015625 0.45281689453125 0.2737978515625 0.46062939453125 0.2845400390625 0.46648876953125 0.2796572265625 0.47723095703125 0.2737978515625 0.47332470703125 0.2630556640625 0.49285595703125
1 0.828125 0.4619140625 0.8291015625 0.4580078125 0.8271484375 0.45703125 0.828125 0.4521484375 0.830078125 0.453125 0.8310546875 0.4423828125 0.8603515625 0.4462890625 0.857421875 0.4638671875 0.853515625 0.4638671875 0.849609375 0.486328125 0.8291015625 0.4833984375 0.8310546875 0.474609375 0.8193359375 0.47265625 0.8212890625 0.4609375 0.828125 0.4619140625
0 0.759765625 0.75390625 0.7568359375 0.7578125 0.7587890625 0.7587890625 0.7548828125 0.7626953125 0.75390625 0.76171875 0.7470703125 0.7705078125 0.7236328125 0.751953125 0.734375 0.73828125 0.73828125 0.7412109375 0.7529296875 0.72265625 0.7685546875 0.7353515625 0.763671875 0.7421875 0.7724609375 0.7490234375 0.765625 0.7587890625 0.759765625 0.75390625
0 0.49023798828125 0.185546875 0.49219111328125 0.181640625 0.49023798828125 0.1806640625 0.49316767578125 0.17578125 0.49414423828125 0.1767578125 0.49902705078125 0.16796875 0.52539423828125 0.181640625 0.51758173828125 0.197265625 0.51269892578125 0.1943359375 0.50195673828125 0.2158203125 0.48437861328125 0.2060546875 0.48828486328125 0.1982421875 0.47851923828125 0.1923828125 0.48437861328125 0.1826171875 0.49023798828125 0.185546875
0 0.2509765625 0.7431640625 0.2724609375 0.765625 0.259765625 0.7783203125 0.255859375 0.775390625 0.2392578125 0.7919921875 0.2255859375 0.77734375 0.2314453125 0.771484375 0.22265625 0.7626953125 0.23046875 0.75390625 0.2353515625 0.7587890625 0.2509765625 0.7431640625
0 0.92483076171875 0.81447919921875 0.92190107421875 0.81350263671875 0.93069013671875 0.79592451171875 0.95119794921875 0.80569013671875 0.94631513671875 0.81643232421875 0.95217451171875 0.81936201171875 0.94729169921875 0.82815107421875 0.95315107421875 0.83108076171875 0.94826826171875 0.84182294921875 0.93654951171875 0.83694013671875 0.93069013671875 0.84963544921875 0.94240888671875 0.85549482421875 0.93752607421875 0.86623701171875 0.93069013671875 0.86330732421875 0.92678388671875 0.87209638671875 0.92092451171875 0.87014326171875 0.91604169921875 0.87990888671875 0.89386279296875 0.86813798828125 0.9020095703125 0.8522048828125 0.9056076171875 0.85117607421875 0.92483076171875 0.81447919921875
1 0.5966796875 0.3818359375 0.6015625 0.3701171875 0.595703125 0.3681640625 0.5986328125 0.361328125 0.591796875 0.3583984375 0.595703125 0.34765625 0.6064453125 0.3515625 0.6123046875 0.3369140625 0.6015625 0.3330078125 0.60546875 0.3232421875 0.6123046875 0.3251953125 0.6142578125 0.318359375 0.619140625 0.3203125 0.6240234375 0.30859375 0.6474609375 0.3173828125 0.6435546875 0.3271484375 0.6416015625 0.326171875 0.638671875 0.333984375 0.6357421875 0.3330078125 0.62109375 0.3720703125 0.625 0.373046875 0.6220703125 0.380859375 0.623046875 0.3818359375 0.619140625 0.390625 0.5966796875 0.3818359375
0 0.4453125 0.763671875 0.44140625 0.7646484375 0.44140625 0.7666015625 0.4365234375 0.7685546875 0.4365234375 0.7666015625 0.4267578125 0.7705078125 0.4169921875 0.7421875 0.43359375 0.736328125 0.435546875 0.7412109375 0.45703125 0.7333984375 0.4638671875 0.7529296875 0.455078125 0.755859375 0.458984375 0.7666015625 0.4482421875 0.76953125 0.4453125 0.763671875
1 7.275390625e-05 0.4683119140625 0.00506005859375 0.465076171875 0.0124466796875 0.47430947265625 0.01778154296875 0.4796443359375 0.01039482421875 0.488262109375 0.017166015625 0.49482802734375 0.009779296875 0.50159912109375 0.0056755859375 0.49667470703125 7.275390625e-05 0.50173857421875 7.275390625e-05 0.4683119140625
1 0.950832421875 0.9990021484375 0.95142236328125 0.99487275390625 0.95011298828125 0.99225400390625 0.95325546875 0.9851833984375 0.98468037109375 0.99225400390625 0.98292255859375 0.9990015625 0.950832421875 0.9990021484375
1 0.99907333984375 0.91977529296875 0.997370703125 0.92475322265625 0.994696875 0.93711953125 0.9916888671875 0.94514091796875 0.98934931640625 0.95516767578125 0.9933599609375 0.9591783203125 0.99102041015625 0.967533984375 0.98834658203125 0.96987353515625 0.97798564453125 0.97187890625 0.97063271484375 0.965862890625 0.96528505859375 0.960515234375 0.9672904296875 0.9471462890625 0.96160859375 0.94514091796875 0.9602716796875 0.9374537109375 0.96361396484375 0.93076923828125 0.97230380859375 0.9331087890625 0.97531181640625 0.924084765625 0.97096689453125 0.92241357421875 0.97096689453125 0.920408203125 0.96662197265625 0.91673173828125 0.97096689453125 0.9070392578125 0.9769830078125 0.9070392578125 0.9803251953125 0.89901787109375 0.987009765625 0.90102314453125 0.990351953125 0.890996484375 0.99907333984375 0.89353125 0.99907333984375 0.91977529296875
0 0.99907333984375 0.869970703125 0.99513583984375 0.86670576171875 0.99862392578125 0.86096064453125 0.99062177734375 0.85583095703125 0.995341015625 0.8433146484375 0.99907333984375 0.84814853515625 0.99907333984375 0.869970703125
0 0.079653125 0.17771787109375 0.073635546875 0.17079755859375 0.08206015625 0.16297470703125 0.085369921875 0.16718701171875 0.08867958984375 0.16417822265625 0.08627255859375 0.1614703125 0.09108662109375 0.1575587890625 0.09289189453125 0.1593640625 0.10041396484375 0.1527447265625 0.10071484375 0.15214296875 0.120873828125 0.17410732421875 0.10643154296875 0.187646875 0.10282099609375 0.18373544921875 0.08747607421875 0.1987794921875 0.07393642578125 0.1834345703125 0.079653125 0.17831962890625 0.079653125 0.17771787109375
0 0.1238826171875 0.13228486328125 0.1190685546875 0.1268689453125 0.12358173828125 0.122656640625 0.11876767578125 0.1163380859375 0.1283958984375 0.10761259765625 0.1332099609375 0.1127275390625 0.14283818359375 0.1043029296875 0.13621875 0.096780859375 0.1449443359375 0.08925888671875 0.14885576171875 0.09286943359375 0.1545724609375 0.08715263671875 0.15998837890625 0.0931703125 0.170218359375 0.08414384765625 0.1816517578125 0.0937720703125 0.1792447265625 0.09768349609375 0.18255439453125 0.10069228515625 0.18345703125 0.10189580078125 0.17352802734375 0.1103205078125 0.1687138671875 0.10640908203125 0.14013017578125 0.1349927734375 0.14283818359375 0.13770068359375 0.139829296875 0.14010771484375 0.14163466796875 0.14251474609375 0.12869677734375 0.15364736328125 0.1154580078125 0.14010771484375 0.12358173828125 0.13288662109375 0.1238826171875 0.13228486328125
1 0.18435625 0.062619921875 0.18930693359375 0.060733984375 0.18742099609375 0.0560189453125 0.19802958984375 0.05059677734375 0.2001513671875 0.04965380859375 0.20345185546875 0.05719775390625 0.21288173828125 0.05342578125 0.2098169921875 0.04470302734375 0.22113291015625 0.040223828125 0.22231171875 0.04281708984375 0.2298556640625 0.03975234375 0.24565078125 0.06615615234375 0.2312701171875 0.07228564453125 0.22961982421875 0.06780634765625 0.21995419921875 0.07370009765625 0.21853974609375 0.07558603515625 0.20628076171875 0.08030107421875 0.2079310546875 0.0847802734375 0.19802958984375 0.08902373046875 0.1845919921875 0.0633271484375 0.18435625 0.062619921875
1 0.25955986328125 0.03786640625 0.25955986328125 0.03550888671875 0.26663232421875 0.03362294921875 0.264510546875 0.02419296875 0.26568935546875 0.023721484375 0.27606220703125 0.02136396484375 0.2777125 0.02772919921875 0.2803056640625 0.02702197265625 0.2798341796875 0.0249001953125 0.2871423828125 0.0230142578125 0.2876138671875 0.0251359375 0.29751533203125 0.0225427734375 0.30435205078125 0.05012529296875 0.2939791015625 0.05201123046875 0.2935076171875 0.04941806640625 0.27323330078125 0.05342578125 0.27370478515625 0.05531171875 0.264510546875 0.05743349609375 0.25955986328125 0.03786640625
1 0.318496875 0.02749345703125 0.3255693359375 0.02749345703125 0.3260408203125 0.0154703125 0.3401857421875 0.0154703125 0.3406572265625 0.0230142578125 0.36046005859375 0.022778515625 0.36093154296875 0.0546044921875 0.3425431640625 0.05436875 0.3425431640625 0.04894658203125 0.332641796875 0.04894658203125 0.332641796875 0.05059677734375 0.3236833984375 0.05059677734375 0.3236833984375 0.052954296875 0.318968359375 0.0527185546875 0.3187326171875 0.02820068359375 0.318496875 0.02749345703125
1 0.38450634765625 0.03338720703125 0.39252177734375 0.03527314453125 0.3955865234375 0.023721484375 0.40855263671875 0.02702197265625 0.40666669921875 0.03385869140625 0.4281197265625 0.0395166015625 0.42057578125 0.069456640625 0.4040734375 0.06592041015625 0.39959423828125 0.05672626953125 0.39063583984375 0.05743349609375 0.3800271484375 0.0550759765625 0.379319921875 0.0546044921875 0.38427060546875 0.03433017578125 0.38450634765625 0.03338720703125
1 0.43660673828125 0.0774720703125 0.43731396484375 0.078179296875 0.43236318359375 0.07511455078125 0.44438642578125 0.052954296875 0.4568810546875 0.06026240234375 0.46018154296875 0.0555474609375 0.46772548828125 0.06002666015625 0.47102587890625 0.054840234375 0.4825775390625 0.060733984375 0.47668388671875 0.071342578125 0.4889427734375 0.078179296875 0.4948365234375 0.0682779296875 0.50662392578125 0.07464306640625 0.5033234375 0.08030107421875 0.512517578125 0.0854875 0.50921708984375 0.09067392578125 0.5191185546875 0.09586044921875 0.50733115234375 0.1173134765625 0.49460068359375 0.1100052734375 0.49648671875 0.10670478515625 0.45405205078125 0.08265849609375 0.45240185546875 0.0861947265625 0.43660673828125 0.0774720703125
1 0.5351494140625 0.09609619140625 0.542693359375 0.09774638671875 0.5452865234375 0.08808076171875 0.54552236328125 0.08643046875 0.56061015625 0.09161689453125 0.5589599609375 0.09656767578125 0.57711259765625 0.1031685546875 0.56956865234375 0.133580078125 0.549530078125 0.12721494140625 0.5500015625 0.1236787109375 0.5285484375 0.117077734375 0.53279189453125 0.09774638671875 0.5351494140625 0.09609619140625
1 0.6061095703125 0.1107125 0.61601103515625 0.1109482421875 0.61624677734375 0.1029328125 0.629212890625 0.10458310546875 0.628269921875 0.1107125 0.6308630859375 0.1107125 0.631098828125 0.1090623046875 0.6381712890625 0.1095337890625 0.637935546875 0.11283427734375 0.64972294921875 0.11330576171875 0.64712978515625 0.14371728515625 0.628269921875 0.14230283203125 0.6277984375 0.13735205078125 0.605873828125 0.13688056640625 0.6070525390625 0.11118408203125 0.6061095703125 0.1107125
1 0.6669326171875 0.14183125 0.6672251953125 0.142210546875 0.6624625 0.14073642578125 0.671874609375 0.1160154296875 0.69103896484375 0.12281943359375 0.6920595703125 0.1171494140625 0.705440625 0.12100498046875 0.702038671875 0.13019033203125 0.71473935546875 0.133138671875 0.717801171875 0.12395341796875 0.7305017578125 0.12792236328125 0.728347265625 0.13347890625 0.73503779296875 0.13506650390625 0.73265634765625 0.14130341796875 0.73809951171875 0.1427775390625 0.73787275390625 0.14447861328125 0.7455708984375 0.14594501953125 0.74096279296875 0.162457421875 0.73750673828125 0.162457421875 0.73673876953125 0.1659134765625 0.72137841796875 0.16130537109375 0.72214638671875 0.15477724609375 0.69286484375 0.1496109375 0.6898001953125 0.155033203125 0.6688185546875 0.147253515625 0.669997265625 0.14301005859375 0.6669326171875 0.14183125
1 0.79628037109375 0.16942724609375 0.8030826171875 0.17290068359375 0.80872705078125 0.16204609375 0.82146318359375 0.16812470703125 0.81813447265625 0.174926953125 0.82030537109375 0.1759400390625 0.82131845703125 0.174348046875 0.8279759765625 0.177242578125 0.826962890625 0.1791240234375 0.8362255859375 0.18346591796875 0.82276572265625 0.20995126953125 0.805253515625 0.20155703125 0.80655615234375 0.19808349609375 0.8013458984375 0.19518896484375 0.78670859375 0.18825185546875 0.7893333984375 0.18404482421875 0.79628037109375 0.17029560546875 0.79628037109375 0.16942724609375
1 0.84328427734375 0.1919302734375 0.85418251953125 0.19156083984375 0.85473662109375 0.18491103515625 0.8665583984375 0.18491103515625 0.8665583984375 0.18010849609375 0.87948837890625 0.18010849609375 0.8791189453125 0.19082197265625 0.8920490234375 0.19082197265625 0.8920490234375 0.181216796875 0.90664150390625 0.1804779296875 0.906826171875 0.18583466796875 0.91680078125 0.18694296875 0.91680078125 0.1917455078125 0.92732958984375 0.19285380859375 0.9260365234375 0.21668203125 0.9060873046875 0.2172361328125 0.9062720703125 0.21280302734375 0.860278125 0.21206416015625 0.860278125 0.2159431640625 0.84476201171875 0.216497265625 0.8436537109375 0.1932232421875 0.84328427734375 0.1919302734375
1 0.94238251953125 0.19900107421875 0.9507767578125 0.19986943359375 0.9507767578125 0.19726435546875 0.95381611328125 0.19740908203125 0.95468447265625 0.1914751953125 0.962933984375 0.192198828125 0.964091796875 0.18597548828125 0.97581484375 0.18727802734375 0.974946484375 0.1952380859375 0.9879720703125 0.19654072265625 0.98956416015625 0.18684384765625 0.9990734375 0.18638564453125 0.9990734375 0.2194166015625 0.9590263671875 0.2155001953125 0.95757900390625 0.21998671875 0.94136943359375 0.2181052734375 0.94325087890625 0.19943525390625 0.94238251953125 0.19900107421875
