1 0.66616220703125 0.9204228515625 0.67807138671875 0.92483076171875 0.67149814453125 0.9413798828125 0.65920234375 0.93673994140625 0.66616220703125 0.9204228515625
1 0.60413095703125 0.96826396484375 0.6103033203125 0.95654912109375 0.62289990234375 0.96246953125 0.6169794921875 0.9745623046875 0.60413095703125 0.96826396484375
3 0.4026427734375 0.6870552734375 0.41527607421875 0.68182431640625 0.4212966796875 0.69643154296875 0.4085646484375 0.70176123046875 0.4026427734375 0.6870552734375
1 0.30765400390625 0.6810125 0.32692685546875 0.6795009765625 0.3279345703125 0.6933572265625 0.30866171875 0.6952466796875 0.30765400390625 0.6810125
3 0.52634345703125 0.60792734375 0.539066015625 0.6056599609375 0.541459375 0.6173748046875 0.52861083984375 0.6197681640625 0.52634345703125 0.60792734375
1 0.53006416015625 0.4949517578125 0.5303734375 0.50593291015625 0.51042177734375 0.5062421875 0.50995771484375 0.4921677734375 0.52697080078125 0.49170380859375 0.52720283203125 0.4945650390625 0.53006416015625 0.4949517578125
3 0.6688140625 0.457203515625 0.67878251953125 0.44930771484375 0.6920080078125 0.46509931640625 0.68203955078125 0.474080859375 0.6688140625 0.457203515625
3 0.62514873046875 0.45155859375 0.63560390625 0.45231435546875 0.63635966796875 0.4535740234375 0.64190224609375 0.45470771484375 0.64089453125 0.46440712890625 0.6240150390625 0.46188779296875 0.62514873046875 0.45155859375
1 0.81076640625 0.43562333984375 0.82488017578125 0.444111328125 0.82034013671875 0.452994140625 0.80543681640625 0.44509833984375 0.81076640625 0.43562333984375
1 0.74727705078125 0.30798271484375 0.76277080078125 0.30621923828125 0.76289677734375 0.31100595703125 0.76365263671875 0.311509765625 0.76365263671875 0.31327333984375 0.76289677734375 0.3137771484375 0.76314873046875 0.31919375 0.7481587890625 0.32083125 0.74727705078125 0.30798271484375
3 0.03003115234375 0.65885390625 0.0417671875 0.64952939453125 0.05575400390625 0.66415927734375 0.04401796875 0.6742876953125 0.03003115234375 0.65885390625
3 0.0792421875 0.74238349609375 0.0790814453125 0.73643515625 0.08856669921875 0.7343451171875 0.08969208984375 0.73643515625 0.09580126953125 0.75042197265625 0.084065234375 0.75540576171875 0.0792421875 0.74238349609375
