0 0.17237939453125 0.98402041015625 0.16551103515625 0.97734599609375 0.1730529296875 0.9707931640625 0.1605654296875 0.95558564453125 0.18319130859375 0.93580341796875 0.19135146484375 0.9371634765625 0.197904296875 0.94717822265625 0.19530791015625 0.95051640625 0.19975888671875 0.953607421875 0.20247890625 0.958923828125 0.17237939453125 0.98402041015625
0 0.16283349609375 0.94139736328125 0.1472556640625 0.9180669921875 0.170373828125 0.900728515625 0.177058203125 0.905184765625 0.17977060546875 0.91345009765625 0.1708869140625 0.92013359375 0.171435546875 0.92093876953125 0.177529296875 0.91670263671875 0.18316142578125 0.91971572265625 0.1851279296875 0.92406728515625 0.16283349609375 0.94139736328125
0 0.13078671875 0.8840353515625 0.15470732421875 0.8668390625 0.16484873046875 0.869705078125 0.16596923828125 0.87621796875 0.16231337890625 0.8800669921875 0.16330546875 0.88127958984375 0.16551015625 0.88050791015625 0.170691015625 0.88260234375 0.17278544921875 0.8902083984375 0.14610908203125 0.90960947265625 0.1366291015625 0.896601953125 0.14273359375 0.8925287109375 0.14116328125 0.89021396484375 0.13617548828125 0.8932400390625 0.13199931640625 0.88921630859375 0.13078671875 0.8840353515625
0 0.10334140625 0.8626654296875 0.12725380859375 0.8418802734375 0.13522216796875 0.84502841796875 0.1390486328125 0.8541244140625 0.13264052734375 0.859637890625 0.13548515625 0.8630875 0.140419921875 0.86441064453125 0.1422291015625 0.86937197265625 0.11536669921875 0.89122509765625 0.104955859375 0.88025146484375 0.11311572265625 0.87377978515625 0.10334140625 0.8626654296875
0 0.09837587890625 0.86139951171875 0.07592431640625 0.83665517578125 0.09951416015625 0.815159765625 0.10935830078125 0.8179009765625 0.1135158203125 0.824380078125 0.1112185546875 0.82713486328125 0.11199716796875 0.82785810546875 0.11545673828125 0.82444951171875 0.12599892578125 0.82787705078125 0.12481455078125 0.83977626953125 0.09837587890625 0.86139951171875
0 0.0749462890625 0.83288916015625 0.0580837890625 0.8117796875 0.08501748046875 0.78951455078125 0.0905837890625 0.7909509765625 0.09453408203125 0.7979537109375 0.08739599609375 0.80376728515625 0.0887439453125 0.80603388671875 0.0853765625 0.809086328125 0.0923509765625 0.818357421875 0.0749462890625 0.83288916015625
0 0.0365865234375 0.7762990234375 0.06041279296875 0.75902177734375 0.06870966796875 0.7631576171875 0.0706994140625 0.7703578125 0.06810126953125 0.77248984375 0.0690556640625 0.7738154296875 0.07067900390625 0.77296337890625 0.07573671875 0.7752470703125 0.07780810546875 0.78197109375 0.0482609375 0.80121328125 0.03715908203125 0.78483642578125 0.04051328125 0.78183037109375 0.0365865234375 0.7762990234375
0 0.027880859375 0.77496025390625 0.020668359375 0.7657306640625 0.026282421875 0.7609802734375 0.01738623046875 0.747765625 0.04763427734375 0.7283505859375 0.0545279296875 0.7334154296875 0.057482421875 0.74410771484375 0.05105380859375 0.74856552734375 0.05129208984375 0.74931318359375 0.05703935546875 0.75091865234375 0.05808818359375 0.755253515625 0.05239560546875 0.75881484375 0.05298037109375 0.75972412109375 0.027880859375 0.77496025390625
0 0.00020029296875 0.726394921875 0.00228671875 0.7249662109375 0.00020029296875 0.72124755859375 0.00020029296875 0.72076494140625 0.02270703125 0.70665830078125 0.02643427734375 0.71262236328125 0.0323453125 0.70912353515625 0.04231572265625 0.713166796875 0.04372265625 0.72174873046875 0.03274892578125 0.728923828125 0.03274892578125 0.73089345703125 0.01600703125 0.7420078125 0.01445947265625 0.74003818359375 0.00714365234375 0.744540234375 0.00020029296875 0.73414775390625 0.00020029296875 0.726394921875
0 0.207230859375 0.8210779296875 0.2267873046875 0.813645703125 0.231940625 0.8144703125 0.23336171875 0.81886904296875 0.24988974609375 0.8131873046875 0.257921484375 0.8370197265625 0.214772265625 0.8514232421875 0.211540234375 0.83921328125 0.21926123046875 0.83669951171875 0.216926953125 0.82915810546875 0.21028330078125 0.831133203125 0.207230859375 0.8210779296875
0 0.20197861328125 0.80877919921875 0.201815625 0.79914833984375 0.20771474609375 0.799365625 0.2091314453125 0.79098837890625 0.20153427734375 0.79056630859375 0.201675 0.77917060546875 0.22728017578125 0.78029609375 0.244444140625 0.782969140625 0.244303515625 0.79309873046875 0.23763955078125 0.7925359375 0.23650146484375 0.8038640625 0.23380283203125 0.80393173828125 0.233102734375 0.809926953125 0.20197861328125 0.80877919921875
0 0.2246724609375 0.76544580078125 0.2338390625 0.75375830078125 0.23063076171875 0.75100830078125 0.23513759765625 0.74470927734375 0.2407140625 0.7400083984375 0.2580697265625 0.75075888671875 0.268391015625 0.76156591796875 0.264105078125 0.76668017578125 0.26756806640625 0.76955546875 0.2596736328125 0.77747578125 0.2548541015625 0.77417861328125 0.2465591796875 0.7825607421875 0.2246724609375 0.76544580078125
0 0.24802861328125 0.736848046875 0.25671298828125 0.728523828125 0.253660546875 0.7260099609375 0.264433984375 0.71649345703125 0.28813564453125 0.73642431640625 0.27915771484375 0.74578974609375 0.2821818359375 0.749005859375 0.2737083984375 0.75832998046875 0.24802861328125 0.736848046875
0 0.26787802734375 0.7108330078125 0.277496875 0.6995798828125 0.28129716796875 0.7026892578125 0.28216083984375 0.7010482421875 0.27975556640625 0.69888564453125 0.28655205078125 0.691081640625 0.31169013671875 0.70957607421875 0.295350390625 0.7313025390625 0.26787802734375 0.7108330078125
0 0.28292919921875 0.6601505859375 0.31959580078125 0.6525359375 0.3243552734375 0.666436328125 0.33194306640625 0.665176953125 0.3370748046875 0.66940654296875 0.336075 0.67992646484375 0.303325 0.68759833984375 0.30103330078125 0.67522333984375 0.28705419921875 0.6775150390625 0.28292919921875 0.6601505859375
0 0.2633287109375 0.6363974609375 0.2840630859375 0.6145572265625 0.28864541015625 0.61680625 0.2912080078125 0.62073154296875 0.29732197265625 0.6262603515625 0.3003904296875 0.62271357421875 0.30573154296875 0.6244123046875 0.30839775390625 0.63026748046875 0.28038671875 0.65650791015625 0.27332900390625 0.649298828125 0.27643642578125 0.64681181640625 0.275 0.6455548828125 0.27138203125 0.64842783203125 0.26314912109375 0.639808984375 0.2633287109375 0.6363974609375
0 0.2350841796875 0.606883984375 0.24460283203125 0.59629462890625 0.251598828125 0.59234111328125 0.25660830078125 0.5861029296875 0.263703125 0.58722568359375 0.2644810546875 0.59628642578125 0.2772388671875 0.60709873046875 0.25041259765625 0.6342255859375 0.2391947265625 0.62282822265625 0.24519853515625 0.6167869140625 0.242875390625 0.61374140625 0.237175 0.61149580078125 0.2350841796875 0.606883984375
0 0.20998203125 0.57745703125 0.214775390625 0.57018759765625 0.2259029296875 0.56224375 0.24839423828125 0.5826740234375 0.23544658203125 0.597575390625 0.2312259765625 0.59335478515625 0.219689453125 0.60460986328125 0.21251435546875 0.59729404296875 0.22109638671875 0.5884306640625 0.20998203125 0.57745703125
0 0.13278583984375 0.72763095703125 0.1334037109375 0.71091044921875 0.16676044921875 0.7100953125 0.1666154296875 0.73355439453125 0.143385546875 0.73507451171875 0.14315634765625 0.74424111328125 0.126783984375 0.7439017578125 0.1274541015625 0.728106640625 0.13278583984375 0.72763095703125
0 0.09189169921875 0.695569921875 0.1206208984375 0.67761416015625 0.136450390625 0.7027806640625 0.11613193359375 0.71568037109375 0.1084109375 0.70329091796875 0.10052294921875 0.70831845703125 0.09189169921875 0.695569921875
0 0.04444990234375 0.61906767578125 0.07216591796875 0.6012173828125 0.0767794921875 0.60817451171875 0.07171474609375 0.6114103515625 0.0896841796875 0.63664091796875 0.06655869140625 0.6524375 0.04444990234375 0.61906767578125
0 0.091021875 0.58411923828125 0.10422470703125 0.57218896484375 0.12108828125 0.58799482421875 0.12275625 0.58745341796875 0.128611328125 0.59172529296875 0.13403994140625 0.598279296875 0.11637548828125 0.6167482421875 0.089368359375 0.59018203125 0.0934142578125 0.58678232421875 0.091021875 0.58411923828125
0 0.14201875 0.60719150390625 0.14891240234375 0.6098646484375 0.15307607421875 0.61618310546875 0.15084736328125 0.620751953125 0.15721298828125 0.62365205078125 0.15805712890625 0.63181201171875 0.1372353515625 0.6499607421875 0.1190322265625 0.6299064453125 0.13343671875 0.61661767578125 0.13329599609375 0.61356435546875 0.14201875 0.60719150390625
0 0.16935361328125 0.634444921875 0.17462431640625 0.63733349609375 0.17980654296875 0.6442431640625 0.17531533203125 0.64890712890625 0.18550703125 0.66014208984375 0.17257880859375 0.67127470703125 0.15282744140625 0.6491890625 0.16935361328125 0.634444921875
0 0.186222265625 0.67236513671875 0.19002080078125 0.67517890625 0.19479169921875 0.6702966796875 0.20212001953125 0.674334765625 0.208009375 0.6816505859375 0.20310478515625 0.687278125 0.2052205078125 0.68897705078125 0.1969662109375 0.698444140625 0.1988841796875 0.700502734375 0.19128701171875 0.70809990234375 0.18959873046875 0.70655234375 0.1814388671875 0.71400888671875 0.16737001953125 0.69951796875 0.178484375 0.68882568359375 0.17468583984375 0.68333876953125 0.186222265625 0.67236513671875
0 0.304866796875 0.7919421875 0.3154580078125 0.78009404296875 0.318691015625 0.78247470703125 0.33042236328125 0.76945322265625 0.346525390625 0.7817974609375 0.336999609375 0.79430234375 0.34066630859375 0.79796904296875 0.3271951171875 0.8136515625 0.3230205078125 0.81034404296875 0.31197578125 0.82197705078125 0.295830078125 0.80822705078125 0.307215234375 0.79429033203125 0.304866796875 0.7919421875
0 0.29244111328125 0.7735021484375 0.30692822265625 0.75751015625 0.3197119140625 0.767773046875 0.30504521484375 0.78335634765625 0.29244111328125 0.7735021484375
0 0.3525064453125 0.72953203125 0.359976171875 0.7330623046875 0.37033212890625 0.7145666015625 0.3921435546875 0.72628017578125 0.38325830078125 0.7432384765625 0.38077802734375 0.7424755859375 0.3712052734375 0.7598748046875 0.3732677734375 0.76147890625 0.368226171875 0.7688123046875 0.346226171875 0.75460390625 0.35287197265625 0.7440623046875 0.34608984375 0.73958046875 0.3525064453125 0.72953203125
0 0.37727763671875 0.67149716796875 0.38611826171875 0.6553443359375 0.405623046875 0.66752587890625 0.40415224609375 0.6703744140625 0.41381298828125 0.6766517578125 0.396355078125 0.70535849609375 0.38114609375 0.69365927734375 0.39021298828125 0.68049765625 0.37727763671875 0.67149716796875
0 0.4298150390625 0.59767216796875 0.45962216796875 0.61496923828125 0.4343095703125 0.66005751953125 0.41412841796875 0.64835830078125 0.42958359375 0.62363076171875 0.418515625 0.6164779296875 0.4298150390625 0.59767216796875
0 0.335194921875 0.5587798828125 0.35120029296875 0.53845224609375 0.3616341796875 0.54302314453125 0.3672419921875 0.550598046875 0.36128359375 0.558160546875 0.3651794921875 0.56182724609375 0.37159609375 0.5551814453125 0.3772505859375 0.55807685546875 0.381064453125 0.56344736328125 0.36334609375 0.5840201171875 0.335194921875 0.5587798828125
0 0.30247548828125 0.49252099609375 0.3188763671875 0.50541357421875 0.31510146484375 0.5108138671875 0.32837509765625 0.5225056640625 0.31669697265625 0.53589287109375 0.3039279296875 0.52472626953125 0.2964251953125 0.5332109375 0.279076953125 0.517966796875 0.30247548828125 0.49252099609375
0 0.2457740234375 0.48593984375 0.24011162109375 0.4914978515625 0.2286533203125 0.4804978515625 0.25430400390625 0.453612890625 0.29121572265625 0.48783115234375 0.27571533203125 0.5032716796875 0.2703615234375 0.4983728515625 0.2644296875 0.5039591796875 0.25259677734375 0.49241455078125 0.25832890625 0.48690283203125 0.2560140625 0.48480849609375 0.249942578125 0.49043037109375 0.2457740234375 0.48593984375
0 0.1751755859375 0.56026650390625 0.1866931640625 0.54308564453125 0.19692568359375 0.5357306640625 0.20302607421875 0.54075146484375 0.206908203125 0.5448880859375 0.210792578125 0.5424333984375 0.2203091796875 0.5510521484375 0.19355498046875 0.57672890625 0.1883478515625 0.571880859375 0.18709091796875 0.5720603515625 0.1751755859375 0.56026650390625
0 0.14235546875 0.53176650390625 0.16744482421875 0.5073908203125 0.177876171875 0.5173291015625 0.18223037109375 0.5125166015625 0.1953189453125 0.52531591796875 0.176309765625 0.5447982421875 0.16573037109375 0.53566240234375 0.1564361328125 0.5436396484375 0.14235546875 0.53176650390625
0 0.1265439453125 0.51346484375 0.13422021484375 0.505908203125 0.1204943359375 0.491798828125 0.14033134765625 0.472805859375 0.1465216796875 0.47590107421875 0.1504609375 0.48237265625 0.14694375 0.4861712890625 0.16241943359375 0.50080283203125 0.1377990234375 0.524860546875 0.1265439453125 0.51346484375
0 0.08752333984375 0.4175443359375 0.0978701171875 0.4268923828125 0.09210322265625 0.43291923828125 0.1063400390625 0.44686982421875 0.08201982421875 0.4698150390625 0.07041376953125 0.45783623046875 0.08006298828125 0.44834755859375 0.07924365234375 0.4474451171875 0.07283427734375 0.45291640625 0.0623150390625 0.4411484375 0.08752333984375 0.4175443359375
0 0.1798361328125 0.41016455078125 0.192472265625 0.40467080078125 0.2050150390625 0.4299029296875 0.2012279296875 0.431796484375 0.21321416015625 0.4527404296875 0.19563232421875 0.46225390625 0.18463642578125 0.441026171875 0.1749154296875 0.445241015625 0.16835439453125 0.4278169921875 0.18377275390625 0.42054169921875 0.1798361328125 0.41016455078125
0 0.18628017578125 0.31589609375 0.20774072265625 0.3004318359375 0.23014794921875 0.32883544921875 0.1769701171875 0.3717564453125 0.158034375 0.34761337890625 0.1916453125 0.3217345703125 0.18628017578125 0.31589609375
0 0.27472275390625 0.28547421875 0.28571201171875 0.2907056640625 0.28942119140625 0.282669140625 0.305494140625 0.2900875 0.30203232421875 0.2978767578125 0.3129125 0.303316796875 0.3051232421875 0.32099716796875 0.30862744140625 0.32330400390625 0.3014140625 0.3390484375 0.283362890625 0.33088828125 0.2926357421875 0.31258974609375 0.28187919921875 0.3072732421875 0.27318056640625 0.32608583984375 0.25878662109375 0.3188888671875 0.27472275390625 0.28547421875
0 0.30735458984375 0.363295703125 0.32447314453125 0.3475869140625 0.3369595703125 0.3588650390625 0.34219580078125 0.35362880859375 0.35347392578125 0.36551103515625 0.34944599609375 0.37034453125 0.3615296875 0.38343515625 0.3415916015625 0.4023662109375 0.30735458984375 0.363295703125
0 0.38298310546875 0.40025751953125 0.39547333984375 0.4095994140625 0.40177646484375 0.40234921875 0.4131921875 0.41073388671875 0.38707470703125 0.440211328125 0.38848447265625 0.44162109375 0.37579658203125 0.4549130859375 0.36331015625 0.44363505859375 0.36995615234375 0.43638486328125 0.36512275390625 0.43195419921875 0.36713662109375 0.4297388671875 0.35928232421875 0.42490537109375 0.38298310546875 0.40025751953125
0 0.4674337890625 0.472869140625 0.44433330078125 0.506191015625 0.432094140625 0.49725185546875 0.4457580078125 0.47857412109375 0.455908203125 0.464501953125 0.4674337890625 0.472869140625
0 0.455908203125 0.464501953125 0.4457580078125 0.47857412109375 0.4285328125 0.466251171875 0.43886376953125 0.45213955078125 0.455908203125 0.464501953125
0 0.48774931640625 0.50423046875 0.500034375 0.51248759765625 0.50759169921875 0.51232822265625 0.5124888671875 0.52102392578125 0.5053763671875 0.53403681640625 0.5184724609375 0.54321083984375 0.50891357421875 0.55694990234375 0.47365166015625 0.53584931640625 0.4847283203125 0.517723828125 0.48070048828125 0.51530712890625 0.48774931640625 0.50423046875
0 0.406706640625 0.85708974609375 0.42031025390625 0.84026923828125 0.4452392578125 0.8569220703125 0.43559228515625 0.87128037109375 0.44158291015625 0.8762869140625 0.423637890625 0.90286494140625 0.39146708984375 0.8811892578125 0.40120830078125 0.86564609375 0.41107421875 0.8716513671875 0.41612236328125 0.86357744140625 0.406706640625 0.85708974609375
0 0.461128125 0.78990732421875 0.47522568359375 0.7949421875 0.48630244140625 0.8036021484375 0.48348291015625 0.8074287109375 0.4977818359375 0.816088671875 0.48630244140625 0.83199873046875 0.47321181640625 0.825352734375 0.459718359375 0.84488798828125 0.4379677734375 0.83038759765625 0.461128125 0.78990732421875
0 0.52142080078125 0.69386123046875 0.53299619140625 0.697330859375 0.5404095703125 0.7060876953125 0.5319 0.72099853515625 0.54190341796875 0.72791982421875 0.53056416015625 0.74567314453125 0.51950283203125 0.73881806640625 0.5160791015625 0.7438529296875 0.4969466796875 0.73136650390625 0.5015787109375 0.72310927734375 0.499967578125 0.72149814453125 0.51103076171875 0.706274609375 0.51257294921875 0.7073640625 0.52142080078125 0.69386123046875
0 0.53074443359375 0.6707044921875 0.5434322265625 0.65721103515625 0.548869921875 0.660634765625 0.55994658203125 0.64996083984375 0.55873818359375 0.6473427734375 0.56115498046875 0.6463357421875 0.5593423828125 0.6431134765625 0.57303720703125 0.628814453125 0.58451669921875 0.64069677734375 0.57928046875 0.64653720703125 0.5855236328125 0.65484833984375 0.57532314453125 0.66425986328125 0.5823013671875 0.67325205078125 0.5720302734375 0.68319091796875 0.56470947265625 0.6750916015625 0.547862890625 0.689635546875 0.53074443359375 0.6707044921875
0 0.58435224609375 0.75925380859375 0.58598876953125 0.75419765625 0.58316142578125 0.75265546875 0.59729833984375 0.729779296875 0.6106642578125 0.7395466796875 0.6093548828125 0.7423447265625 0.613584765625 0.74382314453125 0.6161671875 0.7479529296875 0.6137779296875 0.753198828125 0.6173591796875 0.75498603515625 0.6203970703125 0.7503421875 0.6348255859375 0.76010947265625 0.61886982421875 0.78236748046875 0.59433759765625 0.7651591796875 0.58741376953125 0.765035546875 0.58435224609375 0.75925380859375
0 0.69057060546875 0.81779765625 0.65973388671875 0.860444140625 0.6397228515625 0.8473220703125 0.672855859375 0.80762802734375 0.69057060546875 0.81779765625
0 0.590843359375 0.89587353515625 0.60822998046875 0.89324912109375 0.61085439453125 0.8952173828125 0.62364833984375 0.8935771484375 0.63250576171875 0.89915400390625 0.6361142578125 0.91457236328125 0.5934677734375 0.92408583984375 0.590843359375 0.89587353515625
0 0.93891982421875 0.99900517578125 0.93444755859375 0.9958994140625 0.9587232421875 0.97326396484375 0.9839177734375 0.99900419921875 0.93891982421875 0.99900517578125
0 0.9201107421875 0.92010146484375 0.9311875 0.93399765625 0.93581953125 0.93037255859375 0.95092412109375 0.94910224609375 0.94689619140625 0.95272734375 0.955958984375 0.9642068359375 0.93763212890625 0.978505859375 0.90299228515625 0.93278935546875 0.9201107421875 0.92010146484375
0 0.88075712890625 0.87076376953125 0.89103857421875 0.88310146484375 0.88795419921875 0.88567177734375 0.90132001953125 0.9031501953125 0.9051755859375 0.8998087890625 0.91545703125 0.912917578125 0.895408203125 0.92885380859375 0.8851169921875 0.915003125 0.8812517578125 0.91654541015625 0.87882451171875 0.913184375 0.8738919921875 0.91622978515625 0.86559208984375 0.90632900390625 0.873303125 0.9003228515625 0.8627646484375 0.88669990234375 0.88075712890625 0.87076376953125
0 0.8202443359375 0.83484443359375 0.83259306640625 0.82607490234375 0.838850390625 0.82000498046875 0.86676640625 0.85478251953125 0.84421025390625 0.87572744140625 0.825077734375 0.8545810546875 0.83252939453125 0.84813642578125 0.8202443359375 0.83484443359375
0 0.77603876953125 0.79086357421875 0.79942861328125 0.7717744140625 0.8062759765625 0.780031640625 0.80224814453125 0.7834552734375 0.8149359375 0.79694873046875 0.819225390625 0.793122265625 0.82851650390625 0.79834189453125 0.83393759765625 0.80781357421875 0.8104720703125 0.82885625 0.80426201171875 0.8227271484375 0.79540068359375 0.8293732421875 0.7843240234375 0.81728955078125 0.79117138671875 0.8110462890625 0.77603876953125 0.79086357421875
0 0.74897275390625 0.791538671875 0.73674990234375 0.77792451171875 0.74508642578125 0.7716458984375 0.72783017578125 0.74975234375 0.75043916015625 0.73300498046875 0.761325 0.747658984375 0.75613212890625 0.7513681640625 0.75947041015625 0.7564373046875 0.77503818359375 0.7445236328125 0.78833876953125 0.76135810546875 0.74897275390625 0.791538671875
0 0.717307421875 0.73682763671875 0.70554228515625 0.72114853515625 0.69911640625 0.72551806640625 0.69294755859375 0.716521875 0.6977271484375 0.71282900390625 0.68343720703125 0.6945697265625 0.70348603515625 0.67873759765625 0.71325341796875 0.6836212890625 0.7275416015625 0.70298857421875 0.7255072265625 0.70608857421875 0.7296728515625 0.7120947265625 0.72713447265625 0.71534765625 0.73352587890625 0.72420400390625 0.717307421875 0.73682763671875
0 0.637551953125 0.65593349609375 0.66909560546875 0.621793359375 0.6758373046875 0.6246765625 0.682327734375 0.6354103515625 0.6704455078125 0.64803837890625 0.6733568359375 0.65064248046875 0.67664287109375 0.647635546875 0.6922318359375 0.66481396484375 0.6740884765625 0.68183056640625 0.659294921875 0.6676373046875 0.653835546875 0.6705345703125 0.637551953125 0.65593349609375
0 0.61114521484375 0.57546015625 0.6224337890625 0.581985546875 0.64458046875 0.60181484375 0.63249296875 0.6175912109375 0.62107373046875 0.60844423828125 0.6181064453125 0.6109169921875 0.6104849609375 0.6054080078125 0.5954521484375 0.62194462890625 0.58093994140625 0.6098845703125 0.588995703125 0.60142607421875 0.58537060546875 0.59759951171875 0.60128076171875 0.5804810546875 0.60410029296875 0.58289775390625 0.61114521484375 0.57546015625
0 0.53785498046875 0.50466142578125 0.5020349609375 0.4786248046875 0.51639453125 0.45874228515625 0.52728251953125 0.46458076171875 0.5323369140625 0.46832412109375 0.52791376953125 0.4759421875 0.52933388671875 0.47704677734375 0.54274677734375 0.455744140625 0.54937421875 0.46095146484375 0.55647509765625 0.4492744140625 0.57162373046875 0.46032021484375 0.54946015625 0.492959375 0.54700732421875 0.49156416015625 0.53785498046875 0.50466142578125
0 0.57137802734375 0.42729521484375 0.569075390625 0.435155859375 0.5613537109375 0.4393759765625 0.53924853515625 0.4200982421875 0.57060693359375 0.38565546875 0.59322607421875 0.406475390625 0.57908916015625 0.42292568359375 0.57086396484375 0.41649970703125 0.5657232421875 0.4221544921875 0.57137802734375 0.42729521484375
0 0.63929765625 0.3531126953125 0.626322265625 0.37308662109375 0.628635546875 0.3748859375 0.6168119140625 0.39339248046875 0.59933349609375 0.38133134765625 0.62389501953125 0.34333564453125 0.63225361328125 0.34529755859375 0.63929765625 0.3531126953125
0 0.67057900390625 0.47595126953125 0.68105146484375 0.4813888671875 0.69267880859375 0.4911220703125 0.688255859375 0.49790322265625 0.69694638671875 0.50388388671875 0.68465361328125 0.52057919921875 0.674390234375 0.51304599609375 0.667588671875 0.52277919921875 0.6480228515625 0.50918125 0.67057900390625 0.47595126953125
0 0.71397490234375 0.54131806640625 0.74204267578125 0.5147837890625 0.75318310546875 0.52528427734375 0.76004453125 0.51979697265625 0.7736654296875 0.53317060546875 0.7686904296875 0.53961513671875 0.78125849609375 0.55222138671875 0.76138037109375 0.57290517578125 0.74441708984375 0.556455859375 0.75022587890625 0.54997802734375 0.740558984375 0.54131806640625 0.72646142578125 0.55380458984375 0.71397490234375 0.54131806640625
0 0.78004892578125 0.61487294921875 0.7706435546875 0.60361142578125 0.7970736328125 0.5803203125 0.8011763671875 0.58536982421875 0.8077583984375 0.57970380859375 0.81629990234375 0.5911083984375 0.810056640625 0.59634462890625 0.81723623046875 0.60393740234375 0.8235396484375 0.59900634765625 0.83361982421875 0.6116505859375 0.8126748046875 0.63078310546875 0.7911255859375 0.6056087890625 0.78004892578125 0.61487294921875
0 0.829891015625 0.62555595703125 0.8389865234375 0.6359138671875 0.84746865234375 0.628459765625 0.86648935546875 0.64850859375 0.84412724609375 0.669842578125 0.8156333984375 0.6389029296875 0.829891015625 0.62555595703125
0 0.85643916015625 0.69219296875 0.865061328125 0.68220927734375 0.8740982421875 0.6784123046875 0.90595283203125 0.71463642578125 0.88977744140625 0.72921103515625 0.85643916015625 0.69219296875
0 0.8891509765625 0.750183203125 0.90200283203125 0.74221513671875 0.9079146484375 0.747098828125 0.92418916015625 0.73685 0.9292486328125 0.74272919921875 0.93567451171875 0.7381025390625 0.9521248046875 0.76534833984375 0.93170986328125 0.7777953125 0.92142841796875 0.7636583984375 0.90626171875 0.77215166015625 0.8891509765625 0.750183203125
0 0.96404052734375 0.76675751953125 0.97552001953125 0.77843837890625 0.96665869140625 0.787501171875 0.969075390625 0.78991787109375 0.97270048828125 0.7862927734375 0.98545458984375 0.79975048828125 0.98215078125 0.80343427734375 0.99031103515625 0.8116837890625 0.97290185546875 0.8281828125 0.93783125 0.789507421875 0.96404052734375 0.76675751953125
0 0.99920166015625 0.86916826171875 0.98498212890625 0.85010302734375 0.9893171875 0.84571826171875 0.9818833984375 0.8382029296875 0.9992017578125 0.82389599609375 0.99920166015625 0.86916826171875
0 0.69621591796875 0.41815615234375 0.72239716796875 0.434469140625 0.69581318359375 0.48038701171875 0.67305556640625 0.462462890625 0.69138251953125 0.43809423828125 0.68453505859375 0.43265654296875 0.69621591796875 0.41815615234375
0 0.7317759765625 0.37388642578125 0.75098427734375 0.3824373046875 0.760841796875 0.39090966796875 0.75304560546875 0.4061767578125 0.7582958984375 0.4099486328125 0.74838193359375 0.42766982421875 0.7062474609375 0.400778125 0.71591357421875 0.38541142578125 0.72719072265625 0.39210341796875 0.73053671875 0.38615498046875 0.72595146484375 0.3829330078125 0.7317759765625 0.37388642578125
0 0.74538427734375 0.3448466796875 0.74667001953125 0.34128623046875 0.75299658203125 0.33527607421875 0.75837412109375 0.338123046875 0.76137919921875 0.3340107421875 0.7586083984375 0.331269921875 0.76047109375 0.3280689453125 0.75494775390625 0.32448515625 0.7659740234375 0.310957421875 0.779296875 0.3206234375 0.775865234375 0.32647734375 0.79179560546875 0.338888671875 0.77402138671875 0.36348857421875 0.76585478515625 0.356908203125 0.76445537109375 0.3586923828125 0.7524494140625 0.352113671875 0.75345869140625 0.34928759765625 0.74538427734375 0.3448466796875
0 0.791092578125 0.274001953125 0.8086697265625 0.256521875 0.83403515625 0.27943935546875 0.7995169921875 0.317836328125 0.7845333984375 0.30433212890625 0.80173232421875 0.2837142578125 0.791092578125 0.274001953125
0 0.8614361328125 0.220969140625 0.89217578125 0.25310126953125 0.87436650390625 0.267528125 0.8787951171875 0.2732220703125 0.85997998046875 0.29184853515625 0.83622421875 0.26551640625 0.85602587890625 0.2463517578125 0.845720703125 0.23410830078125 0.85224970703125 0.22692607421875 0.8614361328125 0.220969140625
0 0.87010517578125 0.2012130859375 0.8837603515625 0.18940888671875 0.88469833984375 0.19080732421875 0.90130537109375 0.17837353515625 0.90479599609375 0.1822916015625 0.91540693359375 0.18858203125 0.92173046875 0.20304697265625 0.9030591796875 0.21896640625 0.90072890625 0.2170244140625 0.89042822265625 0.22525087890625 0.87010517578125 0.2012130859375
0 0.92271484375 0.16734921875 0.9360146484375 0.15602255859375 0.9453322265625 0.16529306640625 0.95656171875 0.156594140625 0.956719921875 0.15469619140625 0.964469921875 0.148844140625 0.9744341796875 0.15532880859375 0.978230078125 0.165609375 0.9728525390625 0.1711451171875 0.9774392578125 0.17652265625 0.9499189453125 0.1986654296875 0.92271484375 0.16734921875
0 0.99920166015625 0.15794775390625 0.997144140625 0.159444921875 0.97492919921875 0.13036796875 0.97971015625 0.1264279296875 0.970001171875 0.115026171875 0.98310361328125 0.10530615234375 0.98540400390625 0.10850546875 0.99515966796875 0.102577734375 0.9941029296875 0.10043916015625 0.99724072265625 0.0983830078125 0.9986896484375 0.100913671875 0.9992015625 0.10066650390625 0.99920166015625 0.15794775390625
0 0.954102734375 0.00014013671875 0.96153642578125 0.00915546875 0.94603642578125 0.022757421875 0.94445478515625 0.02085947265625 0.92120478515625 0.04094619140625 0.90285791015625 0.01943603515625 0.92515888671875 0.000158203125 0.954102734375 0.00014013671875
0 0.84022578125 0.0394771484375 0.8925115234375 0.041198046875 0.89146640625 0.06258505859375 0.8788271484375 0.06252119140625 0.878267578125 0.06842109375 0.85521328125 0.0677796875 0.8562685546875 0.05950732421875 0.8380052734375 0.05866787109375 0.84022578125 0.0394771484375
0 0.82943720703125 7.2265625e-06 0.8503650390625 0.0001080078125 0.84156630859375 0.010889453125 0.82794375 7.2265625e-06 0.82943720703125 7.2265625e-06
0 0.762944921875 0.1023296875 0.7732501953125 0.1025873046875 0.78123671875 0.105163671875 0.78175205078125 0.1170146484375 0.796179296875 0.118496484375 0.796179296875 0.12680458984375 0.79731015625 0.12736142578125 0.7984634765625 0.13308115234375 0.79614990234375 0.14150693359375 0.79417705078125 0.1413080078125 0.79386064453125 0.16106953125 0.77085654296875 0.16068798828125 0.77141748046875 0.1454681640625 0.7672953125 0.14523017578125 0.7670412109375 0.12139443359375 0.76304599609375 0.12139443359375 0.762944921875 0.1023296875
0 0.7292943359375 0.20479228515625 0.71707568359375 0.21531708984375 0.6916115234375 0.18684775390625 0.70869306640625 0.17403662109375 0.7129634765625 0.178148828125 0.7235603515625 0.1697662109375 0.7284634765625 0.17482744140625 0.73569169921875 0.1684666015625 0.7482337890625 0.1817865234375 0.7267236328125 0.20155693359375 0.7292943359375 0.20479228515625
0 0.6406712890625 0.26315146484375 0.64592724609375 0.258672265625 0.639258203125 0.25265478515625 0.65217724609375 0.23832265625 0.65944423828125 0.2439748046875 0.671555859375 0.23166123046875 0.68084150390625 0.2363041015625 0.6921533203125 0.24854345703125 0.67599677734375 0.26577568359375 0.68573974609375 0.27567451171875 0.66973916015625 0.292825 0.6406712890625 0.26315146484375
0 0.6711068359375 0.20026611328125 0.68621865234375 0.21607763671875 0.671555859375 0.23166123046875 0.65553505859375 0.215603125 0.6711068359375 0.20026611328125
0 0.574914453125 0.19737353515625 0.58618798828125 0.18798056640625 0.5921083984375 0.18129111328125 0.6004689453125 0.18926845703125 0.60370634765625 0.18828212890625 0.6146068359375 0.19585576171875 0.61892001953125 0.192326953125 0.62950625 0.2015001953125 0.6221498046875 0.20968701171875 0.62618701171875 0.214771875 0.618314453125 0.22280791015625 0.60876826171875 0.23340947265625 0.597119140625 0.22321162109375 0.5983302734375 0.22038564453125 0.5948986328125 0.21816513671875 0.5914669921875 0.2201837890625 0.5761255859375 0.2064572265625 0.580768359375 0.2022181640625 0.574914453125 0.19737353515625
0 0.57901787109375 0.11950205078125 0.59003740234375 0.12397607421875 0.59325947265625 0.134137890625 0.574670703125 0.15408974609375 0.576653515625 0.15607255859375 0.57973125 0.15325556640625 0.58974130859375 0.157082421875 0.5923771484375 0.16368759765625 0.58613447265625 0.16948623046875 0.58513759765625 0.17470234375 0.5710650390625 0.184615234375 0.5653634765625 0.18004521484375 0.561756640625 0.18313681640625 0.54578349609375 0.1669060546875 0.54810224609375 0.16432978515625 0.54063095703125 0.1553126953125 0.57901787109375 0.11950205078125
0 0.71735595703125 0.04574375 0.7311865234375 0.05896162109375 0.72205927734375 0.0694482421875 0.72817646484375 0.0753712890625 0.73435966796875 0.06893046875 0.748529296875 0.0797509765625 0.7289494140625 0.10087666015625 0.72405439453125 0.09675458984375 0.71709443359375 0.1040990234375 0.68930400390625 0.07804462890625 0.71735595703125 0.04574375
0 0.646862109375 0.03113564453125 0.66046416015625 0.01642646484375 0.6759640625 0.02892138671875 0.67960185546875 0.02528359375 0.689882421875 0.030028515625 0.6968416015625 0.0385693359375 0.69320380859375 0.042365234375 0.7020609375 0.04995703125 0.688458984375 0.065298828125 0.646862109375 0.03113564453125
0 0.6342974609375 9.47265625e-06 0.63888310546875 0.0057857421875 0.64231474609375 0.012043359375 0.61486171875 0.02980712890625 0.60315380859375 0.0108322265625 0.5972998046875 0.014667578125 0.5882220703125 9.66796875e-06 0.621126171875 9.5703125e-06 0.62394541015625 0.0039689453125 0.62908203125 9.47265625e-06 0.6342974609375 9.47265625e-06
0 0.4496318359375 0.04906787109375 0.47560673828125 0.04992431640625 0.50470869140625 0.05198046875 0.523164453125 0.05432880859375 0.52546611328125 0.06628662109375 0.520533984375 0.08206953125 0.50705283203125 0.08239833984375 0.50606640625 0.08502880859375 0.49850380859375 0.08482763671875 0.495819140625 0.08917568359375 0.47318544921875 0.08771083984375 0.47164453125 0.08467548828125 0.4627125 0.08421904296875 0.463448828125 0.07739013671875 0.446223046875 0.07582216796875 0.4496318359375 0.04906787109375
0 0.37605263671875 0.10406650390625 0.40207333984375 0.11128017578125 0.3812052734375 0.17826416015625 0.3523505859375 0.1687318359375 0.35866064453125 0.15173203125 0.36085244140625 0.15224345703125 0.37605263671875 0.10406650390625
0 0.4243423828125 0.18265546875 0.43779853515625 0.19480888671875 0.42072548828125 0.21224833984375 0.439467578125 0.2308447265625 0.42360146484375 0.2468107421875 0.4032736328125 0.22684912109375 0.397196875 0.23207265625 0.38751572265625 0.2204685546875 0.4243423828125 0.18265546875
0 0.4730904296875 0.2485931640625 0.48339560546875 0.2565796875 0.48622958984375 0.25374580078125 0.49473134765625 0.2607017578125 0.4919919921875 0.26442275390625 0.5018015625 0.270061328125 0.50655302734375 0.27593134765625 0.48966357421875 0.294089453125 0.483640234375 0.28925986328125 0.47917890625 0.29248193359375 0.47205986328125 0.28609306640625 0.4663919921875 0.29135986328125 0.45737490234375 0.282600390625 0.46484619140625 0.2740986328125 0.45660205078125 0.267142578125 0.4730904296875 0.2485931640625
0 0.52071865234375 0.290643359375 0.5431251953125 0.3047736328125 0.54595126953125 0.303360546875 0.5558423828125 0.3063884765625 0.56048515625 0.31345361328125 0.540097265625 0.34110849609375 0.50860703125 0.3191056640625 0.5154703125 0.3106275390625 0.507799609375 0.305984765625 0.52071865234375 0.290643359375
0 0.00945087890625 4.00390625e-06 0.0143802734375 0.007148046875 0.0022142578125 0.02687666015625 0.00019990234375 0.02448369140625 0.00019990234375 3.80859375e-06 0.00945087890625 4.00390625e-06
0 0.027303515625 4.39453125e-06 0.03977294921875 0.00217197265625 0.04569150390625 0.00743291015625 0.04437626953125 0.02255810546875 0.0571998046875 0.0255173828125 0.05917265625 0.03834091796875 0.05161005859375 0.051493359375 0.042253515625 0.0496474609375 0.03957099609375 0.055145703125 0.02141162109375 0.05053603515625 0.02274970703125 0.0457537109375 0.00985126953125 0.03965625 0.01172001953125 0.0285724609375 0.018046484375 0.026041796875 0.0272765625 4.39453125e-06 0.027303515625 4.39453125e-06
0 0.06860791015625 0.0366052734375 0.086678515625 0.03237724609375 0.08384462890625 0.0192380859375 0.1047126953125 0.01382783203125 0.11682138671875 0.05710986328125 0.07649931640625 0.0684998046875 0.06860791015625 0.0366052734375
0 0.15439501953125 6.93359375e-06 0.162663671875 0.007590234375 0.15055205078125 0.0190962890625 0.13985341796875 0.00658095703125 0.1257232421875 0.0174814453125 0.10968466796875 6.15234375e-06 0.15439501953125 6.93359375e-06
0 0.087465625 0.4754716796875 0.09364677734375 0.469624609375 0.093980859375 0.46812109375 0.11319248046875 0.44924365234375 0.12455234375 0.4609376953125 0.1288958984375 0.45726240234375 0.13925341796875 0.46711875 0.11313974609375 0.49186083984375 0.10846220703125 0.49202783203125 0.10562216796875 0.4816703125 0.10762685546875 0.479665625 0.1067916015625 0.47883037109375 0.100109375 0.484176171875 0.09643408203125 0.48467734375 0.087465625 0.4754716796875
0 0.0353580078125 0.42246875 0.05864697265625 0.39890087890625 0.05814580078125 0.39706318359375 0.0629904296875 0.3932208984375 0.06917158203125 0.39789853515625 0.07418330078125 0.40391259765625 0.07668916015625 0.40407958984375 0.0850419921875 0.4122654296875 0.07568681640625 0.42095244140625 0.06983974609375 0.42663232421875 0.056809375 0.44016396484375 0.04862353515625 0.43164404296875 0.054303515625 0.42596416015625 0.053301171875 0.4252958984375 0.04473935546875 0.43206328125 0.0353580078125 0.42246875
0 0.0686349609375 0.65744462890625 0.08613427734375 0.64684765625 0.08938515625 0.6501470703125 0.0991443359375 0.64409482421875 0.10980078125 0.6570818359375 0.118329296875 0.670940625 0.0978609375 0.6837333984375 0.0863474609375 0.68032197265625 0.08250966796875 0.67315185546875 0.0889234375 0.66935595703125 0.08696005859375 0.66608359375 0.07661943359375 0.67145029296875 0.0686349609375 0.65744462890625
0 0.000200390625 0.46162578125 0.007859375 0.46832900390625 0.007709765625 0.47191787109375 0.0184763671875 0.4823853515625 0.007709765625 0.49330146484375 0.000200390625 0.4863103515625 0.000200390625 0.46162578125
0 0.000200390625 0.70107841796875 0.00382216796875 0.6973943359375 0.009953125 0.70307666015625 0.00020029296875 0.713773046875 0.000200390625 0.70107841796875
