4 0.00378564453125 0.91025361328125 0.01632578125 0.8990662109375 0.02032734375 0.9032978515625 0.03205009765625 0.89293837890625 0.04311201171875 0.90354453125 0.01619765625 0.93070888671875 0.00385673828125 0.92076572265625 0.00921728515625 0.914786328125 0.00378564453125 0.91025361328125
4 0.08011884765625 0.92436044921875 0.084339453125 0.92734931640625 0.08687568359375 0.9333974609375 0.0739015625 0.94510341796875 0.06580126953125 0.9358146484375 0.08011884765625 0.92436044921875
4 0.08505166015625 0.94083564453125 0.091027734375 0.9479322265625 0.06575400390625 0.97096494140625 0.0589064453125 0.9637439453125 0.08505166015625 0.94083564453125
4 0.102787109375 0.953333203125 0.11666875 0.965582421875 0.09258134765625 0.98897763671875 0.0917724609375 0.988258984375 0.0868701171875 0.9930220703125 0.08762578125 0.99388779296875 0.08282578125 0.99882451171875 0.071150390625 0.9857810546875 0.08433232421875 0.97503271484375 0.08717158203125 0.97746630859375 0.09650029296875 0.9687458984375 0.0918359375 0.9626619140625 0.102787109375 0.953333203125
4 0.12343759765625 0.96812607421875 0.1297935546875 0.9700328125 0.13138251953125 0.97575322265625 0.11358583984375 0.99323203125 0.1051642578125 0.9846515625 0.12343759765625 0.96812607421875
4 0.12809794921875 0.999006640625 0.11992890625 0.99135107421875 0.1329943359375 0.9787236328125 0.14505380859375 0.98949462890625 0.1508236328125 0.98436318359375 0.165751953125 0.99900732421875 0.12809794921875 0.999006640625
0 0.188631640625 0.99900771484375 0.183255859375 0.99349287109375 0.1864212890625 0.9899662109375 0.1696833984375 0.97322763671875 0.18144365234375 0.96181044921875 0.19245908203125 0.9687791015625 0.19866904296875 0.97627021484375 0.19440166015625 0.98085546875 0.2118447265625 0.997380859375 0.2101666015625 0.9990080078125 0.188631640625 0.99900771484375
0 0.19233994140625 0.96065166015625 0.2081365234375 0.94561904296875 0.2367865234375 0.97565615234375 0.22107626953125 0.9916318359375 0.20716982421875 0.97855498046875 0.21082451171875 0.97505927734375 0.204786328125 0.96886220703125 0.20155498046875 0.97119296875 0.19233994140625 0.96065166015625
0 0.141073046875 0.943277734375 0.16889462890625 0.91408037109375 0.1769201171875 0.920730078125 0.14848701171875 0.9505388671875 0.141073046875 0.943277734375
0 0.151409375 0.8834748046875 0.16125478515625 0.8919220703125 0.15313974609375 0.90200908203125 0.156184765625 0.9046984375 0.14705576171875 0.91448583984375 0.14206220703125 0.91063564453125 0.12231728515625 0.9322791015625 0.11359697265625 0.92457275390625 0.151409375 0.8834748046875
0 0.02874267578125 0.7848533203125 0.0403021484375 0.796615625 0.0330513671875 0.804242578125 0.0366517578125 0.808580859375 0.03117626953125 0.8142591796875 0.0267146484375 0.80959482421875 0.01191025390625 0.82297958984375 0.00075634765625 0.8116228515625 0.02874267578125 0.7848533203125
0 0.0495513671875 0.8045158203125 0.0562744140625 0.806632421875 0.05863994140625 0.8119859375 0.0247755859375 0.84572578125 0.016060546875 0.83676171875 0.0495513671875 0.8045158203125
4 0.052822265625 0.865224609375 0.04696640625 0.8706529296875 0.04067958984375 0.8633521484375 0.0461328125 0.85822265625 0.052822265625 0.865224609375
0 0.0852955078125 0.83374345703125 0.07961708984375 0.84003017578125 0.08423525390625 0.8442427734375 0.07333037109375 0.854226171875 0.06907158203125 0.85017021484375 0.05318359375 0.864892578125 0.046484375 0.857890625 0.07840029296875 0.8278623046875 0.0852955078125 0.83374345703125
4 0.0997341796875 0.84956005859375 0.10560869140625 0.85312138671875 0.10813134765625 0.8575837890625 0.102656640625 0.86316328125 0.10717138671875 0.867907421875 0.07706201171875 0.89628359375 0.06229892578125 0.880390234375 0.0762583984375 0.8669310546875 0.0791228515625 0.8705546875 0.0997341796875 0.84956005859375
4 0.09290791015625 0.90222509765625 0.1200830078125 0.87505 0.1369294921875 0.8895552734375 0.1104873046875 0.914485546875 0.10568427734375 0.91439306640625 0.09290791015625 0.90222509765625
0 0.0845935546875 0.9106076171875 0.08870205078125 0.90664326171875 0.09498388671875 0.91257998046875 0.09119208984375 0.91633466796875 0.0845935546875 0.9106076171875
0 0.107241015625 0.9154193359375 0.11097607421875 0.91853193359375 0.1042529296875 0.92525498046875 0.10089140625 0.9217689453125 0.107241015625 0.9154193359375
0 0.36237763671875 0.9990095703125 0.35674873046875 0.99485908203125 0.3624693359375 0.98858017578125 0.35232060546875 0.9794107421875 0.366584375 0.96535234375 0.3964646484375 0.994112109375 0.3987056640625 0.992742578125 0.40306318359375 0.9971001953125 0.40105107421875 0.999009765625 0.36237763671875 0.9990095703125
0 0.35656923828125 0.957898828125 0.3624484375 0.96298359375 0.3549068359375 0.97064990234375 0.34894208984375 0.9655259765625 0.35656923828125 0.957898828125
0 0.34397265625 0.9470060546875 0.3504466796875 0.95464658203125 0.31223310546875 0.98720654296875 0.30480078125 0.97895693359375 0.32148388671875 0.9655107421875 0.3159408203125 0.9594236328125 0.32621494140625 0.951815625 0.33135458984375 0.9575751953125 0.34397265625 0.9470060546875
0 0.26310302734375 0.92485341796875 0.26784248046875 0.91938154296875 0.27295478515625 0.9156373046875 0.2774291015625 0.9195263671875 0.29119189453125 0.906566015625 0.30362216796875 0.91881533203125 0.2691412109375 0.9526607421875 0.25595263671875 0.93899541015625 0.266598828125 0.9286669921875 0.26310302734375 0.92485341796875
0 0.24688583984375 0.897806640625 0.25095322265625 0.90246220703125 0.27098759765625 0.8808044921875 0.2790046875 0.8873455078125 0.24687763671875 0.9209927734375 0.24092958984375 0.915285546875 0.2439486328125 0.9119486328125 0.23849033203125 0.9067951171875 0.24688583984375 0.897806640625
0 0.2449875 0.8581923828125 0.25541650390625 0.86940791015625 0.247548828125 0.876972265625 0.24535966796875 0.87458310546875 0.22168369140625 0.89778232421875 0.21485107421875 0.8914263671875 0.23471337890625 0.8696572265625 0.2302763671875 0.8640314453125 0.2362138671875 0.8577337890625 0.2410693359375 0.86187119140625 0.2449875 0.8581923828125
0 0.25316298828125 0.871622265625 0.25541650390625 0.86940791015625 0.2541458984375 0.86801474609375 0.2572822265625 0.8643880859375 0.2631130859375 0.86411083984375 0.26510166015625 0.8670818359375 0.2581138671875 0.87542666015625 0.25316298828125 0.871622265625
0 0.24273740234375 0.8471357421875 0.237652734375 0.85317392578125 0.230478515625 0.84669921875 0.2361328125 0.841044921875 0.24273740234375 0.8471357421875
0 0.235771484375 0.840712890625 0.2301171875 0.846376953125 0.223740234375 0.840625 0.229267578125 0.834716796875 0.235771484375 0.840712890625
0 0.229267578125 0.834716796875 0.223740234375 0.840625 0.21493017578125 0.8326759765625 0.22033271484375 0.82647890625 0.229267578125 0.834716796875
0 0.2197951171875 0.8389265625 0.227285546875 0.84565263671875 0.1948357421875 0.87787314453125 0.18838125 0.871869140625 0.1973177734375 0.86267421875 0.19372451171875 0.85962001953125 0.20486357421875 0.8485408203125 0.208029296875 0.85106142578125 0.2197951171875 0.8389265625
0 0.192477734375 0.80918984375 0.20375947265625 0.8174525390625 0.20508095703125 0.82511396484375 0.170535546875 0.8561373046875 0.16232314453125 0.8486439453125 0.1699140625 0.842399609375 0.16133359375 0.835884765625 0.192477734375 0.80918984375
0 0.14224677734375 0.82634404296875 0.14870966796875 0.820157421875 0.14230859375 0.8141298828125 0.168942578125 0.7894615234375 0.18210654296875 0.8038259765625 0.14975283203125 0.834108984375 0.14224677734375 0.82634404296875
0 0.14921298828125 0.76983974609375 0.1422939453125 0.77691015625 0.1325427734375 0.76757734375 0.14021943359375 0.760489453125 0.14921298828125 0.76983974609375
0 0.15612421875 0.76278017578125 0.149738671875 0.7695984375 0.14053427734375 0.76011083984375 0.1473384765625 0.75346953125 0.15612421875 0.76278017578125
0 0.15548310546875 0.76591416015625 0.16398525390625 0.774026171875 0.1258435546875 0.81213701171875 0.11684599609375 0.80433310546875 0.12475517578125 0.796018359375 0.11991875 0.7912255859375 0.131049609375 0.78071083984375 0.13651748046875 0.7850671875 0.15548310546875 0.76591416015625
0 0.09321708984375 0.77071240234375 0.117051953125 0.74592421875 0.12785703125 0.74878447265625 0.13357734375 0.75609375 0.106087890625 0.78342431640625 0.09321708984375 0.77071240234375
0 0.08733994140625 0.73465478515625 0.09171572265625 0.73862724609375 0.10202119140625 0.7269466796875 0.1095283203125 0.7332845703125 0.08394560546875 0.7613521484375 0.0765140625 0.75519658203125 0.08221611328125 0.74867939453125 0.0784048828125 0.74518359375 0.08733994140625 0.73465478515625
0 0.0902478515625 0.71578212890625 0.09713076171875 0.70852314453125 0.107216796875 0.716889453125 0.10153349609375 0.72402021484375 0.0902478515625 0.71578212890625
0 0.1404484375 0.66132265625 0.147986328125 0.6678337890625 0.1448060546875 0.67115830078125 0.1487900390625 0.67485390625 0.1404484375 0.684230859375 0.13677880859375 0.680849609375 0.12086240234375 0.69775341796875 0.1133072265625 0.69095390625 0.11853623046875 0.68547587890625 0.11704228515625 0.6836083984375 0.1195322265625 0.68099384765625 0.12102626953125 0.68236337890625 0.1404484375 0.66132265625
0 0.1659982421875 0.682868359375 0.17160078125 0.68660341796875 0.17618603515625 0.6965208984375 0.15981357421875 0.71212333984375 0.15708818359375 0.70860947265625 0.1417369140625 0.72365244140625 0.13325439453125 0.71648369140625 0.13337890625 0.71362021484375 0.1659982421875 0.682868359375
0 0.19004287109375 0.7017181640625 0.19543671875 0.704015234375 0.1991080078125 0.7096982421875 0.16520380859375 0.744160546875 0.16181611328125 0.74139482421875 0.157487890625 0.74583330078125 0.15246162109375 0.7412828125 0.15736357421875 0.735971875 0.1564794921875 0.7352673828125 0.19004287109375 0.7017181640625
0 0.20791005859375 0.7302416015625 0.21650068359375 0.73858310546875 0.18923486328125 0.7665958984375 0.1806443359375 0.75837880859375 0.20791005859375 0.7302416015625
0 0.2382447265625 0.74842255859375 0.24491845703125 0.75525517578125 0.2136154296875 0.78671708984375 0.20582939453125 0.77956669921875 0.2382447265625 0.74842255859375
0 0.21043740234375 0.75461962890625 0.21599892578125 0.76002216796875 0.2067828125 0.76907939453125 0.2012212890625 0.76351796875 0.21043740234375 0.75461962890625
0 0.2279486328125 0.7369861328125 0.232826171875 0.73240126953125 0.237118359375 0.73630322265625 0.23253349609375 0.74079052734375 0.2279486328125 0.7369861328125
0 0.208678515625 0.797859765625 0.21535224609375 0.79118603515625 0.2226615234375 0.79833642578125 0.21710009765625 0.80485126953125 0.208678515625 0.797859765625
0 0.2598689453125 0.7717279296875 0.26810654296875 0.7791599609375 0.2379158203125 0.80850595703125 0.230288671875 0.80056103515625 0.2598689453125 0.7717279296875
0 0.2476552734375 0.80508603515625 0.25244619140625 0.8098533203125 0.2446388671875 0.8169310546875 0.24007138671875 0.8117859375 0.2476552734375 0.80508603515625
0 0.28408408203125 0.79392568359375 0.29158759765625 0.801429296875 0.28185322265625 0.8119748046875 0.28550361328125 0.816030859375 0.27941962890625 0.82130361328125 0.27552021484375 0.8180267578125 0.25244736328125 0.8399611328125 0.24494375 0.832051953125 0.28408408203125 0.79392568359375
0 0.30504033203125 0.81934453125 0.31769609375 0.8331939453125 0.31315234375 0.83719091796875 0.31648701171875 0.8411416015625 0.30787958984375 0.84935888671875 0.30443193359375 0.84530283203125 0.28881640625 0.85929599609375 0.2760400390625 0.84408603515625 0.30504033203125 0.81934453125
0 0.3287150390625 0.84045751953125 0.3417447265625 0.8533283203125 0.324742578125 0.86969482421875 0.3196578125 0.8649279296875 0.3032912109375 0.881135546875 0.295823046875 0.87382626953125 0.3287150390625 0.84045751953125
0 0.299036328125 0.8880060546875 0.3093791015625 0.87786611328125 0.31627431640625 0.8841529296875 0.30552587890625 0.894495703125 0.299036328125 0.8880060546875
0 0.3423634765625 0.87468623046875 0.339980078125 0.872302734375 0.35016259765625 0.86264423828125 0.3555265625 0.865528125 0.36031904296875 0.87134931640625 0.328711328125 0.90359267578125 0.32095966796875 0.8966912109375 0.3423634765625 0.87468623046875
0 0.338378125 0.90392734375 0.3442296875 0.908409375 0.33514111328125 0.9181205078125 0.3300365234375 0.91301591796875 0.338378125 0.90392734375
0 0.372616015625 0.8877421875 0.38108203125 0.8920998046875 0.38656015625 0.8983248046875 0.381580078125 0.90380283203125 0.38680908203125 0.9095298828125 0.37722255859375 0.9194900390625 0.37178154296875 0.915392578125 0.36383212890625 0.9239033203125 0.3498322265625 0.9111484375 0.372616015625 0.8877421875
0 0.37943359375 0.950078125 0.373512109375 0.9562546875 0.36429482421875 0.947018359375 0.37076171875 0.940751953125 0.37943359375 0.950078125
0 0.41283740234375 0.915473046875 0.37943359375 0.950078125 0.37076171875 0.940751953125 0.40330576171875 0.90736103515625 0.41283740234375 0.915473046875
0 0.40100400390625 0.9608333984375 0.40751884765625 0.96773115234375 0.402242578125 0.97303994140625 0.395727734375 0.96636611328125 0.40100400390625 0.9608333984375
0 0.39629423828125 0.95603251953125 0.42508896484375 0.9275228515625 0.432738671875 0.935227734375 0.42650888671875 0.941443359375 0.43199169921875 0.946930859375 0.42589111328125 0.95365390625 0.4199150390625 0.94792685546875 0.4042279296875 0.9642365234375 0.39629423828125 0.95603251953125
0 0.44474033203125 0.954610546875 0.45360791015625 0.95892333984375 0.4599208984375 0.966398828125 0.4551421875 0.97267998046875 0.4586013671875 0.9762908203125 0.4498900390625 0.98425869140625 0.44511533203125 0.98007021484375 0.4269515625 0.99638154296875 0.42066708984375 0.98937880859375 0.41474169921875 0.99458603515625 0.40791845703125 0.98776279296875 0.44474033203125 0.954610546875
0 0.48280400390625 0.99901005859375 0.47087626953125 0.9890869140625 0.48553720703125 0.97453623046875 0.51223603515625 0.99901005859375 0.48280400390625 0.99901005859375
0 0.4620703125 0.9944921875 0.4579248046875 0.998301953125 0.4504296875 0.991572265625 0.45462890625 0.987490234375 0.4620703125 0.9944921875
0 0.46777060546875 0.9892564453125 0.462431640625 0.99416015625 0.45498046875 0.9871484375 0.46017001953125 0.9820876953125 0.46777060546875 0.9892564453125
0 0.455 0.99615234375 0.45246416015625 0.99833984375 0.44793818359375 0.99399697265625 0.450078125 0.9919140625 0.455 0.99615234375
0 0.536941015625 0.95819326171875 0.54551123046875 0.9496166015625 0.577832421875 0.98045517578125 0.57139072265625 0.9875419921875 0.56327421875 0.992400390625 0.55618173828125 0.98493466796875 0.55468857421875 0.9860544921875 0.542743359375 0.974855859375 0.54796943359375 0.970003125 0.536941015625 0.95819326171875
0 0.55439326171875 0.94629404296875 0.56745576171875 0.93254404296875 0.5949556640625 0.96050234375 0.5837265625 0.97196064453125 0.57868486328125 0.96760654296875 0.57501826171875 0.97058564453125 0.5706640625 0.96668984375 0.57249736328125 0.96416904296875 0.55439326171875 0.94629404296875
0 0.53891162109375 0.94500615234375 0.5443130859375 0.9494810546875 0.52877021484375 0.96639130859375 0.52347900390625 0.96187177734375 0.53891162109375 0.94500615234375
0 0.51333828125 0.94933857421875 0.51782724609375 0.94449052734375 0.51351787109375 0.94071982421875 0.52590732421875 0.92904853515625 0.5293189453125 0.9331783203125 0.54578134765625 0.9166306640625 0.554995703125 0.925457421875 0.522495703125 0.95939384765625 0.51333828125 0.94933857421875
0 0.51251630859375 0.89603857421875 0.52741962890625 0.90842802734375 0.49581748046875 0.9405689453125 0.4839666015625 0.92799990234375 0.485403125 0.92333134765625 0.51251630859375 0.89603857421875
0 0.51886689453125 0.8988001953125 0.525862890625 0.89111328125 0.5343271484375 0.89854111328125 0.527590234375 0.906314453125 0.51886689453125 0.8988001953125
0 0.4720287109375 0.91498173828125 0.46348134765625 0.90731484375 0.50052783203125 0.87427333984375 0.50712734375 0.88186142578125 0.4720287109375 0.91498173828125
0 0.47346708984375 0.85021591796875 0.48092353515625 0.8578130859375 0.45166044921875 0.8873576171875 0.44406328125 0.88004189453125 0.47346708984375 0.85021591796875
0 0.49180283203125 0.86605673828125 0.499275390625 0.85995009765625 0.5076953125 0.8680744140625 0.50052783203125 0.87427333984375 0.49180283203125 0.86605673828125
0 0.45442314453125 0.82445234375 0.46296240234375 0.832432421875 0.43046240234375 0.86439365234375 0.422202734375 0.85577490234375 0.45442314453125 0.82445234375
0 0.438486328125 0.812197265625 0.42967685546875 0.821171875 0.43446025390625 0.82567392578125 0.4251748046875 0.8353814453125 0.42053212890625 0.8303166015625 0.403930859375 0.8457923828125 0.396896484375 0.83833583984375 0.4053431640625 0.8303326171875 0.40323818359375 0.82790361328125 0.4068853515625 0.82426708984375 0.4087142578125 0.82637734375 0.430380859375 0.80515625 0.438486328125 0.812197265625
0 0.4441677734375 0.806399609375 0.438828125 0.811845703125 0.430732421875 0.804814453125 0.4360078125 0.79964658203125 0.4441677734375 0.806399609375
0 0.4478775390625 0.813310546875 0.45427109375 0.81904267578125 0.44864921875 0.82543623046875 0.44214541015625 0.81959384765625 0.4478775390625 0.813310546875
0 0.41965791015625 0.79677568359375 0.425059375 0.79115380859375 0.43068125 0.79600400390625 0.42516953125 0.80162587890625 0.41965791015625 0.79677568359375
0 0.37484658203125 0.81662294921875 0.38356923828125 0.8077595703125 0.38149150390625 0.80471953125 0.38487255859375 0.801860546875 0.3869111328125 0.8040453125 0.4097373046875 0.77890869140625 0.4176158203125 0.78623427734375 0.40692353515625 0.79706728515625 0.411144140625 0.8007251953125 0.40298427734375 0.809869921875 0.3984822265625 0.8060712890625 0.38314716796875 0.82323525390625 0.37484658203125 0.81662294921875
0 0.3955662109375 0.77963701171875 0.3989833984375 0.776440234375 0.4025109375 0.77269228515625 0.4081328125 0.7780369140625 0.4057076171875 0.78217236328125 0.4013919921875 0.78483935546875 0.3955662109375 0.77963701171875
0 0.3866341796875 0.772019921875 0.36041875 0.80056962890625 0.3523841796875 0.79443740234375 0.35960029296875 0.78670283203125 0.3553681640625 0.78307529296875 0.36365966796875 0.77426552734375 0.36763271484375 0.7772884765625 0.378232421875 0.76509765625 0.3866341796875 0.772019921875
0 0.38751103515625 0.7667349609375 0.38467744140625 0.77043271484375 0.378232421875 0.76509765625 0.38111962890625 0.76181181640625 0.38751103515625 0.7667349609375
0 0.360068359375 0.738896484375 0.3643837890625 0.74437294921875 0.36552734375 0.74582353515625 0.333421484375 0.77812607421875 0.325511328125 0.7701216796875 0.3577560546875 0.73828017578125 0.360068359375 0.738896484375
0 0.36986826171875 0.73953291015625 0.3643837890625 0.74437294921875 0.360068359375 0.738896484375 0.36448154296875 0.73432568359375 0.36986826171875 0.73953291015625
0 0.34030283203125 0.7257755859375 0.3120484375 0.754469921875 0.30432314453125 0.74734912109375 0.31135751953125 0.7400333984375 0.30798095703125 0.7358126953125 0.3141951171875 0.729430859375 0.318110546875 0.7332802734375 0.33249453125 0.71909033203125 0.34030283203125 0.7257755859375
0 0.345966796875 0.72000263671875 0.34030283203125 0.7257755859375 0.33249453125 0.71909033203125 0.33793603515625 0.7128275390625 0.345966796875 0.72000263671875
0 0.324268359375 0.7072810546875 0.331302734375 0.70615556640625 0.3324283203125 0.7124865234375 0.32539384765625 0.713752734375 0.324268359375 0.7072810546875
0 0.28814990234375 0.73246923828125 0.27997587890625 0.72505302734375 0.31214521484375 0.6936951171875 0.31989208984375 0.700516796875 0.28814990234375 0.73246923828125
0 0.30585283203125 0.6904880859375 0.3095072265625 0.6868337890625 0.3147703125 0.6910869140625 0.3110388671875 0.69475673828125 0.30585283203125 0.6904880859375
0 0.2995607421875 0.6785279296875 0.26326318359375 0.71426279296875 0.25974599609375 0.71440341796875 0.25243017578125 0.705821484375 0.282999609375 0.674606640625 0.288799609375 0.6691375 0.2995607421875 0.6785279296875
4 0.288799609375 0.6691375 0.282999609375 0.674606640625 0.27620654296875 0.66910185546875 0.2821154296875 0.66305224609375 0.288799609375 0.6691375
0 0.2577935546875 0.64546064453125 0.26551455078125 0.65102685546875 0.2735947265625 0.6580296875 0.24073564453125 0.6890931640625 0.23606708984375 0.68945224609375 0.22475498046875 0.677960546875 0.2577935546875 0.64546064453125
0 0.20638369140625 0.65718798828125 0.2127162109375 0.6504580078125 0.21071171875 0.64831728515625 0.21781591796875 0.64098388671875 0.21987841796875 0.64304638671875 0.2398158203125 0.62356728515625 0.24921162109375 0.63319228515625 0.21506591796875 0.66710888671875 0.20638369140625 0.65718798828125
0 0.18323388671875 0.63653525390625 0.2190853515625 0.6022125 0.22741953125 0.6100302734375 0.1912546875 0.645014453125 0.18323388671875 0.63653525390625
0 0.26390224609375 0.54554267578125 0.2689298828125 0.55523876953125 0.2412779296875 0.58091552734375 0.2261951171875 0.56529404296875 0.2362109375 0.556142578125 0.23862744140625 0.55626875 0.240040234375 0.55518193359375 0.242365625 0.55306796875 0.242861328125 0.550283203125 0.254565234375 0.53979677734375 0.26390224609375 0.54554267578125
0 0.242861328125 0.550283203125 0.242365625 0.55306796875 0.240040234375 0.55518193359375 0.23862744140625 0.55626875 0.2362109375 0.556142578125 0.2338296875 0.551733984375 0.23994150390625 0.54724501953125 0.242861328125 0.550283203125
0 0.25328125 0.601826171875 0.2469435546875 0.60744375 0.2399666015625 0.6013384765625 0.24616708984375 0.5951505859375 0.25328125 0.601826171875
0 0.28896376953125 0.57005595703125 0.2828587890625 0.57544267578125 0.2887841796875 0.58178408203125 0.27108974609375 0.59848291015625 0.26585419921875 0.5926677734375 0.25471943359375 0.60282724609375 0.2532982421875 0.601812109375 0.25328125 0.601826171875 0.24616708984375 0.5951505859375 0.24490234375 0.593955078125 0.28088359375 0.5623349609375 0.28896376953125 0.57005595703125
0 0.2980087890625 0.58882900390625 0.3111166015625 0.6012185546875 0.28347734375 0.628773828125 0.27897568359375 0.633359375 0.26497021484375 0.62043125 0.2980087890625 0.58882900390625
4 0.27795673828125 0.63448583984375 0.27897568359375 0.633359375 0.28347734375 0.628773828125 0.28782607421875 0.6313880859375 0.29058994140625 0.63579296875 0.283939453125 0.64123427734375 0.27795673828125 0.63448583984375
4 0.32119248046875 0.60960537109375 0.32628388671875 0.6120248046875 0.330132421875 0.61687666015625 0.3262572265625 0.62128251953125 0.32987060546875 0.62420498046875 0.3171125 0.6371802734375 0.313617578125 0.63420361328125 0.29892900390625 0.64950654296875 0.28995966796875 0.641963671875 0.2957279296875 0.63689892578125 0.29207001953125 0.63352236328125 0.29826025390625 0.62684599609375 0.3011283203125 0.62989921875 0.32119248046875 0.60960537109375
4 0.35034140625 0.6274794921875 0.36437275390625 0.640473828125 0.3559982421875 0.64795322265625 0.3588205078125 0.65149990234375 0.35024755859375 0.659426953125 0.34703916015625 0.65674462890625 0.333664453125 0.6688904296875 0.32151865234375 0.65559873046875 0.35034140625 0.6274794921875
4 0.3703142578125 0.651121875 0.37776806640625 0.65459453125 0.38491376953125 0.66224873046875 0.35570224609375 0.69142548828125 0.34728330078125 0.686824609375 0.34510615234375 0.67721328125 0.3703142578125 0.651121875
4 0.39675595703125 0.67004189453125 0.40547861328125 0.67834248046875 0.3726982421875 0.7129517578125 0.36467900390625 0.7050732421875 0.39675595703125 0.67004189453125
4 0.42633349609375 0.6868828125 0.43664599609375 0.6951328125 0.3983751953125 0.73432021484375 0.3887501953125 0.7256119140625 0.42633349609375 0.6868828125
4 0.4107501953125 0.75150771484375 0.447416796875 0.71507021484375 0.45864599609375 0.726528515625 0.42335439453125 0.762278515625 0.4107501953125 0.75150771484375
4 0.46647548828125 0.7395861328125 0.47983525390625 0.75178408203125 0.44911103515625 0.78254462890625 0.43650693359375 0.77016962890625 0.46647548828125 0.7395861328125
4 0.4883517578125 0.7643361328125 0.497841015625 0.771193359375 0.48851083984375 0.780841796875 0.49142763671875 0.78390791015625 0.48547333984375 0.78983603515625 0.48213212890625 0.78664814453125 0.473766015625 0.79506123046875 0.477783984375 0.79948525390625 0.46985732421875 0.8065322265625 0.45764736328125 0.79504052734375 0.4883517578125 0.7643361328125
4 0.510456640625 0.7883787109375 0.51817763671875 0.795740625 0.4912439453125 0.8224947265625 0.48352294921875 0.81531240234375 0.510456640625 0.7883787109375
4 0.53827783203125 0.805573828125 0.54668291015625 0.812590234375 0.5367345703125 0.82386826171875 0.5412234375 0.828650390625 0.533695703125 0.8368759765625 0.5290271484375 0.8321142578125 0.514828515625 0.8466720703125 0.50620966796875 0.83841240234375 0.53827783203125 0.805573828125
0 0.5637021484375 0.82846259765625 0.57112998046875 0.83527900390625 0.56255888671875 0.8444091796875 0.56760693359375 0.85030732421875 0.559147265625 0.858773828125 0.55304228515625 0.85266884765625 0.538677734375 0.86595615234375 0.53139541015625 0.8592669921875 0.5637021484375 0.82846259765625
0 0.53717607421875 0.86619208984375 0.54244462890625 0.87163349609375 0.536571484375 0.8771611328125 0.5313029296875 0.87171982421875 0.53717607421875 0.86619208984375
0 0.58458896484375 0.8502341796875 0.590684765625 0.85387607421875 0.596978515625 0.86336689453125 0.57459072265625 0.88341845703125 0.570555078125 0.87986591796875 0.56610283203125 0.8840798828125 0.55797353515625 0.8771927734375 0.58458896484375 0.8502341796875
0 0.59666318359375 0.880211328125 0.6073078125 0.86753173828125 0.62784833984375 0.8859619140625 0.63052138671875 0.883007421875 0.64515302734375 0.89721689453125 0.62995869140625 0.91311474609375 0.62531591796875 0.9087533203125 0.62137666015625 0.91227060546875 0.6129677734375 0.90487880859375 0.6163119140625 0.89960859375 0.59666318359375 0.880211328125
0 0.5927498046875 0.9022998046875 0.6230994140625 0.9320138671875 0.6116396484375 0.9433650390625 0.60419052734375 0.93614521484375 0.5996548828125 0.940789453125 0.5890951171875 0.93137822265625 0.59299521484375 0.92612353515625 0.580955078125 0.91356748046875 0.5927498046875 0.9022998046875
0 0.56616181640625 0.910420703125 0.5753779296875 0.9012044921875 0.58141611328125 0.90660712890625 0.57490126953125 0.91391640625 0.57092880859375 0.91486982421875 0.56616181640625 0.910420703125
0 0.536778125 0.88134345703125 0.5471208984375 0.87117138671875 0.554016015625 0.87830146484375 0.54326767578125 0.88844140625 0.536778125 0.88134345703125
0 0.3983970703125 0.894742578125 0.40325263671875 0.8989755859375 0.3925455078125 0.91080322265625 0.3875654296875 0.9061966796875 0.3983970703125 0.894742578125
4 0.15136708984375 0.96886337890625 0.15994150390625 0.96206884765625 0.16426220703125 0.9670857421875 0.15560009765625 0.97434140625 0.15136708984375 0.96886337890625
4 0.95464912109375 0.76573466796875 0.99921083984375 0.80120478515625 0.99921083984375 0.8269150390625 0.98669140625 0.81623173828125 0.98020185546875 0.8239380859375 0.97229267578125 0.81744853515625 0.97736259765625 0.81014775390625 0.9414671875 0.7805390625 0.95464912109375 0.76573466796875
4 0.87850087890625 0.71518466796875 0.89400341796875 0.70234931640625 0.90799658203125 0.716748046875 0.91046103515625 0.7142990234375 0.93557734375 0.7394615234375 0.93367001953125 0.74154091796875 0.947858203125 0.755775390625 0.93104130859375 0.77169892578125 0.87850087890625 0.71518466796875
4 0.83891376953125 0.66148544921875 0.8348904296875 0.66436064453125 0.82698125 0.6548291015625 0.84312666015625 0.642958984375 0.84829169921875 0.64744970703125 0.85163037109375 0.64525126953125 0.88659013671875 0.68548623046875 0.88193994140625 0.6903189453125 0.88640146484375 0.695591796875 0.87215546875 0.70772763671875 0.86233251953125 0.69677646484375 0.8652017578125 0.69414482421875 0.83891376953125 0.66148544921875
4 0.76108759765625 0.60377666015625 0.77356357421875 0.5874244140625 0.80124189453125 0.60742705078125 0.80347265625 0.60418232421875 0.81807421875 0.6149306640625 0.81584345703125 0.61817548828125 0.82913310546875 0.6280669921875 0.8274029296875 0.63744140625 0.8205078125 0.645958984375 0.80915107421875 0.63784697265625 0.80367548828125 0.64433662109375 0.7913046875 0.63541337890625 0.79657744140625 0.6283154296875 0.76108759765625 0.60377666015625
4 0.69596875 0.5404662109375 0.71026923828125 0.52761875 0.72221767578125 0.5399623046875 0.72466796875 0.53800537109375 0.7497732421875 0.56394833984375 0.7480609375 0.56599169921875 0.7636765625 0.58120166015625 0.74887216796875 0.59580322265625 0.69596875 0.5404662109375
4 0.63626826171875 0.4745078125 0.64351552734375 0.4690724609375 0.65960615234375 0.458786328125 0.68130458984375 0.4856375 0.68323408203125 0.484163671875 0.6872123046875 0.48800927734375 0.69485 0.49961337890625 0.69309091796875 0.5017853515625 0.7035642578125 0.51689873046875 0.68611025390625 0.52977177734375 0.65432978515625 0.48524599609375 0.64713916015625 0.49029638671875 0.63626826171875 0.4745078125
4 0.52448369140625 0.38945234375 0.53474462890625 0.373283203125 0.55155224609375 0.3829943359375 0.55516279296875 0.377391796875 0.5857900390625 0.39544443359375 0.5835490234375 0.399428515625 0.60222421875 0.41050908203125 0.59210029296875 0.428686328125 0.52448369140625 0.38945234375
4 0.45048154296875 0.3365771484375 0.4639228515625 0.32125185546875 0.4812427734375 0.33342841796875 0.48306748046875 0.331436328125 0.50423271484375 0.3469744140625 0.5029876953125 0.34911552734375 0.51518876953125 0.35857763671875 0.5017296875 0.37514267578125 0.45048154296875 0.3365771484375
0 0.38884931640625 0.2815609375 0.4023083984375 0.26680771484375 0.42767373046875 0.28932587890625 0.4295083984375 0.2878728515625 0.44491767578125 0.30181728515625 0.44372109375 0.3038203125 0.457956640625 0.31572646484375 0.44216806640625 0.33099736328125 0.4362150390625 0.32607958984375 0.43052080078125 0.3320326171875 0.41680283203125 0.3201265625 0.4232736328125 0.312879296875 0.38884931640625 0.2815609375
0 0.32117041015625 0.2233884765625 0.3435443359375 0.20236435546875 0.39652685546875 0.2555205078125 0.37966572265625 0.27075419921875 0.3434296875 0.23503583984375 0.33773544921875 0.239953515625 0.32117041015625 0.2233884765625
0 0.2807998046875 0.167543359375 0.294590234375 0.15436142578125 0.3017318359375 0.15956748046875 0.30333369140625 0.15738798828125 0.3176271484375 0.17112705078125 0.31582509765625 0.1733193359375 0.34001728515625 0.19411015625 0.32176533203125 0.211348046875 0.2807998046875 0.167543359375
0 0.2087970703125 0.08864599609375 0.2252572265625 0.07804384765625 0.237009375 0.095116796875 0.24089189453125 0.09304609375 0.25642158203125 0.1155642578125 0.25436083984375 0.11749072265625 0.2613294921875 0.1276046875 0.24230068359375 0.14041181640625 0.2087970703125 0.08864599609375
0 0.19633408203125 7.8125e-06 0.20099541015625 0.01187275390625 0.20282060546875 0.011669921875 0.215394140625 0.04695703125 0.213974609375 0.0477681640625 0.22005859375 0.0658173828125 0.19917021484375 0.07250966796875 0.1738228515625 7.421875e-06 0.19633408203125 7.8125e-06
0 0.2786291015625 0.0108578125 0.295837109375 0.00109482421875 0.32113544921875 0.04437451171875 0.3287767578125 0.04018818359375 0.33473857421875 0.04652353515625 0.338334765625 0.055612109375 0.33139130859375 0.05973486328125 0.33567294921875 0.06734619140625 0.31675537109375 0.0773759765625 0.305730859375 0.05937373046875 0.30258291015625 0.06094921875 0.28408935546875 0.02907890625 0.287755078125 0.02687890625 0.2786291015625 0.0108578125
0 0.3438080078125 0.08046337890625 0.3492041015625 0.08002109375 0.34910908203125 0.07266904296875 0.4087642578125 0.07061806640625 0.40913779296875 0.0773279296875 0.4180625 0.07734755859375 0.41897333984375 0.0972578125 0.34409306640625 0.09846669921875 0.3438080078125 0.08046337890625
4 0.46770771484375 0.013912890625 0.475856640625 0.01839912109375 0.48290185546875 0.0261365234375 0.43203046875 0.08482548828125 0.41683486328125 0.07194228515625 0.46770771484375 0.013912890625
4 0.59019140625 9.86328125e-06 0.57647705078125 0.03770986328125 0.55499423828125 0.03020380859375 0.56612021484375 9.9609375e-06 0.59019140625 9.86328125e-06
4 0.5417939453125 0.0563455078125 0.5606884765625 0.069028125 0.53299384765625 0.11018203125 0.51332275390625 0.09594638671875 0.5417939453125 0.0563455078125
0 0.483465625 0.13269638671875 0.504840234375 0.137050390625 0.50245087890625 0.1510232421875 0.49983271484375 0.1507306640625 0.4883427734375 0.1922447265625 0.49118984375 0.19273251953125 0.48782509765625 0.20518623046875 0.46634228515625 0.2007861328125 0.46893056640625 0.19146826171875 0.46634228515625 0.19043291015625 0.47915458984375 0.14057236328125 0.4813791015625 0.14073125 0.483465625 0.13269638671875
0 0.5552421875 0.18696083984375 0.5601544921875 0.20572978515625 0.54496533203125 0.21133232421875 0.546459375 0.217557421875 0.49080732421875 0.2329955078125 0.4876947265625 0.2285134765625 0.4828392578125 0.2119548828125 0.530834765625 0.19749541015625 0.530412890625 0.19523046875 0.53898701171875 0.1928900390625 0.53939521484375 0.19482021484375 0.545230859375 0.1930080078125 0.54446728515625 0.189669140625 0.5552421875 0.18696083984375
4 0.609379296875 0.12036787109375 0.62235849609375 0.1309134765625 0.6110017578125 0.14470380859375 0.6130296875 0.14693466796875 0.58626025390625 0.17755732421875 0.584840625 0.17674609375 0.5735337890625 0.19045703125 0.55847666015625 0.17755732421875 0.609379296875 0.12036787109375
4 0.64064560546875 0.0446857421875 0.6505828125 0.04752490234375 0.6603171875 0.05482568359375 0.63253369140625 0.11083046875 0.62949169921875 0.10958154296875 0.6256384765625 0.1178962890625 0.607994921875 0.1093787109375 0.61326767578125 0.10005 0.64064560546875 0.0446857421875
4 0.6888673828125 9.1796875e-06 0.679978515625 0.02245537109375 0.67601494140625 0.02215634765625 0.6669185546875 0.04340126953125 0.648371484375 0.035008203125 0.66317177734375 9.375e-06 0.6888673828125 9.1796875e-06
4 0.76733193359375 0.01342490234375 0.7851783203125 0.02133408203125 0.76239365234375 0.080321484375 0.757729296875 0.08678388671875 0.73402900390625 0.07708720703125 0.74103916015625 0.07122275390625 0.76733193359375 0.01342490234375
4 0.79401279296875 7.91015625e-06 0.7926453125 0.005353515625 0.770642578125 8.30078125e-06 0.79401279296875 7.91015625e-06
4 0.730690625 0.09776806640625 0.7402673828125 0.1008740234375 0.746996875 0.10812119140625 0.70403125 0.17075791015625 0.6874662109375 0.15962822265625 0.730690625 0.09776806640625
4 0.6643646484375 0.19201552734375 0.6704486328125 0.19566591796875 0.673490625 0.1899875 0.6899173828125 0.200938671875 0.6838333984375 0.2104703125 0.6788951171875 0.2077021484375 0.6521966796875 0.24697412109375 0.65442744140625 0.24920498046875 0.64895185546875 0.25589736328125 0.6436791015625 0.25549169921875 0.6375951171875 0.2502189453125 0.6436791015625 0.2429181640625 0.6344486328125 0.23538740234375 0.6643646484375 0.19201552734375
4 0.63977900390625 0.26499462890625 0.66411494140625 0.3373939453125 0.64342939453125 0.34368076171875 0.6199046875 0.27107861328125 0.6314642578125 0.26600859375 0.63977900390625 0.26499462890625
4 0.7072400390625 0.3664482421875 0.7780470703125 0.34315361328125 0.7835462890625 0.36016865234375 0.77934130859375 0.36153046875 0.77960009765625 0.36334228515625 0.767273828125 0.3678099609375 0.7680763671875 0.3713880859375 0.73274814453125 0.3831966796875 0.73167900390625 0.37989560546875 0.71310234375 0.3849931640625 0.7072400390625 0.3664482421875
4 0.839744921875 0.29472646484375 0.8502341796875 0.3007255859375 0.85515517578125 0.30752587890625 0.84662470703125 0.31608193359375 0.8503341796875 0.32048193359375 0.82239150390625 0.3457703125 0.818982421875 0.34228671875 0.81201279296875 0.34876865234375 0.8073330078125 0.3464326171875 0.8014671875 0.35241904296875 0.7896150390625 0.34067978515625 0.839744921875 0.29472646484375
4 0.86783046875 0.21043759765625 0.8885080078125 0.2160658203125 0.869616015625 0.284655078125 0.8494109375 0.2797626953125 0.86783046875 0.21043759765625
4 0.90943310546875 0.132485546875 0.9249251953125 0.13675419921875 0.92246826171875 0.14400146484375 0.92625703125 0.145419140625 0.9212716796875 0.1589458984375 0.92402119140625 0.15991748046875 0.9108208984375 0.19602607421875 0.90912177734375 0.19547529296875 0.90633916015625 0.2035912109375 0.88726748046875 0.19654375 0.88985576171875 0.190073046875 0.886491015625 0.18955537109375 0.90943310546875 0.132485546875
4 0.95238603515625 0.05943203125 0.9680015625 0.070383203125 0.9270361328125 0.12473349609375 0.910609375 0.11317392578125 0.95238603515625 0.05943203125
4 0.999210546875 0.00600361328125 0.985081640625 0.03383095703125 0.97885654296875 0.03457802734375 0.963044921875 0.0269833984375 0.96578388671875 0.0211318359375 0.959434375 0.018268359375 0.9672779296875 9.111328125e-05 0.9753705078125 0.00283017578125 0.97686220703125 4.4921875e-06 0.999210546875 3.90625e-06 0.999210546875 0.00600361328125
4 0.99921083984375 0.220629296875 0.9889474609375 0.2149796875 0.99563984375 0.19632216796875 0.99366171875 0.19543759765625 0.99921083984375 0.1820080078125 0.99921083984375 0.220629296875
4 0.99921103515625 0.34884921875 0.9526150390625 0.3160361328125 0.96357900390625 0.30030517578125 0.9886998046875 0.3163205078125 0.9992109375 0.321647265625 0.99921103515625 0.34884921875
4 0.945757421875 0.34427548828125 0.90305068359375 0.409500390625 0.88596796875 0.3981119140625 0.92992294921875 0.33545234375 0.945757421875 0.34427548828125
4 0.88127265625 0.40666416015625 0.8966853515625 0.41761533203125 0.8490275390625 0.47804951171875 0.8344259765625 0.46567880859375 0.8453771484375 0.45188837890625 0.84274072265625 0.44986044921875 0.86585986328125 0.41944052734375 0.8691046875 0.422076953125 0.88127265625 0.40666416015625
4 0.99921103515625 0.40030185546875 0.9722564453125 0.443771875 0.95486826171875 0.4347650390625 0.98599365234375 0.3834705078125 0.97715400390625 0.3772455078125 0.9864916015625 0.3628033203125 0.99921103515625 0.3704830078125 0.99921103515625 0.40030185546875
4 0.95570322265625 0.4683005859375 0.97704140625 0.4630904296875 0.9935583984375 0.52089970703125 0.9717560546875 0.52684580078125 0.95570322265625 0.4683005859375
4 0.8546185546875 0.49309609375 0.89392900390625 0.53918193359375 0.8992017578125 0.5353287109375 0.9077193359375 0.543237890625 0.88366455078125 0.5608673828125 0.8751890625 0.54898837890625 0.87245009765625 0.5512380859375 0.8504931640625 0.52644228515625 0.85316630859375 0.52446064453125 0.8432890625 0.51208037109375 0.84710546875 0.50902470703125 0.8415005859375 0.50159462890625 0.8546185546875 0.49309609375
4 0.99921103515625 0.56551494140625 0.98355400390625 0.55190009765625 0.99921103515625 0.5361673828125 0.99921103515625 0.56551494140625
4 0.90807138671875 0.57788388671875 0.91808203125 0.57136904296875 0.96384482421875 0.6279369140625 0.9487494140625 0.64112548828125 0.92761591796875 0.61601953125 0.9257091796875 0.61729072265625 0.9115671875 0.59997080078125 0.912997265625 0.59854072265625 0.900603125 0.58423984375 0.90807138671875 0.57788388671875
4 0.99921103515625 0.67930166015625 0.9595603515625 0.654685546875 0.96146708984375 0.6456283203125 0.96941201171875 0.63736552734375 0.99921103515625 0.6548580078125 0.99921103515625 0.67930166015625
4 0.0002091796875 0.88334833984375 0.01741142578125 0.8651421875 0.02530390625 0.87271689453125 0.0002091796875 0.89853115234375 0.0002091796875 0.88334833984375
4 0.09754794921875 0.9943775390625 0.09258046875 0.99900595703125 0.09197998046875 0.99900595703125 0.0868701171875 0.9930220703125 0.0917724609375 0.988258984375 0.09754794921875 0.9943775390625
4 0.0307166015625 0.970748046875 0.03873583984375 0.96230673828125 0.0498501953125 0.972576953125 0.041549609375 0.9807369140625 0.0307166015625 0.970748046875
4 0.63797353515625 0.42553349609375 0.64275693359375 0.42046875 0.652605078125 0.427503125 0.64711826171875 0.43270859375 0.63797353515625 0.42553349609375
4 0.49733115234375 1.005859375e-05 0.4948498046875 0.004848046875 0.480269921875 1.005859375e-05 0.49733115234375 1.005859375e-05
0 0.32860830078125 0.6727115234375 0.333272265625 0.6766845703125 0.3269671875 0.6839396484375 0.32230322265625 0.6797939453125 0.32860830078125 0.6727115234375
0 0.258225 0.608737109375 0.2644509765625 0.6135419921875 0.26005224609375 0.61807607421875 0.25423232421875 0.6131359375 0.258225 0.608737109375
0 0.2808771484375 0.9588912109375 0.312479296875 0.93070068359375 0.32073896484375 0.94039677734375 0.289855078125 0.96715087890625 0.2808771484375 0.9588912109375
