1 0.21952841796875 0.154635546875 0.20843671875 0.15284658203125 0.1941248046875 0.1421126953125 0.17122578125 0.136387890625 0.17194130859375 0.12601181640625 0.18124404296875 0.12529619140625 0.19090458984375 0.1034705078125 0.19627158203125 0.09738798828125 0.1930513671875 0.0941677734375 0.19233583984375 0.0759201171875 0.17337255859375 0.0701953125 0.1751615234375 0.060892578125 0.17838173828125 0.05981923828125 0.17265693359375 0.0569568359375 0.1755193359375 0.04479169921875 0.180170703125 0.03906689453125 0.20557431640625 0.0462228515625 0.20664775390625 0.04980087890625 0.2138037109375 0.05123203125 0.2134458984375 0.043002734375 0.2320513671875 0.0326265625 0.23956513671875 0.02117705078125 0.27069345703125 0.03226875 0.2606751953125 0.062323828125 0.2316935546875 0.05409443359375 0.2274 0.05087421875 0.218097265625 0.0562412109375 0.21058349609375 0.0762779296875 0.218455078125 0.08271826171875 0.21451923828125 0.09774580078125 0.21487705078125 0.10203935546875 0.236344921875 0.1091953125 0.21952841796875 0.154635546875
0 0.56922412109375 0.190196875 0.579548046875 0.19656689453125 0.587894921875 0.20403525390625 0.5758138671875 0.21677529296875 0.55890029296875 0.20403525390625 0.56922412109375 0.190196875
0 0.52291904296875 0.15557138671875 0.55036787109375 0.1697642578125 0.56775068359375 0.15186513671875 0.54365576171875 0.1320728515625 0.54509912109375 0.12966337890625 0.5560587890625 0.1173337890625 0.58071787109375 0.1360564453125 0.58208779296875 0.1342298828125 0.58026123046875 0.13148994140625 0.5834578125 0.12966337890625 0.58117451171875 0.1269234375 0.586654296875 0.12144365234375 0.58939423828125 0.125096875 0.5948740234375 0.1177904296875 0.59898388671875 0.12098701171875 0.60309375 0.1177904296875 0.6088048828125 0.12328193359375 0.60726728515625 0.1259177734375 0.60902451171875 0.1272357421875 0.60309375 0.13668095703125 0.60594931640625 0.13843818359375 0.6110013671875 0.13250751953125 0.6272560546875 0.14458857421875 0.622862890625 0.15205693359375 0.62571845703125 0.15447314453125 0.62198427734375 0.15886630859375 0.63120986328125 0.16479697265625 0.6294525390625 0.1683115234375 0.633845703125 0.17138671875 0.63164912109375 0.17424228515625 0.63362607421875 0.1764388671875 0.63120986328125 0.1825892578125 0.6272560546875 0.18105166015625 0.62308251953125 0.18632333984375 0.609903125 0.17468154296875 0.609244140625 0.17182607421875 0.61012275390625 0.16721328125 0.6081458984375 0.165236328125 0.59848095703125 0.1590859375 0.5987005859375 0.1540337890625 0.5938681640625 0.1511783203125 0.58552119140625 0.16303974609375 0.58266572265625 0.16303974609375 0.57981015625 0.166554296875 0.58200673828125 0.17006875 0.5716828125 0.183028515625 0.5589427734375 0.17599951171875 0.555867578125 0.17973369140625 0.55740517578125 0.18214990234375 0.5497171875 0.194011328125 0.51303447265625 0.1676525390625 0.52291904296875 0.15557138671875
1 0.49105283203125 0.25175146484375 0.515434765625 0.2488958984375 0.518070703125 0.258121484375 0.5475046875 0.25482666015625 0.55453369140625 0.26207529296875 0.55497294921875 0.27152060546875 0.49983916015625 0.2847 0.49105283203125 0.25175146484375
1 0.4400109375 0.24555556640625 0.47243310546875 0.240532421875 0.47380302734375 0.24601220703125 0.4875025390625 0.2446421875 0.49283525390625 0.27224658203125 0.45000302734375 0.28249140625 0.4311642578125 0.2874732421875 0.426870703125 0.25813388671875 0.4376046875 0.254555859375 0.4418982421875 0.2509779296875 0.4400109375 0.24555556640625
1 0.56805576171875 0.42669130859375 0.61134931640625 0.40844365234375 0.62494560546875 0.44136103515625 0.5820099609375 0.4581775390625 0.56841357421875 0.42704912109375 0.56805576171875 0.42669130859375
0 0.435131640625 0.50538828125 0.45907421875 0.503411328125 0.46105107421875 0.51461376953125 0.47159462890625 0.514394140625 0.46983740234375 0.49572333984375 0.4860919921875 0.4961626953125 0.4902654296875 0.528012890625 0.48455439453125 0.5284521484375 0.4834560546875 0.5218625 0.4792826171875 0.52318046875 0.47906298828125 0.52889150390625 0.47466982421875 0.52889150390625 0.47291259765625 0.52340009765625 0.435131640625 0.52515732421875 0.435131640625 0.50538828125
1 0.4599283203125 0.63351435546875 0.4764505859375 0.62817900390625 0.483851171875 0.646938671875 0.46681259765625 0.6541671875 0.46595205078125 0.6514134765625 0.46130517578125 0.65279033203125 0.457174609375 0.64074287109375 0.4609609375 0.63884970703125 0.4599283203125 0.63351435546875
1 0.44515 0.590354296875 0.46338154296875 0.58574150390625 0.4706302734375 0.60858583984375 0.47436435546875 0.60792685546875 0.47985576171875 0.6235224609375 0.45547392578125 0.6316498046875 0.4508611328125 0.61605419921875 0.4543755859375 0.61407724609375 0.44515 0.590354296875
1 0.48075654296875 0.707774609375 0.50084921875 0.70275146484375 0.5113521484375 0.73152041015625 0.51683203125 0.72969384765625 0.52276845703125 0.74795986328125 0.5296181640625 0.744306640625 0.53190146484375 0.74932978515625 0.53646796875 0.74795986328125 0.53418466796875 0.742480078125 0.54331767578125 0.73882685546875 0.53829453125 0.72056083984375 0.5647802734375 0.71279775390625 0.57893642578125 0.73928349609375 0.57208671875 0.741566796875 0.57619658203125 0.758462890625 0.5652369140625 0.761659375 0.5652369140625 0.7680525390625 0.5090689453125 0.79316826171875 0.50541572265625 0.78129541015625 0.49673935546875 0.78312197265625 0.48075654296875 0.7351736328125 0.48714970703125 0.7328904296875 0.48075654296875 0.707774609375
2 0.66066689453125 0.76533330078125 0.67891455078125 0.7642599609375 0.681776953125 0.786443359375 0.6903640625 0.78572783203125 0.68857509765625 0.7631865234375 0.71075859375 0.76247099609375 0.71755673828125 0.8386818359375 0.663529296875 0.84225986328125 0.66066689453125 0.76533330078125
2 0.199182421875 0.388058984375 0.19596220703125 0.38197646484375 0.17127421875 0.39771953125 0.15875126953125 0.37589384765625 0.16376044921875 0.37267373046875 0.161255859375 0.3662333984375 0.1755677734375 0.35943515625 0.1737787109375 0.3551416015625 0.1666228515625 0.35263701171875 0.1648337890625 0.3454810546875 0.16805400390625 0.34369208984375 0.16733837890625 0.33403154296875 0.1566044921875 0.3361783203125 0.15445771484375 0.32616005859375 0.14837509765625 0.32544443359375 0.1473017578125 0.30683896484375 0.1884484375 0.3046921875 0.18880625 0.3086279296875 0.19059521484375 0.32437099609375 0.18272373046875 0.32544443359375 0.20168701171875 0.35442607421875 0.21098974609375 0.3469123046875 0.21957685546875 0.36337099609375 0.20955849609375 0.36802236328125 0.21420986328125 0.3755361328125 0.2224392578125 0.37124248046875 0.23460439453125 0.39199482421875 0.22387041015625 0.39736171875 0.225659375 0.4027287109375 0.21729873046875 0.40837197265625 0.2226703125 0.4185353515625 0.212475390625 0.4254421875 0.1898796875 0.3937837890625 0.199182421875 0.388058984375
1 0.204291796875 0.7317623046875 0.188592578125 0.7244734375 0.195601171875 0.712979296875 0.1636419921875 0.69615869140625 0.19223701171875 0.6468181640625 0.20064736328125 0.65326611328125 0.1941994140625 0.66447978515625 0.22952275390625 0.68746806640625 0.204291796875 0.7317623046875
1 0.11589931640625 0.65453193359375 0.109816796875 0.6842291015625 0.091211328125 0.680651171875 0.09800947265625 0.65166953125 0.08763330078125 0.65023837890625 0.09228466796875 0.62555029296875 0.12019296875 0.63270625 0.12126630859375 0.62197236328125 0.14523876953125 0.62662373046875 0.1434498046875 0.6377154296875 0.16384423828125 0.642366796875 0.15847724609375 0.66848603515625 0.13128466796875 0.66455029296875 0.13092685546875 0.65775205078125 0.11589931640625 0.65453193359375
1 0.1396259765625 0.7583984375 0.14074736328125 0.7583984375 0.155044921875 0.7583984375 0.15616630859375 0.73961533203125 0.20746923828125 0.739895703125 0.20999228515625 0.79091826171875 0.162053515625 0.79007724609375 0.160371484375 0.77662080078125 0.133178125 0.77914384765625 0.1309353515625 0.7670890625 0.1396259765625 0.7648462890625 0.1396259765625 0.7583984375
1 0.127615625 0.79396787109375 0.21992744140625 0.7953990234375 0.21849619140625 0.837261328125 0.1612486328125 0.837261328125 0.15910185546875 0.8136466796875 0.12833125 0.81006875 0.127615625 0.79754580078125 0.127615625 0.79396787109375
1 0.11901005859375 0.835761328125 0.220982421875 0.84470625 0.22026689453125 0.86080712890625 0.1698173828125 0.86116494140625 0.1515697265625 0.88084384765625 0.13367978515625 0.88084384765625 0.1329642578125 0.854366796875 0.11972568359375 0.853293359375 0.11901005859375 0.835761328125
1 0.121295703125 0.9011232421875 0.15129248046875 0.901683984375 0.151012109375 0.91766357421875 0.16699169921875 0.91598154296875 0.16615068359375 0.90140361328125 0.19726884765625 0.90140361328125 0.1961474609375 0.92775595703125 0.20035263671875 0.9274755859375 0.202034765625 0.9485013671875 0.19418505859375 0.94822109375 0.19390478515625 0.950744140625 0.11877255859375 0.95270654296875 0.121295703125 0.9011232421875
0 0.01609736328125 0.83596171875 0.05733720703125 0.8365466796875 0.0582146484375 0.84064140625 0.06318681640625 0.8412263671875 0.0628943359375 0.86023759765625 0.04417548828125 0.86140751953125 0.04359052734375 0.858190234375 0.02955146484375 0.85789775390625 0.029258984375 0.86316240234375 0.01405 0.862869921875 0.01375751953125 0.84853837890625 0.0122951171875 0.8482458984375 0.01200263671875 0.8400564453125 0.01551240234375 0.8400564453125 0.01609736328125 0.83596171875
0 0.04397509765625 0.8640025390625 0.06915830078125 0.86386181640625 0.06958037109375 0.8813072265625 0.0546673828125 0.88243271484375 0.0545267578125 0.88426162109375 0.0442564453125 0.88412099609375 0.04397509765625 0.8640025390625
0 0.0315794921875 0.94318828125 0.0397689453125 0.93616875 0.039183984375 0.9133552734375 0.06053505859375 0.91130791015625 0.06228994140625 0.970096484375 0.04474111328125 0.970096484375 0.04415615234375 0.9595671875 0.0315794921875 0.95985966796875 0.0315794921875 0.94318828125
1 0.745375 0.5541392578125 0.73893466796875 0.549130078125 0.74787958984375 0.53696494140625 0.7507419921875 0.53946953125 0.754319921875 0.5341025390625 0.7883107421875 0.5527080078125 0.792604296875 0.55449697265625 0.80906298828125 0.57990068359375 0.8165767578125 0.5902767578125 0.794035546875 0.60673544921875 0.792246484375 0.60315751953125 0.78974189453125 0.604230859375 0.78115478515625 0.5820474609375 0.745375 0.5541392578125
0 0.99855498046875 0.094026953125 0.99308310546875 0.08725 0.9860541015625 0.0931806640625 0.97089775390625 0.0767064453125 0.96496708984375 0.0760474609375 0.95815771484375 0.07011669921875 0.9436603515625 0.055180078125 0.94937138671875 0.051006640625 0.9478337890625 0.049688671875 0.93904755859375 0.04815107421875 0.935752734375 0.0268443359375 0.954862890625 0.02596572265625 0.976383203125 7.2265625e-06 0.97703046875 7.2265625e-06 0.99855517578125 0.000249609375 0.99855498046875 0.094026953125
1 0.90009375 0.34960478515625 0.88506630859375 0.3381552734375 0.909754296875 0.29665068359375 0.88399287109375 0.28305439453125 0.890791015625 0.2701736328125 0.88220390625 0.26337548828125 0.88399287109375 0.2608708984375 0.90724970703125 0.26910029296875 0.95984599609375 0.25443056640625 0.9727267578125 0.2390453125 0.97487353515625 0.24083427734375 0.9716533203125 0.247990234375 0.98346064453125 0.25514619140625 0.96950654296875 0.2809076171875 0.99598359375 0.29700849609375 0.98846982421875 0.31024697265625 0.9623505859375 0.29271494140625 0.95591025390625 0.29450390625 0.95698359375 0.2984396484375 0.93050654296875 0.30595341796875 0.929075390625 0.305237890625 0.9254974609375 0.30666904296875 0.929791015625 0.31096259765625 0.90009375 0.34960478515625
1 0.7887115234375 0.31030927734375 0.79375771484375 0.31002890625 0.79543984375 0.3254478515625 0.86300263671875 0.323205078125 0.864684765625 0.34058642578125 0.8579564453125 0.3411470703125 0.86272236328125 0.36469599609375 0.82487587890625 0.36777978515625 0.8237544921875 0.36161220703125 0.81394248046875 0.361892578125 0.81226044921875 0.34619326171875 0.78646884765625 0.3473146484375 0.78338505859375 0.3571267578125 0.75871474609375 0.35544462890625 0.75563095703125 0.31339306640625 0.7887115234375 0.31030927734375
2 0.82244345703125 0.7046353515625 0.835058984375 0.69398232421875 0.856084765625 0.71108330078125 0.86449501953125 0.7037943359375 0.872625 0.71416708984375 0.8765498046875 0.71108330078125 0.8897259765625 0.725380859375 0.88692255859375 0.72902529296875 0.8905669921875 0.7346322265625 0.8827173828125 0.745565625 0.87626953125 0.74220146484375 0.87598916015625 0.745565625 0.8765498046875 0.74780830078125 0.8678591796875 0.76014345703125 0.86841982421875 0.76687177734375 0.86113095703125 0.77023583984375 0.85047783203125 0.76126484375 0.8142423828125 0.7869517578125 0.8181671875 0.79508173828125 0.81312099609375 0.80068857421875 0.81844755859375 0.81190234375 0.79433798828125 0.82563916015625 0.78732939453125 0.8102203125 0.77976015625 0.812743359375 0.77723701171875 0.80377236328125 0.7730318359375 0.80601513671875 0.7620984375 0.7782611328125 0.77022841796875 0.776018359375 0.75964599609375 0.74522392578125 0.778577734375 0.7392001953125 0.79010888671875 0.75830400390625 0.80198427734375 0.753829296875 0.80112373046875 0.75073134765625 0.8190228515625 0.73971650390625 0.820916015625 0.7412654296875 0.82246494140625 0.74040498046875 0.82143232421875 0.73730703125 0.83141455078125 0.73025068359375 0.8338240234375 0.73214384765625 0.8393314453125 0.7273248046875 0.82057177734375 0.7061556640625 0.82244345703125 0.7046353515625
0 0.8095935546875 0.09330087890625 0.7995751953125 0.10797060546875 0.77417158203125 0.09186962890625 0.7716669921875 0.0900806640625 0.78025419921875 0.0761265625 0.78669453125 0.07970458984375 0.78919912109375 0.06932841796875 0.78311650390625 0.06539267578125 0.77846513671875 0.06897060546875 0.76880458984375 0.05895224609375 0.77524501953125 0.0535853515625 0.78526328125 0.0535853515625 0.8042265625 0.03605322265625 0.80172197265625 0.03068623046875 0.814602734375 0.02567705078125 0.8389330078125 0.067181640625 0.8389330078125 0.0818513671875 0.8196119140625 0.08292470703125 0.8095935546875 0.09330087890625
1 0.11938603515625 0.99900908203125 0.118971484375 0.982441796875 0.13720302734375 0.9817828125 0.1378619140625 0.98507763671875 0.147746484375 0.9848580078125 0.1473072265625 0.982441796875 0.17630185546875 0.98024521484375 0.17959677734375 0.98463837890625 0.18247373046875 0.9990099609375 0.11938603515625 0.99900908203125
1 0.1868107421875 0.99901005859375 0.185492578125 0.9767755859375 0.19771220703125 0.976087109375 0.19771220703125 0.97298916015625 0.22266767578125 0.97264501953125 0.22366298828125 0.999010546875 0.1868107421875 0.99901005859375
2 0.7941130859375 0.72753447265625 0.80619423828125 0.719846484375 0.8152001953125 0.73280615234375 0.81366259765625 0.7352224609375 0.81673779296875 0.7387369140625 0.805315625 0.7448873046875 0.8028994140625 0.74027451171875 0.8011421875 0.74159248046875 0.7941130859375 0.72753447265625
1 0.31359951171875 0.3863431640625 0.31862265625 0.38086337890625 0.32410244140625 0.3781234375 0.34008525390625 0.39958603515625 0.3295822265625 0.40826240234375 0.3122294921875 0.3877130859375 0.31359951171875 0.3863431640625
0 0.7567447265625 0.02157119140625 0.7388548828125 0.0283693359375 0.723833203125 1.103515625e-05 0.748877734375 1.07421875e-05 0.7571025390625 0.0197822265625 0.7567447265625 0.02157119140625
1 0.5259701171875 0.28183271484375 0.53378876953125 0.2804591796875 0.53695859375 0.29440615234375 0.5290341796875 0.2963080078125 0.5259701171875 0.28183271484375
2 0.78433896484375 0.73451123046875 0.79709091796875 0.74679287109375 0.7932638671875 0.7499712890625 0.781004296875 0.738684765625 0.78433896484375 0.73451123046875
2 0.8163435546875 0.6793408203125 0.81472197265625 0.6864111328125 0.79117587890625 0.6805732421875 0.7916298828125 0.67726513671875 0.801619140625 0.67797861328125 0.802721875 0.67732998046875 0.8163435546875 0.6793408203125
1 0.99855458984375 0.60410419921875 0.9917408203125 0.60467216796875 0.99139658203125 0.59210830078125 0.99855458984375 0.5913923828125 0.99855458984375 0.60410419921875
1 0.45000302734375 0.28249140625 0.45476337890625 0.29875595703125 0.438498828125 0.30351630859375 0.4311642578125 0.2874732421875 0.45000302734375 0.28249140625
