1 0.72146796875 0.18124736328125 0.7454015625 0.19441298828125 0.73141455078125 0.222026953125 0.73315947265625 0.2247751953125 0.72904794921875 0.2329765625 0.725508984375 0.2301083984375 0.71735673828125 0.2446677734375 0.720825 0.24768359375 0.71599345703125 0.25750986328125 0.71034951171875 0.25466328125 0.7020064453125 0.27474677734375 0.67608828125 0.2615013671875 0.70188642578125 0.21674296875 0.69877822265625 0.214878125 0.70312978515625 0.207418359375 0.70717041015625 0.2089724609375 0.7133869140625 0.19809365234375 0.70934619140625 0.19591796875 0.71463017578125 0.18752578125 0.7172859375 0.189821484375 0.72146796875 0.18124736328125
2 0.65701484375 0.37430703125 0.67187060546875 0.3830744140625 0.6652951171875 0.39525126953125 0.64995224609375 0.3877015625 0.65701484375 0.37430703125
4 0.6027060546875 0.36894921875 0.62389375 0.37869072265625 0.6178052734375 0.39013701171875 0.596617578125 0.37917783203125 0.6027060546875 0.36894921875
4 0.63582705078125 0.40377509765625 0.62559853515625 0.42471923828125 0.61122978515625 0.41668251953125 0.621701953125 0.3959818359375 0.63582705078125 0.40377509765625
4 0.60514140625 0.418630859375 0.62218896484375 0.42739814453125 0.60635908203125 0.4563791015625 0.58809375 0.44663759765625 0.59466923828125 0.43519140625 0.58906796875 0.43153828125 0.591746875 0.42764169921875 0.599296484375 0.43080771484375 0.60514140625 0.418630859375
4 0.57172001953125 0.44756259765625 0.587269140625 0.45503818359375 0.57680341796875 0.47253095703125 0.56140380859375 0.464905859375 0.57172001953125 0.44756259765625
2 0.5390955078125 0.57447802734375 0.54863642578125 0.57600458984375 0.5568416015625 0.582683203125 0.552452734375 0.59623125 0.54901806640625 0.597376171875 0.54520166015625 0.6069169921875 0.5534068359375 0.6107333984375 0.540812890625 0.65061435546875 0.5116177734375 0.639546875 0.508373828125 0.63553974609375 0.5221126953125 0.5979486328125 0.5398587890625 0.60405478515625 0.541576171875 0.596612890625 0.53298935546875 0.59165166015625 0.5390955078125 0.57447802734375
2 0.676102734375 0.60367314453125 0.7142662109375 0.62103759765625 0.70892333984375 0.63324990234375 0.67343125 0.61741201171875 0.67343125 0.61435888671875 0.67266796875 0.6116875 0.676102734375 0.60367314453125
2 0.7192275390625 0.61531298828125 0.73931494140625 0.62532158203125 0.73316376953125 0.63877490234375 0.71286396484375 0.62997314453125 0.7192275390625 0.61531298828125
4 0.7227009765625 0.664185546875 0.7444900390625 0.67308857421875 0.7379298828125 0.69148037109375 0.71520361328125 0.68234306640625 0.7227009765625 0.664185546875
2 0.72644638671875 0.74882587890625 0.742919921875 0.75348818359375 0.742919921875 0.7559748046875 0.75690693359375 0.76250205078125 0.74074423828125 0.80135478515625 0.7109052734375 0.78767861328125 0.70966201171875 0.78363798828125 0.72644638671875 0.74882587890625
1 0.84362626953125 0.81503095703125 0.86414052734375 0.8305720703125 0.85419423828125 0.84922138671875 0.83243671875 0.835234375 0.84362626953125 0.81503095703125
1 0.99845234375 0.80776845703125 0.97976640625 0.79513837890625 0.989091015625 0.7802189453125 0.99845234375 0.78582021484375 0.99845234375 0.80776845703125
4 0.99845224609375 0.7359591796875 0.997476953125 0.73699189453125 0.9816390625 0.72344384765625 0.99845224609375 0.70020439453125 0.99845224609375 0.7359591796875
