0 -0.0 0.14075546875 0.0056021484375 0.14990322265625 0.01022939453125 0.14722431640625 0.02143212890625 0.16524609375 0.00779404296875 0.1749875 0.00462802734375 0.17206513671875 -0.0 0.17874404296875 -0.0 0.14075546875
0 0.02094501953125 0.12213994140625 0.02045791015625 0.1206787109375 0.04773408203125 0.11410322265625 0.0530919921875 0.14381474609375 0.0418892578125 0.147711328125 0.04481171875 0.1591576171875 0.02971240234375 0.16329775390625 0.02094501953125 0.12213994140625
0 0.06258994140625 0.11361611328125 0.0635640625 0.11410322265625 0.0905966796875 0.11434677734375 0.090840234375 0.146006640625 0.08061162109375 0.14625009765625 0.08036806640625 0.1564787109375 0.063076953125 0.15720927734375 0.06258994140625 0.11361611328125
0 0.0957109375 0.12213994140625 0.0959544921875 0.11994814453125 0.12712724609375 0.1189740234375 0.12712724609375 0.14113583984375 0.11275859375 0.14186650390625 0.11348916015625 0.15720927734375 0.096198046875 0.15818349609375 0.0957109375 0.12213994140625
0 0.13321572265625 0.11775625 0.13543564453125 0.11775302734375 0.14103701171875 0.11726591796875 0.14128056640625 0.11409990234375 0.1590587890625 0.11409990234375 0.16027646484375 0.1460033203125 0.1500478515625 0.14697744140625 0.14928916015625 0.1596447265625 0.13297216796875 0.16110595703125 0.13321572265625 0.11775625
0 0.1656986328125 0.1159041015625 0.16575537109375 0.11550986328125 0.16552998046875 0.11376298828125 0.17589814453125 0.1133685546875 0.17617998046875 0.11928525390625 0.1839560546875 0.119003515625 0.183843359375 0.11049482421875 0.19691640625 0.109875 0.1992673828125 0.15506767578125 0.184037109375 0.15568935546875 0.18434794921875 0.1591083984375 0.167252734375 0.1591083984375 0.1656986328125 0.1159041015625
0 0.20122177734375 0.11514208984375 0.2013712890625 0.11439453125 0.212285546875 0.1140955078125 0.21213603515625 0.1206740234375 0.23291796875 0.120375 0.23276845703125 0.1555099609375 0.21946201171875 0.1567060546875 0.219910546875 0.160593359375 0.2016703125 0.1596962890625 0.20122177734375 0.11514208984375
0 0.24867919921875 0.111463671875 0.2488359375 0.10947373046875 0.26658203125 0.11004619140625 0.266963671875 0.1617578125 0.252270703125 0.162902734375 0.2518890625 0.1611853515625 0.23929501953125 0.161376171875 0.23910419921875 0.120350390625 0.2488359375 0.1205412109375 0.24867919921875 0.111463671875
0 0.28548876953125 0.114610546875 0.287357421875 0.11532548828125 0.293816015625 0.1162513671875 0.2944658203125 0.114919140625 0.31205732421875 0.11886884765625 0.3004314453125 0.1713671875 0.28420615234375 0.16737880859375 0.2854197265625 0.162815234375 0.2745283203125 0.15891865234375 0.28548876953125 0.114610546875
0 0.33025771484375 0.15982626953125 0.33178427734375 0.1569640625 0.366039453125 0.17490087890625 0.353155859375 0.19866220703125 0.31929462890625 0.18150634765625 0.33025771484375 0.15982626953125
0 0.34610087890625 0.13801884765625 0.34598798828125 0.1364423828125 0.3526666015625 0.13148115234375 0.34617880859375 0.12155859375 0.36106259765625 0.110300390625 0.39113388671875 0.156146484375 0.3684265625 0.16874052734375 0.34610087890625 0.13801884765625
0 0.402906640625 0.10482099609375 0.40418115234375 0.1044359375 0.41535703125 0.10660322265625 0.41513447265625 0.11183857421875 0.43154296875 0.1153892578125 0.42304501953125 0.15341513671875 0.41355537109375 0.1503748046875 0.41263583984375 0.15322431640625 0.39372314453125 0.14661484375 0.402906640625 0.10482099609375
0 0.4568986328125 0.12432578125 0.4589484375 0.1237681640625 0.47916201171875 0.147634765625 0.4482328125 0.1751544921875 0.43534384765625 0.1609923828125 0.44178681640625 0.15419794921875 0.4427240234375 0.14588056640625 0.43733525390625 0.14049189453125 0.4568986328125 0.12432578125
0 0.50053125 0.17729521484375 0.50492001953125 0.17767685546875 0.50377509765625 0.2116423828125 0.48049541015625 0.20916181640625 0.47973212890625 0.21526796875 0.46255849609375 0.21221484375 0.46484833984375 0.19351474609375 0.46198603515625 0.19408720703125 0.46313095703125 0.17462373046875 0.50053125 0.17729521484375
0 0.569537890625 0.19189755859375 0.57059228515625 0.19166328125 0.56731220703125 0.20911796875 0.5714123046875 0.20911796875 0.56883505859375 0.22352685546875 0.52502265625 0.2150923828125 0.5270140625 0.2022064453125 0.52900556640625 0.20232353515625 0.532519921875 0.1845173828125 0.569537890625 0.19189755859375
0 0.5355916015625 0.1573845703125 0.5334048828125 0.15509072265625 0.55167021484375 0.13414658203125 0.55897626953125 0.13999140625 0.56141162109375 0.13828671875 0.59041572265625 0.16476474609375 0.5770611328125 0.1802279296875 0.567689453125 0.17460498046875 0.5628865234375 0.17940791015625 0.5355916015625 0.1573845703125
0 0.57268212890625 0.11641416015625 0.57230048828125 0.11507841796875 0.597679296875 0.10286611328125 0.62076826171875 0.14713583984375 0.60664765625 0.156104296875 0.60264052734375 0.149998046875 0.59157314453125 0.15572265625 0.57268212890625 0.11641416015625
0 0.62394775390625 0.10527021484375 0.62547431640625 0.1056517578125 0.65543271484375 0.10374365234375 0.6584857421875 0.14705927734375 0.63978564453125 0.14820419921875 0.63902236328125 0.14343369140625 0.62642841796875 0.14400615234375 0.62394775390625 0.10527021484375
0 0.660056640625 0.10123515625 0.6598509765625 0.09953720703125 0.66957412109375 0.0991857421875 0.67109697265625 0.1002400390625 0.69183173828125 0.09906865234375 0.69367744140625 0.139424609375 0.6770427734375 0.14036171875 0.67657421875 0.1463361328125 0.66193095703125 0.14680478515625 0.660056640625 0.10123515625
0 0.74156533203125 0.1035087890625 0.74142373046875 0.1026892578125 0.75314619140625 0.10211396484375 0.7526427734375 0.08981611328125 0.77141318359375 0.08909697265625 0.772028125 0.10850966796875 0.77096884765625 0.144275390625 0.7531626953125 0.1449783203125 0.75292841796875 0.1405267578125 0.74297109375 0.1409953125 0.74156533203125 0.1035087890625
0 0.7748787109375 0.09620458984375 0.77461201171875 0.0938923828125 0.79389892578125 0.09374287109375 0.793450390625 0.08806142578125 0.8064578125 0.08731396484375 0.808369140625 0.13971220703125 0.79909951171875 0.140459765625 0.79895 0.14688876953125 0.7866900390625 0.14748681640625 0.78549404296875 0.14240341796875 0.7754767578125 0.14210439453125 0.7748787109375 0.09620458984375
0 0.8098556640625 0.09437822265625 0.8104537109375 0.0942287109375 0.82331162109375 0.09318212890625 0.8246572265625 0.10230224609375 0.82914248046875 0.10110615234375 0.82914248046875 0.09706943359375 0.8411033203125 0.096919921875 0.84274794921875 0.14341767578125 0.82764736328125 0.14371669921875 0.8274978515625 0.13938095703125 0.81090224609375 0.14027802734375 0.8098556640625 0.09437822265625
0 0.84596396484375 0.09823828125 0.845755078125 0.09632119140625 0.855943359375 0.0958623046875 0.85575986328125 0.0995337890625 0.87677900390625 0.09861591796875 0.8760703125 0.1390048828125 0.84701826171875 0.13982490234375 0.84596396484375 0.09823828125
0 0.8824197265625 0.100035546875 0.8921427734375 0.09968408203125 0.89190849609375 0.08726669921875 0.91053466796875 0.0873837890625 0.91170615234375 0.14009931640625 0.8912056640625 0.14115361328125 0.8910884765625 0.13517919921875 0.88265400390625 0.1354134765625 0.8824197265625 0.100035546875
0 0.91840302734375 0.09641298828125 0.924225390625 0.095077734375 0.9245244140625 0.09328359375 0.94216669921875 0.092685546875 0.9447607421875 0.13952255859375 0.9310546875 0.1396396484375 0.93093759765625 0.13776533203125 0.92051162109375 0.13846826171875 0.91840302734375 0.09641298828125
0 0.9505392578125 0.09911455078125 0.95083828125 0.09806796875 0.96220107421875 0.096273828125 0.961453515625 0.08401396484375 0.9789462890625 0.0829673828125 0.982235546875 0.13723974609375 0.9647427734375 0.1391833984375 0.963845703125 0.1297642578125 0.952632421875 0.1291662109375 0.9505392578125 0.09911455078125
0 0.99843935546875 0.13549208984375 0.9874333984375 0.13578173828125 0.98763515625 0.095196875 0.99269990234375 0.0945958984375 0.996824609375 0.095053515625 0.998439453125 0.09492109375 0.99843935546875 0.13549208984375
0 0.9984392578125 0.244794921875 0.9846546875 0.24420087890625 0.988071875 0.197462109375 0.9984392578125 0.20184755859375 0.9984392578125 0.244794921875
0 0.97430849609375 0.19694306640625 0.976012890625 0.1970455078125 0.97754169921875 0.2401494140625 0.9461458984375 0.2408369140625 0.94446455078125 0.2007328125 0.96226259765625 0.2000560546875 0.962194921875 0.19734912109375 0.97430849609375 0.19694306640625
0 0.94069873046875 0.200734765625 0.9413494140625 0.20270126953125 0.941934375 0.24686591796875 0.9214607421875 0.2448185546875 0.91970576171875 0.24920576171875 0.91151630859375 0.24891328125 0.91005390625 0.19919150390625 0.92361259765625 0.198419921875 0.92339208984375 0.201726953125 0.928021875 0.201726953125 0.92813212890625 0.19853017578125 0.935297265625 0.1987505859375 0.93540751953125 0.20106552734375 0.94069873046875 0.200734765625
0 0.904104296875 0.20225322265625 0.90441884765625 0.20378203125 0.9055646484375 0.24067783203125 0.89436904296875 0.24108388671875 0.89577587890625 0.2537458984375 0.87818984375 0.25430859375 0.87637939453125 0.1969845703125 0.89598544921875 0.196552734375 0.89581279296875 0.202944140625 0.904104296875 0.20225322265625
0 0.84995859375 0.20335771484375 0.8507302734375 0.2032474609375 0.8524939453125 0.20005078125 0.8686982421875 0.199499609375 0.86980048828125 0.2391833984375 0.83937626953125 0.2397345703125 0.8390455078125 0.20446005859375 0.84995859375 0.20335771484375
0 0.8062107421875 0.2030439453125 0.8066517578125 0.2003984375 0.8196591796875 0.20050859375 0.81921826171875 0.20767373046875 0.8274857421875 0.2074533203125 0.827265234375 0.2094375 0.8320052734375 0.20932724609375 0.8323359375 0.21153193359375 0.834540625 0.2108705078125 0.8364146484375 0.2428380859375 0.80521865234375 0.24305849609375 0.8062107421875 0.2030439453125
0 0.7707576171875 0.2043373046875 0.7707576171875 0.2008201171875 0.7880623046875 0.200398046875 0.78862509765625 0.20855791015625 0.799880078125 0.20799521484375 0.80058359375 0.25315615234375 0.7714611328125 0.25245263671875 0.7707576171875 0.2043373046875
0 0.7343791015625 0.20484111328125 0.7349302734375 0.20417978515625 0.7494810546875 0.20340810546875 0.74904013671875 0.2085890625 0.76425224609375 0.20836865234375 0.76623642578125 0.24584775390625 0.73515078125 0.24661943359375 0.7343791015625 0.20484111328125
0 0.70105947265625 0.20610234375 0.70072880859375 0.20389775390625 0.72905869140625 0.2034568359375 0.73049169921875 0.25614814453125 0.7169330078125 0.2562583984375 0.7168228515625 0.24986484375 0.70161064453125 0.24997509765625 0.70105947265625 0.20610234375
0 0.6652607421875 0.20647529296875 0.66528662109375 0.20520400390625 0.67671162109375 0.2049546875 0.6767947265625 0.20848603515625 0.68240341796875 0.207862890625 0.682444921875 0.21309765625 0.68422080078125 0.21286884765625 0.684110546875 0.2068060546875 0.6955748046875 0.20614462890625 0.6961259765625 0.25310380859375 0.66570166015625 0.25387548828125 0.6652607421875 0.20647529296875
0 0.63402958984375 0.22769013671875 0.634137890625 0.226912109375 0.62780693359375 0.22677138671875 0.62822900390625 0.20327646484375 0.64468955078125 0.20172890625 0.64525224609375 0.2090447265625 0.6615720703125 0.209607421875 0.66115 0.2498443359375 0.63360537109375 0.24911181640625 0.63402958984375 0.22769013671875
0 0.0440490234375 0.2228171875 0.04404853515625 0.22252216796875 0.044113671875 0.2209271484375 0.0493544921875 0.2210248046875 0.049387109375 0.21939716796875 0.0619810546875 0.21920634765625 0.0619810546875 0.22225947265625 0.0751265625 0.22198271484375 0.07544765625 0.252394921875 0.07522685546875 0.25020712890625 0.07505029296875 0.2740927734375 0.06244091796875 0.2747126953125 0.06185517578125 0.265458203125 0.055646484375 0.26557529296875 0.05529501953125 0.27494697265625 0.04322900390625 0.2747126953125 0.0440490234375 0.2228171875
0 0.07910888671875 0.2225705078125 0.0795865234375 0.2227251953125 0.09318896484375 0.2229958984375 0.09318896484375 0.21934150390625 0.110175 0.21961220703125 0.10977890625 0.27054521484375 0.09261494140625 0.26998251953125 0.0927556640625 0.27406240234375 0.07812412109375 0.273218359375 0.07910888671875 0.2225705078125
0 0.11361015625 0.22261015625 0.11352138671875 0.22017451171875 0.13129765625 0.21909716796875 0.1313796875 0.2215603515625 0.14559970703125 0.22167060546875 0.1449685546875 0.27135400390625 0.13491337890625 0.27081533203125 0.13401552734375 0.27548388671875 0.116059765625 0.274765625 0.1165984375 0.24029052734375 0.11304736328125 0.23963349609375 0.11361015625 0.22261015625
0 0.15183701171875 0.2220796875 0.1516466796875 0.21964599609375 0.165638671875 0.21981865234375 0.16572509765625 0.22370537109375 0.1718671875 0.223412890625 0.17215966796875 0.2292625 0.17976416015625 0.2275076171875 0.17939521484375 0.25955888671875 0.15139609375 0.26022021484375 0.15183701171875 0.2220796875
0 0.1859939453125 0.2225826171875 0.1859109375 0.22215244140625 0.20046064453125 0.22201708984375 0.20046064453125 0.2252654296875 0.21460439453125 0.22519775390625 0.2143640625 0.2701654296875 0.20359052734375 0.2701654296875 0.20412919921875 0.27734775390625 0.1854552734375 0.2771681640625 0.1859939453125 0.2225826171875
0 0.22343427734375 0.2210697265625 0.22354453125 0.21897529296875 0.23600087890625 0.21919580078125 0.2361111328125 0.22261298828125 0.24867763671875 0.22283349609375 0.2479060546875 0.26075361328125 0.239858984375 0.26053310546875 0.23941806640625 0.26913134765625 0.2224421875 0.26869033203125 0.22343427734375 0.2210697265625
0 0.26454482421875 0.22492275390625 0.26552958984375 0.222953125 0.27706611328125 0.2263296875 0.2756591796875 0.23040966796875 0.28818046875 0.234208203125 0.287476953125 0.237725390625 0.29226044921875 0.23885087890625 0.280442578125 0.281057421875 0.26806201171875 0.27669609375 0.270031640625 0.270787109375 0.25244560546875 0.264596875 0.26454482421875 0.22492275390625
0 0.3082720703125 0.23714521484375 0.3088232421875 0.236814453125 0.3251376953125 0.2482787109375 0.318633984375 0.2577587890625 0.32800380859375 0.26327041015625 0.3122404296875 0.2865294921875 0.2863357421875 0.26834111328125 0.3082720703125 0.23714521484375
0 0.3469244140625 0.27198193359375 0.34774609375 0.272333203125 0.35463984375 0.284573046875 0.3577349609375 0.282744140625 0.36575419921875 0.30117431640625 0.32666806640625 0.32208212890625 0.3206052734375 0.3099564453125 0.3252583984375 0.30659130859375 0.316113671875 0.29013076171875 0.3469244140625 0.27198193359375
0 0.3689296875 0.310308203125 0.37175380859375 0.30976279296875 0.3810392578125 0.3373376953125 0.33758623046875 0.3508044921875 0.3349861328125 0.34200615234375 0.32824921875 0.34433818359375 0.3223759765625 0.32628671875 0.3689296875 0.310308203125
0 0.34317880859375 0.35167607421875 0.3836970703125 0.3497064453125 0.3855259765625 0.3732013671875 0.3786322265625 0.37334208984375 0.37835087890625 0.38515986328125 0.3420533203125 0.384034375 0.34191259765625 0.3528015625 0.34317880859375 0.35167607421875
0 0.3745171875 0.389506640625 0.374680078125 0.38946630859375 0.37754345703125 0.38941328125 0.37791455078125 0.40224501953125 0.372355078125 0.4020607421875 0.3724693359375 0.404144921875 0.3836193359375 0.403677734375 0.3834072265625 0.419637890625 0.33232177734375 0.42118037109375 0.33217001953125 0.4063892578125 0.3272458984375 0.40582646484375 0.32738662109375 0.38809970703125 0.3745171875 0.389506640625
0 0.04292158203125 0.29213486328125 0.04292724609375 0.29141005859375 0.05277294921875 0.2913216796875 0.05286123046875 0.29666396484375 0.0659298828125 0.29679638671875 0.07506337890625 0.29636494140625 0.0747857421875 0.33638251953125 0.061123046875 0.33697431640625 0.06097353515625 0.34010908203125 0.0502087890625 0.339660546875 0.04976025390625 0.3360806640625 0.04230634765625 0.33560087890625 0.0425271484375 0.31568876953125 0.04292158203125 0.29213486328125
0 0.07999921875 0.29293369140625 0.080175390625 0.29273056640625 0.1082935546875 0.29227978515625 0.10764560546875 0.32784306640625 0.10167119140625 0.32784306640625 0.10167119140625 0.340143359375 0.07871064453125 0.33944052734375 0.07999921875 0.29293369140625
0 0.11470419921875 0.2929900390625 0.1150392578125 0.291469921875 0.12345361328125 0.29132607421875 0.12381318359375 0.286148046875 0.14215205078125 0.2859322265625 0.1430078125 0.3417453125 0.1226703125 0.3415345703125 0.12262607421875 0.33548583984375 0.113969921875 0.3350283203125 0.11470419921875 0.2929900390625
0 0.1503734375 0.30102548828125 0.1505896484375 0.300897265625 0.15972314453125 0.30046572265625 0.1599388671875 0.28644189453125 0.17964423828125 0.28644189453125 0.17905869140625 0.34150537109375 0.16115087890625 0.3420263671875 0.1606822265625 0.33745771484375 0.1499048828125 0.33687197265625 0.1503734375 0.30102548828125
0 0.185137890625 0.29347021484375 0.1855833984375 0.2930544921875 0.198158203125 0.29277919921875 0.198341796875 0.2898419921875 0.21458798828125 0.2901173828125 0.21381748046875 0.33958759765625 0.2014345703125 0.33937001953125 0.201135546875 0.34280869140625 0.1842408203125 0.34250966796875 0.185137890625 0.29347021484375
0 0.2208880859375 0.29432265625 0.2208880859375 0.2925787109375 0.2384193359375 0.29349658203125 0.2386029296875 0.297810546875 0.24915830078125 0.29689267578125 0.24475263671875 0.340399609375 0.22823095703125 0.33938994140625 0.22868994140625 0.33021123046875 0.22520205078125 0.329660546875 0.225936328125 0.3207572265625 0.21941953125 0.31983935546875 0.2208880859375 0.29432265625
0 0.277003515625 0.31142041015625 0.2791953125 0.310202734375 0.29965244140625 0.3348 0.2791953125 0.3506298828125 0.28601435546875 0.35574423828125 0.2735939453125 0.36426796875 0.257276953125 0.34697685546875 0.260930078125 0.34161904296875 0.25313681640625 0.331633984375 0.277003515625 0.31142041015625
0 0.3137099609375 0.37093623046875 0.31560009765625 0.37124384765625 0.31649716796875 0.380962109375 0.32068349609375 0.38051357421875 0.32113203125 0.4000994140625 0.27001953125 0.3992982421875 0.26965244140625 0.383878125 0.2724060546875 0.383878125 0.2720388671875 0.37442412109375 0.27470068359375 0.37405693359375 0.27451708984375 0.37047724609375 0.3137099609375 0.37093623046875
0 0.30430439453125 0.40126357421875 0.30487685546875 0.40259931640625 0.30621259765625 0.43427509765625 0.266331640625 0.4352291015625 0.26480517578125 0.41824638671875 0.27644501953125 0.41824638671875 0.27587255859375 0.40298095703125 0.30430439453125 0.40126357421875
0 0.30751630859375 0.44059423828125 0.310562109375 0.440828515625 0.31138212890625 0.45148876953125 0.31677080078125 0.4505515625 0.317005078125 0.47222353515625 0.264758203125 0.47023203125 0.26370390625 0.4534802734375 0.2685068359375 0.45254306640625 0.2685068359375 0.4402427734375 0.30751630859375 0.44059423828125
0 0.30799423828125 0.47627333984375 0.31030927734375 0.47734638671875 0.31079638671875 0.48562666015625 0.31834599609375 0.48489609375 0.317858984375 0.50462255859375 0.26359599609375 0.50403681640625 0.26359599609375 0.47615625 0.30799423828125 0.47627333984375
0 0.30314111328125 0.5071353515625 0.30373916015625 0.5081818359375 0.303888671875 0.53883154296875 0.26471689453125 0.53883154296875 0.26381982421875 0.51864765625 0.2732390625 0.51849814453125 0.27279052734375 0.50623828125 0.30314111328125 0.5071353515625
0 0.3082630859375 0.54463173828125 0.30930966796875 0.54672490234375 0.31080478515625 0.57393583984375 0.26550302734375 0.574384375 0.2638583984375 0.5450802734375 0.3082630859375 0.54463173828125
0 0.07151630859375 0.4005763671875 0.072336328125 0.40139638671875 0.07268779296875 0.4538775390625 0.0412927734375 0.4538775390625 0.04082412109375 0.4003419921875 0.04750146484375 0.40022490234375 0.04761865234375 0.3983505859375 0.06003603515625 0.3982333984375 0.05991884765625 0.4005763671875 0.07151630859375 0.4005763671875
0 0.0775611328125 0.39965625 0.077465234375 0.3971560546875 0.0917765625 0.3971560546875 0.0917765625 0.40249892578125 0.106851171875 0.40249892578125 0.10661328125 0.44827158203125 0.09489873046875 0.44897451171875 0.094547265625 0.44346865234375 0.07791259765625 0.443234375 0.0775611328125 0.39965625
0 0.12555029296875 0.45185830078125 0.12566748046875 0.454201171875 0.1127814453125 0.45443544921875 0.112195703125 0.4001970703125 0.1412478515625 0.399494140625 0.14195068359375 0.44307236328125 0.125433203125 0.443306640625 0.12555029296875 0.45185830078125
0 0.1463134765625 0.40440712890625 0.1463134765625 0.403453125 0.16444111328125 0.4032623046875 0.1636779296875 0.39963671875 0.1779892578125 0.3994458984375 0.178943359375 0.4412349609375 0.1455501953125 0.4419982421875 0.1463134765625 0.40440712890625
0 0.18225625 0.40718466796875 0.18225625 0.40298662109375 0.19523193359375 0.40355908203125 0.19542275390625 0.3991703125 0.2129779296875 0.3997427734375 0.21271962890625 0.4541365234375 0.19989033203125 0.4541365234375 0.20005869140625 0.4606236328125 0.1836033203125 0.46061240234375 0.1843552734375 0.4241673828125 0.18168388671875 0.4239765625 0.18225625 0.40718466796875
0 0.0448755859375 0.4870498046875 0.0454736328125 0.48600322265625 0.0548927734375 0.4864517578125 0.0554908203125 0.47957431640625 0.07133896484375 0.48017236328125 0.07074091796875 0.52218486328125 0.04412802734375 0.5208392578125 0.0448755859375 0.4870498046875
0 0.07610888671875 0.47184443359375 0.0764603515625 0.4709072265625 0.10726962890625 0.4710244140625 0.10726962890625 0.51073671875 0.08998798828125 0.5104853515625 0.08997724609375 0.51576357421875 0.07573076171875 0.51529501953125 0.07610888671875 0.47184443359375
0 0.11337783203125 0.47604541015625 0.1136103515625 0.4735935546875 0.14042138671875 0.4737990234375 0.14100537109375 0.5186857421875 0.11286513671875 0.5184767578125 0.11337783203125 0.47604541015625
0 0.20003095703125 0.4661189453125 0.20225673828125 0.4661189453125 0.2030767578125 0.49833388671875 0.15774140625 0.4977482421875 0.1572728515625 0.4855650390625 0.16359873046875 0.484979296875 0.16348154296875 0.46576748046875 0.20003095703125 0.4661189453125
0 0.2019630859375 0.5065490234375 0.20193115234375 0.506718359375 0.2025060546875 0.53325771484375 0.16826328125 0.5337990234375 0.16800029296875 0.5262166015625 0.160025 0.52576083984375 0.1594392578125 0.507017578125 0.2019630859375 0.5065490234375
0 0.16238818359375 0.5388333984375 0.16371103515625 0.5389435546875 0.20107998046875 0.5393845703125 0.2015208984375 0.5616515625 0.19457626953125 0.5618720703125 0.19490693359375 0.5728953125 0.1627189453125 0.5720134765625 0.16238818359375 0.5388333984375
0 0.03910546875 0.59412470703125 0.037489453125 0.589994921875 0.05095634765625 0.5890970703125 0.0513154296875 0.602384375 0.05634306640625 0.602384375 0.0577794921875 0.58766064453125 0.0696302734375 0.5873015625 0.06729609375 0.6393732421875 0.04197841796875 0.6409892578125 0.03910546875 0.59412470703125
0 0.07408662109375 0.60290302734375 0.0739763671875 0.59926533203125 0.09282626953125 0.59926533203125 0.09238525390625 0.60499736328125 0.10528251953125 0.6038951171875 0.10528251953125 0.643027734375 0.0739763671875 0.64291748046875 0.07408662109375 0.60290302734375
0 0.110123046875 0.59941279296875 0.11117333984375 0.5982404296875 0.12769267578125 0.5987791015625 0.127872265625 0.59590615234375 0.137568359375 0.5960857421875 0.138020703125 0.64285712890625 0.12912451171875 0.642684375 0.1292109375 0.63966142578125 0.11029580078125 0.6399205078125 0.110123046875 0.59941279296875
0 0.1804125 0.584949609375 0.180925 0.5849408203125 0.18134921875 0.57921416015625 0.202028515625 0.57788857421875 0.202452734375 0.581971484375 0.2046544921875 0.60661806640625 0.199026953125 0.60661806640625 0.19980517578125 0.6137869140625 0.163584765625 0.61429716796875 0.16386611328125 0.60290146484375 0.151485546875 0.6019166015625 0.1513720703125 0.58528203125 0.1804125 0.584949609375
0 0.19811787109375 0.6206734375 0.1984849609375 0.62159130859375 0.19802607421875 0.63370712890625 0.20151396484375 0.63370712890625 0.20087138671875 0.65325771484375 0.162229296875 0.652064453125 0.162229296875 0.62012275390625 0.19811787109375 0.6206734375
0 0.03851904296875 0.67045546875 0.0387533203125 0.6699869140625 0.0694455078125 0.67010400390625 0.06956259765625 0.7163765625 0.0551537109375 0.7168451171875 0.05550517578125 0.70946494140625 0.03805048828125 0.70946494140625 0.03851904296875 0.67045546875
0 0.07515244140625 0.6656017578125 0.07515244140625 0.66473583984375 0.09484375 0.66469169921875 0.094887890625 0.67232978515625 0.10281201171875 0.67188125 0.103708984375 0.71583740234375 0.0881599609375 0.71643544921875 0.0881599609375 0.71224912109375 0.07515244140625 0.71165107421875 0.07515244140625 0.6656017578125
0 0.1077369140625 0.6855904296875 0.1085001953125 0.68368232421875 0.1262462890625 0.68310986328125 0.12681875 0.6894068359375 0.13387900390625 0.688834375 0.13349736328125 0.69417724609375 0.1397943359375 0.69245986328125 0.1407484375 0.7168845703125 0.1258646484375 0.7168845703125 0.125673828125 0.71230498046875 0.1088818359375 0.71249580078125 0.1077369140625 0.6855904296875
0 0.14259794921875 0.68001640625 0.1449333984375 0.68035068359375 0.15301484375 0.68035068359375 0.15270400390625 0.676931640625 0.16420439453125 0.67568837890625 0.16638017578125 0.67848583984375 0.17570478515625 0.67599921875 0.174930078125 0.7166830078125 0.16157548828125 0.71750302734375 0.16005263671875 0.70824853515625 0.144355078125 0.7084828125 0.14259794921875 0.68001640625
0 0.18028427734375 0.67471640625 0.180134765625 0.67366982421875 0.1979265625 0.67396884765625 0.19777705078125 0.66993203125 0.20869140625 0.6696330078125 0.20913994140625 0.70925341796875 0.195534375 0.7134396484375 0.1952353515625 0.71687841796875 0.180134765625 0.71672890625 0.18028427734375 0.67471640625
0 0.2646140625 0.57901435546875 0.2646140625 0.5783115234375 0.3153380859375 0.57913154296875 0.31463515625 0.6109951171875 0.26379404296875 0.61064365234375 0.2646140625 0.57901435546875
0 0.30160556640625 0.61401572265625 0.30138232421875 0.6159666015625 0.3018693359375 0.643486328125 0.26241630859375 0.64421689453125 0.26314697265625 0.6266822265625 0.2726009765625 0.62548896484375 0.27517099609375 0.61337314453125 0.30160556640625 0.61401572265625
0 0.31207890625 0.65132548828125 0.31207890625 0.652243359375 0.31354755859375 0.680513671875 0.26269775390625 0.67959580078125 0.26260595703125 0.66380849609375 0.2647169921875 0.66390029296875 0.2651759765625 0.6540791015625 0.26765419921875 0.6538955078125 0.26747060546875 0.6511419921875 0.31207890625 0.65132548828125
0 0.30140078125 0.688273046875 0.302572265625 0.68815595703125 0.30760947265625 0.71427939453125 0.26309423828125 0.71474794921875 0.2637970703125 0.6879216796875 0.30140078125 0.688273046875
0 0.3078650390625 0.71932158203125 0.30786181640625 0.72051201171875 0.3096591796875 0.7516158203125 0.2676466796875 0.75236337890625 0.26600205078125 0.7197701171875 0.3078650390625 0.71932158203125
0 0.03683876953125 0.77901201171875 0.03698828125 0.77527421875 0.0568732421875 0.77542373046875 0.05702275390625 0.78080615234375 0.0686845703125 0.7803576171875 0.0677875 0.8187818359375 0.036390234375 0.81743623046875 0.03683876953125 0.77901201171875
0 0.0728810546875 0.77664951171875 0.072690234375 0.77378720703125 0.0852841796875 0.77416884765625 0.085856640625 0.7800841796875 0.09253525390625 0.780275 0.09234443359375 0.77512294921875 0.10169453125 0.77569541015625 0.1018853515625 0.82359072265625 0.0736443359375 0.82091923828125 0.0728810546875 0.77664951171875
0 0.10760986328125 0.77550458984375 0.10780068359375 0.77493212890625 0.12459267578125 0.77474130859375 0.12459267578125 0.7818015625 0.13718662109375 0.7818015625 0.13833154296875 0.81939267578125 0.10856396484375 0.81939267578125 0.10760986328125 0.77550458984375
0 0.14413798828125 0.77956953125 0.14450517578125 0.77846806640625 0.15524423828125 0.77855986328125 0.155427734375 0.7808544921875 0.1609349609375 0.78076279296875 0.1609349609375 0.775898046875 0.1712150390625 0.77598984375 0.17213291015625 0.82013916015625 0.145055859375 0.821516015625 0.14413798828125 0.77956953125
0 0.17751708984375 0.77809794921875 0.179012109375 0.77749990234375 0.2036814453125 0.77779892578125 0.2036814453125 0.78437734375 0.20846572265625 0.7834802734375 0.20846572265625 0.8066544921875 0.17796552734375 0.805757421875 0.17751708984375 0.77809794921875
0 0.2156603515625 0.78802802734375 0.215191796875 0.78416220703125 0.230655078125 0.782405078125 0.23182646484375 0.78627080078125 0.2447125 0.78556796875 0.2508041015625 0.822703125 0.22210341796875 0.82832607421875 0.2156603515625 0.78802802734375
0 0.2479857421875 0.77860244140625 0.24613564453125 0.7762400390625 0.2583138671875 0.76561650390625 0.265146484375 0.7728291015625 0.27391376953125 0.76601005859375 0.30459951171875 0.79620869140625 0.28170693359375 0.81763994140625 0.2479857421875 0.77860244140625
0 0.37979921875 0.42439560546875 0.37957880859375 0.42582861328125 0.3789173828125 0.4360802734375 0.38244482421875 0.4359701171875 0.38189365234375 0.454819921875 0.3429814453125 0.4545994140625 0.34309169921875 0.4239546875 0.37979921875 0.42439560546875
0 0.3436001953125 0.45693837890625 0.34463662109375 0.456679296875 0.38289873046875 0.45702470703125 0.383071484375 0.47896279296875 0.37270703125 0.47930830078125 0.37305244140625 0.48319501953125 0.3690794921875 0.48319501953125 0.36942490234375 0.49045009765625 0.34403203125 0.490363671875 0.3436001953125 0.45693837890625
0 0.34078291015625 0.49387041015625 0.34230048828125 0.49340546875 0.3778529296875 0.4944828125 0.3783916015625 0.5074109375 0.3821623046875 0.506872265625 0.38144404296875 0.526444140625 0.33528564453125 0.5255390625 0.3347333984375 0.51215986328125 0.3405015625 0.51173779296875 0.34078291015625 0.49387041015625
0 0.37674912109375 0.5283119140625 0.3771900390625 0.52842216796875 0.3788435546875 0.56160224609375 0.33386845703125 0.56049990234375 0.3345298828125 0.53801240234375 0.3312228515625 0.537571484375 0.3316638671875 0.5272095703125 0.37674912109375 0.5283119140625
0 0.37780849609375 0.564615625 0.3792154296875 0.565459765625 0.380622265625 0.58318642578125 0.37386923828125 0.58360849609375 0.37527607421875 0.59359736328125 0.333773046875 0.591627734375 0.33250693359375 0.56405283203125 0.37780849609375 0.564615625
0 0.3773548828125 0.59773427734375 0.3801197265625 0.59751728515625 0.38056064453125 0.6163671875 0.3744642578125 0.61699501953125 0.37466728515625 0.62890556640625 0.35592490234375 0.62899189453125 0.347558984375 0.628959375 0.34710322265625 0.63136826171875 0.336133203125 0.63169375 0.33585185546875 0.59745283203125 0.3773548828125 0.59773427734375
0 0.37761396484375 0.63090029296875 0.3754064453125 0.630716796875 0.380588671875 0.6310623046875 0.3809341796875 0.649891015625 0.3697923828125 0.64975244140625 0.3693611328125 0.6613380859375 0.36294521484375 0.6617623046875 0.36172568359375 0.6668525390625 0.34062216796875 0.666375390625 0.34145166015625 0.6321728515625 0.3489810546875 0.63201376953125 0.3491931640625 0.6301580078125 0.37761396484375 0.63090029296875
0 0.3773978515625 0.6710375 0.3786828125 0.6710375 0.382170703125 0.67076220703125 0.38207890625 0.6905880859375 0.37207421875 0.6904962890625 0.37234951171875 0.69976669921875 0.33223876953125 0.69857353515625 0.3332484375 0.67067041015625 0.3773978515625 0.6710375
0 0.37513115234375 0.70527109375 0.37662626953125 0.705869140625 0.37677578125 0.72022216796875 0.380962109375 0.71992314453125 0.3803640625 0.73756533203125 0.33954765625 0.73696728515625 0.33999619140625 0.7037759765625 0.37513115234375 0.70527109375
0 0.37523447265625 0.74117109375 0.37561611328125 0.74327001953125 0.37523447265625 0.770175390625 0.33726181640625 0.76979375 0.33554443359375 0.74155263671875 0.37523447265625 0.74117109375
0 0.3726453125 0.78455185546875 0.37162890625 0.78797509765625 0.3638357421875 0.81695595703125 0.32170380859375 0.7994212890625 0.33005634765625 0.77115107421875 0.3726453125 0.78455185546875
0 0.31279208984375 0.8318435546875 0.313035546875 0.8291646484375 0.3244818359375 0.81674423828125 0.31864619140625 0.81132177734375 0.32355390625 0.80510693359375 0.36135458984375 0.82964248046875 0.342990625 0.8537619140625 0.31279208984375 0.8318435546875
0 0.30339365234375 0.83077939453125 0.305492578125 0.83192421875 0.33182548828125 0.8651265625 0.3064466796875 0.88287265625 0.2801138671875 0.848525390625 0.30339365234375 0.83077939453125
0 0.251676171875 0.867273046875 0.251676171875 0.8653294921875 0.27963466796875 0.85441513671875 0.2927916015625 0.88700849609375 0.26513212890625 0.90061396484375 0.251676171875 0.867273046875
0 0.21927666015625 0.86801259765625 0.2200966796875 0.8676611328125 0.24504873046875 0.86531826171875 0.2517259765625 0.9076078125 0.2239625 0.91159072265625 0.21927666015625 0.86801259765625
0 0.1826154296875 0.8631103515625 0.1835125 0.8613162109375 0.2146107421875 0.866399609375 0.208480859375 0.90422578125 0.19412783203125 0.90258115234375 0.1915861328125 0.9093091796875 0.1755884765625 0.90437529296875 0.1826154296875 0.8631103515625
0 0.1501365234375 0.859860546875 0.15097939453125 0.8575841796875 0.1767513671875 0.862621484375 0.16865205078125 0.904883984375 0.15662802734375 0.90359892578125 0.1561171875 0.888962109375 0.14521640625 0.8849296875 0.1501365234375 0.859860546875
0 0.1124072265625 0.84951875 0.1139337890625 0.8489462890625 0.1391216796875 0.85009111328125 0.13606865234375 0.89913134765625 0.12061240234375 0.89760478515625 0.12042158203125 0.890162890625 0.109544921875 0.8882546875 0.1124072265625 0.84951875
0 0.07438056640625 0.85165224609375 0.07493125 0.8511015625 0.10338515625 0.85559912109375 0.10063154296875 0.8945166015625 0.07190234375 0.889468359375 0.07438056640625 0.85165224609375
0 0.0404443359375 0.84937529296875 0.067954296875 0.8519169921875 0.06481455078125 0.8957236328125 0.0504615234375 0.89467705078125 0.0504615234375 0.8903412109375 0.03730458984375 0.88899560546875 0.0398462890625 0.851019921875 0.0404443359375 0.84937529296875
0 -0.0 0.9728318359375 -0.0 0.94213564453125 0.00461015625 0.9462357421875 0.0029701171875 0.9493986328125 0.0129275390625 0.9558416015625 -0.0 0.9728318359375
0 0.009584375 0.99900771484375 0.0210501953125 0.9587875 0.0320646484375 0.95933828125 0.04023359375 0.962275390625 0.03968291015625 0.966589453125 0.04730361328125 0.9689015625 0.0392515625 0.99900830078125 0.009584375 0.99900771484375
0 0.0540373046875 0.99900859375 0.05520166015625 0.96254755859375 0.06536845703125 0.963594140625 0.0668634765625 0.95985634765625 0.08076806640625 0.96254755859375 0.07902138671875 0.99900908203125 0.0540373046875 0.99900859375
0 0.088540234375 0.9990091796875 0.08933828125 0.96297998046875 0.1149931640625 0.96520576171875 0.1143103515625 0.99900966796875 0.088540234375 0.9990091796875
0 0.12472470703125 0.99900986328125 0.12404169921875 0.96510380859375 0.13517060546875 0.9663923828125 0.135990625 0.9631123046875 0.1515708984375 0.965806640625 0.1510021484375 0.99901025390625 0.12472470703125 0.99900986328125
0 0.15731884765625 0.9990103515625 0.15743251953125 0.9672359375 0.1766443359375 0.9687587890625 0.175004296875 0.9829333984375 0.18742177734375 0.98387060546875 0.1847958984375 0.9990107421875 0.15731884765625 0.9990103515625
0 0.41239521484375 0.9990126953125 0.3975138671875 0.98824794921875 0.41421904296875 0.96594384765625 0.4172068359375 0.96786826171875 0.4224802734375 0.96132529296875 0.4276560546875 0.96529658203125 0.42300107421875 0.9721 0.44391328125 0.991890625 0.43643330078125 0.99901279296875 0.41239521484375 0.9990126953125
0 0.5841146484375 0.9375521484375 0.59351044921875 0.98178125 0.57976044921875 0.9863646484375 0.57884384765625 0.98269794921875 0.5628021484375 0.9870521484375 0.55409384765625 0.948323046875 0.568760546875 0.94465634765625 0.5669271484375 0.938010546875 0.5834271484375 0.933885546875 0.5841146484375 0.9375521484375
0 0.59851162109375 0.93376630859375 0.59808955078125 0.93053046875 0.61933349609375 0.93010849609375 0.61947412109375 0.9355953125 0.62622724609375 0.93503251953125 0.62678994140625 0.93967529296875 0.630869921875 0.940097265625 0.63016650390625 0.97667626953125 0.6113142578125 0.97667626953125 0.61075146484375 0.97977138671875 0.59935576171875 0.97977138671875 0.59851162109375 0.93376630859375
0 0.63590908203125 0.9387732421875 0.63601923828125 0.93722998046875 0.64825517578125 0.93767099609375 0.64759375 0.94252119140625 0.65310537109375 0.94274169921875 0.65310537109375 0.9404267578125 0.66831748046875 0.94141884765625 0.66126259765625 0.98440966796875 0.64351513671875 0.98209482421875 0.6428537109375 0.97724453125 0.63370439453125 0.97625244140625 0.63590908203125 0.9387732421875
0 0.676365625 0.9540609375 0.67706904296875 0.951528515625 0.69226337890625 0.9540609375 0.6933888671875 0.94646376953125 0.708442578125 0.948011328125 0.70183017578125 0.99303154296875 0.68480693359375 0.9910619140625 0.68536962890625 0.9857158203125 0.68171181640625 0.98459033203125 0.68016416015625 0.9961267578125 0.66919052734375 0.99303154296875 0.676365625 0.9540609375
0 0.7156541015625 0.95103603515625 0.7162052734375 0.9500439453125 0.743983984375 0.95026435546875 0.74233046875 0.995349609375 0.71289833984375 0.9933654296875 0.7156541015625 0.95103603515625
0 0.7519947265625 0.95135 0.75227607421875 0.95106865234375 0.7607173828125 0.95149072265625 0.76057666015625 0.94403427734375 0.77591171875 0.945159765625 0.7763337890625 0.95106865234375 0.7798509765625 0.9490990234375 0.78224267578125 0.99679228515625 0.764516015625 0.9969330078125 0.762827734375 0.98666279296875 0.7536830078125 0.98666279296875 0.7519947265625 0.95135
0 0.78515283203125 0.99901103515625 0.78637880859375 0.95986884765625 0.7984091796875 0.96094619140625 0.7984091796875 0.95178876953125 0.81169638671875 0.95304560546875 0.81239951171875 0.9990107421875 0.78515283203125 0.99901103515625
0 0.840453125 0.9984884765625 0.81972421875 0.99857490234375 0.819637890625 0.95219404296875 0.83984853515625 0.951762109375 0.83984853515625 0.9577216796875 0.84986748046875 0.95823994140625 0.84969482421875 0.9839783203125 0.8500189453125 0.99901015625 0.84022236328125 0.9990103515625 0.840453125 0.9984884765625
0 0.855300390625 0.95291572265625 0.85553037109375 0.9521083984375 0.8701619140625 0.95224912109375 0.86973984375 0.958720703125 0.88718525390625 0.95942421875 0.8866224609375 0.993470703125 0.8748201171875 0.99437353515625 0.85469580078125 0.9937689453125 0.855300390625 0.95291572265625
0 0.90923837890625 0.9990091796875 0.90923837890625 0.99780810546875 0.89062822265625 0.9964546875 0.8907634765625 0.95815146484375 0.90944140625 0.95909892578125 0.90950908203125 0.9542263671875 0.91891572265625 0.95456474609375 0.92036953125 0.999008984375 0.90923837890625 0.9990091796875
0 0.94307060546875 0.99900859375 0.9431849609375 0.99223564453125 0.92323388671875 0.99184443359375 0.9238953125 0.95337314453125 0.93987900390625 0.95392431640625 0.9393279296875 0.95701083984375 0.95266611328125 0.95756201171875 0.95134326171875 0.966711328125 0.95641396484375 0.966601171875 0.9554326171875 0.9983599609375 0.95548701171875 0.9990083984375 0.94307060546875 0.99900859375
0 0.961331640625 0.999008203125 0.96043603515625 0.9568021484375 0.9824359375 0.95634384765625 0.9822068359375 0.95978134765625 0.9893109375 0.96046884765625 0.9893109375 0.9990076171875 0.961331640625 0.999008203125
0 0.646328515625 0.81928125 0.64520302734375 0.8205474609375 0.6423892578125 0.8613470703125 0.62395908203125 0.85923671875 0.6217080078125 0.86627109375 0.6086240234375 0.86430146484375 0.6120005859375 0.8171708984375 0.646328515625 0.81928125
0 0.6508412109375 0.826054296875 0.6515447265625 0.82619501953125 0.67954169921875 0.82872734375 0.67715 0.87234072265625 0.6480275390625 0.871215234375 0.6508412109375 0.826054296875
0 0.70794423828125 0.84177236328125 0.70838515625 0.8413314453125 0.70827490234375 0.83504814453125 0.71896748046875 0.83482763671875 0.717975390625 0.88333017578125 0.704416796875 0.88277900390625 0.7035349609375 0.8779287109375 0.6873306640625 0.87748779296875 0.68777158203125 0.8413314453125 0.70794423828125 0.84177236328125
0 0.72789677734375 0.8353537109375 0.72825595703125 0.83499462890625 0.744595703125 0.8358923828125 0.74405703125 0.82691455078125 0.75698515625 0.82709404296875 0.75411220703125 0.88634814453125 0.7372337890625 0.88437294921875 0.7372337890625 0.87826806640625 0.7259216796875 0.87737021484375 0.72789677734375 0.8353537109375
0 0.76784873046875 0.84136123046875 0.7682078125 0.839565625 0.798553125 0.840104296875 0.79837353515625 0.88589150390625 0.78077685546875 0.88535283203125 0.7809564453125 0.8785296875 0.76641220703125 0.87781142578125 0.76784873046875 0.84136123046875
0 0.80386396484375 0.84113037109375 0.80416298828125 0.84053232421875 0.8318224609375 0.84053232421875 0.8312244140625 0.88493701171875 0.80416298828125 0.882993359375 0.80386396484375 0.84113037109375
0 0.43796025390625 0.2396646484375 0.46356875 0.21616728515625 0.5000998046875 0.2502201171875 0.49349111328125 0.25609453125 0.48844287109375 0.25168876953125 0.47614345703125 0.2678431640625 0.45530791015625 0.24746650390625 0.44970888671875 0.2526984375 0.43796025390625 0.2396646484375
0 0.408505859375 0.25661396484375 0.40758798828125 0.25487001953125 0.4266796875 0.23495234375 0.46550537109375 0.27267666015625 0.454674609375 0.284425390625 0.44953447265625 0.28075390625 0.44118193359375 0.2896572265625 0.408505859375 0.25661396484375
0 0.44789521484375 0.29315498046875 0.44848095703125 0.2922177734375 0.48667041015625 0.27839462890625 0.49170771484375 0.2899919921875 0.49779931640625 0.28694619140625 0.5049451171875 0.30498662109375 0.468395703125 0.31705263671875 0.469684375 0.32314423828125 0.455392578125 0.32677568359375 0.44965244140625 0.3074466796875 0.45234677734375 0.30627529296875 0.44789521484375 0.29315498046875
0 0.44938564453125 0.33043330078125 0.46976904296875 0.32668466796875 0.49600966796875 0.328676171875 0.49893828125 0.34320224609375 0.4873408203125 0.34484228515625 0.48944951171875 0.35444814453125 0.45383720703125 0.35831396484375 0.44938564453125 0.33043330078125
0 0.4554017578125 0.36752529296875 0.4565978515625 0.36662822265625 0.49696572265625 0.36543212890625 0.49816181640625 0.37814052734375 0.5039927734375 0.3770939453125 0.50354423828125 0.39772646484375 0.451514453125 0.39712841796875 0.45046787109375 0.38023369140625 0.45555126953125 0.3794861328125 0.4554017578125 0.36752529296875
0 0.4927794921875 0.40415537109375 0.494125 0.4055009765625 0.493078515625 0.43345947265625 0.4518134765625 0.43316044921875 0.4518134765625 0.40176318359375 0.4927794921875 0.40415537109375
0 0.4947072265625 0.43799775390625 0.4965013671875 0.43799775390625 0.49635185546875 0.46924541015625 0.45284423828125 0.466554296875 0.45299375 0.4542943359375 0.44955498046875 0.45444384765625 0.4503025390625 0.4372501953125 0.4947072265625 0.43799775390625
0 0.49490810546875 0.47366884765625 0.4959546875 0.47486494140625 0.4959546875 0.480396875 0.50268271484375 0.48024736328125 0.50193515625 0.50401953125 0.44900830078125 0.50267392578125 0.449755859375 0.47217373046875 0.49490810546875 0.47366884765625
0 0.4911701171875 0.50995322265625 0.4926966796875 0.50995322265625 0.494795703125 0.52483701171875 0.506435546875 0.52426455078125 0.5068171875 0.53895751953125 0.4923150390625 0.53952998046875 0.491742578125 0.530370703125 0.48544560546875 0.53075234375 0.48506396484375 0.53704931640625 0.449571875 0.53514111328125 0.4497626953125 0.50976240234375 0.4911701171875 0.50995322265625
0 0.563578125 0.22678359375 0.56611982421875 0.22678359375 0.5674654296875 0.239791015625 0.5692595703125 0.239791015625 0.5680634765625 0.2623671875 0.55998994140625 0.2626662109375 0.55969091796875 0.26042353515625 0.53098486328125 0.259975 0.5308353515625 0.2584798828125 0.5212666015625 0.258180859375 0.520967578125 0.2454724609375 0.528144140625 0.24532294921875 0.52769560546875 0.22573701171875 0.563578125 0.22678359375
0 0.5697408203125 0.2647287109375 0.569283984375 0.26614287109375 0.57042880859375 0.2850337890625 0.566230859375 0.2850337890625 0.5664216796875 0.29400224609375 0.53188369140625 0.29323896484375 0.53054794921875 0.2838203125 0.519258203125 0.283912109375 0.51962529296875 0.26381083984375 0.5697408203125 0.2647287109375
0 0.5669890625 0.298678125 0.5672900390625 0.29929072265625 0.5662775390625 0.32809599609375 0.52243798828125 0.32730712890625 0.521646484375 0.31529150390625 0.52770439453125 0.31510791015625 0.52761259765625 0.29739306640625 0.5669890625 0.298678125
0 0.56488525390625 0.33232392578125 0.5646099609375 0.333058203125 0.5644263671875 0.3451740234375 0.5673634765625 0.3452658203125 0.56653740234375 0.36564248046875 0.52881318359375 0.3646328125 0.5294556640625 0.33094716796875 0.56488525390625 0.33232392578125
0 0.5596115234375 0.36770654296875 0.56029296875 0.3676916015625 0.56029296875 0.38228564453125 0.5690126953125 0.38228564453125 0.5687373046875 0.40009228515625 0.5519404296875 0.39981689453125 0.5517568359375 0.39660439453125 0.52917734375 0.3955029296875 0.52899375 0.3671408203125 0.5596115234375 0.36770654296875
0 0.5645728515625 0.40260703125 0.5646591796875 0.4029525390625 0.56569560546875 0.42005380859375 0.5679412109375 0.42005380859375 0.56759580078125 0.43525498046875 0.5294201171875 0.43551416015625 0.5286427734375 0.40208876953125 0.5645728515625 0.40260703125
0 0.565425390625 0.43872490234375 0.5663728515625 0.43906328125 0.56603447265625 0.45740283203125 0.560958984375 0.45733515625 0.56122958984375 0.46126015625 0.566846484375 0.46078642578125 0.56799697265625 0.471749609375 0.52387392578125 0.4708021484375 0.52326484375 0.4546958984375 0.53057353515625 0.45435751953125 0.53125029296875 0.43710078125 0.565425390625 0.43872490234375
0 0.56869130859375 0.4743349609375 0.56911337890625 0.47574189453125 0.5693947265625 0.501628515625 0.56264169921875 0.5020505859375 0.562782421875 0.5055677734375 0.53014267578125 0.50500498046875 0.52873583984375 0.49318720703125 0.51649599609375 0.4924837890625 0.5163552734375 0.47363154296875 0.56869130859375 0.4743349609375
0 0.5630017578125 0.507548046875 0.56322216796875 0.5078787109375 0.5631119140625 0.52121689453125 0.56719052734375 0.5213271484375 0.5675212890625 0.5426021484375 0.5507658203125 0.54249189453125 0.55032490234375 0.53510625 0.5277271484375 0.53576767578125 0.5277271484375 0.506996875 0.5630017578125 0.507548046875
0 0.4881166015625 0.57929912109375 0.4892189453125 0.57962978515625 0.4897701171875 0.611487109375 0.46265283203125 0.6106052734375 0.46177099609375 0.61413271484375 0.44920439453125 0.6128099609375 0.450086328125 0.5931884765625 0.458023046875 0.5928578125 0.4578025390625 0.578858203125 0.4881166015625 0.57929912109375
0 0.4911412109375 0.616633984375 0.49202314453125 0.6169646484375 0.49213330078125 0.64551494140625 0.4495833984375 0.6433103515625 0.449252734375 0.61619306640625 0.4911412109375 0.616633984375
0 0.48509208984375 0.6515494140625 0.4865486328125 0.65185859375 0.48723955078125 0.66161845703125 0.5017498046875 0.661445703125 0.5021681640625 0.682197265625 0.49680791015625 0.68237626953125 0.469637109375 0.68279169921875 0.44965361328125 0.6829994140625 0.44957060546875 0.68191923828125 0.44882275390625 0.65217255859375 0.45929228515625 0.651840234375 0.48509208984375 0.6515494140625
0 0.485845703125 0.68546728515625 0.48739326171875 0.686030078125 0.489222265625 0.70009892578125 0.4850015625 0.6995361328125 0.48472021484375 0.706851953125 0.49034775390625 0.7064298828125 0.49020703125 0.71923251953125 0.4819064453125 0.7213427734375 0.48078095703125 0.71810703125 0.46474248046875 0.7178255859375 0.46389833984375 0.720780078125 0.45222119140625 0.72106142578125 0.45193984375 0.7060078125 0.44870400390625 0.70586708984375 0.449266796875 0.68546728515625 0.485845703125 0.68546728515625
0 0.490214453125 0.72387158203125 0.49319072265625 0.72420224609375 0.49308046875 0.7409576171875 0.49936376953125 0.74161904296875 0.4989228515625 0.75142978515625 0.44799521484375 0.7516501953125 0.44810546875 0.728280859375 0.4517431640625 0.728280859375 0.451963671875 0.72221806640625 0.490214453125 0.72387158203125
0 0.48489189453125 0.7542763671875 0.485691015625 0.75778642578125 0.4851060546875 0.77709013671875 0.491540625 0.77679765625 0.49007822265625 0.78761953125 0.45439560546875 0.7852796875 0.45457783203125 0.7762126953125 0.44586943359375 0.7744490234375 0.44531826171875 0.75604013671875 0.45964853515625 0.756260546875 0.4592076171875 0.752843359375 0.48489189453125 0.7542763671875
0 0.481474609375 0.79390625 0.48160947265625 0.79429970703125 0.48158251953125 0.79457236328125 0.48151796875 0.79493388671875 0.48151044921875 0.79543291015625 0.47887900390625 0.81675478515625 0.486616796875 0.81844296875 0.48281826171875 0.83194912109375 0.44244072265625 0.8235078125 0.44497314453125 0.8026859375 0.448349609375 0.80240458984375 0.45060068359375 0.7888984375 0.481474609375 0.79390625
0 0.55583369140625 0.57977744140625 0.556750390625 0.5809232421875 0.557437890625 0.59627744140625 0.5686669921875 0.59513154296875 0.5686669921875 0.6118607421875 0.527875390625 0.6118607421875 0.5262712890625 0.58046494140625 0.55583369140625 0.57977744140625
0 0.56326201171875 0.618268359375 0.5652056640625 0.61811884765625 0.56565419921875 0.63964833984375 0.5604212890625 0.6397978515625 0.5607203125 0.64936650390625 0.54277900390625 0.64802099609375 0.54277900390625 0.64562880859375 0.51825927734375 0.6439841796875 0.51766123046875 0.63411640625 0.52528623046875 0.6321728515625 0.52468818359375 0.61692275390625 0.56326201171875 0.618268359375
0 0.55905888671875 0.652122265625 0.55935791015625 0.65286982421875 0.56010537109375 0.67230625 0.5650392578125 0.67245576171875 0.56429169921875 0.68127685546875 0.5194384765625 0.67993125 0.51928896484375 0.66856845703125 0.522727734375 0.66856845703125 0.52227919921875 0.65167373046875 0.55905888671875 0.652122265625
0 0.55721484375 0.6882673828125 0.5600771484375 0.6882673828125 0.5631302734375 0.717080859375 0.52401259765625 0.71822578125 0.52305849609375 0.7060134765625 0.51046455078125 0.705059375 0.51008291015625 0.6875041015625 0.55721484375 0.6882673828125
0 0.998439453125 0.89840859375 0.9695427734375 0.8929025390625 0.97018525390625 0.88831318359375 0.96302587890625 0.8859267578125 0.96862490234375 0.859859375 0.99843935546875 0.86610830078125 0.998439453125 0.89840859375
0 0.99843935546875 0.86435595703125 0.9671330078125 0.85821982421875 0.96908837890625 0.84159208984375 0.9761884765625 0.842398828125 0.97752470703125 0.82802548828125 0.9984392578125 0.83028447265625 0.99843935546875 0.86435595703125
0 0.9984392578125 0.82701181640625 0.97881875 0.8236234375 0.97952216796875 0.8057560546875 0.98514970703125 0.80645947265625 0.98613447265625 0.80209814453125 0.98078837890625 0.8006912109375 0.9820544921875 0.79379755859375 0.9984392578125 0.79726572265625 0.9984392578125 0.82701181640625
0 0.9984392578125 0.792998828125 0.98328466796875 0.7889494140625 0.9846380859375 0.7733845703125 0.98883388671875 0.77324921875 0.98998427734375 0.75951142578125 0.99843916015625 0.760368359375 0.9984392578125 0.792998828125
0 0.69757724609375 0.65977490234375 0.69757724609375 0.66046240234375 0.6971189453125 0.69231650390625 0.65311904296875 0.69300400390625 0.65266064453125 0.67306650390625 0.65793154296875 0.67306650390625 0.65953564453125 0.66114990234375 0.69757724609375 0.65977490234375
0 0.68312861328125 0.62669521484375 0.68312861328125 0.62801796875 0.6826876953125 0.65822177734375 0.63363408203125 0.6575603515625 0.6337443359375 0.63849013671875 0.6422322265625 0.63882080078125 0.64234248046875 0.6265849609375 0.68312861328125 0.62669521484375
0 0.6729607421875 0.59274189453125 0.67318115234375 0.5935134765625 0.6735119140625 0.602773046875 0.687291015625 0.6029935546875 0.68718076171875 0.6216228515625 0.63548154296875 0.6209615234375 0.63581220703125 0.599355859375 0.639008984375 0.599355859375 0.63944990234375 0.59219072265625 0.6729607421875 0.59274189453125
0 0.6348201171875 0.55680595703125 0.67770068359375 0.5574673828125 0.6785826171875 0.56860087890625 0.68552724609375 0.569041796875 0.6856375 0.5872302734375 0.634489453125 0.5867892578125 0.635040625 0.57168740234375 0.63349736328125 0.57080556640625 0.63404853515625 0.5570263671875 0.6348201171875 0.55680595703125
0 0.67606669921875 0.52111142578125 0.67607421875 0.521689453125 0.67632724609375 0.55259287109375 0.6381515625 0.5531974609375 0.63754697265625 0.540846484375 0.63599228515625 0.54058740234375 0.636510546875 0.52063583984375 0.676044921875 0.52041337890625 0.67606669921875 0.52111142578125
0 0.682128515625 0.4867734375 0.682265625 0.486767578125 0.68386298828125 0.5182759765625 0.64202607421875 0.5193533203125 0.6404099609375 0.50067939453125 0.6369984375 0.5010384765625 0.63681884765625 0.48523740234375 0.68201171875 0.48453125 0.682128515625 0.4867734375
0 0.6862201171875 0.45215048828125 0.68699443359375 0.45291123046875 0.68726513671875 0.46691962890625 0.68036240234375 0.4680701171875 0.6812421875 0.483161328125 0.63678076171875 0.482890625 0.63733447265625 0.4516322265625 0.6862201171875 0.45215048828125
0 0.68328154296875 0.41795634765625 0.68350205078125 0.41795634765625 0.6848248046875 0.41795634765625 0.6850453125 0.427326171875 0.6918796875 0.427326171875 0.69276162109375 0.447608984375 0.63599169921875 0.4461759765625 0.6356609375 0.42809775390625 0.64337724609375 0.427436328125 0.642936328125 0.41707451171875 0.68328154296875 0.41795634765625
0 0.6788533203125 0.3807662109375 0.6803751953125 0.3813099609375 0.68178212890625 0.39636357421875 0.6758732421875 0.396644921875 0.677139453125 0.41310546875 0.63685458984375 0.41394638671875 0.636413671875 0.3964193359375 0.64258671875 0.39575791015625 0.64258671875 0.39245087890625 0.63663408203125 0.39178955078125 0.63773642578125 0.3801048828125 0.6788533203125 0.3807662109375
0 0.6479392578125 0.279510546875 0.64865751953125 0.28004921875 0.65081220703125 0.2879498046875 0.6608673828125 0.2868724609375 0.6603287109375 0.3265546875 0.63124033203125 0.32763203125 0.62962431640625 0.28812939453125 0.64021826171875 0.2874111328125 0.6403978515625 0.28004921875 0.6479392578125 0.279510546875
0 0.666655859375 0.2826845703125 0.667640625 0.28169970703125 0.68086533203125 0.28113701171875 0.6818501953125 0.2878900390625 0.69774794921875 0.2862017578125 0.69873271484375 0.3274234375 0.6849453125 0.32812685546875 0.68381982421875 0.32123310546875 0.67945849609375 0.32123310546875 0.67917705078125 0.3270013671875 0.667640625 0.326579296875 0.666655859375 0.2826845703125
0 0.7034796875 0.28246494140625 0.7049162109375 0.2822853515625 0.73310673828125 0.28210576171875 0.73418408203125 0.326815625 0.71766484375 0.326815625 0.71694658203125 0.31352841796875 0.7038388671875 0.314426171875 0.7034796875 0.28246494140625
0 0.76661015625 0.28381318359375 0.7684841796875 0.2841439453125 0.7713501953125 0.31236357421875 0.76892509765625 0.3128044921875 0.7699171875 0.321512890625 0.7388314453125 0.3201900390625 0.73695751953125 0.28491552734375 0.76661015625 0.28381318359375
0 0.80003505859375 0.278687109375 0.80309638671875 0.278153125 0.8047005859375 0.32467392578125 0.7882005859375 0.32559052734375 0.787971484375 0.31917392578125 0.77536728515625 0.3189447265625 0.77431865234375 0.31231259765625 0.77291474609375 0.2792052734375 0.80003505859375 0.278687109375
0 0.83507138671875 0.2811337890625 0.83566083984375 0.2821337890625 0.83917060546875 0.32278857421875 0.823937890625 0.32335302734375 0.823937890625 0.31971533203125 0.8174341796875 0.3198255859375 0.81401689453125 0.315085546875 0.81059970703125 0.313983203125 0.80883603515625 0.28885009765625 0.80641083984375 0.2822361328125 0.83507138671875 0.2811337890625
0 0.84425068359375 0.2826880859375 0.84447822265625 0.28091962890625 0.8530970703125 0.2807400390625 0.8530970703125 0.28253564453125 0.8584837890625 0.2823560546875 0.8584837890625 0.2796626953125 0.8730279296875 0.27984228515625 0.87374619140625 0.32311572265625 0.85884287109375 0.32419306640625 0.85777265625 0.31300576171875 0.8553841796875 0.31344306640625 0.85582509765625 0.31818310546875 0.843919921875 0.3186240234375 0.84425068359375 0.2826880859375
0 0.90357490234375 0.27605625 0.90399697265625 0.27605625 0.90582587890625 0.3224833984375 0.8920384765625 0.32318681640625 0.89175703125 0.320373046875 0.88134609375 0.320373046875 0.87965791015625 0.27929208984375 0.88711435546875 0.278729296875 0.887255078125 0.27633759765625 0.90357490234375 0.27605625
0 0.94558681640625 0.32408486328125 0.9284228515625 0.32450693359375 0.927156640625 0.3181759765625 0.916745703125 0.31887939453125 0.915771484375 0.27720703125 0.9157908203125 0.2766072265625 0.91575849609375 0.27603193359375 0.9429189453125 0.27488759765625 0.94558681640625 0.32408486328125
0 0.97244306640625 0.268673046875 0.97261279296875 0.26876435546875 0.97459853515625 0.27153125 0.98067041015625 0.273180859375 0.981262890625 0.31881904296875 0.958734375 0.31997783203125 0.95668701171875 0.31354326171875 0.95171484375 0.31354326171875 0.950396484375 0.26922421875 0.97244306640625 0.268673046875
0 0.7036595703125 0.38828876953125 0.7036595703125 0.38608583984375 0.72311826171875 0.385626953125 0.72366904296875 0.38994091796875 0.7366109375 0.38911484375 0.73771240234375 0.423718359375 0.73211337890625 0.42381015625 0.73202158203125 0.42775703125 0.72532119140625 0.427665234375 0.7238525390625 0.4411578125 0.70531171875 0.44134140625 0.704852734375 0.4290419921875 0.7036595703125 0.38828876953125
0 0.75222109375 0.389148046875 0.7525392578125 0.38794189453125 0.7525392578125 0.38501943359375 0.77372705078125 0.38477587890625 0.7727529296875 0.40377177734375 0.76885625 0.40425888671875 0.769343359375 0.4325091796875 0.75935830078125 0.43299619140625 0.75935830078125 0.4271513671875 0.741665625 0.42678046875 0.7412984375 0.38923974609375 0.75222109375 0.389148046875
0 0.777287890625 0.38712666015625 0.77867216796875 0.38713876953125 0.7887544921875 0.38664443359375 0.78950205078125 0.3844017578125 0.80893837890625 0.3839533203125 0.81058740234375 0.42542080078125 0.77914228515625 0.4266412109375 0.777287890625 0.38712666015625
0 0.81583974609375 0.38440595703125 0.8156294921875 0.3824041015625 0.832683203125 0.381998046875 0.8337072265625 0.38961142578125 0.84566572265625 0.38890791015625 0.846369140625 0.43139580078125 0.81710595703125 0.43238056640625 0.81583974609375 0.38440595703125
0 0.85108310546875 0.38405458984375 0.85108310546875 0.38261806640625 0.86724326171875 0.38261806640625 0.8674228515625 0.3860296875 0.8839421875 0.38620927734375 0.88501953125 0.419068359375 0.8512626953125 0.41960703125 0.85108310546875 0.38405458984375
0 0.8886525390625 0.38047392578125 0.88924228515625 0.38024375 0.9042658203125 0.38017607421875 0.90433349609375 0.3867404296875 0.91935693359375 0.38586064453125 0.92025478515625 0.427158984375 0.88990947265625 0.42769765625 0.8886525390625 0.38047392578125
0 0.92466650390625 0.37832890625 0.93388544921875 0.37826728515625 0.93414453125 0.3817220703125 0.9529638671875 0.38083134765625 0.954373046875 0.43264404296875 0.94162451171875 0.432464453125 0.94126533203125 0.42671865234375 0.9260029296875 0.4265390625 0.92466650390625 0.37832890625
0 0.90050537109375 0.47365927734375 0.9028404296875 0.4734251953125 0.9457546875 0.4761185546875 0.945069921875 0.49998955078125 0.93891162109375 0.499921875 0.940941796875 0.50858408203125 0.898709765625 0.506518359375 0.898709765625 0.49718134765625 0.8945798828125 0.49628359375 0.895477734375 0.48766484375 0.8992484375 0.48694658203125 0.90050537109375 0.47365927734375
0 0.90515751953125 0.51002421875 0.94350595703125 0.51106064453125 0.943160546875 0.53429423828125 0.9364236328125 0.53420791015625 0.9365099609375 0.54154931640625 0.90256640625 0.53826728515625 0.90472568359375 0.510110546875 0.90515751953125 0.51002421875
0 0.89692607421875 0.5438333984375 0.9459986328125 0.5479552734375 0.94404853515625 0.56967822265625 0.93505263671875 0.57000146484375 0.93350498046875 0.5792869140625 0.894203125 0.57782568359375 0.89622265625 0.5446775390625 0.89692607421875 0.5438333984375
0 0.93448037109375 0.58182080078125 0.93673134765625 0.58168017578125 0.9360279296875 0.60911435546875 0.90324755859375 0.60869228515625 0.902684765625 0.59926611328125 0.89719794921875 0.59870341796875 0.89987099609375 0.58168017578125 0.90592060546875 0.58238359375 0.90704609375 0.58013251953125 0.93448037109375 0.58182080078125
0 0.93054658203125 0.61815673828125 0.93198310546875 0.61779765625 0.9323421875 0.61797724609375 0.93108525390625 0.64796337890625 0.89032568359375 0.64634736328125 0.89032568359375 0.61654072265625 0.93054658203125 0.61815673828125
0 0.9319029296875 0.65264169921875 0.9319029296875 0.65286220703125 0.931572265625 0.670719921875 0.92617080078125 0.67038916015625 0.92539921875 0.674137109375 0.93102109375 0.67479853515625 0.93013916015625 0.6861525390625 0.88571533203125 0.68251484375 0.88714833984375 0.66135009765625 0.89332138671875 0.6611296875 0.89332138671875 0.64999609375 0.9319029296875 0.65264169921875
0 0.92793037109375 0.68989697265625 0.9286337890625 0.69003759765625 0.92793037109375 0.71001533203125 0.91681591796875 0.70959326171875 0.913439453125 0.7205669921875 0.88853759765625 0.71648701171875 0.89107001953125 0.68595771484375 0.92793037109375 0.68989697265625
0 0.87922783203125 0.72185234375 0.92437353515625 0.7275814453125 0.92276943359375 0.74453974609375 0.91383193359375 0.74522724609375 0.9119986328125 0.7564564453125 0.87304033203125 0.7488939453125 0.87739453125 0.7220814453125 0.87922783203125 0.72185234375
0 0.9149330078125 0.76123251953125 0.9157576171875 0.761337890625 0.9180974609375 0.76280029296875 0.9110779296875 0.7923408203125 0.88650947265625 0.787076171875 0.88182978515625 0.776546875 0.8885271484375 0.75455146484375 0.9149330078125 0.76123251953125
0 0.8612544921875 0.78859208984375 0.91186748046875 0.799129296875 0.90298828125 0.82551728515625 0.86773310546875 0.82075302734375 0.86916240234375 0.80979541015625 0.85582265625 0.805983984375 0.859633984375 0.79216787109375 0.8612544921875 0.78859208984375
0 0.90138369140625 0.8327943359375 0.90025810546875 0.83335703125 0.8956154296875 0.85910302734375 0.85551923828125 0.849817578125 0.8591771484375 0.82604130859375 0.90138369140625 0.8327943359375
0 0.89591572265625 0.8649720703125 0.89591572265625 0.8656595703125 0.8908740234375 0.900263671875 0.8450408203125 0.88880537109375 0.8491658203125 0.871388671875 0.85672822265625 0.871388671875 0.85718662109375 0.85695126953125 0.89591572265625 0.8649720703125
0 0.41850029296875 1.26953125e-05 0.41932607421875 0.0315994140625 0.3953697265625 0.0314158203125 0.3954615234375 1.259765625e-05 0.41850029296875 1.26953125e-05
0 0.32462373046875 1.220703125e-05 0.32340625 0.0696509765625 0.30367978515625 0.0701380859375 0.30538427734375 1.201171875e-05 0.32462373046875 1.220703125e-05
0 0.26573466796875 0.041898046875 0.2913060546875 0.0416544921875 0.2917931640625 0.06479052734375 0.26500400390625 0.06527763671875 0.26573466796875 0.041898046875
0 0.50329736328125 0.21908349609375 0.51168955078125 0.22001591796875 0.51137880859375 0.2287189453125 0.50485146484375 0.22716484375 0.50329736328125 0.21908349609375
