0 0.99843642578125 0.9744302734375 0.98630478515625 0.98683232421875 0.98290693359375 0.9757177734375 0.97500283203125 0.97006025390625 0.9681380859375 0.96239296875 0.98777509765625 0.94223291015625 0.99843642578125 0.942148046875 0.99843642578125 0.9744302734375
0 0.9331466796875 0.9231228515625 0.97772314453125 0.90575537109375 0.9829333984375 0.9219650390625 0.97699951171875 0.9242806640625 0.9826439453125 0.93730634765625 0.94530390625 0.947292578125 0.94067255859375 0.93021455078125 0.935896484375 0.9307935546875 0.9331466796875 0.9231228515625
0 0.9351728515625 0.8714546875 0.9468958984375 0.8714546875 0.9463169921875 0.86740224609375 0.9492115234375 0.86682333984375 0.97642060546875 0.86899423828125 0.97772314453125 0.884625 0.97338125 0.8841908203125 0.97338125 0.8966375 0.94429072265625 0.89605859375 0.94327763671875 0.8856380859375 0.935028125 0.884625 0.9351728515625 0.8714546875
0 0.93329140625 0.833391015625 0.98018349609375 0.8346935546875 0.98148603515625 0.85148212890625 0.9717892578125 0.85206103515625 0.97338125 0.86349453125 0.9331466796875 0.8621919921875 0.93329140625 0.833391015625
0 0.933001953125 0.79489306640625 0.95268505859375 0.79199853515625 0.97902568359375 0.797353515625 0.98003876953125 0.8223916015625 0.97569697265625 0.82398359375 0.97511796875 0.83035166015625 0.933580859375 0.82861494140625 0.9331466796875 0.81718134765625 0.92779169921875 0.81761552734375 0.92735751953125 0.80733974609375 0.933580859375 0.80603720703125 0.933001953125 0.79489306640625
0 0.9348833984375 0.7631974609375 0.97598642578125 0.7637763671875 0.97699951171875 0.76623681640625 0.97714423828125 0.79243271484375 0.95543486328125 0.79185380859375 0.949066796875 0.7898275390625 0.935317578125 0.79199853515625 0.9351728515625 0.78230166015625 0.93068623046875 0.78244638671875 0.93097568359375 0.7757888671875 0.935317578125 0.775644140625 0.9348833984375 0.7631974609375
0 0.926199609375 0.7268705078125 0.97931513671875 0.7271599609375 0.97989404296875 0.74539580078125 0.97338125 0.74742197265625 0.97280234375 0.75740830078125 0.933001953125 0.75755302734375 0.9331466796875 0.7409091796875 0.9260548828125 0.7403302734375 0.926199609375 0.7268705078125
0 0.936168359375 0.69108955078125 0.97994033203125 0.69165654296875 0.98073408203125 0.709913671875 0.9747240234375 0.7108208984375 0.97483740234375 0.71478984375 0.97937333984375 0.71467646484375 0.9789197265625 0.7247689453125 0.935374609375 0.72227421875 0.936168359375 0.69108955078125
0 0.93887255859375 0.65870234375 0.97731484375 0.65938271484375 0.97731484375 0.670382421875 0.9764076171875 0.6792275390625 0.9801498046875 0.6783203125 0.98060341796875 0.68807265625 0.93513046875 0.68648505859375 0.93433662109375 0.6766193359375 0.938532421875 0.6767328125 0.93887255859375 0.65870234375
0 0.9425013671875 0.623321875 0.979242578125 0.623662109375 0.97890234375 0.65416640625 0.96450078125 0.65462001953125 0.9643873046875 0.6490634765625 0.9421611328125 0.64895 0.9425013671875 0.623321875
0 0.931048046875 0.60075556640625 0.93841904296875 0.600301953125 0.93898603515625 0.58816826171875 0.9775416015625 0.589415625 0.9790158203125 0.60642548828125 0.97686123046875 0.606765625 0.97686123046875 0.61923955078125 0.930254296875 0.619126171875 0.931048046875 0.60075556640625
0 0.93297587890625 0.55131357421875 0.98185078125 0.55131357421875 0.98139716796875 0.572859375 0.978448828125 0.57353984375 0.9790158203125 0.58363232421875 0.96087197265625 0.5828384765625 0.96053173828125 0.58125087890625 0.927986328125 0.58272509765625 0.92764609375 0.561179296875 0.93229541015625 0.560385546875 0.93297587890625 0.55131357421875
0 0.93093466796875 0.51627333984375 0.97810859375 0.51627333984375 0.97946943359375 0.5466642578125 0.9650677734375 0.54621064453125 0.9451095703125 0.5470044921875 0.94499609375 0.54314892578125 0.937058203125 0.54280869140625 0.936264453125 0.53339658203125 0.931048046875 0.5344171875 0.93093466796875 0.51627333984375
0 0.94273984375 0.48159501953125 0.97880068359375 0.4825021484375 0.97925419921875 0.51516103515625 0.94546142578125 0.5148208984375 0.9414923828125 0.51062509765625 0.94273984375 0.48159501953125
0 0.9380185546875 0.403421875 0.98375244140625 0.40312099609375 0.9828498046875 0.43080205078125 0.93771767578125 0.4298994140625 0.9380185546875 0.403421875
0 0.9310982421875 0.36851962890625 0.965699609375 0.3688205078125 0.96539873046875 0.36551083984375 0.9840533203125 0.36611259765625 0.9834515625 0.38928046875 0.98014189453125 0.3916875 0.97803564453125 0.39890859375 0.93440791015625 0.3971033203125 0.93561142578125 0.38717431640625 0.93139912109375 0.38717431640625 0.9310982421875 0.36851962890625
0 0.9380185546875 0.333918359375 0.984655078125 0.33602451171875 0.9834515625 0.3615994140625 0.94313349609375 0.359794140625 0.9428326171875 0.34956416015625 0.93711591796875 0.34956416015625 0.9380185546875 0.333918359375
0 0.9323017578125 0.29721083984375 0.98435419921875 0.29781259765625 0.9840533203125 0.32880341796875 0.9359123046875 0.3251927734375 0.9368150390625 0.31646728515625 0.9310982421875 0.31706904296875 0.9323017578125 0.29721083984375
0 0.94012470703125 0.2620078125 0.9834515625 0.26170693359375 0.9834515625 0.28938798828125 0.944637890625 0.28758271484375 0.9452396484375 0.28006064453125 0.9404255859375 0.2791580078125 0.94012470703125 0.2620078125
0 0.942230859375 0.22590205078125 0.98546689453125 0.226136328125 0.985822265625 0.24568349609375 0.98315068359375 0.24636201171875 0.98375244140625 0.25599013671875 0.93952294921875 0.25538837890625 0.9380185546875 0.25268046875 0.9380185546875 0.24335322265625 0.943434375 0.24275146484375 0.942230859375 0.22590205078125
0 0.951650390625 0.17420810546875 0.98952568359375 0.18815615234375 0.9902060546875 0.1942796875 0.98260830078125 0.21956767578125 0.93679521484375 0.20153720703125 0.94325888671875 0.17874404296875 0.9476814453125 0.18101201171875 0.951650390625 0.17420810546875
0 0.98820654296875 0.12465283203125 0.99843623046875 0.1386203125 0.99843623046875 0.17961875 0.99330947265625 0.18248623046875 0.974031640625 0.1537962890625 0.9704029296875 0.14857998046875 0.9798150390625 0.143363671875 0.97244404296875 0.1347453125 0.98820654296875 0.12465283203125
0 0.9984365234375 0.0326759765625 0.9760037109375 0.03179443359375 0.97623935546875 7.8125e-06 0.9984365234375 7.51953125e-06 0.9984365234375 0.0326759765625
0 0.830432421875 0.0437490234375 0.85228642578125 0.0425912109375 0.8528654296875 0.02927607421875 0.87471943359375 0.02826298828125 0.8786271484375 0.07804970703125 0.85054970703125 0.07486572265625 0.85069443359375 0.0834046875 0.832748046875 0.0823916015625 0.830432421875 0.0437490234375
0 0.79026376953125 0.03637119140625 0.82350419921875 0.03755 0.82326845703125 0.09130048828125 0.78106953125 0.08800009765625 0.7801265625 0.06796142578125 0.7886134765625 0.06607548828125 0.79026376953125 0.03637119140625
0 0.7794193359375 0.03424951171875 0.77635458984375 0.08022041015625 0.74547158203125 0.078334375 0.747121875 0.0297703125 0.7798908203125 0.0318919921875 0.7794193359375 0.03424951171875
0 0.6879490234375 0.02599833984375 0.7322697265625 0.02835576171875 0.73085517578125 0.0557025390625 0.688184765625 0.055466796875 0.6879490234375 0.02599833984375
0 0.63561298828125 0.0323634765625 0.63443427734375 0.06866875 0.61863916015625 0.06866875 0.61981787109375 0.0566455078125 0.60590869140625 0.0561740234375 0.60520146484375 0.05947451171875 0.60520146484375 0.08257783203125 0.59011357421875 0.0839923828125 0.58752041015625 0.07385517578125 0.58893486328125 0.06513251953125 0.59812900390625 0.06560400390625 0.59860048828125 0.06018173828125 0.5934140625 0.05735283203125 0.59482861328125 0.02670556640625 0.601665234375 0.02670556640625 0.6023724609375 0.0250552734375 0.62028935546875 0.02764853515625 0.62547578125 0.032127734375 0.63561298828125 0.0323634765625
0 0.64890126953125 0.03270703125 0.64908603515625 0.02901279296875 0.68085693359375 0.0291974609375 0.6797486328125 0.06447802734375 0.667926953125 0.06447802734375 0.66681865234375 0.0535798828125 0.654996875 0.05598115234375 0.65462744140625 0.059675390625 0.65407333984375 0.08110234375 0.6357865234375 0.079624609375 0.6359712890625 0.061337890625 0.6472388671875 0.06078369140625 0.64890126953125 0.0589365234375 0.64890126953125 0.03270703125
0 0.54370283203125 0.03685244140625 0.54326865234375 0.0338130859375 0.56541220703125 0.02787919921875 0.570477734375 0.0297607421875 0.5740958984375 0.03468154296875 0.57930615234375 0.031352734375 0.585963671875 0.056535546875 0.5707671875 0.05841708984375 0.56801728515625 0.0546541015625 0.5580310546875 0.0575486328125 0.5609255859375 0.06391669921875 0.5580310546875 0.0698505859375 0.5583205078125 0.0778107421875 0.5457291015625 0.079981640625 0.54008466796875 0.06478515625 0.5500708984375 0.06058798828125 0.54370283203125 0.03685244140625
0 0.49319248046875 0.0533515625 0.497534375 0.04900966796875 0.51996728515625 0.03627353515625 0.5263353515625 0.042496875 0.5351638671875 0.05624609375 0.5337166015625 0.058272265625 0.5237302734375 0.06406142578125 0.52445390625 0.065653515625 0.50809951171875 0.07520556640625 0.49319248046875 0.0533515625
0 0.83973037109375 0.12251162109375 0.83806796875 0.11807841796875 0.8288322265625 0.11660068359375 0.83067939453125 0.0999763671875 0.84748837890625 0.10477900390625 0.849335546875 0.11660068359375 0.87094716796875 0.116416015625 0.87519560546875 0.14430791015625 0.8615267578125 0.1441232421875 0.86023369140625 0.15077294921875 0.8386220703125 0.14800224609375 0.83973037109375 0.12251162109375
0 0.79225869140625 0.12029501953125 0.792443359375 0.11327587890625 0.79798486328125 0.11327587890625 0.79853896484375 0.11678544921875 0.80001669921875 0.11475361328125 0.81774931640625 0.1156771484375 0.81941171875 0.12103388671875 0.82292138671875 0.1212185546875 0.82402958984375 0.124728125 0.826615625 0.1424607421875 0.79078095703125 0.13950537109375 0.79225869140625 0.12029501953125
0 0.739738671875 0.11358447265625 0.7404623046875 0.10721630859375 0.7767892578125 0.1090978515625 0.776355078125 0.14224072265625 0.7395939453125 0.13992509765625 0.739738671875 0.11358447265625
0 0.687636328125 0.11778154296875 0.704280078125 0.11807099609375 0.7044248046875 0.120097265625 0.72106865234375 0.11850517578125 0.7257 0.12038671875 0.7255552734375 0.1462931640625 0.6989251953125 0.145280078125 0.69863564453125 0.1354384765625 0.6874916015625 0.13529375 0.687636328125 0.11778154296875
0 0.64152978515625 0.11780341796875 0.66332607421875 0.11558681640625 0.66351083984375 0.10616630859375 0.6808740234375 0.107459375 0.68253642578125 0.12611552734375 0.6721923828125 0.125930859375 0.67126884765625 0.14661884765625 0.63765078125 0.144217578125 0.63654248046875 0.13165703125 0.64300751953125 0.13165703125 0.64152978515625 0.11780341796875
0 0.58915966796875 0.1059212890625 0.6041791015625 0.1097283203125 0.60395 0.125769921875 0.62730673828125 0.11983525390625 0.62712197265625 0.13110283203125 0.6298927734375 0.13128759765625 0.62915390625 0.151421484375 0.596459375 0.15234501953125 0.58888603515625 0.144217578125 0.58915966796875 0.1059212890625
0 0.5874455078125 0.22258466796875 0.63008349609375 0.22201767578125 0.62940302734375 0.25342919921875 0.61749619140625 0.25535693359375 0.61409423828125 0.25116123046875 0.61239326171875 0.2515013671875 0.61239326171875 0.2563775390625 0.6036615234375 0.25705791015625 0.60547587890625 0.2620474609375 0.61148603515625 0.2786037109375 0.5945896484375 0.28325302734375 0.5871052734375 0.25331572265625 0.58324970703125 0.25218173828125 0.583930078125 0.23800693359375 0.5874455078125 0.239254296875 0.5874455078125 0.22258466796875
0 0.68155693359375 0.2273826171875 0.68100283203125 0.225166015625 0.6834041015625 0.22294951171875 0.68931494140625 0.22202587890625 0.6891302734375 0.2188857421875 0.69227041015625 0.21574560546875 0.70002841796875 0.21556083984375 0.70150615234375 0.22276474609375 0.71018779296875 0.22350361328125 0.72367197265625 0.22719794921875 0.72237890625 0.25472041015625 0.72976748046875 0.25490517578125 0.7275509765625 0.27540849609375 0.711111328125 0.274854296875 0.70871005859375 0.27097529296875 0.71092666015625 0.251026171875 0.70095205078125 0.25139560546875 0.70095205078125 0.26100068359375 0.68081806640625 0.26118544921875 0.68155693359375 0.2273826171875
0 0.7481380859375 0.24823603515625 0.74758388671875 0.25691767578125 0.7509087890625 0.2580259765625 0.75053935546875 0.2735419921875 0.73336083984375 0.27391142578125 0.7309595703125 0.2580259765625 0.73927177734375 0.2548857421875 0.74185771484375 0.221821875 0.76199169921875 0.22071357421875 0.7736287109375 0.2159109375 0.77584521484375 0.21480263671875 0.7749216796875 0.23475185546875 0.76901083984375 0.23844619140625 0.75755849609375 0.2380767578125 0.75700439453125 0.24675830078125 0.7481380859375 0.24823603515625
0 0.78682216796875 0.2295798828125 0.8071408203125 0.2244078125 0.81305166015625 0.22865625 0.82228740234375 0.2338283203125 0.820625 0.2537775390625 0.78534443359375 0.25396220703125 0.78682216796875 0.2295798828125
0 0.8247947265625 0.23327412109375 0.83199853515625 0.2293951171875 0.83975654296875 0.2295798828125 0.84973115234375 0.23493662109375 0.8501005859375 0.216095703125 0.852501953125 0.21221669921875 0.858043359375 0.20482802734375 0.86672490234375 0.21406376953125 0.8672791015625 0.26172021484375 0.84086484375 0.26135078125 0.84141904296875 0.27243369140625 0.825348828125 0.27187958984375 0.8247947265625 0.23327412109375
0 0.6030955078125 0.289311328125 0.61263583984375 0.2838005859375 0.62305634765625 0.2840900390625 0.62773994140625 0.29077333984375 0.63059423828125 0.30302587890625 0.627322265625 0.3043486328125 0.627322265625 0.307690234375 0.63010693359375 0.3125634765625 0.63233466796875 0.30553212890625 0.634980078125 0.3035828125 0.6389482421875 0.30692451171875 0.64486572265625 0.3125634765625 0.6544033203125 0.3135380859375 0.655238671875 0.3447265625 0.62217060546875 0.34263798828125 0.622240234375 0.3195251953125 0.61117109375 0.32189208984375 0.6030955078125 0.289311328125
0 0.65776513671875 0.305420703125 0.65752939453125 0.29245458984375 0.6745033203125 0.29292607421875 0.6745033203125 0.2974052734375 0.67874677734375 0.3115501953125 0.69501337890625 0.3115501953125 0.69619208984375 0.30047001953125 0.70774375 0.30164873046875 0.7060935546875 0.33795400390625 0.70161435546875 0.33960419921875 0.69312744140625 0.3431404296875 0.6844046875 0.34596943359375 0.67167431640625 0.34101875 0.668373828125 0.31579365234375 0.66554482421875 0.31461494140625 0.66413037109375 0.305420703125 0.65776513671875 0.305420703125
0 0.71222294921875 0.29245458984375 0.7303755859375 0.29127587890625 0.731554296875 0.29292607421875 0.73296884765625 0.30612802734375 0.7459349609375 0.30636376953125 0.74381328125 0.29292607421875 0.7624373046875 0.29339755859375 0.76338037109375 0.3042419921875 0.7629087890625 0.33795400390625 0.72495341796875 0.336539453125 0.7230673828125 0.310371484375 0.7148162109375 0.3115501953125 0.71222294921875 0.29245458984375
0 0.7756392578125 0.30966416015625 0.786012109375 0.3101357421875 0.786012109375 0.29080439453125 0.80345751953125 0.29127587890625 0.80487197265625 0.2962265625 0.81830966796875 0.2964623046875 0.8173666015625 0.33983994140625 0.76998125 0.33936845703125 0.76903828125 0.3106072265625 0.7756392578125 0.30966416015625
0 0.81950849609375 0.2857224609375 0.87190029296875 0.28644609375 0.8726240234375 0.3106158203125 0.85728271484375 0.31162900390625 0.85800634765625 0.33927216796875 0.83354716796875 0.33927216796875 0.82978427734375 0.3075765625 0.81950849609375 0.305550390625 0.81950849609375 0.2857224609375
0 0.628112109375 0.41000869140625 0.65789931640625 0.41061044921875 0.65850107421875 0.450928515625 0.63683759765625 0.4503267578125 0.63804111328125 0.4668751953125 0.6181830078125 0.46476904296875 0.6193865234375 0.43949501953125 0.63382880859375 0.44009677734375 0.632926171875 0.43287568359375 0.6275103515625 0.43167216796875 0.628112109375 0.41000869140625
0 0.71940380859375 0.42234072265625 0.7246140625 0.41713056640625 0.72895595703125 0.41872255859375 0.7338767578125 0.42147236328125 0.7496521484375 0.41988037109375 0.7509546875 0.40989404296875 0.76817744140625 0.41003876953125 0.76919052734375 0.43290595703125 0.75471767578125 0.43348486328125 0.75602021484375 0.44347119140625 0.74270517578125 0.44347119140625 0.74270517578125 0.45519423828125 0.72635078125 0.45447060546875 0.7250482421875 0.44448427734375 0.7149171875 0.44477373046875 0.713469921875 0.43145869140625 0.72085107421875 0.43044560546875 0.71940380859375 0.42234072265625
0 0.8205275390625 0.44515634765625 0.82925302734375 0.44335107421875 0.8298548828125 0.43643076171875 0.82925302734375 0.42349287109375 0.8340671875 0.4219884765625 0.8358724609375 0.4114576171875 0.86866845703125 0.412059375 0.86746494140625 0.434324609375 0.84339443359375 0.43763427734375 0.83737685546875 0.44455458984375 0.840084765625 0.45809423828125 0.8241380859375 0.4644126953125 0.8205275390625 0.44515634765625
0 0.6249263671875 0.4773650390625 0.64105478515625 0.4777490234375 0.6425908203125 0.498485546875 0.6548791015625 0.50040556640625 0.65910322265625 0.5080857421875 0.69097587890625 0.50885380859375 0.68943984375 0.49886953125 0.69596806640625 0.498485546875 0.694816015625 0.48658125 0.7159365234375 0.4896533203125 0.71440048828125 0.50616572265625 0.70288017578125 0.50578173828125 0.70211220703125 0.53343037109375 0.65180703125 0.53035830078125 0.65180703125 0.51538193359375 0.62953447265625 0.51614990234375 0.6299185546875 0.5077017578125 0.6245423828125 0.5073177734375 0.6249263671875 0.4773650390625
0 0.7207484375 0.50179462890625 0.73226875 0.501410546875 0.73303671875 0.49872255859375 0.74340498046875 0.49565048828125 0.74340498046875 0.4860501953125 0.7668294921875 0.48681826171875 0.76836552734375 0.50601865234375 0.75262119140625 0.506402734375 0.751469140625 0.52944326171875 0.72228447265625 0.52675517578125 0.7207484375 0.50179462890625
0 0.77182158203125 0.48681826171875 0.79371015625 0.48643427734375 0.794862109375 0.4921943359375 0.80791845703125 0.48989033203125 0.80830244140625 0.50678671875 0.79601416015625 0.50793876953125 0.79870224609375 0.53251533203125 0.769517578125 0.53021123046875 0.77182158203125 0.48681826171875
0 0.8323697265625 0.51266494140625 0.8539501953125 0.51431513671875 0.85386025390625 0.5342609375 0.8310451171875 0.53387939453125 0.8323697265625 0.51266494140625
0 0.8525498046875 0.4876810546875 0.8688046875 0.48805048828125 0.8682505859375 0.5061525390625 0.851626171875 0.50652197265625 0.8525498046875 0.4876810546875
0 0.6236740234375 0.60575234375 0.65045244140625 0.60484970703125 0.65255859375 0.62681396484375 0.66218681640625 0.625911328125 0.66459384765625 0.65268974609375 0.6188599609375 0.65389326171875 0.615851171875 0.62952197265625 0.6248775390625 0.6289201171875 0.6236740234375 0.60575234375
0 0.6685052734375 0.62741572265625 0.67993876953125 0.62801748046875 0.679637890625 0.60244267578125 0.71153125 0.60304443359375 0.710327734375 0.64727392578125 0.66880615234375 0.64607041015625 0.6685052734375 0.62741572265625
0 0.7238673828125 0.6015400390625 0.7590705078125 0.60123916015625 0.762079296875 0.60545146484375 0.76538896484375 0.60545146484375 0.76418544921875 0.6487783203125 0.74884052734375 0.6475748046875 0.74914140625 0.63674306640625 0.7509466796875 0.6346369140625 0.747937890625 0.62681396484375 0.73169033203125 0.6265130859375 0.73289384765625 0.6346369140625 0.73740703125 0.6463712890625 0.72296474609375 0.6523888671875 0.71454013671875 0.63614130859375 0.72477001953125 0.62861923828125 0.7238673828125 0.6015400390625
0 0.7705505859375 0.6051802734375 0.80424921875 0.60487939453125 0.80816064453125 0.6334630859375 0.8165853515625 0.63256044921875 0.81508095703125 0.65061328125 0.794921875 0.6488080078125 0.79281572265625 0.63737451171875 0.7813822265625 0.63556923828125 0.78168310546875 0.62744541015625 0.77205498046875 0.628348046875 0.7705505859375 0.6051802734375
0 0.8201958984375 0.6027732421875 0.8466734375 0.602171484375 0.84877958984375 0.62684365234375 0.82109853515625 0.6277462890625 0.8201958984375 0.6027732421875
0 0.62029775390625 0.661022265625 0.641724609375 0.6617611328125 0.64061630859375 0.68392685546875 0.634890234375 0.6837421875 0.634890234375 0.68485048828125 0.63008759765625 0.68503515625 0.6297181640625 0.6885447265625 0.62085185546875 0.6887294921875 0.62085185546875 0.67967841796875 0.61955888671875 0.678016015625 0.62029775390625 0.661022265625
0 0.629955859375 0.6915001953125 0.63106416015625 0.68503515625 0.6406693359375 0.686328125 0.6521216796875 0.68965302734375 0.6521216796875 0.6987041015625 0.64972041015625 0.70443017578125 0.64547197265625 0.7084939453125 0.6421470703125 0.7055384765625 0.63974580078125 0.71385068359375 0.628478125 0.712003515625 0.62903232421875 0.70627734375 0.62607685546875 0.703506640625 0.62275205078125 0.700551171875 0.6221978515625 0.695009765625 0.6236755859375 0.69039189453125 0.629955859375 0.6915001953125
0 0.71932109375 0.70023544921875 0.74659833984375 0.69916923828125 0.7458875 0.68744091796875 0.76161416015625 0.6869966796875 0.7628580078125 0.70450029296875 0.7535287109375 0.7048556640625 0.75290673828125 0.72280361328125 0.721098046875 0.7242251953125 0.71932109375 0.70023544921875
0 0.7728703125 0.6888140625 0.793622265625 0.686999609375 0.7938490234375 0.66806201171875 0.81119912109375 0.66726826171875 0.8113125 0.71659677734375 0.77411767578125 0.71602978515625 0.7728703125 0.6888140625
0 0.82050732421875 0.668610546875 0.831809375 0.67020712890625 0.83338642578125 0.68232509765625 0.83812041015625 0.6849705078125 0.84682255859375 0.68580595703125 0.85072109375 0.69088798828125 0.8518349609375 0.69576123046875 0.86088515625 0.700982421875 0.85963203125 0.71957021484375 0.8232919921875 0.71796904296875 0.82447548828125 0.6935333984375 0.8160517578125 0.69123603515625 0.82050732421875 0.668610546875
0 0.825653125 0.79868681640625 0.8274583984375 0.79417353515625 0.8428033203125 0.7932708984375 0.847918359375 0.79688154296875 0.857546484375 0.80109384765625 0.859953515625 0.8272705078125 0.8525763671875 0.82947646484375 0.85062626953125 0.81643876953125 0.83467958984375 0.82125283203125 0.83287431640625 0.8474294921875 0.8121134765625 0.844420703125 0.8133169921875 0.82757138671875 0.8262548828125 0.82516435546875 0.825653125 0.79868681640625
0 0.75645048828125 0.8332880859375 0.77179541015625 0.83058017578125 0.77179541015625 0.804403515625 0.8097064453125 0.8062087890625 0.80940556640625 0.8426154296875 0.77510517578125 0.84231455078125 0.7766095703125 0.85073916015625 0.75705224609375 0.8522435546875 0.75645048828125 0.8332880859375
0 0.6676140625 0.787518359375 0.697100390625 0.7893236328125 0.6977021484375 0.8139958984375 0.66731318359375 0.8115888671875 0.6676140625 0.787518359375
0 0.58766865234375 0.82021279296875 0.595980859375 0.8207669921875 0.603 0.7945375 0.61020390625 0.7923208984375 0.61038857421875 0.78253095703125 0.64585380859375 0.7853017578125 0.64288876953125 0.85303955078125 0.60915859375 0.85053427734375 0.60995234375 0.84100869140625 0.5909013671875 0.837153125 0.588519921875 0.831483203125 0.58647880859375 0.82706064453125 0.58766865234375 0.82021279296875
0 0.62122890625 0.855759375 0.623255078125 0.85257529296875 0.64250400390625 0.8553251953125 0.63830693359375 0.8952703125 0.61341357421875 0.891507421875 0.6076244140625 0.890928515625 0.60342724609375 0.88687607421875 0.60226943359375 0.88629716796875 0.59951953125 0.8825341796875 0.598072265625 0.87587666015625 0.59836171875 0.87211376953125 0.60111162109375 0.86835078125 0.60501923828125 0.86299580078125 0.61413720703125 0.86314052734375 0.61326884765625 0.8567724609375 0.62122890625 0.855759375
0 0.69860654296875 0.8575076171875 0.71568447265625 0.85678388671875 0.71785546875 0.8598232421875 0.71264521484375 0.8841376953125 0.71785546875 0.8841376953125 0.7191580078125 0.8753091796875 0.73449921875 0.87603291015625 0.73594658203125 0.8873216796875 0.75041943359375 0.88934794921875 0.75099833984375 0.91684638671875 0.7214736328125 0.91438603515625 0.7217630859375 0.9113466796875 0.7106189453125 0.9081626953125 0.71047421875 0.89947890625 0.7054087890625 0.8993341796875 0.706132421875 0.8857296875 0.7083033203125 0.8847166015625 0.707869140625 0.8818220703125 0.6978828125 0.88153251953125 0.69860654296875 0.8575076171875
0 0.76525234375 0.866097265625 0.77118623046875 0.8668208984375 0.78102783203125 0.8788333984375 0.787830078125 0.8785439453125 0.7886984375 0.866676171875 0.80693427734375 0.8682681640625 0.80548701171875 0.90126640625 0.78363291015625 0.89952958984375 0.78290927734375 0.8928720703125 0.76641015625 0.8893986328125 0.76525234375 0.866097265625
0 0.83054951171875 0.8625296875 0.82968115234375 0.8858310546875 0.8493642578125 0.8869888671875 0.8497984375 0.88496259765625 0.85906103515625 0.8858310546875 0.85862685546875 0.91564521484375 0.8408251953125 0.91564521484375 0.8385095703125 0.902040625 0.83272041015625 0.9013169921875 0.83185205078125 0.89567255859375 0.81766865234375 0.89437001953125 0.81810283203125 0.88597578125 0.81057685546875 0.88496259765625 0.8127478515625 0.8609376953125 0.83054951171875 0.8625296875
0 0.82370400390625 0.999009375 0.82397236328125 0.98646787109375 0.85320751953125 0.98849404296875 0.85393115234375 0.99457265625 0.86348330078125 0.9952962890625 0.86359755859375 0.999008984375 0.82370400390625 0.999009375
0 0.77247099609375 0.99900966796875 0.77273828125 0.98704677734375 0.796184375 0.98820458984375 0.80255244140625 0.996019921875 0.8089205078125 0.9958751953125 0.80991025390625 0.99900947265625 0.77247099609375 0.99900966796875
0 0.72618232421875 0.999009765625 0.72763447265625 0.98839013671875 0.7340982421875 0.98839013671875 0.7340982421875 0.9822666015625 0.7634685546875 0.98328720703125 0.76375009765625 0.99900966796875 0.72618232421875 0.999009765625
0 0.674411328125 0.99900986328125 0.6747541015625 0.9952962890625 0.676635546875 0.98878349609375 0.677214453125 0.98777041015625 0.68184580078125 0.9955857421875 0.68256943359375 0.98371796875 0.70804169921875 0.98371796875 0.70831357421875 0.99900986328125 0.674411328125 0.99900986328125
0 0.62053486328125 0.99900986328125 0.6281513671875 0.97706044921875 0.6413216796875 0.978797265625 0.6420453125 0.9841521484375 0.65550517578125 0.98588896484375 0.6540248046875 0.99900986328125 0.62053486328125 0.99900986328125
0 0.3425904296875 0.9923275390625 0.35251953125 0.9727703125 0.3850146484375 0.98781435546875 0.3781048828125 0.99900810546875 0.35961884765625 0.99900791015625 0.3425904296875 0.9923275390625
0 0.401597265625 0.9990083984375 0.40322314453125 0.99270068359375 0.41263046875 0.9944375 0.41769599609375 0.98980615234375 0.42565615234375 0.99501640625 0.42623583984375 0.99900869140625 0.401597265625 0.9990083984375
0 0.42801083984375 0.99900869140625 0.426569921875 0.996995703125 0.42585908203125 0.99237548828125 0.4282580078125 0.99042080078125 0.43119013671875 0.9831349609375 0.43954208984375 0.9846455078125 0.4425630859375 0.9864224609375 0.44194111328125 0.98944345703125 0.4437181640625 0.98899912109375 0.44736103515625 0.98064716796875 0.490965625 0.99900927734375 0.42801083984375 0.99900869140625
0 0.46081298828125 0.95521982421875 0.46676591796875 0.9526431640625 0.4705865234375 0.94091484375 0.47458486328125 0.9408259765625 0.4762353515625 0.93807158203125 0.48397490234375 0.939089453125 0.4845361328125 0.9431361328125 0.4984857421875 0.94562392578125 0.492355078125 0.97245693359375 0.50106240234375 0.9741451171875 0.4942208984375 0.99520283203125 0.452638671875 0.979476171875 0.46081298828125 0.95521982421875
0 0.38356796875 0.963576953125 0.4021919921875 0.9661701171875 0.399598828125 0.98361552734375 0.38144619140625 0.9817294921875 0.38356796875 0.963576953125
0 0.5476791015625 0.9990095703125 0.547884375 0.99233818359375 0.562972265625 0.9972888671875 0.56282255859375 0.99900966796875 0.5476791015625 0.9990095703125
0 0.565659765625 0.99900966796875 0.56674423828125 0.9876232421875 0.5943267578125 0.9968173828125 0.59416435546875 0.999009765625 0.565659765625 0.99900966796875
0 0.42559970703125 0.9116705078125 0.4396931640625 0.91858310546875 0.45483251953125 0.92864443359375 0.4449310546875 0.94538251953125 0.41734853515625 0.9253439453125 0.42559970703125 0.9116705078125
0 0.3702986328125 0.91133017578125 0.37108017578125 0.8910734375 0.3799642578125 0.88775537109375 0.395287890625 0.890584375 0.4110830078125 0.9014287109375 0.406228125 0.91195419921875 0.4033033203125 0.9165166015625 0.3987138671875 0.92464951171875 0.38609375 0.91793115234375 0.3702986328125 0.91133017578125
0 0.33308994140625 0.8637490234375 0.3627546875 0.8762037109375 0.354503515625 0.891998828125 0.36558369140625 0.89577080078125 0.35898271484375 0.91109443359375 0.3410658203125 0.90284326171875 0.34507353515625 0.89412060546875 0.332399609375 0.8892923828125 0.33308994140625 0.8637490234375
0 0.44336435546875 0.83969765625 0.45255859375 0.82013056640625 0.48226279296875 0.83545419921875 0.486034765625 0.8088146484375 0.4994724609375 0.81140791015625 0.49735068359375 0.8302677734375 0.48202705078125 0.85973623046875 0.44336435546875 0.83969765625
0 0.52398837890625 0.75546416015625 0.549162890625 0.761020703125 0.544626953125 0.78483447265625 0.53328701171875 0.78472109375 0.5323798828125 0.78279326171875 0.52160693359375 0.77995830078125 0.52001943359375 0.77712333984375 0.52398837890625 0.75546416015625
0 0.50334697265625 0.83696318359375 0.513691015625 0.82680380859375 0.5279140625 0.83252998046875 0.5299458984375 0.8221859375 0.5321625 0.8216318359375 0.53548740234375 0.822370703125 0.54361484375 0.83493125 0.54232177734375 0.85063203125 0.53234716796875 0.8458294921875 0.51904775390625 0.86744111328125 0.4931876953125 0.85247919921875 0.50334697265625 0.83696318359375
0 0.44742509765625 0.8008873046875 0.44635888671875 0.79724443359375 0.44858017578125 0.79280185546875 0.45471083984375 0.78640458984375 0.4670611328125 0.79289072265625 0.45986416015625 0.80763994140625 0.44742509765625 0.8008873046875
0 0.45435546875 0.76703505859375 0.4529337890625 0.76623544921875 0.45897568359375 0.75113076171875 0.46537294921875 0.75450712890625 0.46972666015625 0.75317431640625 0.47097060546875 0.75237470703125 0.473725 0.7482875 0.4724810546875 0.74588857421875 0.48323203125 0.727141015625 0.49113974609375 0.7303396484375 0.4930056640625 0.7375365234375 0.4969150390625 0.7400244140625 0.49869208984375 0.73744775390625 0.50811025390625 0.7442892578125 0.49842548828125 0.76170400390625 0.488296484375 0.75859423828125 0.48261005859375 0.76721279296875 0.47301416015625 0.76188173828125 0.4659060546875 0.77485400390625 0.46306279296875 0.77387666015625 0.46021962890625 0.7785857421875 0.451245703125 0.77352119140625 0.45435546875 0.76703505859375
0 0.42069599609375 0.71599140625 0.42040654296875 0.7143994140625 0.4178013671875 0.70875498046875 0.42590625 0.69746611328125 0.439944921875 0.70441318359375 0.43748447265625 0.7158466796875 0.43574775390625 0.71917548828125 0.44891806640625 0.72568828125 0.452246875 0.72004384765625 0.45847021484375 0.7272802734375 0.454851953125 0.73335888671875 0.44920751953125 0.74363466796875 0.4515232421875 0.74623974609375 0.4515232421875 0.7504369140625 0.44558935546875 0.75448935546875 0.44081328125 0.752318359375 0.4293796875 0.74537138671875 0.416498828125 0.74175322265625 0.40984130859375 0.73263525390625 0.42069599609375 0.71599140625
0 0.37078701171875 0.7073509765625 0.38326083984375 0.678887890625 0.40151806640625 0.680362109375 0.396528515625 0.68977421875 0.40072431640625 0.6888669921875 0.4102498046875 0.6934029296875 0.41206416015625 0.69929970703125 0.41830107421875 0.70100068359375 0.40526025390625 0.72696904296875 0.39754912109375 0.72368046875 0.39346669921875 0.72118564453125 0.38530205078125 0.7148353515625 0.38246708984375 0.7137013671875 0.38121962890625 0.714268359375 0.3745291015625 0.714268359375 0.3711271484375 0.7130208984375 0.37078701171875 0.7073509765625
0 0.33627236328125 0.74599658203125 0.34884052734375 0.75173427734375 0.3514265625 0.7448998046875 0.36029287109375 0.748409375 0.36528017578125 0.73898896484375 0.4230958984375 0.772791796875 0.41386015625 0.7888619140625 0.403885546875 0.786830078125 0.3848599609375 0.8173080078125 0.3564138671875 0.80271552734375 0.3719298828125 0.76300185546875 0.37229931640625 0.7618935546875 0.36528017578125 0.75875341796875 0.358445703125 0.75561328125 0.3464392578125 0.779626171875 0.3355060546875 0.77435068359375 0.33627236328125 0.74599658203125
0 0.50791826171875 0.6582658203125 0.5362080078125 0.658973046875 0.53903701171875 0.64529970703125 0.559311328125 0.64647841796875 0.5590755859375 0.67736142578125 0.53832978515625 0.67618271484375 0.50909697265625 0.67594697265625 0.50791826171875 0.6582658203125
0 0.512633203125 0.61088046875 0.53220029296875 0.6097017578125 0.53715107421875 0.60475107421875 0.53785830078125 0.58329794921875 0.55106015625 0.58141201171875 0.56308330078125 0.58282646484375 0.56214033203125 0.61559541015625 0.5421017578125 0.6170099609375 0.5329076171875 0.6247896484375 0.512633203125 0.6276185546875 0.512633203125 0.61088046875
0 0.51421884765625 0.5926630859375 0.53020810546875 0.59311669921875 0.52907412109375 0.60627099609375 0.52771328125 0.606384375 0.51421884765625 0.6069513671875 0.51421884765625 0.5926630859375
0 0.4644587890625 0.63648896484375 0.48987021484375 0.648750390625 0.48453916015625 0.660567578125 0.45743955078125 0.64732880859375 0.46259296875 0.63560048828125 0.4644587890625 0.63648896484375
0 0.45765400390625 0.608373828125 0.46944755859375 0.61676533203125 0.44994287109375 0.64500166015625 0.43576806640625 0.63592978515625 0.455612890625 0.60712646484375 0.45765400390625 0.608373828125
0 0.4352541015625 0.56034111328125 0.447590234375 0.54499619140625 0.464138671875 0.536571484375 0.49091708984375 0.5747833984375 0.46293515625 0.59403974609375 0.4352541015625 0.56034111328125
0 0.37537880859375 0.5218283203125 0.4081748046875 0.52333271484375 0.4057677734375 0.5088904296875 0.4271302734375 0.5088904296875 0.4292365234375 0.54710234375 0.416900390625 0.54439443359375 0.4175021484375 0.55883671875 0.39433427734375 0.55793408203125 0.39463515625 0.55161552734375 0.37598056640625 0.5513146484375 0.37537880859375 0.5218283203125
0 0.50228837890625 0.566791015625 0.5235056640625 0.567733984375 0.5227984375 0.5849435546875 0.50110966796875 0.5825861328125 0.50228837890625 0.566791015625
0 0.51218974609375 0.54062294921875 0.51195400390625 0.53331474609375 0.55910361328125 0.53520068359375 0.55651044921875 0.5757494140625 0.531049609375 0.57409912109375 0.53246416015625 0.5528818359375 0.5284564453125 0.5519388671875 0.51148251953125 0.55076005859375 0.51218974609375 0.54062294921875
0 0.5060603515625 0.5125689453125 0.5235056640625 0.51563359375 0.52786337890625 0.515040625 0.5279849609375 0.504553515625 0.51643330078125 0.50290322265625 0.5152544921875 0.48805107421875 0.5600466796875 0.48687236328125 0.56523310546875 0.5276568359375 0.5317568359375 0.52694951171875 0.5235056640625 0.52364912109375 0.5202052734375 0.53119296875 0.50275986328125 0.52412060546875 0.5060603515625 0.5125689453125
0 0.358954296875 0.54124580078125 0.3879544921875 0.57874296875 0.3654193359375 0.5964755859375 0.34122607421875 0.562705859375 0.34137900390625 0.5570474609375 0.358954296875 0.54124580078125
0 0.34402333984375 0.45920771484375 0.373323046875 0.44857294921875 0.39194716796875 0.5110462890625 0.35517041015625 0.5197689453125 0.343734765625 0.46988564453125 0.34402333984375 0.45920771484375
0 0.39289013671875 0.4488087890625 0.4207083984375 0.4410291015625 0.427780859375 0.46059619140625 0.44192578125 0.45682421875 0.43838955078125 0.42994892578125 0.44734794921875 0.428062890625 0.4572494140625 0.4268841796875 0.4581923828125 0.42924169921875 0.4600783203125 0.43112763671875 0.46408603515625 0.43301357421875 0.472573046875 0.42924169921875 0.47728798828125 0.45305224609375 0.44876240234375 0.4598888671875 0.4513556640625 0.47662705078125 0.4192939453125 0.4827564453125 0.41693642578125 0.467904296875 0.39925537109375 0.47167626953125 0.39289013671875 0.4488087890625
0 0.490159375 0.425080859375 0.5178080078125 0.42085673828125 0.52510419921875 0.46962587890625 0.49399951171875 0.47385 0.490159375 0.425080859375
0 0.5228001953125 0.4220087890625 0.5596650390625 0.418552734375 0.562737109375 0.4408251953125 0.56734521484375 0.44120927734375 0.57041728515625 0.4711619140625 0.55236884765625 0.46924189453125 0.55236884765625 0.4519615234375 0.53470439453125 0.4531134765625 0.53432041015625 0.443897265625 0.526640234375 0.44351328125 0.5228001953125 0.4220087890625
0 0.3606560546875 0.3506328125 0.3633640625 0.34732314453125 0.38141689453125 0.34311083984375 0.38683271484375 0.3428099609375 0.40338115234375 0.33950029296875 0.41030146484375 0.36567685546875 0.4054873046875 0.36718134765625 0.395257421875 0.35845576171875 0.39736357421875 0.370491015625 0.36908076171875 0.37741123046875 0.3606560546875 0.3506328125
0 0.42023046875 0.33619052734375 0.4277525390625 0.33167734375 0.43858427734375 0.33137646484375 0.4337701171875 0.30730595703125 0.44971689453125 0.30429716796875 0.4572388671875 0.33438525390625 0.45061953125 0.33679228515625 0.454230078125 0.3581548828125 0.42143408203125 0.3674822265625 0.41872607421875 0.3581548828125 0.419026953125 0.35033193359375 0.42474375 0.349429296875 0.42023046875 0.33619052734375
0 0.459044140625 0.32716416015625 0.480105859375 0.32024384765625 0.4773978515625 0.3133236328125 0.49274287109375 0.30881044921875 0.50237099609375 0.35303994140625 0.46235380859375 0.36146455078125 0.456637109375 0.34341171875 0.4620529296875 0.34010205078125 0.459044140625 0.32716416015625
0 0.501468359375 0.29707607421875 0.547503125 0.2910583984375 0.55713134765625 0.3476240234375 0.52704326171875 0.3500310546875 0.52403447265625 0.34010205078125 0.5095921875 0.34311083984375 0.501468359375 0.29707607421875
0 0.48762783203125 0.26006767578125 0.53366259765625 0.24833330078125 0.5420873046875 0.28413818359375 0.494247265625 0.2943681640625 0.48762783203125 0.26006767578125
0 0.43450693359375 0.254962109375 0.4348763671875 0.25533154296875 0.447067578125 0.2508984375 0.44799111328125 0.2484970703125 0.447067578125 0.24036962890625 0.45371728515625 0.23482822265625 0.46129052734375 0.23852255859375 0.46258359375 0.24665 0.46720146484375 0.2457263671875 0.4718193359375 0.27047822265625 0.43949423828125 0.27583486328125 0.43450693359375 0.254962109375
0 0.42250048828125 0.27657373046875 0.4363541015625 0.27731259765625 0.43543046875 0.29596884765625 0.4178826171875 0.29726181640625 0.41825205078125 0.27879033203125 0.401627734375 0.2813763671875 0.4043984375 0.2955994140625 0.3959015625 0.2970771484375 0.3824173828125 0.25256083984375 0.419914453125 0.24480283203125 0.42582529296875 0.2726947265625 0.42250048828125 0.27657373046875
0 0.365259375 0.14885302734375 0.35934853515625 0.12964267578125 0.40035517578125 0.1194833984375 0.40663544921875 0.13869375 0.365259375 0.14885302734375
0 0.40067080078125 0.186571875 0.3904529296875 0.15183115234375 0.4160419921875 0.1459669921875 0.41764130859375 0.14463427734375 0.41523427734375 0.13079375 0.43238447265625 0.127183203125 0.43930478515625 0.15005009765625 0.4302783203125 0.153359765625 0.43479150390625 0.179235546875 0.40067080078125 0.186571875
0 0.44291533203125 0.146138671875 0.47601220703125 0.1350060546875 0.49075537109375 0.17111181640625 0.459162890625 0.18465146484375 0.44291533203125 0.146138671875
0 0.37301708984375 0.060373828125 0.39694423828125 0.0341787109375 0.42347958984375 0.06332216796875 0.425407421875 0.0624150390625 0.4463861328125 0.08622880859375 0.440489453125 0.09189873046875 0.43720087890625 0.08940390625 0.4313041015625 0.09439345703125 0.40998515625 0.06649736328125 0.40465537109375 0.07273427734375 0.4094181640625 0.08101240234375 0.39751123046875 0.090084375 0.38843935546875 0.07987841796875 0.37301708984375 0.060373828125
0 0.52649169921875 0.1104158203125 0.53749169921875 0.1028533203125 0.54642919921875 0.10308251953125 0.54849169921875 0.10674912109375 0.55399169921875 0.1214158203125 0.561325 0.1269158203125 0.56705419921875 0.1255408203125 0.57278330078125 0.1255408203125 0.57530419921875 0.13218662109375 0.580575 0.13012412109375 0.586075 0.15716572265625 0.55399169921875 0.16060322265625 0.5523875 0.1569365234375 0.550325 0.144332421875 0.5528458984375 0.13997822265625 0.54345009765625 0.12874912109375 0.53657509765625 0.1331033203125 0.52649169921875 0.1104158203125
0 0.63319951171875 0.2190763671875 0.65039580078125 0.2185251953125 0.65061630859375 0.2157693359375 0.658001953125 0.21587958984375 0.65965537109375 0.2202888671875 0.669355859375 0.21896611328125 0.6690251953125 0.24850849609375 0.67696201171875 0.24905966796875 0.67563916015625 0.26757880859375 0.6740958984375 0.27220859375 0.65965537109375 0.2673583984375 0.6611986328125 0.2471857421875 0.64973447265625 0.24795732421875 0.6498447265625 0.26416162109375 0.6336404296875 0.26250810546875 0.63319951171875 0.2190763671875
0 0.77957587890625 0.4271857421875 0.782221484375 0.4244298828125 0.78398525390625 0.41968984375 0.79412666015625 0.4195796875 0.794567578125 0.4300517578125 0.80007919921875 0.42939033203125 0.80029970703125 0.425862890625 0.8021736328125 0.42288662109375 0.80746484375 0.41946943359375 0.81551181640625 0.42255595703125 0.8154015625 0.4277369140625 0.817055078125 0.42939033203125 0.81694482421875 0.45154716796875 0.78045771484375 0.4514369140625 0.77957587890625 0.4271857421875
0 0.6848705078125 0.69383349609375 0.6889576171875 0.6757966796875 0.69784267578125 0.6749970703125 0.70139677734375 0.67606328125 0.7029072265625 0.682460546875 0.70317373046875 0.6930337890625 0.70246298828125 0.7048509765625 0.7006859375 0.7166681640625 0.6994419921875 0.7209330078125 0.67029892578125 0.7232431640625 0.65634931640625 0.72342080078125 0.65421689453125 0.71595732421875 0.657859765625 0.7027185546875 0.66558984375 0.69889794921875 0.6748302734375 0.695255078125 0.6825603515625 0.6943666015625 0.6848705078125 0.69383349609375
0 0.64180048828125 0.87198427734375 0.6427171875 0.87060927734375 0.6587587890625 0.8708384765625 0.65898798828125 0.88504677734375 0.6869462890625 0.8859634765625 0.687862890625 0.91002587890625 0.64936298828125 0.908880078125 0.64592548828125 0.889630078125 0.64180048828125 0.88917177734375 0.64180048828125 0.87198427734375
0 0.71592939453125 0.79243583984375 0.7181572265625 0.79062578125 0.72052412109375 0.78937275390625 0.728460546875 0.7897904296875 0.7305490234375 0.79480283203125 0.73994736328125 0.79529013671875 0.74043466796875 0.7983533203125 0.757978125 0.79967607421875 0.75540234375 0.839079296875 0.7368841796875 0.8398451171875 0.73604873046875 0.8271748046875 0.72316962890625 0.82633935546875 0.7231 0.82334580078125 0.71843564453125 0.822928125 0.71808759765625 0.8183333984375 0.71551171875 0.8179853515625 0.71572060546875 0.8115109375 0.71829638671875 0.811232421875 0.718366015625 0.8028087890625 0.7153724609375 0.80239111328125 0.71592939453125 0.79243583984375
