2 0.9984720703125 0.44676318359375 0.995034375 0.44671494140625 0.99350283203125 0.44093671875 0.97498466796875 0.44100634765625 0.97498466796875 0.40362197265625 0.97513017578125 0.402508203125 0.99137373046875 0.40247568359375 0.99153642578125 0.40569833984375 0.99661455078125 0.406316796875 0.99665595703125 0.40673994140625 0.99675361328125 0.40976728515625 0.99847216796875 0.4097845703125 0.9984720703125 0.44676318359375
2 0.934953125 0.4021265625 0.95586416015625 0.402397265625 0.9572853515625 0.4025326171875 0.9575560546875 0.40842021484375 0.96621826171875 0.408487890625 0.9661505859375 0.4063900390625 0.9698048828125 0.406525390625 0.970481640625 0.4438134765625 0.95498447265625 0.44333974609375 0.95518740234375 0.437858203125 0.93339658203125 0.43643701171875 0.9337349609375 0.41484921875 0.93488544921875 0.414578515625 0.934953125 0.4021265625
2 0.89826298828125 0.43887353515625 0.898090234375 0.43403681640625 0.8961900390625 0.4341232421875 0.8953263671875 0.4013888671875 0.90871376953125 0.401043359375 0.90983662109375 0.39931591796875 0.91406875 0.39940234375 0.91355048828125 0.40320263671875 0.91760986328125 0.404152734375 0.9176962890625 0.40691650390625 0.9212375 0.406657421875 0.92356943359375 0.4082984375 0.92391494140625 0.4118396484375 0.92875166015625 0.41080322265625 0.928492578125 0.417885546875 0.9296154296875 0.4266953125 0.9281470703125 0.43308671875 0.91743720703125 0.43351865234375 0.91743720703125 0.438528125 0.89826298828125 0.43887353515625
2 0.8900564453125 0.4022900390625 0.89093828125 0.43502919921875 0.86459267578125 0.43359619140625 0.86238798828125 0.42896640625 0.86282890625 0.42455703125 0.85511259765625 0.4231240234375 0.8561046875 0.41849423828125 0.85676611328125 0.4175021484375 0.85621494140625 0.40427421875 0.86260849609375 0.40328212890625 0.8675689453125 0.40802216796875 0.8715373046875 0.40747099609375 0.87616708984375 0.40725048828125 0.876828515625 0.40559697265625 0.87506474609375 0.4000853515625 0.8773796875 0.399203515625 0.88520625 0.40074677734375 0.8889541015625 0.40251044921875 0.8900564453125 0.4022900390625
2 0.8057859375 0.40181572265625 0.8054552734375 0.40005205078125 0.8217697265625 0.3996111328125 0.8217697265625 0.406666015625 0.83896611328125 0.40710693359375 0.83940703125 0.43764150390625 0.80479384765625 0.43720048828125 0.8049041015625 0.43521630859375 0.8057859375 0.40181572265625
2 0.7667736328125 0.39792275390625 0.78421904296875 0.398485546875 0.78421904296875 0.40467578125 0.8015236328125 0.4049572265625 0.8023677734375 0.44252099609375 0.8023677734375 0.44463125 0.7650853515625 0.44434990234375 0.7667736328125 0.39792275390625
2 0.7286546875 0.41228017578125 0.72893603515625 0.4107326171875 0.7300615234375 0.40791884765625 0.732171875 0.40271337890625 0.73386015625 0.40172861328125 0.73273466796875 0.400603125 0.73400087890625 0.39553828125 0.7448337890625 0.39821142578125 0.7448337890625 0.40580859375 0.76185712890625 0.40651201171875 0.76270126953125 0.4149533203125 0.76284189453125 0.43999580078125 0.73723662109375 0.44126201171875 0.7300615234375 0.439855078125 0.7299208984375 0.43704130859375 0.7286546875 0.41228017578125
2 0.69071435546875 0.40479736328125 0.700966015625 0.40446669921875 0.7017376953125 0.406891796875 0.703721875 0.40788388671875 0.70978466796875 0.40898623046875 0.71143818359375 0.41295458984375 0.72488662109375 0.41284443359375 0.72576845703125 0.44745751953125 0.688619921875 0.44822919921875 0.68817900390625 0.43533193359375 0.69137578125 0.43566259765625 0.69071435546875 0.40479736328125
2 0.649433203125 0.4119138671875 0.65015146484375 0.41038095703125 0.6584189453125 0.41148330078125 0.6589701171875 0.4093888671875 0.6691115234375 0.41126279296875 0.66756826171875 0.416994921875 0.6865283203125 0.41831767578125 0.684544140625 0.43793916015625 0.6758357421875 0.43661640625 0.676717578125 0.447308984375 0.66668642578125 0.44565546875 0.666576171875 0.44609638671875 0.66161572265625 0.446206640625 0.65963154296875 0.4386005859375 0.656434765625 0.43849033203125 0.6558267578125 0.44355078125 0.6518583984375 0.44355078125 0.64866162109375 0.443109765625 0.6480001953125 0.441897265625 0.649433203125 0.4119138671875
2 0.59428466796875 0.37732216796875 0.60755234375 0.37414697265625 0.6103873046875 0.38616728515625 0.60675859375 0.38900224609375 0.597346484375 0.39070322265625 0.59235693359375 0.38310546875 0.5941712890625 0.3787962890625 0.59428466796875 0.37732216796875
2 0.60709560546875 0.39194453125 0.60709560546875 0.39126416015625 0.6095904296875 0.3887693359375 0.6152603515625 0.38820234375 0.61310576171875 0.38446015625 0.6355587890625 0.37402744140625 0.64701201171875 0.39001669921875 0.63998134765625 0.3944392578125 0.64621826171875 0.40509873046875 0.6235384765625 0.42086123046875 0.6186623046875 0.42142822265625 0.6069822265625 0.40453173828125 0.61061103515625 0.398408203125 0.60709560546875 0.39194453125
2 0.6043564453125 0.3296330078125 0.605658984375 0.32948828125 0.61969775390625 0.32630419921875 0.6309865234375 0.3310802734375 0.64256484375 0.3331064453125 0.64343330078125 0.33614580078125 0.64690673828125 0.34714521484375 0.63532841796875 0.35134228515625 0.63605205078125 0.35959189453125 0.63503896484375 0.3672625 0.628815625 0.368709765625 0.62823671875 0.3672625 0.6172373046875 0.368130859375 0.61622421875 0.36668359375 0.6157900390625 0.3653810546875 0.605658984375 0.36422314453125 0.59885673828125 0.36321005859375 0.59842255859375 0.3442505859375 0.603343359375 0.343526953125 0.6043564453125 0.3296330078125
2 0.61249873046875 0.2955837890625 0.6391474609375 0.294223046875 0.63960107421875 0.29626416015625 0.649466796875 0.29660439453125 0.651734765625 0.31191318359375 0.6511677734375 0.31429462890625 0.64493076171875 0.31429462890625 0.6451576171875 0.3291498046875 0.64277626953125 0.33164462890625 0.63325068359375 0.33017041015625 0.63279716796875 0.32937666015625 0.632910546875 0.328129296875 0.62848798828125 0.32824267578125 0.62656015625 0.3269953125 0.61986962890625 0.325180859375 0.6154470703125 0.32359326171875 0.61533369140625 0.31644921875 0.61023076171875 0.3155419921875 0.609550390625 0.3004599609375 0.61193173828125 0.29796513671875 0.61249873046875 0.2955837890625
2 0.61622900390625 0.25723037109375 0.6223076171875 0.25621728515625 0.6228865234375 0.25505947265625 0.6372146484375 0.251875390625 0.644740625 0.25737509765625 0.65139814453125 0.25679619140625 0.65342431640625 0.26779560546875 0.6460431640625 0.26750615234375 0.645608984375 0.2897943359375 0.6372146484375 0.29182060546875 0.62505751953125 0.290807421875 0.6228865234375 0.289070703125 0.61536064453125 0.289649609375 0.61290029296875 0.26707197265625 0.61608427734375 0.2651904296875 0.61622900390625 0.25723037109375
2 0.61205009765625 0.23328916015625 0.61185322265625 0.231461328125 0.60997177734375 0.21858046875 0.62024755859375 0.2181462890625 0.6299443359375 0.21510703125 0.640654296875 0.2158306640625 0.64152265625 0.2184357421875 0.653245703125 0.2198830078125 0.654982421875 0.23493486328125 0.640075390625 0.23551376953125 0.64427255859375 0.24824990234375 0.6421015625 0.252012890625 0.63298369140625 0.24839462890625 0.6287865234375 0.25042080078125 0.62010283203125 0.2515787109375 0.61952392578125 0.23363232421875 0.61205009765625 0.23328916015625
2 0.6212201171875 0.02120390625 0.65816298828125 0.0217580078125 0.65760888671875 0.0559302734375 0.6507744140625 0.05611494140625 0.65132861328125 0.0599939453125 0.64615654296875 0.0607328125 0.64283173828125 0.0607328125 0.6417234375 0.06054814453125 0.640245703125 0.05833154296875 0.62048125 0.058146875 0.61918818359375 0.03136318359375 0.62066591796875 0.031178515625 0.6212201171875 0.02120390625
2 0.615093359375 0.0735748046875 0.6163958984375 0.0721275390625 0.61986943359375 0.06995654296875 0.61929052734375 0.06836455078125 0.618566796875 0.0624306640625 0.625369140625 0.0627201171875 0.6252244140625 0.0609833984375 0.6281189453125 0.0601150390625 0.63593427734375 0.0606939453125 0.63665791015625 0.061996484375 0.64707841796875 0.0622859375 0.64780205078125 0.07256171875 0.641433984375 0.0724169921875 0.641433984375 0.07371953125 0.64519697265625 0.074587890625 0.64447333984375 0.082548046875 0.64288125 0.082548046875 0.6427365234375 0.0835611328125 0.64751259765625 0.08746875 0.64577587890625 0.09485 0.6269611328125 0.09658671875 0.62421123046875 0.0881923828125 0.6146591796875 0.0867451171875 0.615093359375 0.0735748046875
2 0.62006513671875 0.1780783203125 0.65074765625 0.1777888671875 0.6511818359375 0.19414326171875 0.64177451171875 0.192551171875 0.64235341796875 0.19805087890625 0.64843203125 0.19747197265625 0.65306337890625 0.21064228515625 0.6506029296875 0.21281328125 0.62078876953125 0.21397109375 0.61803896484375 0.21064228515625 0.62006513671875 0.1780783203125
2 0.6217986328125 0.13940224609375 0.65135302734375 0.14069521484375 0.65560146484375 0.153255859375 0.65061416015625 0.15731953125 0.64784345703125 0.15621123046875 0.64581162109375 0.15731953125 0.64618095703125 0.17431328125 0.61533359375 0.17394384765625 0.61496416015625 0.1560265625 0.61921259765625 0.15510302734375 0.619766796875 0.14032578125 0.6217986328125 0.13940224609375
3 0.619329296875 0.13592177734375 0.617666796875 0.13592177734375 0.6172974609375 0.13038037109375 0.6178515625 0.120036328125 0.61914453125 0.11264775390625 0.61674326171875 0.10821455078125 0.61692802734375 0.10193427734375 0.62302353515625 0.100087109375 0.6256095703125 0.09916357421875 0.6538708984375 0.0993482421875 0.653316796875 0.11745029296875 0.643526953125 0.11745029296875 0.6426033203125 0.13592177734375 0.619329296875 0.13592177734375
2 0.71319296875 0.31068603515625 0.75892685546875 0.3097833984375 0.7610330078125 0.34528740234375 0.72643173828125 0.34769443359375 0.72033984375 0.33915361328125 0.71849267578125 0.3345357421875 0.7194162109375 0.32659296875 0.7131359375 0.3271470703125 0.71202763671875 0.31292412109375 0.71319296875 0.31068603515625
2 0.79967763671875 0.31287099609375 0.8036853515625 0.3114564453125 0.82395966796875 0.3109849609375 0.82443115234375 0.31263525390625 0.83739736328125 0.3119279296875 0.83739736328125 0.32843037109375 0.82348818359375 0.32843037109375 0.82443115234375 0.34705439453125 0.8017994140625 0.349176171875 0.79967763671875 0.31287099609375
2 0.89193681640625 0.31216259765625 0.89404296875 0.31156083984375 0.9370689453125 0.31336611328125 0.9364671875 0.34947177734375 0.89885712890625 0.3491708984375 0.89825537109375 0.3359322265625 0.89193681640625 0.33623310546875 0.89193681640625 0.31216259765625
2 0.99847216796875 0.350501953125 0.9965814453125 0.35106220703125 0.9868845703125 0.35178583984375 0.98673984375 0.32356376953125 0.99252900390625 0.32341904296875 0.995568359375 0.32573466796875 0.99847216796875 0.32004462890625 0.99847216796875 0.350501953125
2 0.99847216796875 0.30583125 0.99552578125 0.30691806640625 0.9948185546875 0.3047962890625 0.988217578125 0.29890263671875 0.986803125 0.29206591796875 0.9806736328125 0.29183017578125 0.9802021484375 0.28075 0.98515283203125 0.2809857421875 0.98420986328125 0.2750919921875 0.9898677734375 0.2750919921875 0.9945828125 0.2750919921875 0.9967044921875 0.27792099609375 0.99646875 0.27485625 0.998472265625 0.27458876953125 0.99847216796875 0.30583125
2 0.72706220703125 0.2722375 0.75488046875 0.2715302734375 0.757237890625 0.2800171875 0.747572265625 0.280488671875 0.748515234375 0.29369052734375 0.75676640625 0.29369052734375 0.75770947265625 0.3054779296875 0.75252294921875 0.30642099609375 0.75252294921875 0.30807119140625 0.741678515625 0.30830693359375 0.7419142578125 0.30712822265625 0.726119140625 0.30759970703125 0.7258833984375 0.30877841796875 0.71319296875 0.31068603515625 0.71244580078125 0.29180458984375 0.72753369140625 0.29039013671875 0.72564765625 0.273651953125 0.72706220703125 0.2722375
2 0.79935986328125 0.2737361328125 0.8113830078125 0.27019990234375 0.827649609375 0.2727931640625 0.82953564453125 0.30674091796875 0.81609794921875 0.30768388671875 0.7972380859375 0.30839111328125 0.7953521484375 0.29094580078125 0.79983134765625 0.2888240234375 0.79983134765625 0.27585791015625 0.79935986328125 0.2737361328125
2 0.7168025390625 0.2360099609375 0.7318904296875 0.2310591796875 0.7531078125 0.23766015625 0.7606517578125 0.23294521484375 0.76489521484375 0.23294521484375 0.76678115234375 0.24096064453125 0.75169326171875 0.24944755859375 0.7524005859375 0.2671287109375 0.7323619140625 0.2699576171875 0.713737890625 0.269250390625 0.7153880859375 0.2383673828125 0.7168025390625 0.2360099609375
2 0.71531171875 0.1949833984375 0.75924033203125 0.19630166015625 0.76104560546875 0.2098810546875 0.75803681640625 0.2098810546875 0.75322265625 0.218907421875 0.752019140625 0.22973916015625 0.72012578125 0.22793388671875 0.7195240234375 0.21920830078125 0.7129046875 0.2171021484375 0.71440908203125 0.198376171875 0.71531171875 0.1949833984375
2 0.71441943359375 0.19058515625 0.71324072265625 0.18799189453125 0.71347646484375 0.185634375 0.71371220703125 0.176440234375 0.72267060546875 0.17243251953125 0.72243486328125 0.16724609375 0.72243486328125 0.154044140625 0.73657978515625 0.1526296875 0.73775849609375 0.16347412109375 0.7476599609375 0.16276689453125 0.74648115234375 0.19058515625 0.71441943359375 0.19058515625
2 0.71355087890625 0.15074365234375 0.71307939453125 0.14909345703125 0.71449384765625 0.13447705078125 0.72085908203125 0.13447705078125 0.718973046875 0.11656025390625 0.75221357421875 0.1158529296875 0.75197783203125 0.13376982421875 0.747262890625 0.13447705078125 0.7479701171875 0.15050791015625 0.71355087890625 0.15074365234375
2 0.71501181640625 0.07644580078125 0.74770634765625 0.07663046875 0.74844521484375 0.09140771484375 0.7586044921875 0.09122294921875 0.75971279296875 0.099350390625 0.76470009765625 0.09953515625 0.765254296875 0.11172626953125 0.71353408203125 0.11320400390625 0.7131646484375 0.0965796875 0.724062890625 0.096764453125 0.72646416015625 0.09621025390625 0.72646416015625 0.09399365234375 0.725044921875 0.09477109375 0.7226728515625 0.0953380859375 0.71624287109375 0.0942169921875 0.71371884765625 0.0773693359375 0.71501181640625 0.07644580078125
2 0.642548828125 1.23046875e-05 0.6421666015625 0.01260224609375 0.63825517578125 0.02012421875 0.63223759765625 0.01982333984375 0.63223759765625 0.01801806640625 0.618998828125 0.016513671875 0.6172900390625 1.240234375e-05 0.642548828125 1.23046875e-05
2 0.72055791015625 0.0386890625 0.73399560546875 0.03538857421875 0.75026220703125 0.041046484375 0.74979072265625 0.0719294921875 0.7384748046875 0.0719294921875 0.72668740234375 0.0719294921875 0.7167859375 0.0719294921875 0.71348544921875 0.06108515625 0.71914345703125 0.05872763671875 0.7243298828125 0.056605859375 0.7233869140625 0.0542484375 0.7233869140625 0.05071220703125 0.72621591796875 0.04929775390625 0.72645166015625 0.0476474609375 0.723151171875 0.0476474609375 0.72055791015625 0.04269677734375 0.72102939453125 0.039160546875 0.72055791015625 0.0386890625
2 0.74720146484375 1.1328125e-05 0.7474326171875 0.03634541015625 0.732959765625 0.03345078125 0.72239453125 0.03518759765625 0.72126904296875 0.0337689453125 0.71914736328125 0.0177380859375 0.71490390625 0.0177380859375 0.71183916015625 0.0021787109375 0.71985458984375 0.0021787109375 0.719151171875 1.162109375e-05 0.74720146484375 1.1328125e-05
2 0.77030087890625 0.00572783203125 0.78009072265625 0.006097265625 0.78009072265625 0.01791904296875 0.77085498046875 0.0181037109375 0.76900791015625 0.0066513671875 0.77030087890625 0.00572783203125
3 0.828855078125 1.03515625e-05 0.8262697265625 0.0034107421875 0.8097673828125 0.01590537109375 0.78691552734375 1.09375e-05 0.828855078125 1.03515625e-05
2 0.77426435546875 0.03212841796875 0.81037001953125 0.03212841796875 0.81097177734375 0.06672978515625 0.81097177734375 0.0694376953125 0.78148544921875 0.06853505859375 0.781786328125 0.065225390625 0.774565234375 0.06672978515625 0.7739634765625 0.05469453125 0.77576875 0.05379189453125 0.774565234375 0.0330310546875 0.77426435546875 0.03212841796875
2 0.7844625 0.082007421875 0.79037333984375 0.082007421875 0.79240517578125 0.077758984375 0.81235439453125 0.07646591796875 0.8147556640625 0.079051953125 0.8249150390625 0.0784978515625 0.82787041015625 0.09290556640625 0.81955830078125 0.0975234375 0.81691884765625 0.111424609375 0.7949912109375 0.11267001953125 0.79240517578125 0.10712861328125 0.78552314453125 0.10467392578125 0.7844625 0.082007421875
2 0.78720439453125 0.12523388671875 0.7877833984375 0.1211814453125 0.79371728515625 0.12219453125 0.79415146484375 0.1223392578125 0.79574345703125 0.1226287109375 0.79473037109375 0.1179974609375 0.79675654296875 0.117852734375 0.80572978515625 0.1194447265625 0.81600546875 0.1197341796875 0.817452734375 0.12335234375 0.81976845703125 0.1220498046875 0.82208408203125 0.12407607421875 0.81904482421875 0.12798369140625 0.816294921875 0.12827314453125 0.81166357421875 0.132180859375 0.8131109375 0.132759765625 0.81426875 0.13724638671875 0.8149923828125 0.13985146484375 0.81803173828125 0.14390390625 0.81655400390625 0.15350908203125 0.7949423828125 0.15258544921875 0.7934646484375 0.14261083984375 0.79882138671875 0.13780830078125 0.79882138671875 0.13226689453125 0.79882138671875 0.13078916015625 0.796789453125 0.1304197265625 0.79309521484375 0.1359611328125 0.78847734375 0.13226689453125 0.78720439453125 0.12523388671875
2 0.778850390625 0.1944111328125 0.82096533203125 0.19478056640625 0.8228125 0.20974248046875 0.81690166015625 0.2126978515625 0.8178251953125 0.23024580078125 0.79639833984375 0.23172353515625 0.7781115234375 0.23043046875 0.7781115234375 0.19644296875 0.778850390625 0.1944111328125
2 0.78784775390625 0.23335634765625 0.82479072265625 0.23501875 0.82497548828125 0.25533740234375 0.8188798828125 0.253490234375 0.81777158203125 0.269191015625 0.7874783203125 0.267898046875 0.786739453125 0.23501875 0.78784775390625 0.23335634765625
2 0.78456552734375 0.1555044921875 0.81945625 0.15762626953125 0.8213421875 0.16705615234375 0.8262681640625 0.17240693359375 0.82512978515625 0.186840625 0.8136013671875 0.1922107421875 0.8074818359375 0.19361806640625 0.801727734375 0.19334541015625 0.79932783203125 0.19078408203125 0.78456552734375 0.1920455078125 0.78362255859375 0.1788435546875 0.78409404296875 0.1774291015625 0.79305244140625 0.1774291015625 0.79234521484375 0.17342138671875 0.78267958984375 0.17412861328125 0.78244375 0.155740234375 0.78456552734375 0.1555044921875
2 0.8958642578125 0.27626279296875 0.9104818359375 0.27293408203125 0.92842822265625 0.279736328125 0.9323359375 0.307234765625 0.92394169921875 0.31012939453125 0.92090234375 0.31128720703125 0.893693359375 0.31012939453125 0.8941275390625 0.3030376953125 0.893693359375 0.28856474609375 0.895140625 0.2775654296875 0.8958642578125 0.27626279296875
2 0.88754013671875 0.25349736328125 0.8964064453125 0.25275849609375 0.89899248046875 0.24851005859375 0.8991771484375 0.24518525390625 0.902871484375 0.2370578125 0.92005 0.23724248046875 0.9191263671875 0.24259921875 0.91894169921875 0.2446310546875 0.927069140625 0.24352275390625 0.93011982421875 0.2676806640625 0.9104818359375 0.2724009765625 0.8958642578125 0.2757296875 0.89160703125 0.26978681640625 0.88709384765625 0.256548046875 0.88754013671875 0.25349736328125
2 0.94614228515625 0.00735283203125 0.99037177734375 0.009158203125 0.9924779296875 0.02901630859375 0.9852568359375 0.0299189453125 0.9844193359375 0.04457216796875 0.963459375 0.04525537109375 0.94555615234375 0.04266142578125 0.944637890625 0.009158203125 0.94614228515625 0.00735283203125
2 0.95294306640625 0.0466638671875 0.97783642578125 0.04680859375 0.98796748046875 0.04680859375 0.98825693359375 0.06243935546875 0.98536240234375 0.06200517578125 0.9837703125 0.06649169921875 0.9804416015625 0.0672154296875 0.9789943359375 0.081398828125 0.967416015625 0.0827013671875 0.96567919921875 0.07503076171875 0.96235048828125 0.07459658203125 0.96220576171875 0.08168828125 0.95308779296875 0.0827013671875 0.946575 0.081977734375 0.9441146484375 0.0677943359375 0.95265361328125 0.06591279296875 0.95120634765625 0.0466638671875 0.95294306640625 0.0466638671875
2 0.94360517578125 0.0860611328125 0.95040908203125 0.0857208984375 0.95308779296875 0.0827013671875 0.98227421875 0.0834529296875 0.98216083984375 0.0845869140625 0.988284375 0.08436015625 0.98919150390625 0.10329775390625 0.98159384765625 0.10545234375 0.98182060546875 0.120534375 0.97150126953125 0.12178173828125 0.96957353515625 0.120194140625 0.94530615234375 0.12008076171875 0.9443990234375 0.0868548828125 0.94360517578125 0.0860611328125
2 0.95440205078125 0.1288537109375 0.96352001953125 0.1285642578125 0.96352001953125 0.13276142578125 0.96496728515625 0.13145888671875 0.9678619140625 0.13116943359375 0.968875 0.12349873046875 0.98812392578125 0.12407763671875 0.98913701171875 0.129287890625 0.99203154296875 0.1291431640625 0.99188681640625 0.1250908203125 0.997820703125 0.12436708984375 0.9984724609375 0.12997177734375 0.9984724609375 0.139563671875 0.99174208984375 0.139563671875 0.99188681640625 0.150418359375 0.98783447265625 0.1543259765625 0.98667666015625 0.15895732421875 0.95527041015625 0.15837841796875 0.95483623046875 0.14882626953125 0.95382314453125 0.1305904296875 0.95440205078125 0.1288537109375
2 0.95909013671875 0.16066337890625 0.9879056640625 0.16066337890625 0.98864453125 0.17673359375 0.98310302734375 0.1787654296875 0.9819947265625 0.1974216796875 0.9685171875 0.1971818359375 0.9531759765625 0.198484375 0.95114736328125 0.1687908203125 0.95761240234375 0.1695296875 0.9577970703125 0.16195634765625 0.95909013671875 0.16066337890625
2 0.9531759765625 0.198484375 0.97083291015625 0.1986291015625 0.98110859375 0.200510546875 0.99529208984375 0.1996421875 0.99601572265625 0.21599658203125 0.9902265625 0.21700966796875 0.9892134765625 0.23394296875 0.988779296875 0.2356796875 0.9525970703125 0.2364033203125 0.95114970703125 0.23191669921875 0.95143916015625 0.20022109375 0.9531759765625 0.198484375
2 0.9694427734375 0.2378080078125 0.998472265625 0.2379455078125 0.998472265625 0.257901953125 0.99824384765625 0.258504296875 0.99723076171875 0.26574072265625 0.9946255859375 0.2723982421875 0.98782333984375 0.2696484375 0.98521826171875 0.273411328125 0.9781265625 0.27500341796875 0.97610029296875 0.2709509765625 0.97537666015625 0.2709509765625 0.97349521484375 0.27543759765625 0.9645220703125 0.2706615234375 0.96206162109375 0.2606751953125 0.95829873046875 0.25937265625 0.95945654296875 0.2448998046875 0.969876953125 0.244755078125 0.9679955078125 0.24055791015625 0.9694427734375 0.2378080078125
2 0.89051513671875 0.19943291015625 0.92799912109375 0.19943291015625 0.9301208984375 0.23102314453125 0.91243974609375 0.23149462890625 0.884621484375 0.23125888671875 0.8834427734375 0.22112177734375 0.886507421875 0.2171140625 0.88933642578125 0.2119275390625 0.88957216796875 0.209805859375 0.88957216796875 0.20061171875 0.89051513671875 0.19943291015625
2 0.877629296875 0.159803515625 0.92336318359375 0.16130791015625 0.92607109375 0.19470576171875 0.9041068359375 0.1956083984375 0.89538125 0.19711279296875 0.883646875 0.19711279296875 0.87642578125 0.1868828125 0.87642578125 0.1640158203125 0.877629296875 0.159803515625
2 0.88600927734375 0.12119482421875 0.929151171875 0.120016015625 0.929151171875 0.15915029296875 0.877629296875 0.159803515625 0.87775810546875 0.1412333984375 0.8817658203125 0.14099765625 0.88412333984375 0.12190205078125 0.88600927734375 0.12119482421875
2 0.881108984375 0.119453515625 0.880240625 0.1193087890625 0.87835908203125 0.1169931640625 0.8792275390625 0.10165185546875 0.89398984375 0.10136240234375 0.8964501953125 0.0818240234375 0.91540966796875 0.082837109375 0.91483076171875 0.09991513671875 0.92322509765625 0.10063876953125 0.92293564453125 0.11626953125 0.91540966796875 0.115980078125 0.91569921875 0.11858515625 0.90064736328125 0.1187298828125 0.89167421875 0.1190193359375 0.881108984375 0.119453515625
3 0.89026943359375 0.076609765625 0.890479296875 0.0721884765625 0.89078017578125 0.06948056640625 0.89288642578125 0.06225947265625 0.90010751953125 0.06225947265625 0.90311630859375 0.05533916015625 0.902213671875 0.0414986328125 0.92536533203125 0.0439056640625 0.92555 0.0466859375 0.924072265625 0.0559216796875 0.9248111328125 0.05813828125 0.92647353515625 0.0618326171875 0.92869013671875 0.06497275390625 0.93090673828125 0.06829755859375 0.93072197265625 0.07827216796875 0.92314873046875 0.08048876953125 0.91539072265625 0.07753330078125 0.91095751953125 0.08178173828125 0.9048619140625 0.08141240234375 0.9007982421875 0.07919580078125 0.899874609375 0.077902734375 0.89026943359375 0.076609765625
3 0.9281287109375 8.69140625e-06 0.93492529296875 0.01053046875 0.91886044921875 0.01791171875 0.91234765625 0.0197931640625 0.9054005859375 0.019358984375 0.89657216796875 0.0215298828125 0.8919408203125 0.01501708984375 0.89772998046875 0.007346484375 0.8925263671875 9.375e-06 0.9281287109375 8.69140625e-06
1 0.93271376953125 0.9404875 0.94896865234375 0.92515615234375 0.964115234375 0.9397486328125 0.9576501953125 0.946213671875 0.96725537109375 0.95507998046875 0.9583890625 0.9624685546875 0.967070703125 0.974659765625 0.9434271484375 0.99756435546875 0.91886015625 0.97909287109375 0.9179365234375 0.974659765625 0.9293888671875 0.96376162109375 0.9266181640625 0.9582201171875 0.93677744140625 0.94861494140625 0.9323443359375 0.94362763671875 0.931420703125 0.94178056640625 0.93271376953125 0.9404875
1 0.99847265625 0.97077900390625 0.99504931640625 0.97028994140625 0.9905701171875 0.97052568359375 0.9856193359375 0.96156728515625 0.9856193359375 0.91983984375 0.9954345703125 0.9195248046875 0.99847255859375 0.92225146484375 0.99847265625 0.97077900390625
1 0.0118888671875 7.6171875e-06 0.02316044921875 0.006524609375 0.02797451171875 0.0107369140625 0.0099216796875 0.029993359375 -0.0 0.02397568359375 -0.0 7.32421875e-06 0.0118888671875 7.6171875e-06
2 0.58560751953125 1.25e-05 0.58956513671875 0.00100439453125 0.59593037109375 0.0028904296875 0.59569462890625 0.0198642578125 0.5909796875 0.0182140625 0.575891796875 0.034244921875 0.57164833984375 0.03943134765625 0.56551884765625 0.036130859375 0.569055078125 0.03094443359375 0.54076533203125 0.0179783203125 0.537936328125 0.01373486328125 0.53935078125 0.00736962890625 0.54217978515625 0.0026546875 0.5459337890625 1.26953125e-05 0.58560751953125 1.25e-05
2 0.50977099609375 0.04267587890625 0.50882802734375 0.0386681640625 0.50882802734375 0.03701787109375 0.5144859375 0.03395322265625 0.51637197265625 0.0318314453125 0.5220298828125 0.03018125 0.52721640625 0.02876669921875 0.53240283203125 0.025701953125 0.5380607421875 0.02664501953125 0.54277578125 0.02617353515625 0.54749072265625 0.03466044921875 0.55244140625 0.0537560546875 0.54065400390625 0.05752802734375 0.53994677734375 0.0631859375 0.53971103515625 0.0707298828125 0.5361748046875 0.07403037109375 0.5201439453125 0.07638779296875 0.51684345703125 0.065071875 0.51071396484375 0.065071875 0.50882802734375 0.05304873046875 0.5133072265625 0.049041015625 0.50977099609375 0.04267587890625
2 0.4248173828125 0.01312470703125 0.43176435546875 0.00863818359375 0.4349484375 0.0060330078125 0.44276376953125 0.0041515625 0.44319658203125 1.259765625e-05 0.44985673828125 1.26953125e-05 0.450144921875 0.0028490234375 0.45694716796875 0.00067802734375 0.46220205078125 1.26953125e-05 0.4623134765625 1.26953125e-05 0.4643283203125 0.0022701171875 0.4640388671875 0.005019921875 0.4605654296875 0.00704609375 0.462736328125 0.01370361328125 0.4646177734375 0.01341416015625 0.46910439453125 0.02065068359375 0.4625916015625 0.02513720703125 0.4634599609375 0.02875546875 0.44421103515625 0.04076796875 0.43364580078125 0.04670185546875 0.41946240234375 0.0286107421875 0.4280013671875 0.02282158203125 0.42886982421875 0.0197822265625 0.4248173828125 0.0148615234375 0.4248173828125 0.01312470703125
2 0.49402294921875 0.03368427734375 0.50343037109375 0.03889453125 0.49257568359375 0.063787890625 0.48642578125 0.071630859375 0.449404296875 0.052607421875 0.47318203125 0.0232638671875 0.4750634765625 0.02225068359375 0.49402294921875 0.03368427734375
3 0.60259189453125 0.43822470703125 0.61041640625 0.4323279296875 0.6181275390625 0.440379296875 0.6091689453125 0.44741005859375 0.60259189453125 0.43822470703125
2 0.595589453125 0.18107958984375 0.60461943359375 0.1765646484375 0.6071994140625 0.18559462890625 0.5968794921875 0.188174609375 0.595589453125 0.18107958984375
