0 0.9984763671875 0.01729638671875 0.93086572265625 0.01691455078125 0.93047548828125 8.69140625e-06 0.9984763671875 7.32421875e-06 0.9984763671875 0.01729638671875
0 0.71693828125 0.0141466796875 0.812078515625 0.012923046875 0.81177265625 0.00466328125 0.83135126953125 0.0055810546875 0.82982177734375 0.08481357421875 0.68607421875 0.088134765625 0.68446279296875 0.08790205078125 0.68359326171875 0.01261708984375 0.706537109375 0.01322890625 0.70684296875 0.0016041015625 0.71632646484375 0.000686328125 0.71693828125 0.0141466796875
0 0.589579296875 0.09884111328125 0.804349609375 0.10133271484375 0.8028546875 0.0948546875 0.83823447265625 0.0948546875 0.84222099609375 0.1805634765625 0.5940640625 0.18106181640625 0.59506064453125 0.1895330078125 0.57712158203125 0.18704150390625 0.57712158203125 0.1327259765625 0.58758603515625 0.13023447265625 0.589579296875 0.09884111328125
0 0.69921162109375 0.29768486328125 0.701703125 0.29967802734375 0.7012048828125 0.3106408203125 0.6578521484375 0.30814931640625 0.65087578125 0.29768486328125 0.64987919921875 0.20699296875 0.655360546875 0.20101328125 0.76548642578125 0.19702685546875 0.77595087890625 0.20649462890625 0.7769474609375 0.2867220703125 0.7709677734375 0.30067470703125 0.74057109375 0.3001763671875 0.69921162109375 0.29768486328125
0 0.99847578125 0.3358521484375 0.96236669921875 0.33643916015625 0.96053125 0.33001494140625 0.9388111328125 0.33093271484375 0.93758740234375 0.33643916015625 0.8895583984375 0.33735693359375 0.8892525390625 0.2211083984375 0.89231171875 0.2088716796875 0.93819931640625 0.20703623046875 0.93758740234375 0.21866103515625 0.94554130859375 0.21866103515625 0.94554130859375 0.21254267578125 0.9562484375 0.21315458984375 0.9556365234375 0.2171314453125 0.96053125 0.2171314453125 0.9617548828125 0.207648046875 0.9984759765625 0.207060546875 0.99847578125 0.3358521484375
0 0.9601248046875 0.416729296875 0.99370234375 0.4163388671875 0.9933119140625 0.4901314453125 0.95739169921875 0.48896005859375 0.9601248046875 0.416729296875
0 0.89023662109375 0.43117548828125 0.929670703125 0.43039462890625 0.92888984375 0.4788087890625 0.9046828125 0.47919921875 0.9042923828125 0.46670517578125 0.88867490234375 0.46631474609375 0.89023662109375 0.43117548828125
0 0.8148923828125 0.440959375 0.855753515625 0.44046103515625 0.85376025390625 0.52268173828125 0.8163873046875 0.5221833984375 0.8148923828125 0.440959375
0 0.7000474609375 0.56087158203125 0.71682607421875 0.54337392578125 0.72209931640625 0.54553115234375 0.73863818359375 0.5287525390625 0.75877255859375 0.54936630859375 0.7777083984375 0.551044140625 0.775551171875 0.5714181640625 0.7688396484375 0.572376953125 0.73743974609375 0.60090048828125 0.71922294921875 0.58340283203125 0.71706572265625 0.58651884765625 0.7000474609375 0.56087158203125
0 0.9191890625 0.531165625 0.936014453125 0.53085966796875 0.93785 0.5345306640625 0.94580380859375 0.53422470703125 0.946109765625 0.529330078125 0.97486591796875 0.529330078125 0.97241865234375 0.6003029296875 0.95895830078125 0.59938515625 0.92071865234375 0.59907919921875 0.92194228515625 0.564510546875 0.91796533203125 0.56389873046875 0.9191890625 0.531165625
0 0.87473388671875 0.64278837890625 0.96756015625 0.64297587890625 0.9700767578125 0.6583857421875 0.96756015625 0.75904755859375 0.87178076171875 0.7566125 0.8750275390625 0.73063837890625 0.87473388671875 0.64278837890625
0 0.4206185546875 0.7769193359375 0.41818349609375 0.76312060546875 0.41899521484375 0.62675673828125 0.50259921875 0.62756845703125 0.5017875 0.69737373046875 0.5310083984375 0.695750390625 0.5310083984375 0.64055546875 0.622729296875 0.64136708984375 0.6267876953125 0.65435419921875 0.62597607421875 0.69088017578125 0.64220986328125 0.693315234375 0.64139814453125 0.71360751953125 0.6284111328125 0.71360751953125 0.6267876953125 0.75581533203125 0.5285732421875 0.75175693359375 0.52694990234375 0.716042578125 0.50097587890625 0.71766591796875 0.49854072265625 0.77448427734375 0.4206185546875 0.7769193359375
0 0.52904892578125 0.595831640625 0.52714091796875 0.595195703125 0.5245970703125 0.5697564453125 0.51505732421875 0.572936328125 0.5137853515625 0.53286962890625 0.53350078125 0.53159765625 0.53477275390625 0.49216689453125 0.551944140625 0.4934388671875 0.5538521484375 0.4991626953125 0.6358935546875 0.49661875 0.6352576171875 0.48962294921875 0.65052109375 0.49153095703125 0.65115703125 0.595831640625 0.52904892578125 0.595831640625
0 0.4812099609375 0.5946681640625 0.49750908203125 0.59418876953125 0.4967900390625 0.60833076171875 0.481449609375 0.60833076171875 0.4812099609375 0.5946681640625
0 0.53760146484375 0.134746875 0.55165712890625 0.132404296875 0.55087626953125 0.18433232421875 0.53799189453125 0.18316103515625 0.53760146484375 0.134746875
0 0.55376240234375 0.14298701171875 0.56586953125 0.1416419921875 0.567153125 0.1838951171875 0.56421015625 0.18360078125 0.5639158203125 0.18654384765625 0.556558203125 0.1863966796875 0.556558203125 0.18374794921875 0.553615234375 0.182570703125 0.55376240234375 0.14298701171875
0 0.52380087890625 0.112344140625 0.5797671875 0.11159296875 0.58051845703125 0.125490625 0.52586669921875 0.12793212890625 0.52523076171875 0.231596875 0.527774609375 0.31491025390625 0.5125111328125 0.31491025390625 0.5103859375 0.1244416015625 0.523569140625 0.1234828125 0.52380087890625 0.112344140625
0 0.5074640625 0.134098046875 0.5105990234375 0.3371576171875 0.46027001953125 0.33765595703125 0.4582767578125 0.33616103515625 0.44731396484375 0.34064580078125 0.4029646484375 0.33964921875 0.39919609375 0.1968966796875 0.43407763671875 0.167496484375 0.442548828125 0.1684931640625 0.44504033203125 0.173476171875 0.4624810546875 0.1744728515625 0.46148447265625 0.16201513671875 0.47493876953125 0.16201513671875 0.4744404296875 0.13909306640625 0.481416796875 0.13311337890625 0.5074640625 0.134098046875
0 0.305880859375 0.30219365234375 0.310365625 0.2892376953125 0.31883681640625 0.2777765625 0.323819921875 0.276281640625 0.3213283203125 0.2608341796875 0.34425048828125 0.25435615234375 0.36368447265625 0.26880703125 0.36866748046875 0.295715625 0.34773857421875 0.30368857421875 0.3332876953125 0.32262421875 0.32033173828125 0.32312255859375 0.305880859375 0.30219365234375
0 0.382643359375 0.4620140625 0.38272216796875 0.45758310546875 0.41270205078125 0.456053515625 0.4133138671875 0.46829013671875 0.4102546875 0.47012568359375 0.40964287109375 0.50132919921875 0.3802748046875 0.49888193359375 0.382643359375 0.4620140625
0 0.2672853515625 0.4376564453125 0.314528125 0.40017451171875 0.34107783203125 0.43062861328125 0.33248818359375 0.438046875 0.3328787109375 0.44312255859375 0.29422548828125 0.469672265625 0.278217578125 0.45405478515625 0.2672853515625 0.4376564453125
0 0.24488955078125 0.46843623046875 0.245478125 0.457694140625 0.25092275390625 0.45754697265625 0.251511328125 0.45327958984375 0.2598990234375 0.4534267578125 0.26019326171875 0.45651689453125 0.26475498046875 0.457252734375 0.26549072265625 0.469760546875 0.24488955078125 0.46843623046875
0 0.20455751953125 0.47149248046875 0.1794435546875 0.4396380859375 0.2082068359375 0.4178259765625 0.2163564453125 0.4096763671875 0.22043125 0.41231298828125 0.22786171875 0.4065603515625 0.25177734375 0.4341001953125 0.20455751953125 0.47149248046875
0 0.236870703125 0.4069580078125 0.2429890625 0.40022783203125 0.2416947265625 0.39851220703125 0.24975927734375 0.39227392578125 0.25247255859375 0.39410947265625 0.26623876953125 0.3824845703125 0.2644033203125 0.37973134765625 0.27235712890625 0.3742248046875 0.27327490234375 0.3760603515625 0.280005078125 0.37024794921875 0.30417255859375 0.3965568359375 0.2604263671875 0.434796484375 0.236870703125 0.4069580078125
0 0.2215537109375 0.40610146484375 0.179337109375 0.35562509765625 0.2111525390625 0.3311517578125 0.25214541015625 0.38254580078125 0.25183955078125 0.38254580078125 0.2215537109375 0.40610146484375
0 0.1594525390625 0.44128193359375 0.131919921875 0.41007841796875 0.14048564453125 0.404571875 0.139873828125 0.4002890625 0.14813359375 0.39264111328125 0.14996904296875 0.39478251953125 0.16312353515625 0.38346357421875 0.16312353515625 0.38162802734375 0.1689359375 0.37642744140625 0.1719951171875 0.37795703125 0.1802548828125 0.3724505859375 0.20472822265625 0.40396005859375 0.1594525390625 0.44128193359375
0 0.123686328125 0.40983974609375 0.15397216796875 0.441043359375 0.10349580078125 0.48264814453125 0.0961537109375 0.474082421875 0.096765625 0.4710232421875 0.0771869140625 0.44777353515625 0.08483486328125 0.4419611328125 0.0875880859375 0.4358427734375 0.09645966796875 0.43339541015625 0.11175556640625 0.4233001953125 0.1102259765625 0.4196291015625 0.11817978515625 0.41381669921875 0.119709375 0.414428515625 0.123686328125 0.40983974609375
0 -0.0 0.3889169921875 0.02066298828125 0.4173673828125 -0.0 0.433275 -0.0 0.3889169921875
0 -0.0 0.369090234375 0.0198916015625 0.352570703125 0.0238685546875 0.35226474609375 0.05170703125 0.38530380859375 0.0235626953125 0.410694921875 0.0165265625 0.40365888671875 0.01499697265625 0.3969287109375 -0.0 0.369090234375
0 0.04161181640625 0.3580771484375 0.04620048828125 0.35134697265625 0.049565625 0.342475390625 0.05598984375 0.344616796875 0.0774041015625 0.3299328125 0.09851240234375 0.3537943359375 0.062108203125 0.38805712890625 0.04161181640625 0.3580771484375
0 -0.0 0.22951728515625 0.02066123046875 0.2319142578125 0.02185966796875 0.2657111328125 -0.0 0.26307451171875 -0.0 0.22951728515625
0 0.081783203125 0.23119521484375 0.1438640625 0.23143486328125 0.1441037109375 0.24150205078125 0.14745947265625 0.2412623046875 0.14793876953125 0.22951728515625 0.19252197265625 0.2299966796875 0.19491884765625 0.26307451171875 0.079865625 0.2664302734375 0.081783203125 0.23119521484375
0 0.14359189453125 0.16794677734375 0.13399853515625 0.16395546875 0.1304994140625 0.13097099609375 0.141484765625 0.13097841796875 0.14692939453125 0.13347998046875 0.14795947265625 0.14186767578125 0.15149111328125 0.14289775390625 0.15222685546875 0.131419921875 0.16002587890625 0.1321556640625 0.160614453125 0.14157333984375 0.16399892578125 0.14157333984375 0.16547041015625 0.1286240234375 0.22462529296875 0.12788828125 0.22324990234375 0.13412109375 0.241236328125 0.13365986328125 0.241236328125 0.14322958984375 0.24400341796875 0.14253779296875 0.24469521484375 0.13354462890625 0.25752685546875 0.133690625 0.258616796875 0.16702900390625 0.18183154296875 0.166723046875 0.18060791015625 0.21689345703125 0.144815625 0.21689345703125 0.14359189453125 0.16794677734375
0 0.129015625 0.132709375 0.1293912109375 0.16689013671875 0.1089203125 0.16557548828125 0.1092958984375 0.170270703125 0.0927689453125 0.1698951171875 0.0927689453125 0.165951171875 0.0724857421875 0.16350966796875 0.0724857421875 0.1313947265625 0.0822517578125 0.13158251953125 0.08281513671875 0.129141015625 0.11906181640625 0.12932880859375 0.11962529296875 0.1317703125 0.129015625 0.132709375
0 0.039002734375 0.17219794921875 0.04670283203125 0.1723857421875 0.04632724609375 0.1671271484375 0.05290048828125 0.1628076171875 0.06510791015625 0.1658125 0.066234765625 0.17614189453125 0.06999091796875 0.17670537109375 0.06717373046875 0.19492255859375 0.056656640625 0.19886650390625 0.05590537109375 0.2022470703125 0.039190625 0.1877859375 0.039002734375 0.17219794921875
0 -0.0 0.162065234375 0.008646875 0.1579904296875 0.02854140625 0.16254462890625 0.0271033203125 0.19562236328125 0.00720869140625 0.2011353515625 -0.0 0.19873837890625 -0.0 0.162065234375
0 -0.0 0.11398818359375 0.02527119140625 0.112861328125 0.02733701171875 0.115490625 0.0329712890625 0.11586630859375 0.034098046875 0.12093701171875 0.03973232421875 0.12093701171875 0.03916884765625 0.1164296875 0.04348837890625 0.1160541015625 0.0478080078125 0.1160541015625 0.0485591796875 0.12056142578125 0.06715205078125 0.11981015625 0.06938291015625 0.15846416015625 0.03482646484375 0.15808857421875 0.0122896484375 0.1547080078125 -0.0 0.15621044921875 -0.0 0.11398818359375
0 0.42512109375 0.1020587890625 0.44089677734375 0.094546484375 0.45076123046875 0.1083216796875 0.44771484375 0.11060546875 0.4314466796875 0.1255943359375 0.40503642578125 0.144530078125 0.3407548828125 0.19635400390625 0.3213208984375 0.2152896484375 0.3113546875 0.21927607421875 0.29042587890625 0.2317337890625 0.2899275390625 0.24020498046875 0.2779681640625 0.2496728515625 0.27447998046875 0.2481779296875 0.25803583984375 0.26113388671875 0.25604267578125 0.2676119140625 0.24408330078125 0.27608310546875 0.22460595703125 0.250430078125 0.223407421875 0.23868505859375 0.2394669921875 0.23125458984375 0.2425830078125 0.22622099609375 0.24929443359375 0.22118740234375 0.2476166015625 0.21687294921875 0.2826119140625 0.19242412109375 0.284769140625 0.192903515625 0.2857279296875 0.19338291015625 0.28812490234375 0.1919447265625 0.28668671875 0.18954775390625 0.30130810546875 0.178521875 0.3029859375 0.18331572265625 0.3063416015625 0.18139814453125 0.304184375 0.17684404296875 0.329831640625 0.1583875 0.33534462890625 0.164140234375 0.3358240234375 0.1600654296875 0.3315095703125 0.15335400390625 0.3439736328125 0.14352646484375 0.346130859375 0.1456837890625 0.3521232421875 0.1418486328125 0.351164453125 0.13825322265625 0.358115625 0.1336990234375 0.35547900390625 0.1305830078125 0.3931939453125 0.10412470703125 0.39638662109375 0.10750517578125 0.39864033203125 0.1056271484375 0.39638662109375 0.101683203125 0.41441611328125 0.090226953125 0.42512109375 0.1020587890625
0 -0.0 0.06419755859375 -0.0 0.04584697265625 0.00737197265625 0.04428525390625 0.00698154296875 0.0255443359375 0.02220849609375 0.02124951171875 0.03079814453125 0.02398251953125 0.03118857421875 0.04623740234375 0.0354833984375 0.0497513671875 0.03821640625 0.0626357421875 -0.0 0.06419755859375
0 0.04253837890625 0.02732607421875 0.07492333984375 0.026825390625 0.07441767578125 0.0556099609375 0.04661318359375 0.058486328125 0.04133994140625 0.04889853515625 0.04253837890625 0.02732607421875
0 0.08318310546875 0.024683984375 0.11010380859375 0.02498984375 0.1097978515625 0.03080234375 0.11652802734375 0.03294375 0.11622216796875 0.05741708984375 0.08226533203125 0.05802890625 0.08257119140625 0.047627734375 0.08318310546875 0.024683984375
0 0.1223404296875 0.0259076171875 0.1342712890625 0.02621357421875 0.1342712890625 0.02315439453125 0.14436650390625 0.02223662109375 0.1480375 0.02651943359375 0.156297265625 0.02560166015625 0.156297265625 0.0558875 0.12387001953125 0.057723046875 0.1223404296875 0.0259076171875
0 0.1737345703125 0.02560166015625 0.1838298828125 0.0216248046875 0.1997375 0.02560166015625 0.199431640625 0.05864072265625 0.2003494140625 0.0754662109375 0.18658310546875 0.07699580078125 0.18230029296875 0.0650650390625 0.16516884765625 0.0659828125 0.16272158203125 0.04793369140625 0.17434638671875 0.04395673828125 0.1737345703125 0.02560166015625
0 0.20524404296875 0.02713125 0.22206953125 0.026825390625 0.23094111328125 0.0240720703125 0.2395068359375 0.02621357421875 0.2398126953125 0.05955849609375 0.205855859375 0.0601703125 0.20524404296875 0.02713125
0 0.247521484375 0.02575126953125 0.28179775390625 0.02167646484375 0.284434375 0.055952734375 0.26741611328125 0.059787890625 0.25806796875 0.05906884765625 0.2527947265625 0.0506794921875 0.24680234375 0.0487619140625 0.247521484375 0.02575126953125
0 0.242473046875 0.067183203125 0.25564345703125 0.06342021484375 0.25709072265625 0.06399912109375 0.2623009765625 0.0799193359375 0.261287890625 0.0810771484375 0.24768330078125 0.08541904296875 0.242473046875 0.067183203125
0 0.60427021484375 1.240234375e-05 0.60469921875 0.00104931640625 0.60354140625 0.0027861328125 0.5936998046875 0.0071279296875 0.5905158203125 0.002930859375 0.591239453125 0.00191767578125 0.59037109375 3.623046875e-05 0.58762119140625 0.00090458984375 0.5796611328125 0.005825390625 0.578069140625 0.004667578125 0.57054326171875 0.0079962890625 0.56664169921875 1.259765625e-05 0.60427021484375 1.240234375e-05
0 0.56230234375 1.259765625e-05 0.5688064453125 0.00944365234375 0.5679380859375 0.01581171875 0.55867548828125 0.0194298828125 0.5556361328125 0.019574609375 0.54347890625 0.02478486328125 0.540294921875 0.0197193359375 0.53349267578125 0.016680078125 0.5316111328125 0.00379921875 0.5272837890625 1.26953125e-05 0.56230234375 1.259765625e-05
0 0.53465048828125 0.03838935546875 0.54680771484375 0.02449541015625 0.55925439453125 0.03563955078125 0.55954384765625 0.03795517578125 0.54709716796875 0.04982294921875 0.53537412109375 0.0420076171875 0.53465048828125 0.03838935546875
0 0.51034951171875 1.26953125e-05 0.51207275390625 0.00162822265625 0.51945390625 3.623046875e-05 0.52336162109375 0.0082857421875 0.52495361328125 0.0200087890625 0.495718359375 0.0285478515625 0.4906529296875 0.016680078125 0.48848193359375 0.00900947265625 0.49702099609375 0.00669375 0.4964419921875 0.00206240234375 0.51025068359375 1.26953125e-05 0.51034951171875 1.26953125e-05
0 0.49632802734375 0.0438599609375 0.50747216796875 0.04053115234375 0.51355078125 0.0578986328125 0.5122482421875 0.05934599609375 0.50399873046875 0.06180634765625 0.49632802734375 0.0438599609375
0 0.4133177734375 0.0463369140625 0.411101171875 0.04208837890625 0.40869990234375 0.02435576171875 0.41719677734375 0.0236169921875 0.42366181640625 0.02084619140625 0.42735615234375 0.022693359375 0.44194853515625 0.02010732421875 0.4415791015625 0.03229853515625 0.4452734375 0.05391015625 0.42587841796875 0.05649619140625 0.42347705078125 0.045598046875 0.4133177734375 0.0463369140625
0 0.2882251953125 0.02987099609375 0.2967642578125 0.02929208984375 0.296908984375 0.02813427734375 0.30790830078125 0.02770009765625 0.3092109375 0.02827900390625 0.31992080078125 0.02987099609375 0.31992080078125 0.03884423828125 0.31919716796875 0.0492646484375 0.29039619140625 0.049698828125 0.2882251953125 0.047962109375 0.2882251953125 0.02987099609375
0 0.32889404296875 0.02726591796875 0.3371435546875 0.02712119140625 0.33844609375 0.02871318359375 0.3603001953125 0.02871318359375 0.3617474609375 0.06315869140625 0.3591423828125 0.06605322265625 0.34278798828125 0.06605322265625 0.34090654296875 0.0618560546875 0.34177490234375 0.05085673828125 0.3359857421875 0.0475279296875 0.3351173828125 0.045067578125 0.32903876953125 0.045067578125 0.32889404296875 0.02726591796875
0 0.371194921875 0.02691875 0.39493046875 0.0233005859375 0.40043017578125 0.0247478515625 0.40173271484375 0.05890390625 0.3897203125 0.0593380859375 0.38957548828125 0.05340419921875 0.38783876953125 0.05253583984375 0.38725986328125 0.0493517578125 0.379155078125 0.0493517578125 0.377997265625 0.05485146484375 0.37249755859375 0.05499619140625 0.370616015625 0.05325947265625 0.368879296875 0.0350236328125 0.371194921875 0.02691875
0 0.4093572265625 0.06596875 0.42321796875 0.062059375 0.42455078125 0.06365869140625 0.430948046875 0.07520927734375 0.4307703125 0.0777859375 0.41610986328125 0.08400556640625 0.4103345703125 0.06756806640625 0.4093572265625 0.06596875
