4 0.06668603515625 0.4987970703125 0.066835546875 0.490275 0.0737130859375 0.4833974609375 0.09165439453125 0.48952744140625 0.0915048828125 0.4923681640625 0.08716904296875 0.505674609375 0.08298271484375 0.504478515625 0.0761052734375 0.53004482421875 0.07326455078125 0.53153994140625 0.0583134765625 0.52660615234375 0.06668603515625 0.4987970703125
4 0.1059826171875 0.5123345703125 0.116298828125 0.516221875 0.11704638671875 0.51816552734375 0.11435517578125 0.525790625 0.102693359375 0.5213052734375 0.1059826171875 0.5123345703125
4 0.124481640625 0.50932216796875 0.129266015625 0.50393984375 0.1437685546875 0.50932216796875 0.1437685546875 0.51171435546875 0.13973173828125 0.52158203125 0.1250796875 0.5160501953125 0.124481640625 0.50932216796875
4 0.0498591796875 0.5416005859375 0.063763671875 0.54653447265625 0.05823173828125 0.56223310546875 0.04462626953125 0.55744873046875 0.0498591796875 0.5416005859375
4 0.0682771484375 0.54548984375 0.07117333984375 0.53855517578125 0.07958603515625 0.5420841796875 0.0769732421875 0.54893486328125 0.0682771484375 0.54548984375
4 0.07786669921875 0.54721142578125 0.08588251953125 0.5503275390625 0.09006884765625 0.539263671875 0.10696357421875 0.54539365234375 0.10786064453125 0.5473373046875 0.1053189453125 0.55466328125 0.1183263671875 0.55944765625 0.109804296875 0.58381787109375 0.1065150390625 0.58531298828125 0.08184580078125 0.5763423828125 0.083789453125 0.5706609375 0.0769119140625 0.56841826171875 0.079005078125 0.56228837890625 0.07273603515625 0.55959716796875 0.07786669921875 0.54721142578125
4 0.1498796875 0.5516607421875 0.16979443359375 0.55681513671875 0.1712001953125 0.55904091796875 0.16311708984375 0.5899673828125 0.14566240234375 0.58586728515625 0.1417966796875 0.57989287109375 0.1498796875 0.5516607421875
4 0.17276845703125 0.5474306640625 0.1800314453125 0.54813359375 0.1812029296875 0.5496564453125 0.1800314453125 0.56254248046875 0.172885546875 0.56195673828125 0.17159697265625 0.56031669921875 0.17276845703125 0.5474306640625
4 0.1843658203125 0.53923056640625 0.19619755859375 0.5421591796875 0.19514326171875 0.54625927734375 0.19666611328125 0.54672783203125 0.19280029296875 0.56148818359375 0.1805 0.55820810546875 0.1843658203125 0.53923056640625
4 0.1784966796875 0.59398232421875 0.18343046875 0.5842640625 0.19284970703125 0.5863572265625 0.1932982421875 0.58471259765625 0.2009232421875 0.5863572265625 0.2003251953125 0.58830087890625 0.20974443359375 0.5905435546875 0.2109404296875 0.59368330078125 0.2066046875 0.61162451171875 0.17804814453125 0.6041490234375 0.1784966796875 0.59398232421875
4 0.31951640625 0.569897265625 0.33820517578125 0.57737275390625 0.3398498046875 0.5805125 0.32519775390625 0.6169931640625 0.305312890625 0.60891953125 0.304116796875 0.60577978515625 0.31951640625 0.569897265625
4 0.3337283203125 0.55281650390625 0.33907119140625 0.54346640625 0.35948876953125 0.55472470703125 0.35414580078125 0.5644564453125 0.3337283203125 0.55281650390625
4 0.3807052734375 0.44752109375 0.38581953125 0.43851025390625 0.391664453125 0.43607490234375 0.4026236328125 0.42389794921875 0.41821005859375 0.4365619140625 0.41747939453125 0.4397279296875 0.39872705078125 0.460915625 0.39556103515625 0.4606720703125 0.3807052734375 0.44752109375
4 0.40895556640625 0.45141767578125 0.42575966796875 0.4341265625 0.4347705078125 0.44216328125 0.454253515625 0.4209755859375 0.47203173828125 0.43680546875 0.47154462890625 0.44094560546875 0.45863720703125 0.45409658203125 0.46082900390625 0.45677548828125 0.4384236328125 0.4799115234375 0.40895556640625 0.45141767578125
4 0.451574609375 0.41537421875 0.4571759765625 0.40782451171875 0.46423857421875 0.40246669921875 0.47787666015625 0.41318232421875 0.47812021484375 0.4151306640625 0.46643037109375 0.428281640625 0.451574609375 0.41537421875
4 0.513203515625 0.34158623046875 0.52037998046875 0.33426015625 0.53084580078125 0.34382890625 0.52381875 0.3511548828125 0.513203515625 0.34158623046875
4 0.47717138671875 0.37268447265625 0.4874876953125 0.3629662109375 0.4874876953125 0.3607236328125 0.48135771484375 0.354444140625 0.49376708984375 0.3426328125 0.499 0.34801513671875 0.5075220703125 0.33979208984375 0.5211275390625 0.35369658203125 0.5211275390625 0.3565373046875 0.4939166015625 0.3846453125 0.4886837890625 0.38449580078125 0.47717138671875 0.37268447265625
4 0.84000439453125 7.6171875e-06 0.83298427734375 0.0077658203125 0.8286484375 0.00791533203125 0.81923876953125 7.91015625e-06 0.84000439453125 7.6171875e-06
4 0.90853212890625 0.25758232421875 0.94097109375 0.218273828125 0.95089365234375 0.22609736328125 0.95108447265625 0.22953212890625 0.92208017578125 0.264642578125 0.916928125 0.265405859375 0.90853212890625 0.25758232421875
4 0.76100205078125 0.31436181640625 0.78716650390625 0.28625380859375 0.802117578125 0.3003078125 0.80196806640625 0.303298046875 0.7774482421875 0.3299109375 0.76100205078125 0.31436181640625
4 0.99964765625 0.29946005859375 0.9896837890625 0.29379609375 0.9890857421875 0.2911048828125 0.99312255859375 0.28392841796875 0.99964765625 0.28817294921875 0.99964765625 0.29946005859375
4 0.84023193359375 0.36682353515625 0.84096259765625 0.3568384765625 0.84899931640625 0.34758408203125 0.8774931640625 0.3626833984375 0.87895439453125 0.365605859375 0.87043056640625 0.38070517578125 0.86482919921875 0.38046162109375 0.84023193359375 0.36682353515625
4 0.8544060546875 0.33401044921875 0.8677546875 0.34158193359375 0.86822333984375 0.34474482421875 0.86166318359375 0.35411650390625 0.84690283203125 0.34579912109375 0.8544060546875 0.33401044921875
4 0.3966068359375 0.6400033203125 0.40137734375 0.6298900390625 0.4259927734375 0.63542373046875 0.4275193359375 0.63904921875 0.42427548828125 0.6558412109375 0.41969580078125 0.655650390625 0.41893251953125 0.658321875 0.39679765625 0.65259736328125 0.3966068359375 0.6400033203125
4 0.4443763671875 0.61718037109375 0.44869033203125 0.60699208984375 0.4668640625 0.61378427734375 0.46824091796875 0.616721484375 0.46475302734375 0.62562470703125 0.4443763671875 0.61718037109375
4 0.4939123046875 0.66247109375 0.4950572265625 0.65102197265625 0.50001845703125 0.64224443359375 0.542380078125 0.65483837890625 0.543525 0.65789140625 0.5395177734375 0.675255859375 0.53493818359375 0.6756375 0.4939123046875 0.66247109375
4 0.53828740234375 0.6254994140625 0.54415791015625 0.614380078125 0.5718955078125 0.62963955078125 0.56678125 0.64084228515625 0.56507646484375 0.64425185546875 0.55338671875 0.63816337890625 0.55509140625 0.6337796875 0.53828740234375 0.6254994140625
4 0.73891865234375 0.7078283203125 0.73872783203125 0.6950435546875 0.7434982421875 0.68645673828125 0.78643232421875 0.69637919921875 0.78776796875 0.69943232421875 0.78433330078125 0.71641513671875 0.78204345703125 0.7183232421875 0.73891865234375 0.7078283203125
4 0.8715421875 0.6975029296875 0.88642900390625 0.70059541015625 0.888155078125 0.70332822265625 0.88606943359375 0.71260556640625 0.86902509765625 0.7087939453125 0.8715421875 0.6975029296875
4 0.85992568359375 0.7464685546875 0.858519921875 0.7366283203125 0.8646115234375 0.72713955078125 0.89799794921875 0.73533974609375 0.89471787109375 0.75431728515625 0.87691181640625 0.750334375 0.875974609375 0.75431728515625 0.86648583984375 0.7519744140625 0.867305859375 0.74822578125 0.85992568359375 0.7464685546875
4 0.83361025390625 0.9208919921875 0.83301220703125 0.91087470703125 0.83959072265625 0.90175458984375 0.89012529296875 0.91924736328125 0.8914708984375 0.9220880859375 0.8850419921875 0.93943125 0.83361025390625 0.9208919921875
4 0.75098095703125 0.924634765625 0.7590544921875 0.893835546875 0.7632408203125 0.8947326171875 0.76353984375 0.89338701171875 0.77968701171875 0.89787236328125 0.77759384765625 0.905048828125 0.78327529296875 0.90639443359375 0.78776064453125 0.88890166015625 0.80540283203125 0.89368603515625 0.80839306640625 0.8987693359375 0.804954296875 0.91267392578125 0.80749599609375 0.9147669921875 0.8006185546875 0.94048291015625 0.7864150390625 0.9367451171875 0.7840228515625 0.9385392578125 0.77594921875 0.93629658203125 0.77460361328125 0.93405390625 0.77520166015625 0.9313626953125 0.7738560546875 0.931063671875 0.77266005859375 0.9349509765625 0.77026787109375 0.93644609375 0.75980205078125 0.93390439453125 0.75785849609375 0.9307646484375 0.7586060546875 0.9267279296875 0.75098095703125 0.924634765625
4 0.62236796875 0.81424970703125 0.5912697265625 0.80602666015625 0.59470849609375 0.79152412109375 0.6292455078125 0.80034521484375 0.626554296875 0.8117080078125 0.62236796875 0.81424970703125
4 0.402098046875 0.75092607421875 0.40696875 0.741915234375 0.4184150390625 0.74532470703125 0.4189021484375 0.74288935546875 0.443255859375 0.74946484375 0.44179462890625 0.75360498046875 0.4483701171875 0.7550662109375 0.45202314453125 0.76018046875 0.445934765625 0.78331650390625 0.3969837890625 0.7694349609375 0.402098046875 0.75092607421875
4 0.740558203125 0.95565078125 0.74564150390625 0.94937138671875 0.7587984375 0.9535576171875 0.76104111328125 0.956846875 0.756555859375 0.969854296875 0.7408572265625 0.96507001953125 0.740558203125 0.95565078125
4 0.42878154296875 0.805284765625 0.445585546875 0.80869423828125 0.46433798828125 0.81526982421875 0.4577625 0.8381623046875 0.4219625 0.82574189453125 0.42878154296875 0.805284765625
4 0.3962791015625 0.8302408203125 0.41021943359375 0.833989453125 0.40459638671875 0.85554423828125 0.3907732421875 0.85191279296875 0.3962791015625 0.8302408203125
4 0.3705888671875 0.8301228515625 0.37073837890625 0.8241423828125 0.37417705078125 0.8211521484375 0.3865865234375 0.82698310546875 0.3870349609375 0.82922578125 0.3835962890625 0.83685078125 0.3705888671875 0.8301228515625
4 0.41753515625 0.83670126953125 0.42605732421875 0.8383458984375 0.4238146484375 0.8513533203125 0.41514306640625 0.8495591796875 0.41753515625 0.83670126953125
4 0.35448212890625 0.90143466796875 0.37375478515625 0.8754833984375 0.3924548828125 0.88903154296875 0.37318232421875 0.91536435546875 0.35448212890625 0.90143466796875
4 0.3394826171875 0.92896005859375 0.35207666015625 0.91426708984375 0.36142666015625 0.921708984375 0.34902353515625 0.93678359375 0.3394826171875 0.92896005859375
4 0.00064443359375 0.69091630859375 0.00856630859375 0.69341240234375 0.007898046875 0.69675361328125 0.014914453125 0.6980900390625 0.01307685546875 0.7015982421875 0.0306177734375 0.7051064453125 0.031954296875 0.6980900390625 0.05083173828125 0.70343583984375 0.04982939453125 0.70544052734375 0.05450693359375 0.70644287109375 0.04799169921875 0.72949677734375 0.04999638671875 0.731835546875 0.04882705078125 0.73567783203125 0.02644140625 0.7400212890625 0.0246037109375 0.73968720703125 0.01474736328125 0.73701435546875 0.01474736328125 0.73166845703125 0.0037216796875 0.728828515625 0.0006443359375 0.7259072265625 0.00064443359375 0.69091630859375
4 0.4191052734375 0.61215927734375 0.43170947265625 0.5986328125 0.446465625 0.60478125 0.43662822265625 0.6198447265625 0.4191052734375 0.61215927734375
