3 0.67784677734375 0.0518541015625 0.69063310546875 0.06002763671875 0.684423046875 0.071036328125 0.67157958984375 0.062426953125 0.67784677734375 0.0518541015625
3 0.588935546875 0.04660361328125 0.59669931640625 0.0463818359375 0.59714296875 0.05710322265625 0.589453125 0.057325 0.588935546875 0.04660361328125
3 0.50551015625 0.1227130859375 0.5187646484375 0.12440244140625 0.51655556640625 0.137137109375 0.5034310546875 0.13512294921875 0.50551015625 0.1227130859375
3 0.56816025390625 0.19517587890625 0.57538349609375 0.186186328125 0.5856771484375 0.19486767578125 0.5788560546875 0.20367314453125 0.56816025390625 0.19517587890625
3 0.35792587890625 0.2636826171875 0.37252890625 0.26477236328125 0.3700224609375 0.28242685546875 0.3555283203125 0.28101015625 0.35792587890625 0.2636826171875
2 0.83620439453125 0.717614453125 0.847490234375 0.6982673828125 0.85877607421875 0.7062046875 0.8476142578125 0.72567578125 0.83620439453125 0.717614453125
3 0.85307451171875 0.68175341796875 0.860413671875 0.684152734375 0.85730869140625 0.6947380859375 0.85011064453125 0.69262099609375 0.85307451171875 0.68175341796875
3 0.67944375 0.77093193359375 0.698878515625 0.774626171875 0.6966298828125 0.78843935546875 0.67655263671875 0.78378134765625 0.67944375 0.77093193359375
3 0.6586083984375 0.76002900390625 0.66449326171875 0.7574134765625 0.66852548828125 0.7658048828125 0.6630765625 0.76863828125 0.6586083984375 0.76002900390625
1 0.49557451171875 0.7539080078125 0.50489033203125 0.7437890625 0.5166154296875 0.755353515625 0.507299609375 0.7645087890625 0.49557451171875 0.7539080078125
1 0.14628857421875 0.38152109375 0.15854599609375 0.382766015625 0.1576841796875 0.39789619140625 0.14236240234375 0.3961724609375 0.1428412109375 0.388607421875 0.1460013671875 0.38879892578125 0.14628857421875 0.38152109375
4 0.1844951171875 0.30073017578125 0.1953626953125 0.3067990234375 0.18802353515625 0.32317099609375 0.1763091796875 0.3166787109375 0.1844951171875 0.30073017578125
3 0.00749091796875 0.235276171875 0.02174580078125 0.2354173828125 0.0216046875 0.2413451171875 0.018923046875 0.24120400390625 0.01849970703125 0.2526361328125 0.0073498046875 0.25235390625 0.00749091796875 0.235276171875
3 0.150501171875 0.04712138671875 0.16434189453125 0.0455689453125 0.166333984375 0.0580306640625 0.1531919921875 0.0601060546875 0.150501171875 0.04712138671875
3 0.56283740234375 0.3194275390625 0.57573544921875 0.319303515625 0.57647958984375 0.331457421875 0.56333349609375 0.33170546875 0.56283740234375 0.3194275390625
4 0.2321021484375 0.21606240234375 0.24301591796875 0.22325556640625 0.23644287109375 0.232805078125 0.2255291015625 0.22548798828125 0.2321021484375 0.21606240234375
3 0.25121953125 0.16681103515625 0.267450390625 0.166246484375 0.2687595703125 0.18433154296875 0.252134375 0.18578193359375 0.25121953125 0.16681103515625
3 0.26923974609375 0.14292822265625 0.27727060546875 0.14871044921875 0.2708458984375 0.15706259765625 0.26345751953125 0.1519228515625 0.26923974609375 0.14292822265625
3 2.890625e-05 0.74779833984375 0.010190234375 0.7439142578125 0.013633984375 0.75719736328125 2.880859375e-05 0.76156962890625 2.890625e-05 0.74779833984375
3 0.08905087890625 0.5648498046875 0.09643037109375 0.56066806640625 0.10012021484375 0.56903154296875 0.0922486328125 0.572475390625 0.08905087890625 0.5648498046875
3 0.102333984375 0.58354462890625 0.1138953125 0.58083876953125 0.1161091796875 0.59190810546875 0.10503984375 0.59485986328125 0.102333984375 0.58354462890625
3 0.1570275390625 0.02203994140625 0.16464052734375 0.02043720703125 0.1666439453125 0.030053515625 0.1586302734375 0.03165625 0.1570275390625 0.02203994140625
3 0.23881767578125 0.5108421875 0.2429994140625 0.5024787109375 0.25825048828125 0.50936630859375 0.25505263671875 0.5174837890625 0.23881767578125 0.5108421875
3 0.27743720703125 0.5209275390625 0.2798970703125 0.50936630859375 0.2887525390625 0.51231806640625 0.28678466796875 0.5226494140625 0.27743720703125 0.5209275390625
3 0.2403158203125 0.4456916015625 0.24400556640625 0.43855810546875 0.2499091796875 0.44200185546875 0.24498955078125 0.4483974609375 0.2403158203125 0.4456916015625
3 0.2491712890625 0.42502900390625 0.253844921875 0.41641953125 0.26196240234375 0.42281513671875 0.25679677734375 0.430440625 0.2491712890625 0.42502900390625
3 0.26811201171875 0.3778 0.26811201171875 0.3669767578125 0.28090322265625 0.36623876953125 0.28213310546875 0.3778 0.26811201171875 0.3778
3 0.2727857421875 0.34926591796875 0.2772134765625 0.34213232421875 0.2841009765625 0.34656005859375 0.27942724609375 0.35393955078125 0.2727857421875 0.34926591796875
3 0.9664078125 0.82884267578125 0.97516650390625 0.82944677734375 0.97561953125 0.83609130859375 0.966709765625 0.83563828125 0.9664078125 0.82884267578125
3 0.97667666015625 0.837903515625 0.99132490234375 0.84016865234375 0.99056982421875 0.84832333984375 0.97592158203125 0.84666220703125 0.97667666015625 0.837903515625
1 0.39571689453125 0.8657822265625 0.40513525390625 0.86609619140625 0.40419345703125 0.8752005859375 0.39477509765625 0.8739447265625 0.39571689453125 0.8657822265625
1 0.8642919921875 0.49204365234375 0.86921171875 0.4878619140625 0.87437734375 0.492781640625 0.87019560546875 0.49770126953125 0.8642919921875 0.49204365234375
1 0.54617431640625 0.228919140625 0.55357392578125 0.22544580078125 0.5579533203125 0.234053515625 0.551006640625 0.23752685546875 0.54617431640625 0.228919140625
3 0.52344453125 0.51584208984375 0.53129716796875 0.5129728515625 0.53416640625 0.520221484375 0.52661572265625 0.52354375 0.52344453125 0.51584208984375
