3 0.999032421875 0.0067154296875 0.985048828125 0.005338671875 0.98553251953125 4.8828125e-07 0.999032421875 2.9296875e-07 0.999032421875 0.0067154296875
3 0.98238271484375 4.8828125e-07 0.98190224609375 0.00453564453125 0.967965625 0.00415126953125 0.9681599609375 6.8359375e-07 0.98238271484375 4.8828125e-07
3 0.9872748046875 0.0859064453125 0.9955724609375 0.08496708984375 0.99604208984375 0.0934212890625 0.98884033203125 0.093891015625 0.9872748046875 0.0859064453125
3 0.8491671875 0.40953466796875 0.86497841796875 0.41514501953125 0.85936796875 0.43146630859375 0.8437359375 0.42677744140625 0.8491671875 0.40953466796875
3 0.8115576171875 0.3437615234375 0.82864384765625 0.34631171875 0.8250736328125 0.36798837890625 0.8082423828125 0.36543818359375 0.8115576171875 0.3437615234375
3 0.46381337890625 3.41796875e-06 0.4636568359375 0.0114935546875 0.44800087890625 0.0114935546875 0.44794560546875 3.41796875e-06 0.46381337890625 3.41796875e-06
3 0.511848046875 0.0620146484375 0.527833203125 0.0624142578125 0.5280330078125 0.08019775390625 0.5114484375 0.0795982421875 0.511848046875 0.0620146484375
3 0.50539873046875 0.12546455078125 0.52478076171875 0.12586416015625 0.523781640625 0.1426486328125 0.50519892578125 0.14164951171875 0.50539873046875 0.12546455078125
2 0.43472685546875 0.15746123046875 0.448191015625 0.1573046875 0.448191015625 0.1720212890625 0.4348833984375 0.17186474609375 0.43472685546875 0.15746123046875
3 0.37085048828125 0.118008203125 0.38838515625 0.126305859375 0.38227939453125 0.1402396484375 0.36552744140625 0.13209853515625 0.37085048828125 0.118008203125
3 0.46506865234375 0.21820947265625 0.47925546875 0.221206640625 0.47665791015625 0.23459423828125 0.46167177734375 0.23039814453125 0.46506865234375 0.21820947265625
3 0.28157587890625 0.30126435546875 0.29036376953125 0.3054955078125 0.28450517578125 0.31981650390625 0.2757173828125 0.3159107421875 0.28157587890625 0.30126435546875
3 0.32844814453125 0.59244052734375 0.34240751953125 0.5923302734375 0.3434341796875 0.6148197265625 0.3300466796875 0.61581875 0.32844814453125 0.59244052734375
3 0.39496357421875 0.636774609375 0.37438271484375 0.63457666015625 0.3761810546875 0.6171927734375 0.396562109375 0.61919091796875 0.39496357421875 0.636774609375
3 0.38157607421875 0.63837314453125 0.3963623046875 0.6407708984375 0.39476376953125 0.64776435546875 0.38077685546875 0.645966015625 0.38157607421875 0.63837314453125
3 0.37658076171875 0.649362890625 0.39296552734375 0.65076162109375 0.392366015625 0.6581546875 0.37797939453125 0.65575693359375 0.37658076171875 0.649362890625
2 0.472167578125 0.60312138671875 0.48713310546875 0.60336669921875 0.4862744140625 0.61673759765625 0.4704501953125 0.61686025390625 0.472167578125 0.60312138671875
3 0.54675751953125 0.58497880859375 0.57474853515625 0.5892099609375 0.56661162109375 0.63249833984375 0.53927158203125 0.62663974609375 0.54675751953125 0.58497880859375
2 0.57477890625 0.69437783203125 0.59146181640625 0.69548193359375 0.59182978515625 0.7202609375 0.57257080078125 0.7186662109375 0.57477890625 0.69437783203125
3 0.43326640625 0.69636171875 0.42856962890625 0.71734072265625 0.414658203125 0.714814453125 0.419384765625 0.69365234375 0.43326640625 0.69636171875
3 0.45275390625 0.700068359375 0.44755771484375 0.71627392578125 0.432861328125 0.71345703125 0.43806279296875 0.6959400390625 0.45275390625 0.700068359375
3 0.4929478515625 0.71834892578125 0.484228515625 0.730673828125 0.47377177734375 0.72050830078125 0.482265625 0.710595703125 0.4929478515625 0.71834892578125
3 0.498189453125 0.7399115234375 0.48586181640625 0.73262109375 0.4962267578125 0.71783115234375 0.506653515625 0.72371923828125 0.498189453125 0.7399115234375
3 0.56641875 0.74582841796875 0.585290234375 0.75092880859375 0.57661953125 0.7718404296875 0.55927822265625 0.76699501953125 0.56641875 0.74582841796875
3 0.63418671875 0.76388603515625 0.6469376953125 0.77051650390625 0.639287109375 0.789387890625 0.62628115234375 0.7835224609375 0.63418671875 0.76388603515625
3 0.67890068359375 0.77273330078125 0.7014796875 0.77672958984375 0.698482421875 0.79351396484375 0.67610322265625 0.78971748046875 0.67890068359375 0.77273330078125
3 0.62578037109375 0.826321875 0.63486083984375 0.81176181640625 0.648325 0.82005947265625 0.63846171875 0.83524580078125 0.62578037109375 0.826321875
3 0.65349462890625 0.8373736328125 0.64392646484375 0.82743740234375 0.6506732421875 0.8181146484375 0.6619587890625 0.82694677734375 0.65349462890625 0.8373736328125
3 0.657591015625 0.83694892578125 0.6642298828125 0.828512890625 0.67787109375 0.84079345703125 0.6699271484375 0.8490072265625 0.657591015625 0.83694892578125
3 0.71161123046875 0.78347080078125 0.72619765625 0.788666015625 0.7210025390625 0.80684912109375 0.70601640625 0.80305263671875 0.71161123046875 0.78347080078125
3 0.67725126953125 0.81201220703125 0.68657412109375 0.81839091796875 0.68044072265625 0.83127119140625 0.6697685546875 0.82403369140625 0.67725126953125 0.81201220703125
3 0.708627734375 0.8303255859375 0.72350087890625 0.82860341796875 0.72506650390625 0.845198828125 0.71081953125 0.84723408203125 0.708627734375 0.8303255859375
3 0.76138388671875 0.80029873046875 0.778168359375 0.8078916015625 0.771374609375 0.82167880859375 0.75472470703125 0.81310986328125 0.76138388671875 0.80029873046875
3 0.764361328125 0.85395458984375 0.75369267578125 0.84540048828125 0.76003623046875 0.83434736328125 0.771666015625 0.84097919921875 0.764361328125 0.85395458984375
3 0.774308984375 0.84005302734375 0.76868876953125 0.83830830078125 0.77544111328125 0.821337109375 0.78660673828125 0.82639990234375 0.7811791015625 0.841945703125 0.774308984375 0.84005302734375
3 0.78467412109375 0.85056669921875 0.78872216796875 0.8452919921875 0.78467412109375 0.8414892578125 0.789948828125 0.83302509765625 0.797186328125 0.83842255859375 0.80209306640625 0.83253447265625 0.8143599609375 0.8413666015625 0.8087171875 0.85032138671875 0.80393310546875 0.84651865234375 0.79461025390625 0.859276171875 0.78467412109375 0.85056669921875
3 0.81188564453125 0.83404306640625 0.8159224609375 0.828276171875 0.826302734375 0.8348119140625 0.8214009765625 0.84115546875 0.81188564453125 0.83404306640625
3 0.80759951171875 0.87613525390625 0.8183943359375 0.86067900390625 0.82906650390625 0.86840712890625 0.8185169921875 0.8843541015625 0.80759951171875 0.87613525390625
3 0.81906533203125 0.88697646484375 0.8293982421875 0.87476474609375 0.8445845703125 0.88697646484375 0.8323728515625 0.9007537109375 0.81906533203125 0.88697646484375
2 0.8556275390625 0.86392587890625 0.86082265625 0.84794072265625 0.879805078125 0.8541349609375 0.87520927734375 0.86912099609375 0.8556275390625 0.86392587890625
3 0.85027265625 0.8822529296875 0.8566916015625 0.87301591796875 0.8681205078125 0.88053076171875 0.86091875 0.89070712890625 0.85027265625 0.8822529296875
3 0.873756640625 0.89696953125 0.8635802734375 0.88710625 0.87062548828125 0.8791216796875 0.88221083984375 0.88773251953125 0.873756640625 0.89696953125
3 0.9011263671875 0.9000033203125 0.887975390625 0.90814443359375 0.87873837890625 0.8928015625 0.88954091796875 0.88434736328125 0.9011263671875 0.9000033203125
3 0.8984810546875 0.90910244140625 0.904246484375 0.8927875 0.91540927734375 0.89720361328125 0.9101345703125 0.91327314453125 0.8984810546875 0.90910244140625
3 0.9444115234375 0.930427734375 0.93222294921875 0.91903837890625 0.94241337890625 0.9084482421875 0.954801953125 0.91843896484375 0.9444115234375 0.930427734375
3 0.9077775390625 0.87333515625 0.89808681640625 0.8863412109375 0.88839609375 0.876650390625 0.89630166015625 0.8674697265625 0.9077775390625 0.87333515625
3 0.96914052734375 0.9646470703125 0.96164501953125 0.95733115234375 0.96946494140625 0.9483435546875 0.97741259765625 0.95607265625 0.96914052734375 0.9646470703125
3 0.94531748046875 0.94565009765625 0.95658984375 0.933908203125 0.96660966796875 0.94345830078125 0.95837998046875 0.95402724609375 0.94531748046875 0.94565009765625
3 0.9719607421875 0.9261595703125 0.9771509765625 0.9205849609375 0.9882041015625 0.92952353515625 0.97282578125 0.94643955078125 0.9626376953125 0.93615537109375 0.9719607421875 0.9261595703125
2 0.97466416015625 0.81077978515625 0.98972900390625 0.79883818359375 0.99903251953125 0.8110119140625 0.99903251953125 0.81770947265625 0.98708115234375 0.82665673828125 0.97466416015625 0.81077978515625
3 0.96502177734375 0.82149384765625 0.97295859375 0.8160923828125 0.98100556640625 0.82744638671875 0.972407421875 0.8335091796875 0.96502177734375 0.82149384765625
2 0.93771494140625 0.83112626953125 0.9532982421875 0.82310546875 0.962694140625 0.84029287109375 0.9464232421875 0.84854287109375 0.93771494140625 0.83112626953125
3 0.89527666015625 0.84435361328125 0.90281806640625 0.83196416015625 0.9168236328125 0.8393259765625 0.90874345703125 0.85261328125 0.89527666015625 0.84435361328125
2 0.880789453125 0.83763017578125 0.89102421875 0.82057216796875 0.89856572265625 0.80728486328125 0.91059609375 0.81482626953125 0.8935380859375 0.84517158203125 0.880789453125 0.83763017578125
2 0.8653505859375 0.82840927734375 0.87562080078125 0.814621875 0.88857822265625 0.8245208984375 0.880789453125 0.83763017578125 0.8653505859375 0.82840927734375
2 0.83707724609375 0.80499091796875 0.85485341796875 0.787573828125 0.86185625 0.7945765625 0.8577263671875 0.7988859375 0.8663451171875 0.80427265625 0.8523396484375 0.8213306640625 0.83707724609375 0.80499091796875
2 0.8125796875 0.47352119140625 0.81578798828125 0.46022958984375 0.8290796875 0.46297958984375 0.8263296875 0.475812890625 0.8125796875 0.47352119140625
3 0.32956376953125 0.14262373046875 0.34360283203125 0.1405763671875 0.34652763671875 0.15783271484375 0.33248857421875 0.159880078125 0.32956376953125 0.14262373046875
3 0.60288876953125 0.82123994140625 0.6225251953125 0.80032841796875 0.63486083984375 0.81176181640625 0.61436455078125 0.8345009765625 0.60288876953125 0.82123994140625
3 0.7818240234375 0.82259111328125 0.7843576171875 0.8150607421875 0.7911841796875 0.8192833984375 0.788369140625 0.82463203125 0.7818240234375 0.82259111328125
3 0.8249287109375 0.99803994140625 0.82171884765625 0.990473828125 0.83318251953125 0.98416884765625 0.83730947265625 0.99139091796875 0.8249287109375 0.99803994140625
3 0.8428455078125 0.98293466796875 0.84356240234375 0.97582138671875 0.84973828125 0.9757662109375 0.84962802734375 0.98298984375 0.8428455078125 0.98293466796875
3 0.99903251953125 0.84992333984375 0.9934880859375 0.85445322265625 0.9868779296875 0.84590849609375 0.99630947265625 0.83800859375 0.99903251953125 0.841815234375 0.99903251953125 0.84992333984375
2 0.55678876953125 0.68221279296875 0.553855078125 0.69808935546875 0.54816025390625 0.69636357421875 0.547469921875 0.70361162109375 0.5283146484375 0.70016015625 0.529765625 0.69189453125 0.543475390625 0.6933275390625 0.543515625 0.692919921875 0.5440185546875 0.69377509765625 0.54608935546875 0.680487109375 0.55678876953125 0.68221279296875
