2 0.02553603515625 0.58818046875 0.05228427734375 0.58731064453125 0.0531541015625 0.61623349609375 0.02510107421875 0.6168859375 0.02553603515625 0.58818046875
2 0.0626935546875 0.64518466796875 0.0626208984375 0.638326953125 0.07290078125 0.63312021484375 0.074336328125 0.63833876953125 0.07810751953125 0.64113056640625 0.06667763671875 0.6484005859375 0.0626935546875 0.64518466796875
2 0.04963388671875 0.67026328125 0.07587392578125 0.6578248046875 0.0768962890625 0.6646404296875 0.08354150390625 0.67367109375 0.0596869140625 0.683042578125 0.05065625 0.6757158203125 0.04963388671875 0.67026328125
2 0.09405302734375 0.68566025390625 0.1045134765625 0.68409111328125 0.10691943359375 0.69517919921875 0.09624970703125 0.69748056640625 0.09405302734375 0.68566025390625
2 0.1128818359375 0.71536796875 0.0799033203125 0.7166232421875 0.0799314453125 0.70710419921875 0.09603515625 0.70607421875 0.11277724609375 0.70532587890625 0.1128818359375 0.71536796875
2 0.09467158203125 0.705908203125 0.082021484375 0.70671875 0.08191884765625 0.70239697265625 0.094563671875 0.7019478515625 0.09467158203125 0.705908203125
2 0.10587216796875 0.73597080078125 0.1186533203125 0.73602294921875 0.117507421875 0.78210576171875 0.1040388671875 0.78226240234375 0.10587216796875 0.73597080078125
2 0.28044111328125 0.5716947265625 0.29648271484375 0.57536142578125 0.28731611328125 0.60721552734375 0.27287861328125 0.60377802734375 0.26462861328125 0.5991947265625 0.27287861328125 0.56940302734375 0.28044111328125 0.5716947265625
2 0.251530078125 0.4783259765625 0.24221845703125 0.512344140625 0.232857421875 0.5089240234375 0.23219599609375 0.5105775390625 0.22238525390625 0.50760126953125 0.222026171875 0.51047421875 0.2082001953125 0.50652392578125 0.2066978515625 0.50617724609375 0.20791044921875 0.50176796875 0.18832666015625 0.49522216796875 0.189716015625 0.48772119140625 0.18825048828125 0.48573291015625 0.18979814453125 0.4815123046875 0.1920369140625 0.4722255859375 0.1932494140625 0.46572177734375 0.19049365234375 0.46539111328125 0.19421767578125 0.448865234375 0.2098888671875 0.45257451171875 0.213100390625 0.45417119140625 0.211437890625 0.4689185546875 0.23499404296875 0.4750228515625 0.235628125 0.4736486328125 0.24568671875 0.4758296875 0.24556240234375 0.47688095703125 0.251530078125 0.4783259765625
0 -0.0 0.266208984375 -0.0 0.24697041015625 0.00825361328125 0.2389501953125 0.0168162109375 0.24216845703125 0.01119873046875 0.27000927734375 -0.0 0.266208984375
0 0.066982421875 0.23676298828125 0.075727734375 0.2379251953125 0.0752513671875 0.24259287109375 0.0969173828125 0.2466283203125 0.0944392578125 0.25728857421875 0.0543431640625 0.24974306640625 0.0534990234375 0.24284931640625 0.058423046875 0.23891005859375 0.06587958984375 0.23975419921875 0.066982421875 0.23676298828125
0 0.081751171875 0.13608798828125 0.11999697265625 0.143808984375 0.1198173828125 0.14710244140625 0.12785654296875 0.14736396484375 0.126823828125 0.15732880859375 0.119511328125 0.15679736328125 0.1192787109375 0.161046484375 0.11891962890625 0.16266259765625 0.07805322265625 0.15449609375 0.07672353515625 0.14344990234375 0.081751171875 0.13608798828125
2 0.151288671875 0.24792734375 0.1971958984375 0.25670283203125 0.1945025390625 0.26945146484375 0.14835615234375 0.26083271484375 0.14879560546875 0.25427744140625 0.151288671875 0.24792734375
1 0.65845478515625 0.3036576171875 0.6795380859375 0.31007431640625 0.67357978515625 0.32886591796875 0.66578818359375 0.32657431640625 0.65914228515625 0.3593451171875 0.6323298828125 0.35201171875 0.630730078125 0.35135615234375 0.632418359375 0.34699482421875 0.6259466796875 0.3450251953125 0.62939501953125 0.33484453125 0.62508564453125 0.33358759765625 0.6335123046875 0.3159875 0.6412810546875 0.31827177734375 0.6389115234375 0.32125849609375 0.647691796875 0.32359599609375 0.6518623046875 0.32526435546875 0.6503939453125 0.32275966796875 0.65120791015625 0.318809375 0.65076240234375 0.31329755859375 0.65845478515625 0.3036576171875
1 0.82464873046875 0.35269111328125 0.84916953125 0.35956611328125 0.84229453125 0.38523271484375 0.81891962890625 0.3785869140625 0.82464873046875 0.35269111328125
1 0.77202861328125 0.35810419921875 0.77962578125 0.3603552734375 0.7897552734375 0.36260625 0.79552353515625 0.36401318359375 0.79777451171875 0.36429453125 0.80002548828125 0.35543115234375 0.81381298828125 0.35880771484375 0.81254677734375 0.36260625 0.8162046875 0.36359111328125 0.8090583984375 0.39464150390625 0.7844091796875 0.38863359375 0.7837056640625 0.39243212890625 0.7635873046875 0.3855384765625 0.77202861328125 0.35810419921875
2 0.883958203125 0.460035546875 0.88991083984375 0.46179931640625 0.8886982421875 0.46609833984375 0.89189501953125 0.46742119140625 0.8979578125 0.46940537109375 0.896304296875 0.47469658203125 0.92121689453125 0.481971875 0.91581552734375 0.50170361328125 0.87701357421875 0.4878142578125 0.87657265625 0.4799876953125 0.883958203125 0.460035546875
2 0.5439119140625 0.54922216796875 0.593926171875 0.56501611328125 0.59545146484375 0.5671892578125 0.59376318359375 0.57478642578125 0.59066806640625 0.5750677734375 0.58757294921875 0.5742236328125 0.5412865234375 0.5609990234375 0.54198994140625 0.55171357421875 0.5439119140625 0.54922216796875
2 0.60562470703125 0.58507724609375 0.60816015625 0.57802236328125 0.61400244140625 0.57052646484375 0.6208369140625 0.5742744140625 0.62414384765625 0.5709673828125 0.639135546875 0.5773609375 0.63781279296875 0.58188046875 0.64321416015625 0.58507724609375 0.6460802734375 0.58684091796875 0.63924580078125 0.6018326171875 0.60562470703125 0.58507724609375
2 0.56253115234375 0.6356669921875 0.5683486328125 0.6250240234375 0.5864974609375 0.6338873046875 0.5864974609375 0.635012890625 0.58997275390625 0.63624697265625 0.58221826171875 0.6540822265625 0.57917294921875 0.6529994140625 0.578979296875 0.65340625 0.57163662109375 0.6502369140625 0.57055390625 0.65240244140625 0.56160234375 0.64847734375 0.56282041015625 0.6458380859375 0.5610943359375 0.6453697265625 0.56253115234375 0.6356669921875
2 0.58728037109375 0.6447337890625 0.59010546875 0.6479328125 0.59828994140625 0.64959462890625 0.5943015625 0.65885927734375 0.585909375 0.65653271484375 0.5831673828125 0.65354140625 0.58728037109375 0.6447337890625
2 0.532041015625 0.640234375 0.52836748046875 0.650072265625 0.51216318359375 0.644340234375 0.515869140625 0.634521484375 0.532041015625 0.640234375
2 0.53586328125 0.6300099609375 0.532216796875 0.639775390625 0.516044921875 0.6340625 0.51965908203125 0.6244982421875 0.53586328125 0.6300099609375
1 0.69237109375 0.97252548828125 0.69068291015625 0.95901943359375 0.69982763671875 0.94874912109375 0.7040482421875 0.93439892578125 0.72515146484375 0.93960439453125 0.72304111328125 0.948045703125 0.7476763671875 0.95508017578125 0.7362658203125 0.9867349609375 0.69237109375 0.97252548828125
0 0.6484609375 0.11262548828125 0.6575388671875 0.10181103515625 0.67176259765625 0.10904794921875 0.6629255859375 0.12836513671875 0.6456880859375 0.12028505859375 0.6484609375 0.11262548828125
2 0.9637421875 0.177973046875 0.97387177734375 0.17994267578125 0.97232421875 0.19063505859375 0.96092841796875 0.18866533203125 0.9637421875 0.177973046875
2 0.99843447265625 0.24266953125 0.98714658203125 0.24123935546875 0.99233251953125 0.202021484375 0.9984345703125 0.202588671875 0.99843447265625 0.24266953125
