3 0.69433447265625 0.5232029296875 0.70639921875 0.52330537109375 0.70649794921875 0.5305849609375 0.69407529296875 0.53049853515625 0.69433447265625 0.5232029296875
2 0.72515283203125 0.4170779296875 0.73428759765625 0.4232142578125 0.727175 0.43151220703125 0.71790087890625 0.42426025390625 0.72515283203125 0.4170779296875
1 0.82950634765625 0.39202099609375 0.837862890625 0.39025244140625 0.839804296875 0.3970638671875 0.83136689453125 0.39838876953125 0.82950634765625 0.39202099609375
3 0.46980419921875 0.2436955078125 0.48162314453125 0.24770361328125 0.47896044921875 0.25680361328125 0.46715146484375 0.2520505859375 0.46980419921875 0.2436955078125
3 0.4841115234375 0.18438466796875 0.49016025390625 0.17420546875 0.49707802734375 0.1772185546875 0.49628154296875 0.1785666015625 0.5020251953125 0.18137294921875 0.496562890625 0.19100859375 0.4841115234375 0.18438466796875
3 0.4901962890625 0.14770830078125 0.4971220703125 0.15132998046875 0.494265234375 0.156646875 0.48733115234375 0.15275947265625 0.4901962890625 0.14770830078125
3 0.49149921875 0.1445443359375 0.497144921875 0.13546953125 0.50505673828125 0.13871162109375 0.4996822265625 0.14937216796875 0.49149921875 0.1445443359375
3 0.06623076171875 0.212526171875 0.0765740234375 0.21274443359375 0.075653125 0.2288578125 0.06513916015625 0.22803203125 0.06623076171875 0.212526171875
3 0.0327806640625 0.0108689453125 0.0415826171875 0.013540625 0.0390119140625 0.02269931640625 0.0298908203125 0.019719140625 0.0327806640625 0.0108689453125
3 0.07665341796875 0.90659599609375 0.0847064453125 0.8992609375 0.09286796875 0.909472265625 0.08419375 0.91723671875 0.07665341796875 0.90659599609375
3 0.5201521484375 0.76285712890625 0.521297265625 0.7561771484375 0.538665234375 0.7561771484375 0.53752001953125 0.7641931640625 0.5201521484375 0.76285712890625
3 0.3707375 0.22736474609375 0.3670068359375 0.22456669921875 0.36001201171875 0.22798642578125 0.35768037109375 0.22581025390625 0.35752490234375 0.22239052734375 0.3626544921875 0.2188154296875 0.36312080078125 0.215240234375 0.3806857421875 0.2071572265625 0.3853490234375 0.215084765625 0.3707375 0.22736474609375
3 0.40572470703125 0.289085546875 0.40699580078125 0.28041220703125 0.4173888671875 0.28213193359375 0.41469716796875 0.29013232421875 0.40572470703125 0.289085546875
