3 0.367978125 0.00323818359375 0.38077548828125 0.0024130859375 0.38203212890625 0.019086328125 0.36917421875 0.02013291015625 0.367978125 0.00323818359375
2 0.39049755859375 0.016288671875 0.39831962890625 0.01595576171875 0.39878818359375 0.02251591796875 0.390822265625 0.0228673828125 0.39049755859375 0.016288671875
2 0.84661865234375 0.06276953125 0.85955078125 0.0611560546875 0.86203134765625 0.07871123046875 0.84930703125 0.080120703125 0.84661865234375 0.06276953125
3 0.82177509765625 0.069090234375 0.83074580078125 0.07058525390625 0.8294001953125 0.07806083984375 0.8204294921875 0.07656572265625 0.82177509765625 0.069090234375
4 0.760544140625 0.08036806640625 0.7638333984375 0.07274296875 0.771757421875 0.07618173828125 0.76831875 0.084105859375 0.760544140625 0.08036806640625
3 0.9355916015625 0.64655849609375 0.9481505859375 0.64655849609375 0.948449609375 0.6633037109375 0.93604013671875 0.6633037109375 0.9355916015625 0.64655849609375
2 0.91226796875 0.65253896484375 0.92093955078125 0.6526884765625 0.9210890625 0.65956591796875 0.9125669921875 0.65956591796875 0.91226796875 0.65253896484375
2 0.060234765625 0.92654638671875 0.07130224609375 0.932843359375 0.0630970703125 0.946009765625 0.05183876953125 0.93933115234375 0.060234765625 0.92654638671875
3 0.00472412109375 0.68214814453125 0.0159701171875 0.67980517578125 0.0204216796875 0.7031171875 0.0092927734375 0.70534296875 0.00472412109375 0.68214814453125
3 0.0192302734375 0.6754630859375 0.0250875 0.6741744140625 0.02661044921875 0.68050029296875 0.020753125 0.6819060546875 0.0192302734375 0.6754630859375
3 0.0377056640625 0.9353228515625 0.04064287109375 0.930091015625 0.04615 0.933028125 0.043212890625 0.9382599609375 0.0377056640625 0.9353228515625
4 2.6953125e-05 0.96916396484375 0.0049037109375 0.97321728515625 2.6953125e-05 0.97886650390625 2.6953125e-05 0.96916396484375
3 0.95399765625 0.3050212890625 0.97195341796875 0.304662109375 0.9721330078125 0.3195654296875 0.95417724609375 0.31974501953125 0.95399765625 0.3050212890625
