3 0.26512080078125 0.5362296875 0.32318095703125 0.52466298828125 0.3270365234375 0.53781728515625 0.32919111328125 0.54439443359375 0.32669638671875 0.54586865234375 0.3281705078125 0.55187880859375 0.32771689453125 0.55323955078125 0.26931650390625 0.56480625 0.26330634765625 0.54269345703125 0.26512080078125 0.5362296875
3 0.35209765625 0.51241591796875 0.3510771484375 0.51139541015625 0.37511767578125 0.50028232421875 0.3861173828125 0.524549609375 0.360716015625 0.53180712890625 0.35209765625 0.51241591796875
3 0.38405986328125 0.4882623046875 0.4041134765625 0.47224921875 0.40882841796875 0.4783787109375 0.43169599609375 0.461640625 0.44796259765625 0.48097197265625 0.4227375 0.49865302734375 0.42533076171875 0.5040751953125 0.40434921875 0.51704140625 0.38405986328125 0.4882623046875
2 0.58647265625 0.46874345703125 0.62433916015625 0.46375615234375 0.62858759765625 0.49090927734375 0.58961279296875 0.49478828125 0.58887392578125 0.49349521484375 0.58536435546875 0.4811193359375 0.58647265625 0.46874345703125
2 0.59551376953125 0.6638576171875 0.72459169921875 0.65753916015625 0.72519345703125 0.68160966796875 0.60393837890625 0.6897333984375 0.59671728515625 0.68943251953125 0.59551376953125 0.6638576171875
2 0.547917578125 0.66337333984375 0.57445283203125 0.66189912109375 0.5752466796875 0.67868212890625 0.5552884765625 0.67958935546875 0.5552884765625 0.68004296875 0.55165966796875 0.679702734375 0.54712373046875 0.67879560546875 0.547917578125 0.66337333984375
2 0.69800478515625 0.7197771484375 0.72499375 0.718756640625 0.7255607421875 0.740642578125 0.715581640625 0.742116796875 0.71626201171875 0.748920703125 0.70605615234375 0.749714453125 0.70480869140625 0.7431373046875 0.69857177734375 0.7434775390625 0.69766455078125 0.73599326171875 0.69834501953125 0.73247783203125 0.69800478515625 0.7197771484375
2 0.63922890625 0.79849169921875 0.6665826171875 0.79805751953125 0.67005615234375 0.79907060546875 0.67309541015625 0.8673826171875 0.64588642578125 0.8676720703125 0.6413998046875 0.85812001953125 0.63922890625 0.79849169921875
2 0.5782740234375 0.7912884765625 0.5905759765625 0.78984111328125 0.60475947265625 0.78839384765625 0.60939072265625 0.8677052734375 0.5915890625 0.87277080078125 0.58261591796875 0.87103408203125 0.5782740234375 0.7912884765625
3 0.5303666015625 0.28299833984375 0.54828369140625 0.2870806640625 0.545221875 0.30431728515625 0.5398921875 0.306812109375 0.538758203125 0.30635849609375 0.53887158203125 0.3093068359375 0.52707802734375 0.30556474609375 0.5261708984375 0.2994412109375 0.5303666015625 0.28299833984375
2 0.47045302734375 0.8299564453125 0.4794115234375 0.82746162109375 0.4899576171875 0.82904921875 0.4922255859375 0.87735712890625 0.48871025390625 0.8789447265625 0.47498896484375 0.87939833984375 0.47272099609375 0.87644990234375 0.47045302734375 0.8299564453125
3 0.598240625 0.72387216796875 0.61661123046875 0.7228515625 0.61729169921875 0.75267548828125 0.6028900390625 0.7559640625 0.59982822265625 0.73385126953125 0.598240625 0.72387216796875
3 0.80679384765625 0.5255798828125 0.82199033203125 0.50705458984375 0.8386341796875 0.52080390625 0.81909580078125 0.53976337890625 0.804188671875 0.52804033203125 0.80679384765625 0.5255798828125
3 0.236325390625 0.44671298828125 0.2437744140625 0.4451814453125 0.24809072265625 0.45513671875 0.2469072265625 0.45687705078125 0.239527734375 0.4577125 0.236325390625 0.44671298828125
3 0.22500107421875 0.37037861328125 0.232526953125 0.37037861328125 0.2329611328125 0.3729837890625 0.24005283203125 0.375444140625 0.23846083984375 0.388614453125 0.22586943359375 0.387456640625 0.22196171875 0.383983203125 0.22500107421875 0.37037861328125
3 0.81628798828125 0.0450349609375 0.8253900390625 0.053327734375 0.82058740234375 0.060346875 0.81560009765625 0.0638564453125 0.8109822265625 0.0609009765625 0.80799521484375 0.055563671875 0.81628798828125 0.0450349609375
3 0.79553095703125 0.0692994140625 0.80070263671875 0.0745515625 0.7891806640625 0.0863091796875 0.7843044921875 0.082 0.79553095703125 0.0692994140625
3 0.8185509765625 0.1077416015625 0.80585029296875 0.12032890625 0.8019947265625 0.11590634765625 0.8046029296875 0.11125693359375 0.813448046875 0.1025251953125 0.81809736328125 0.107174609375 0.8185509765625 0.1077416015625
3 0.82963720703125 0.075246875 0.8300908203125 0.0754736328125 0.83678134765625 0.08284462890625 0.8282763671875 0.09214326171875 0.82045185546875 0.085452734375 0.82963720703125 0.075246875
3 0.3362453125 0.2356671875 0.34418330078125 0.2286365234375 0.35348193359375 0.2396361328125 0.34520390625 0.24621328125 0.3362453125 0.2356671875
3 0.25165322265625 0.1539349609375 0.2568396484375 0.15087021484375 0.2622619140625 0.16030009765625 0.257075390625 0.1636005859375 0.25165322265625 0.1539349609375
3 0.2759779296875 0.09743974609375 0.27462421875 0.09541689453125 0.27093212890625 0.08750419921875 0.27828212890625 0.08357626953125 0.2838640625 0.09106318359375 0.2759779296875 0.09743974609375
3 0.8888103515625 0.073839453125 0.8996966796875 0.08472578125 0.89232578125 0.09118955078125 0.88869697265625 0.08914833984375 0.8823466796875 0.08223095703125 0.8817796875 0.07973623046875 0.8888103515625 0.073839453125
3 0.8071873046875 0.0093763671875 0.8125525390625 0.00422470703125 0.81366162109375 0.0011615234375 0.82466396484375 0.00951279296875 0.8230015625 0.0135765625 0.81616708984375 0.0185638671875 0.8071873046875 0.0093763671875
3 0.83976689453125 0.01578193359375 0.844152734375 0.011117578125 0.8467349609375 0.00851015625 0.8493740234375 0.00701015625 0.864411328125 0.0198197265625 0.85912041015625 0.02726875 0.856823046875 0.02873076171875 0.8558162109375 0.03080888671875 0.85303154296875 0.0282330078125 0.85226572265625 0.0297646484375 0.8497595703125 0.02809384765625 0.8464875 0.02920771484375 0.84398134765625 0.0269103515625 0.84521025390625 0.02337099609375 0.840223046875 0.020230859375 0.83966884765625 0.01838369140625 0.83976689453125 0.01578193359375
3 0.901278125 0.05887998046875 0.89923701171875 0.0572923828125 0.90570068359375 0.05150908203125 0.90649453125 0.0530966796875 0.9085357421875 0.0519626953125 0.91828798828125 0.06012734375 0.91205107421875 0.06681787109375 0.9104634765625 0.0670447265625 0.90433994140625 0.06092119140625 0.901278125 0.05887998046875
3 0.92239814453125 0.06526044921875 0.92870654296875 0.07130234375 0.92764033203125 0.072101953125 0.93306025390625 0.075389453125 0.92852890625 0.08000966796875 0.92053232421875 0.074234375 0.91697822265625 0.07085810546875 0.92239814453125 0.06526044921875
3 0.90316923828125 0.103691796875 0.90824541015625 0.098493359375 0.91609677734375 0.1073205078125 0.91920029296875 0.1114029296875 0.9145091796875 0.116165625 0.90316923828125 0.103691796875
3 0.97683369140625 0.08653408203125 0.974079296875 0.098084765625 0.971147265625 0.0989732421875 0.971946875 0.10075029296875 0.9708806640625 0.10172763671875 0.9633283203125 0.09968408203125 0.96528310546875 0.0978181640625 0.9636837890625 0.09612998046875 0.96741552734375 0.08155849609375 0.97896611328125 0.084312890625 0.97683369140625 0.08653408203125
3 0.97372392578125 0.08058115234375 0.9731908203125 0.07951494140625 0.9770765625 0.06637568359375 0.98083203125 0.0677865234375 0.9828755859375 0.06938583984375 0.98349755859375 0.07258447265625 0.98145400390625 0.07382841796875 0.97887724609375 0.08164736328125 0.97372392578125 0.08058115234375
3 0.9782794921875 0.10897548828125 0.99032333984375 0.109532421875 0.98907021484375 0.1245697265625 0.9757037109375 0.120253515625 0.9782794921875 0.10897548828125
3 0.73631279296875 0.41730556640625 0.77426826171875 0.45007451171875 0.761537890625 0.47129189453125 0.745978515625 0.462569140625 0.7549369140625 0.4512533203125 0.738198828125 0.4371083984375 0.72593994140625 0.44724560546875 0.714859765625 0.439230078125 0.73631279296875 0.41730556640625
3 0.91575224609375 8.984375e-06 0.90703896484375 0.00833564453125 0.90079921875 0.00490966796875 0.90478427734375 9.1796875e-06 0.91575224609375 8.984375e-06
3 0.36069970703125 0.08700712890625 0.3601369140625 0.08616298828125 0.3679318359375 0.08115146484375 0.375190625 0.0915091796875 0.3680154296875 0.096292578125 0.36069970703125 0.08700712890625
3 0.8386158203125 0.6653970703125 0.850868359375 0.64726328125 0.86165068359375 0.63157998046875 0.877333984375 0.61540654296875 0.887626171875 0.62520859375 0.900858984375 0.63501064453125 0.862630859375 0.68941220703125 0.84547724609375 0.67176845703125 0.8386158203125 0.6653970703125
3 0.45519365234375 1.259765625e-05 0.4533546875 0.00286328125 0.451876953125 0.00415634765625 0.44947568359375 0.005633984375 0.44744384765625 0.00581875 0.44393427734375 0.00544931640625 0.44023994140625 0.003048046875 0.4374806640625 1.259765625e-05 0.45519365234375 1.259765625e-05
