2 0.4067537109375 0.43693466796875 0.39329111328125 0.40805927734375 0.406040625 0.399837890625 0.406040625 0.38469931640625 0.4153833984375 0.38008583984375 0.41753466796875 0.3743265625 0.45695361328125 0.35750595703125 0.45203544921875 0.34838251953125 0.46786865234375 0.3395333984375 0.4722017578125 0.3493455078125 0.48117275390625 0.3462921875 0.48782802734375 0.3612173828125 0.48905205078125 0.36733486328125 0.48567099609375 0.37230087890625 0.49095390625 0.3854025390625 0.4753080078125 0.39394150390625 0.4732107421875 0.39047265625 0.466063671875 0.39316962890625 0.47523349609375 0.40989111328125 0.46306728515625 0.41635244140625 0.453657421875 0.40058642578125 0.4386890625 0.40732890625 0.44438828125 0.42418837890625 0.41482705078125 0.43784130859375 0.4067537109375 0.43693466796875
2 0.4253220703125 0.4509056640625 0.4540638671875 0.43851396484375 0.46234296875 0.4611677734375 0.438435546875 0.47121162109375 0.4253220703125 0.4509056640625
2 0.53609658203125 0.50050126953125 0.5477998046875 0.4800205078125 0.581876953125 0.49206796875 0.58566337890625 0.49086328125 0.5927197265625 0.491207421875 0.5999482421875 0.49619853515625 0.6101025390625 0.50480390625 0.60631611328125 0.5206376953125 0.59874345703125 0.517883984375 0.589966015625 0.53010361328125 0.5524466796875 0.51616298828125 0.54177607421875 0.51065556640625 0.544701953125 0.5041154296875 0.53609658203125 0.50050126953125
2 0.5150134765625 0.57261669921875 0.5253373046875 0.56448935546875 0.5198458984375 0.55855869140625 0.52753388671875 0.54757578125 0.53851669921875 0.55438515625 0.5396150390625 0.56822353515625 0.5462046875 0.56954150390625 0.5725634765625 0.60776171875 0.56443623046875 0.6114958984375 0.56531484375 0.6202822265625 0.55279443359375 0.626871875 0.54400810546875 0.6158890625 0.54949951171875 0.613253125 0.54115263671875 0.611715625 0.5150134765625 0.57261669921875
2 0.68739326171875 0.54479619140625 0.71155546875 0.50899208984375 0.7295673828125 0.52129287109375 0.71199482421875 0.546773046875 0.72056142578125 0.55643798828125 0.7541689453125 0.54150126953125 0.76361416015625 0.56610283203125 0.71814521484375 0.5860916015625 0.7128734375 0.57203359375 0.69903505859375 0.57884296875 0.68805224609375 0.567201171875 0.699913671875 0.55402177734375 0.68739326171875 0.54479619140625
2 0.64020654296875 0.59654521484375 0.657998828125 0.580290625 0.66815546875 0.58837490234375 0.649026171875 0.6047822265625 0.64020654296875 0.59654521484375
2 0.5619248046875 0.6729748046875 0.55521259765625 0.6547314453125 0.55968740234375 0.6480193359375 0.58997822265625 0.6390697265625 0.609942578125 0.69741396484375 0.60219775390625 0.69999560546875 0.60942626953125 0.72236943359375 0.5911830078125 0.72667216796875 0.5830939453125 0.7072240234375 0.58464287109375 0.70206083984375 0.57775859375 0.678654296875 0.5729396484375 0.6802033203125 0.5694974609375 0.6703931640625 0.5619248046875 0.6729748046875
2 0.6822662109375 0.7109013671875 0.689835546875 0.68651142578125 0.72123408203125 0.6935201171875 0.7100203125 0.72968447265625 0.68535 0.725479296875 0.688153515625 0.7153869140625 0.6822662109375 0.7109013671875
2 0.6778673828125 0.61215 0.70141630859375 0.600655859375 0.72188134765625 0.648033984375 0.695809375 0.65616396484375 0.6778673828125 0.61215
2 0.88568662109375 0.7271138671875 0.8851703125 0.71558271484375 0.89429189453125 0.71472216796875 0.89566875 0.70198623046875 0.9111583984375 0.7033630859375 0.91236318359375 0.7216064453125 0.94609609375 0.7228111328125 0.9598646484375 0.715410546875 0.962618359375 0.71300107421875 0.9775916015625 0.71282900390625 0.97896845703125 0.71747587890625 0.98172216796875 0.7181642578125 0.982926953125 0.72745810546875 0.9985724609375 0.72729677734375 0.9985724609375 0.74291630859375 0.982926953125 0.7444966796875 0.97604267578125 0.745529296875 0.97277265625 0.74965986328125 0.963823046875 0.75103671875 0.94609609375 0.74983193359375 0.94489130859375 0.7436361328125 0.9369744140625 0.74466875 0.9395560546875 0.8129951171875 0.9183869140625 0.815748828125 0.91821474609375 0.81833046875 0.8824166015625 0.8185025390625 0.8815560546875 0.81024140625 0.89050556640625 0.8037013671875 0.91356787109375 0.80301298828125 0.9149447265625 0.76652626953125 0.9128794921875 0.7620515625 0.9130515625 0.75706044921875 0.91064208984375 0.7537904296875 0.90874892578125 0.7419150390625 0.896529296875 0.74053818359375 0.8946361328125 0.7393333984375 0.89325927734375 0.72780224609375 0.88568662109375 0.7271138671875
2 0.78981904296875 0.90938505859375 0.79051103515625 0.880170703125 0.805194921875 0.87819375 0.8102470703125 0.87423994140625 0.8249640625 0.87314169921875 0.83089482421875 0.87665615234375 0.84407421875 0.8744595703125 0.850224609375 0.862378515625 0.86757744140625 0.85842470703125 0.867490625 0.8771328125 0.86710517578125 0.8864869140625 0.85659462890625 0.89752353515625 0.85449423828125 0.925306640625 0.8414396484375 0.92623916015625 0.84302705078125 0.959219140625 0.8257802734375 0.958451171875 0.81541962890625 0.958244140625 0.8019630859375 0.9568423828125 0.79663662109375 0.91198740234375 0.78981904296875 0.90938505859375
2 0.700087890625 0.89820927734375 0.69789140625 0.8727291015625 0.7536841796875 0.868994921875 0.7543431640625 0.85339931640625 0.7734533203125 0.8523009765625 0.77674814453125 0.93664921875 0.7609328125 0.93752783203125 0.7556611328125 0.89755029296875 0.74533720703125 0.89952724609375 0.742481640625 0.90523828125 0.73545263671875 0.9069955078125 0.731498828125 0.899087890625 0.72271259765625 0.90018623046875 0.7222732421875 0.90677587890625 0.70667763671875 0.907215234375 0.70470068359375 0.89842890625 0.700087890625 0.89820927734375
2 0.6122095703125 0.94298681640625 0.62580595703125 0.930423046875 0.62288017578125 0.92543193359375 0.630969140625 0.92078505859375 0.63355078125 0.91372861328125 0.63699287109375 0.9121796875 0.64525400390625 0.91717080078125 0.65231044921875 0.913040234375 0.65626884765625 0.917687109375 0.6586783203125 0.917687109375 0.6621205078125 0.92439931640625 0.6621205078125 0.92663662109375 0.66280888671875 0.9276693359375 0.66556259765625 0.9268087890625 0.66952109375 0.926980859375 0.67206396484375 0.9352486328125 0.68358076171875 0.92816953125 0.70295078125 0.954138671875 0.68744306640625 0.96465703125 0.68175146484375 0.955240625 0.67899775390625 0.94956103515625 0.67383447265625 0.95214267578125 0.66832705078125 0.94680732421875 0.64853486328125 0.96143642578125 0.64578115234375 0.9598875 0.62478408203125 0.96763232421875 0.6122095703125 0.94298681640625
2 0.5195583984375 0.9990119140625 0.51545712890625 0.9915861328125 0.5386916015625 0.977817578125 0.53903583984375 0.97007275390625 0.5636470703125 0.9530341796875 0.581201953125 0.9402982421875 0.60460849609375 0.9742033203125 0.5894630859375 0.98642294921875 0.58447197265625 0.982464453125 0.5810298828125 0.9845296875 0.5848162109375 0.98848818359375 0.56768271484375 0.99901181640625 0.5195583984375 0.9990119140625
2 0.518287890625 0.94471669921875 0.50589619140625 0.917523828125 0.543243359375 0.90151787109375 0.5506439453125 0.91614697265625 0.5274095703125 0.928538671875 0.53136796875 0.93817666015625 0.518287890625 0.94471669921875
2 0.64399111328125 0.9990115234375 0.6381177734375 0.99077763671875 0.63886533203125 0.9882359375 0.6435001953125 0.98419921875 0.64499521484375 0.98569423828125 0.64903203125 0.9855447265625 0.650826171875 0.98943203125 0.64918154296875 0.99227275390625 0.654396875 0.99901142578125 0.64399111328125 0.9990115234375
