0 0.00064462890625 0.6891828125 0.0075173828125 0.6816359375 0.0241787109375 0.69671044921875 0.0241787109375 0.70305751953125 0.00064453125 0.7238697265625 0.00064462890625 0.6891828125
0 0.724654296875 0.12308203125 0.7909791015625 0.0780216796875 0.80059873046875 0.0952357421875 0.7352865234375 0.13877724609375 0.724654296875 0.12308203125
0 0.99964775390625 0.23361845703125 0.94337431640625 0.25978203125 0.92464130859375 0.220797265625 0.99964765625 0.186026171875 0.99964775390625 0.23361845703125
0 0.87970087890625 0.24904580078125 0.89747900390625 0.23394658203125 0.90868173828125 0.24734111328125 0.8911470703125 0.262196875 0.87970087890625 0.24904580078125
0 0.85656484375 0.31163486328125 0.861435546875 0.278757421875 0.86825458984375 0.27973154296875 0.87434296875 0.27437373046875 0.87604775390625 0.26365810546875 0.8991837890625 0.267067578125 0.899914453125 0.26268388671875 0.90868173828125 0.26292744140625 0.90916884765625 0.25830029296875 0.92743408203125 0.26097919921875 0.9296259765625 0.264388671875 0.93084365234375 0.26584990234375 0.926703515625 0.315775 0.90478515625 0.31285263671875 0.90575927734375 0.3031111328125 0.898940234375 0.30164990234375 0.899914453125 0.29336962890625 0.885545703125 0.29166484375 0.88164912109375 0.31528798828125 0.85656484375 0.31163486328125
0 0.6327501953125 0.36373974609375 0.60888359375 0.378351953125 0.60206455078125 0.3683669921875 0.62593115234375 0.3535111328125 0.6327501953125 0.36373974609375
0 0.65661689453125 0.36373974609375 0.6390822265625 0.3737248046875 0.6327501953125 0.36373974609375 0.632509765625 0.36388671875 0.625908203125 0.353525390625 0.62593115234375 0.3535111328125 0.62593115234375 0.35107578125 0.64103046875 0.34182138671875 0.65661689453125 0.36373974609375
0 0.64054345703125 0.33889892578125 0.65442509765625 0.330131640625 0.663923046875 0.34474384765625 0.65004140625 0.35302412109375 0.64054345703125 0.33889892578125
0 0.62850205078125 0.39791796875 0.6592734375 0.37647119140625 0.6682873046875 0.38983662109375 0.63782666015625 0.41066162109375 0.62850205078125 0.39791796875
0 0.66890888671875 0.35191630859375 0.6819634765625 0.34321328125 0.69936943359375 0.37118720703125 0.6860041015625 0.3795794921875 0.66890888671875 0.35191630859375
0 0.69997919921875 0.38197548828125 0.708052734375 0.37614462890625 0.7179205078125 0.389899609375 0.70969736328125 0.39573046875 0.69997919921875 0.38197548828125
0 0.63584296875 0.43593408203125 0.67675712890625 0.40500478515625 0.68844697265625 0.41888642578125 0.678218359375 0.42570546875 0.67529599609375 0.42205244140625 0.6628755859375 0.43106328125 0.66945107421875 0.44080478515625 0.65021162109375 0.4537123046875 0.63584296875 0.43593408203125
0 0.67759326171875 0.40308359375 0.6856076171875 0.396595703125 0.694766796875 0.40766318359375 0.68637080078125 0.4141509765625 0.67759326171875 0.40308359375
0 0.50507294921875 0.523330078125 0.5398849609375 0.49566689453125 0.55231787109375 0.51245126953125 0.517505859375 0.540114453125 0.50507294921875 0.523330078125
0 0.44412265625 0.57317060546875 0.478461328125 0.54540732421875 0.4896640625 0.56001953125 0.45508173828125 0.587295703125 0.44412265625 0.57317060546875
0 0.47697890625 0.5432759765625 0.49112529296875 0.5329869140625 0.5086599609375 0.55612294921875 0.49467861328125 0.566379296875 0.47697890625 0.5432759765625
0 0.72684267578125 0.29686474609375 0.72779677734375 0.28694228515625 0.736765234375 0.28770556640625 0.7358111328125 0.29762802734375 0.72684267578125 0.29686474609375
0 0.72703349609375 0.29820048828125 0.7356203125 0.29877294921875 0.736765234375 0.30106279296875 0.7356203125 0.31003125 0.72646103515625 0.30926796875 0.72703349609375 0.29820048828125
0 0.929951171875 0.999005859375 0.92651162109375 0.9933173828125 0.95852626953125 0.97560048828125 0.96536435546875 0.9880333984375 0.944275 0.99900556640625 0.929951171875 0.999005859375
0 0.02819287109375 0.9522888671875 0.03658505859375 0.946383203125 0.0505720703125 0.96254599609375 0.04186904296875 0.96938408203125 0.02819287109375 0.9522888671875
0 0.00064423828125 0.90853154296875 0.0133556640625 0.92792216796875 0.000644140625 0.93911865234375 0.00064423828125 0.90853154296875
0 0.00064443359375 0.815114453125 0.03855703125 0.78227587890625 0.04739521484375 0.7904341796875 0.0006443359375 0.8314482421875 0.00064443359375 0.815114453125
0 0.0006443359375 0.835700390625 0.049434765625 0.79700615234375 0.0580462890625 0.80561767578125 0.00818994140625 0.845502734375 0.0006443359375 0.8369423828125 0.0006443359375 0.835700390625
0 0.31236923828125 9.66796875e-06 0.33156103515625 0.023316796875 0.323208203125 0.02866259765625 0.2933751953125 9.47265625e-06 0.31236923828125 9.66796875e-06
0 0.33142119140625 9.86328125e-06 0.345259765625 0.0149638671875 0.3357375 0.0204767578125 0.3154951171875 9.66796875e-06 0.33142119140625 9.86328125e-06
0 0.00064423828125 0.87752666015625 0.0389984375 0.92504013671875 0.02336171875 0.9352380859375 0.00064423828125 0.90752421875 0.00064423828125 0.87752666015625
0 0.0006443359375 0.865277734375 0.01135087890625 0.8595470703125 0.05327548828125 0.91234951171875 0.0367322265625 0.920734375 0.00064423828125 0.877500390625 0.0006443359375 0.865277734375
0 0.1006169921875 0.99900654296875 0.11587880859375 0.9883232421875 0.12351005859375 0.99900703125 0.1006169921875 0.99900654296875
0 0.1269796875 0.99900703125 0.11963203125 0.99165947265625 0.132976953125 0.98039970703125 0.1492091796875 0.999007421875 0.1269796875 0.99900703125
0 0.16963056640625 0.9990078125 0.1446537109375 0.97080810546875 0.16425390625 0.95579521484375 0.199313671875 0.99900830078125 0.16963056640625 0.9990078125
0 0.20420576171875 0.9990083984375 0.16425390625 0.95579521484375 0.17676474609375 0.9428673828125 0.2247228515625 0.99457861328125 0.21347783203125 0.99900849609375 0.20420576171875 0.9990083984375
0 0.2397357421875 0.98206787109375 0.2247228515625 0.99457861328125 0.1830201171875 0.94245029296875 0.1988671875 0.93035654296875 0.2397357421875 0.98206787109375
0 0.1988671875 0.93035654296875 0.19601455078125 0.92488330078125 0.212553125 0.91469287109375 0.25966318359375 0.967983984375 0.2397357421875 0.98206787109375 0.1988671875 0.93035654296875
0 0.71946083984375 0.356079296875 0.71244140625 0.35558671875 0.70973212890625 0.3518921875 0.705914453125 0.34893662109375 0.70345146484375 0.3426560546875 0.734608203125 0.3231984375 0.7460611328125 0.3384689453125 0.71946083984375 0.356079296875
0 0.73313046875 0.32356787109375 0.70603759765625 0.34068564453125 0.7023431640625 0.33994677734375 0.6991412109375 0.33194208984375 0.7286970703125 0.3144548828125 0.73313046875 0.32356787109375
0 0.7286970703125 0.3144548828125 0.6991412109375 0.33194208984375 0.69704775390625 0.3314494140625 0.69310693359375 0.32553828125 0.7230322265625 0.30632705078125 0.72783505859375 0.3107603515625 0.7286970703125 0.3144548828125
0 0.69421533203125 0.324553125 0.68978193359375 0.32233642578125 0.6883041015625 0.31580947265625 0.717244140625 0.29647509765625 0.7221701171875 0.30090849609375 0.72180068359375 0.3055880859375 0.69421533203125 0.324553125
0 0.0697341796875 0.6382412109375 0.0732423828125 0.63406474609375 0.09880205078125 0.65862216796875 0.09445859375 0.6626314453125 0.0697341796875 0.6382412109375
0 0.0722400390625 0.63189296875 0.077919921875 0.62855185546875 0.1051501953125 0.65361044921875 0.098969140625 0.65661748046875 0.0722400390625 0.63189296875
0 0.078922265625 0.62754951171875 0.08443515625 0.62153544921875 0.110997265625 0.646426953125 0.1046490234375 0.651438671875 0.078922265625 0.62754951171875
0 0.04929140625 0.93865390625 0.0640474609375 0.92512744140625 0.1113900390625 0.979540625 0.08833359375 0.99275966796875 0.04929140625 0.93865390625
0 0.03976142578125 0.94541708984375 0.04929140625 0.93865390625 0.08833359375 0.99275966796875 0.07880361328125 0.9982931640625 0.03976142578125 0.94541708984375
