2 0.272521875 0.12626240234375 0.27844169921875 0.11169052734375 0.31563427734375 0.12370859375 0.31116044921875 0.13845888671875 0.272521875 0.12626240234375
1 0.22514912109375 0.13863251953125 0.246093359375 0.14983525390625 0.2373259765625 0.164691015625 0.2158947265625 0.15324482421875 0.22514912109375 0.13863251953125
1 0.21735595703125 0.13327470703125 0.22344443359375 0.1103822265625 0.2512076171875 0.118175390625 0.24463212890625 0.14106796875 0.21735595703125 0.13327470703125
2 0.22938359375 0.0822701171875 0.24014833984375 0.0803107421875 0.242391015625 0.09316875 0.2314767578125 0.09526181640625 0.22938359375 0.0822701171875
2 0.2433404296875 0.05389638671875 0.26875380859375 0.056242578125 0.26875380859375 0.06368447265625 0.242993359375 0.06177626953125 0.2433404296875 0.05389638671875
2 0.24127646484375 0.05463095703125 0.24109287109375 0.06021005859375 0.233107421875 0.05947578125 0.233291015625 0.05393642578125 0.24127646484375 0.05463095703125
3 0.18968447265625 0.11081416015625 0.19791748046875 0.11432939453125 0.1915388671875 0.12461064453125 0.18305830078125 0.12088056640625 0.18968447265625 0.11081416015625
2 0.17895634765625 0.04619580078125 0.19884130859375 0.04514921875 0.199887890625 0.06234296875 0.18015244140625 0.0632400390625 0.17895634765625 0.04619580078125
2 0.1319091796875 0.1202173828125 0.13867041015625 0.10550283203125 0.156292578125 0.11353291015625 0.1499955078125 0.12803505859375 0.1319091796875 0.1202173828125
2 0.1169296875 0.03233876953125 0.1125900390625 0.04218583984375 0.1039869140625 0.0382662109375 0.10252587890625 0.04115419921875 0.09524892578125 0.0383212890625 0.097626171875 0.03244794921875 0.1169296875 0.03233876953125
1 0.05059853515625 0.0760013671875 0.06794169921875 0.083925390625 0.0630791015625 0.09522568359375 0.04564462890625 0.08706513671875 0.05059853515625 0.0760013671875
2 0.032279296875 0.0904509765625 0.046966015625 0.0951537109375 0.035559375 0.12582900390625 0.02700771484375 0.12301748046875 0.0285306640625 0.118331640625 0.02279052734375 0.1165744140625 0.032279296875 0.0904509765625
2 0.073505078125 0.0658775390625 0.0511302734375 0.05310859375 0.0620248046875 0.03541962890625 0.07233359375 0.04104267578125 0.073622265625 0.039051171875 0.0859224609375 0.0461970703125 0.073505078125 0.0658775390625
2 0.11433046875 0.0395025390625 0.1256876953125 0.04420927734375 0.114623828125 0.067084375 0.10415810546875 0.0618515625 0.11433046875 0.0395025390625
1 0.15601240234375 0.1105951171875 0.16808759765625 0.08611171875 0.1918126953125 0.09330380859375 0.1774685546875 0.121452734375 0.15601240234375 0.1105951171875
1 0.109090234375 0.09146162109375 0.12443310546875 0.099011328125 0.112743359375 0.1233650390625 0.09740048828125 0.11630244140625 0.109090234375 0.09146162109375
2 0.07515361328125 0.13731142578125 0.05323525390625 0.12708291015625 0.064322265625 0.10772783203125 0.07050947265625 0.0978029296875 0.09147060546875 0.111009375 0.08662138671875 0.11985380859375 0.07515361328125 0.13731142578125
3 0.05745068359375 0.119703125 0.0461484375 0.1138958984375 0.05257744140625 0.101785546875 0.064322265625 0.10772783203125 0.05745068359375 0.119703125
1 0.29686953125 0.07731220703125 0.307364453125 0.0817009765625 0.3102267578125 0.07597646484375 0.3222482421875 0.081128515625 0.31976767578125 0.08723466796875 0.3287361328125 0.09105107421875 0.31957685546875 0.1110869140625 0.28828271484375 0.0977296875 0.29686953125 0.07731220703125
1 0.28939677734375 0.13194033203125 0.31931962890625 0.14139560546875 0.31184404296875 0.1581408203125 0.28283662109375 0.1457634765625 0.28939677734375 0.13194033203125
2 0.34738056640625 0.105151171875 0.357684765625 0.091984765625 0.36665322265625 0.09732763671875 0.3559673828125 0.11125732421875 0.34738056640625 0.105151171875
1 0.32422001953125 0.12902744140625 0.337376953125 0.13351279296875 0.33199453125 0.1460716796875 0.31931962890625 0.14139560546875 0.32422001953125 0.12902744140625
2 0.27166318359375 0.16947451171875 0.2971505859375 0.179731640625 0.28565009765625 0.20832724609375 0.25860859375 0.198691796875 0.27166318359375 0.16947451171875
2 0.37037666015625 0.1208498046875 0.38278017578125 0.10297763671875 0.39252158203125 0.109066015625 0.3808318359375 0.12757490234375 0.37037666015625 0.1208498046875
2 0.3657080078125 0.123360546875 0.37826689453125 0.1330787109375 0.37019326171875 0.1426474609375 0.357634375 0.1327796875 0.3657080078125 0.123360546875
1 0.39956923828125 0.1078359375 0.409448828125 0.11268662109375 0.41856513671875 0.1225662109375 0.400543359375 0.154956640625 0.3927501953125 0.15057294921875 0.38885361328125 0.15666142578125 0.37521552734375 0.14862470703125 0.39956923828125 0.1078359375
1 0.42176513671875 0.14469375 0.43921650390625 0.11790556640625 0.4590615234375 0.1310720703125 0.44036142578125 0.1577865234375 0.42176513671875 0.14469375
2 0.42176513671875 0.14469375 0.428437109375 0.1492822265625 0.42169775390625 0.15751669921875 0.41571728515625 0.153180859375 0.42176513671875 0.14469375
2 0.4548462890625 0.16752685546875 0.478787890625 0.17223974609375 0.47703076171875 0.183954296875 0.4826537109375 0.1846572265625 0.4814822265625 0.19121728515625 0.461571875 0.19088388671875 0.45026044921875 0.1890955078125 0.4548462890625 0.16752685546875
2 0.4432630859375 0.215501171875 0.46673623046875 0.21535166015625 0.46673623046875 0.235535546875 0.44341259765625 0.23538603515625 0.4432630859375 0.215501171875
1 0.34313525390625 0.1477328125 0.36445576171875 0.16003310546875 0.34313525390625 0.18732802734375 0.32638349609375 0.178425 0.3298978515625 0.17256767578125 0.32743779296875 0.17092763671875 0.34313525390625 0.1477328125
3 0.31488291015625 0.15910908203125 0.32448876953125 0.1596947265625 0.32413740234375 0.16976923828125 0.31417998046875 0.16941787109375 0.31488291015625 0.15910908203125
2 0.3259484375 0.20680078125 0.33602294921875 0.207972265625 0.3346171875 0.22624697265625 0.32442548828125 0.2250755859375 0.3259484375 0.20680078125
1 0.50368642578125 0.17692333984375 0.50434931640625 0.195098046875 0.49485888671875 0.195861328125 0.49390478515625 0.1771611328125 0.50368642578125 0.17692333984375
1 0.50434931640625 0.195098046875 0.50368642578125 0.17692333984375 0.50346826171875 0.173798828125 0.51940009765625 0.17297880859375 0.52057158203125 0.19629072265625 0.504466796875 0.19681513671875 0.50434931640625 0.195098046875
1 0.50372255859375 0.19978720703125 0.519771484375 0.20646455078125 0.50957978515625 0.2279021484375 0.49617998046875 0.22137685546875 0.50127578125 0.2122966796875 0.49678203125 0.210527734375 0.50372255859375 0.19978720703125
1 0.566242578125 0.09907509765625 0.58814443359375 0.10543349609375 0.57873681640625 0.12560166015625 0.55545703125 0.11701484375 0.566242578125 0.09907509765625
1 0.5908689453125 0.153578515625 0.5968494140625 0.14281376953125 0.6162857421875 0.15283095703125 0.61075390625 0.16404423828125 0.5908689453125 0.153578515625
1 0.66879638671875 0.15881708984375 0.6830708984375 0.17212353515625 0.66994912109375 0.1850921875 0.65673193359375 0.17196669921875 0.66879638671875 0.15881708984375
2 0.6720732421875 0.19027255859375 0.68263447265625 0.18023857421875 0.695871875 0.19406171875 0.6854458984375 0.20425341796875 0.6720732421875 0.19027255859375
2 0.704624609375 0.1992259765625 0.714945703125 0.2039673828125 0.70842890625 0.21747578125 0.698240625 0.21279462890625 0.704624609375 0.1992259765625
3 0.74190498046875 0.21150732421875 0.73278486328125 0.22496328125 0.72517578125 0.21921875 0.735078125 0.2060546875 0.74190498046875 0.21150732421875
2 0.735078125 0.2060546875 0.72517578125 0.21921875 0.715740625 0.21210537109375 0.72560830078125 0.19849990234375 0.735078125 0.2060546875
1 0.59482275390625 0.1917419921875 0.60537451171875 0.17929541015625 0.62439951171875 0.1970849609375 0.61390458984375 0.2087248046875 0.59482275390625 0.1917419921875
1 0.5560556640625 0.19789228515625 0.5642787109375 0.18787509765625 0.57788427734375 0.20028447265625 0.5696611328125 0.20940458984375 0.5560556640625 0.19789228515625
1 0.5692265625 0.15505341796875 0.57970439453125 0.15489560546875 0.57959169921875 0.16154482421875 0.57660517578125 0.16154482421875 0.5767021484375 0.16856796875 0.56907705078125 0.16811943359375 0.5692265625 0.15505341796875
1 0.5850546875 0.2116056640625 0.6059509765625 0.2288416015625 0.596889453125 0.23872900390625 0.58853662109375 0.2321845703125 0.585939453125 0.23502421875 0.5738306640625 0.2247400390625 0.5850546875 0.2116056640625
1 0.6087138671875 0.2809521484375 0.6015544921875 0.28691826171875 0.597314453125 0.2801953125 0.60288154296875 0.2749392578125 0.6087138671875 0.2809521484375
1 0.62936591796875 0.2569958984375 0.61725 0.26929521484375 0.61155927734375 0.26553203125 0.60288154296875 0.2749392578125 0.597314453125 0.2801953125 0.5854443359375 0.26141103515625 0.60471689453125 0.2390853515625 0.62936591796875 0.2569958984375
1 0.6398353515625 0.29678515625 0.6286220703125 0.28482431640625 0.639536328125 0.27405947265625 0.650749609375 0.286169921875 0.6398353515625 0.29678515625
1 0.64902626953125 0.31299990234375 0.660096484375 0.30025888671875 0.6700814453125 0.3070779296875 0.6593658203125 0.31949833984375 0.64902626953125 0.31299990234375
1 0.67133212890625 0.27560419921875 0.6741255859375 0.272338671875 0.67251787109375 0.26618505859375 0.679867578125 0.259239453125 0.68605517578125 0.26080263671875 0.68882490234375 0.25826103515625 0.7073642578125 0.2757537109375 0.69032001953125 0.29339599609375 0.67133212890625 0.27560419921875
1 0.39977314453125 0.03073662109375 0.4106013671875 0.03099443359375 0.408508203125 0.0329380859375 0.4153857421875 0.03861953125 0.40835869140625 0.045646484375 0.41254501953125 0.04938427734375 0.40805966796875 0.0537201171875 0.3905669921875 0.03861953125 0.397994140625 0.03074677734375 0.39977314453125 0.03073662109375
2 0.42524951171875 0.0310685546875 0.43508974609375 0.0309513671875 0.43989267578125 0.03516865234375 0.4267724609375 0.0478203125 0.41716650390625 0.0385658203125 0.42524951171875 0.0310685546875
1 0.45654658203125 0.03093359375 0.46530517578125 0.0304517578125 0.47263125 0.03837587890625 0.4575306640625 0.05108427734375 0.446018359375 0.0394224609375 0.45654658203125 0.03093359375
2 0.4177427734375 0.0698978515625 0.4351974609375 0.04834306640625 0.4483177734375 0.05876904296875 0.4306287109375 0.080206640625 0.4177427734375 0.0698978515625
2 0.4560701171875 0.06466103515625 0.4701552734375 0.0731642578125 0.454547265625 0.0960560546875 0.43955263671875 0.08656728515625 0.4560701171875 0.06466103515625
1 0.47609404296875 0.06879638671875 0.4872083984375 0.05303935546875 0.509296484375 0.0702033203125 0.4976193359375 0.08553828125 0.47609404296875 0.06879638671875
1 0.52928388671875 0.03717041015625 0.5471513671875 0.0513798828125 0.53786591796875 0.06291640625 0.51971708984375 0.04941025390625 0.52928388671875 0.03717041015625
4 0.54789658203125 0.04354521484375 0.557384375 0.02990185546875 0.56332919921875 0.0335140625 0.553959375 0.047513671875 0.54789658203125 0.04354521484375
4 0.54592646484375 0.030079296875 0.55499345703125 0.0303443359375 0.5492138671875 0.0385630859375 0.54295703125 0.03432119140625 0.54592646484375 0.030079296875
4 0.55925986328125 0.03959248046875 0.56332919921875 0.0335140625 0.56805830078125 0.03694755859375 0.56425205078125 0.04282080078125 0.55925986328125 0.03959248046875
3 0.59852216796875 0.0705125 0.61076201171875 0.0710751953125 0.6103400390625 0.0813455078125 0.5982408203125 0.08078271484375 0.59852216796875 0.0705125
1 0.62678740234375 0.062983984375 0.65506572265625 0.0618583984375 0.656981640625 0.0877302734375 0.6276314453125 0.089151953125 0.62678740234375 0.062983984375
4 0.66521572265625 0.03005478515625 0.67890107421875 0.0300328125 0.68105576171875 0.034627734375 0.669025390625 0.03839853515625 0.66521572265625 0.03005478515625
2 0.6896076171875 0.0294666015625 0.71355732421875 0.029298046875 0.714610546875 0.057744140625 0.69086455078125 0.05846240234375 0.6896076171875 0.0294666015625
2 0.66218408203125 0.06476279296875 0.689297265625 0.06314677734375 0.69001552734375 0.0832572265625 0.66290224609375 0.0837958984375 0.66218408203125 0.06476279296875
1 0.70205390625 0.113976953125 0.7317513671875 0.0874486328125 0.78746630859375 0.14355166015625 0.7574455078125 0.1717390625 0.70205390625 0.113976953125
2 0.7007892578125 0.1374685546875 0.70886220703125 0.12911416015625 0.7285705078125 0.14767666015625 0.7203365234375 0.15628056640625 0.7007892578125 0.1374685546875
2 0.7203365234375 0.15628056640625 0.7285705078125 0.14767666015625 0.752829296875 0.17080498046875 0.74663896484375 0.1784021484375 0.7203365234375 0.15628056640625
1 0.72492021484375 0.07071181640625 0.75609697265625 0.03976953125 0.82129443359375 0.10873984375 0.79306826171875 0.13768984375 0.72492021484375 0.07071181640625
1 0.83689130859375 0.02901318359375 0.8440736328125 0.02883359375 0.85813662109375 0.03515703125 0.82882373046875 0.09721669921875 0.81157373046875 0.08898544921875 0.83689130859375 0.02901318359375
1 0.8298150390625 0.0967189453125 0.8331365234375 0.09039423828125 0.84021123046875 0.09402177734375 0.83653662109375 0.10019501953125 0.8298150390625 0.0967189453125
1 0.8515673828125 0.05461201171875 0.87038759765625 0.06172294921875 0.8628447265625 0.07852900390625 0.84692470703125 0.0730421875 0.84481435546875 0.0709318359375 0.8515673828125 0.05461201171875
1 0.85328203125 0.05129482421875 0.856477734375 0.0462853515625 0.86295556640625 0.05034482421875 0.85941435546875 0.05526787109375 0.85328203125 0.05129482421875
2 0.868902734375 0.051533984375 0.874108203125 0.04365546875 0.88198671875 0.04773544921875 0.87635927734375 0.05561396484375 0.868902734375 0.051533984375
4 0.8592876953125 0.03515009765625 0.86531181640625 0.02916748046875 0.8717513671875 0.03510849609375 0.86551953125 0.04134033203125 0.8592876953125 0.03515009765625
2 0.89860849609375 0.0806740234375 0.9176884765625 0.071834765625 0.9314611328125 0.10003916015625 0.91282734375 0.109465234375 0.89860849609375 0.0806740234375
1 0.8677328125 0.102999609375 0.90023271484375 0.0843255859375 0.914776953125 0.113234375 0.882815625 0.12993330078125 0.8677328125 0.102999609375
1 0.84822919921875 0.119214453125 0.8652765625 0.1061841796875 0.87678896484375 0.1248419921875 0.8583587890625 0.1360970703125 0.84822919921875 0.119214453125
1 0.84517880859375 0.12656533203125 0.8566705078125 0.1508056640625 0.84248544921875 0.1583470703125 0.83027548828125 0.13338857421875 0.84517880859375 0.12656533203125
3 0.82346181640625 0.140337890625 0.8286427734375 0.13658994140625 0.83613857421875 0.14882578125 0.8309576171875 0.1521328125 0.82346181640625 0.140337890625
4 2.978515625e-05 0.217465625 0.0089501953125 0.21971201171875 0.0053275390625 0.2351931640625 2.978515625e-05 0.23496318359375 2.978515625e-05 0.217465625
1 0.0349603515625 0.20110732421875 0.05592763671875 0.2097794921875 0.05054091796875 0.2259396484375 0.029353125 0.2162435546875 0.0349603515625 0.20110732421875
3 0.15003388671875 0.199023828125 0.16170517578125 0.2047697265625 0.156498046875 0.213208984375 0.14518583984375 0.20656533203125 0.15003388671875 0.199023828125
1 0.1139427734375 0.2139271484375 0.12274111328125 0.20297412109375 0.1383626953125 0.2176978515625 0.13010302734375 0.227753125 0.1139427734375 0.2139271484375
2 0.07744033203125 0.1689126953125 0.09966943359375 0.1785376953125 0.0859716796875 0.21328251953125 0.0813361328125 0.211766796875 0.07370546875 0.2309123046875 0.0558986328125 0.22322509765625 0.07744033203125 0.1689126953125
1 0.0467169921875 0.2601826171875 0.07119677734375 0.264121875 0.06978984375 0.278894140625 0.0448880859375 0.2757990234375 0.0467169921875 0.2601826171875
2 2.978515625e-05 0.3003857421875 0.006500390625 0.29213212890625 0.0197150390625 0.30301484375 0.01255830078125 0.31110966796875 2.978515625e-05 0.30044912109375 2.978515625e-05 0.3003857421875
1 0.01732099609375 0.309344921875 0.02647626953125 0.31677275390625 0.01758017578125 0.32791455078125 0.0083384765625 0.32074580078125 0.01732099609375 0.309344921875
2 0.04560263671875 0.298234765625 0.0584998046875 0.3008787109375 0.0530984375 0.325131640625 0.04031142578125 0.3203916015625 0.04560263671875 0.298234765625
2 0.0584998046875 0.3008787109375 0.0713970703125 0.302754296875 0.06731845703125 0.3203916015625 0.05464169921875 0.3179990234375 0.0584998046875 0.3008787109375
1 0.0396599609375 0.3404267578125 0.0614666015625 0.34872734375 0.05640185546875 0.36420302734375 0.03459521484375 0.35548037109375 0.0396599609375 0.3404267578125
3 0.0373451171875 0.3916150390625 0.0429189453125 0.38313486328125 0.05740986328125 0.39298310546875 0.052063671875 0.40100234375 0.0373451171875 0.3916150390625
3 0.03957001953125 0.4021833984375 0.045616015625 0.404947265625 0.04354306640625 0.40952490234375 0.03749716796875 0.4068474609375 0.03957001953125 0.4021833984375
3 0.06379013671875 0.424821484375 0.0712859375 0.42327822265625 0.07426220703125 0.43066376953125 0.06687666015625 0.43264794921875 0.06379013671875 0.424821484375
2 0.06242890625 0.37711337890625 0.06853388671875 0.37064931640625 0.0794869140625 0.3830388671875 0.07320244140625 0.38878466796875 0.06242890625 0.37711337890625
2 0.078590625 0.395942578125 0.08872021484375 0.39439501953125 0.09167470703125 0.40536875 0.08182646484375 0.40733837890625 0.078590625 0.395942578125
2 0.0755189453125 0.413748046875 0.08409677734375 0.4126013671875 0.08607197265625 0.42218720703125 0.0776736328125 0.42308505859375 0.0755189453125 0.413748046875
2 0.0810953125 0.36354677734375 0.09319453125 0.35876337890625 0.10247998046875 0.3746611328125 0.090662109375 0.37972587890625 0.0810953125 0.36354677734375
2 0.09240439453125 0.38187822265625 0.10223916015625 0.38060888671875 0.1052916015625 0.39515302734375 0.09541591796875 0.3969486328125 0.09240439453125 0.38187822265625
3 0.10375146484375 0.39906435546875 0.118664453125 0.3963912109375 0.12246298828125 0.4068021484375 0.10755009765625 0.4103193359375 0.10375146484375 0.39906435546875
2 0.09165224609375 0.41425859375 0.1017818359375 0.41313310546875 0.1043142578125 0.42255927734375 0.09404404296875 0.42396611328125 0.09165224609375 0.41425859375
1 0.121397265625 0.36803037109375 0.133084765625 0.36436376953125 0.139959765625 0.382238671875 0.12873056640625 0.38659287109375 0.121397265625 0.36803037109375
2 0.129626171875 0.403049609375 0.143631640625 0.39496953125 0.14919794921875 0.4017927734375 0.1357310546875 0.41059111328125 0.129626171875 0.403049609375
1 0.078946484375 0.30457734375 0.08215478515625 0.29518154296875 0.106446484375 0.30182734375 0.10277978515625 0.31259814453125 0.078946484375 0.30457734375
1 0.1466001953125 0.29218671875 0.16199931640625 0.299058203125 0.15681611328125 0.30882001953125 0.14175263671875 0.30201259765625 0.1466001953125 0.29218671875
3 0.163070703125 0.3001005859375 0.174066796875 0.30481416015625 0.17034609375 0.31255693359375 0.1594330078125 0.3079271484375 0.163070703125 0.3001005859375
3 0.21127509765625 0.31424033203125 0.234514453125 0.3217634765625 0.23113798828125 0.33273720703125 0.20933125 0.326546875 0.21073818359375 0.32331103515625 0.20764296875 0.322044921875 0.21127509765625 0.31424033203125
2 0.199915625 0.38691572265625 0.209482421875 0.3871970703125 0.2097638671875 0.39648251953125 0.2001970703125 0.3966232421875 0.199915625 0.38691572265625
3 0.24153828125 0.37386201171875 0.24913544921875 0.37526884765625 0.247587890625 0.38469501953125 0.23999072265625 0.38300673828125 0.24153828125 0.37386201171875
3 0.28161533203125 0.38802568359375 0.29275712890625 0.39363974609375 0.2889568359375 0.40020390625 0.278246875 0.39450341796875 0.28161533203125 0.38802568359375
2 0.23375205078125 0.39191552734375 0.24575751953125 0.39243369140625 0.2450666015625 0.40798037109375 0.23617041015625 0.40754853515625 0.2363431640625 0.40037978515625 0.23323388671875 0.400120703125 0.23375205078125 0.39191552734375
1 0.275596875 0.422388671875 0.2910388671875 0.42993017578125 0.2863703125 0.43980576171875 0.27056923828125 0.4324439453125 0.275596875 0.422388671875
1 0.31035390625 0.4222890625 0.31939306640625 0.42879287109375 0.31465302734375 0.43474541015625 0.305834375 0.42824169921875 0.31035390625 0.4222890625
3 0.374951171875 0.43955078125 0.384326171875 0.445771484375 0.3806939453125 0.45166767578125 0.3627259765625 0.44053408203125 0.36658408203125 0.43436103515625 0.374951171875 0.43955078125
3 0.38867841796875 0.43895791015625 0.384326171875 0.445771484375 0.374951171875 0.43955078125 0.37948134765625 0.43314853515625 0.38867841796875 0.43895791015625
1 0.333530078125 0.41102724609375 0.34605126953125 0.41665478515625 0.3418306640625 0.42368916015625 0.330012890625 0.41763955078125 0.333530078125 0.41102724609375
3 0.2445203125 0.43381142578125 0.2625251953125 0.4326962890625 0.2637703125 0.4597072265625 0.24612451171875 0.46085302734375 0.2445203125 0.43381142578125
3 0.221945703125 0.4400466796875 0.241986328125 0.44023134765625 0.24212705078125 0.4655552734375 0.2276361328125 0.46541455078125 0.2276361328125 0.452893359375 0.22214931640625 0.453033984375 0.221945703125 0.4400466796875
3 0.1761638671875 0.44553125 0.18307353515625 0.44553125 0.18290078125 0.4546865234375 0.17590478515625 0.4546865234375 0.1761638671875 0.44553125
3 0.1848873046875 0.4450994140625 0.19240146484375 0.44553125 0.19231513671875 0.45252724609375 0.18480087890625 0.4523544921875 0.1848873046875 0.4450994140625
3 0.17445810546875 0.42652236328125 0.1816232421875 0.42244375 0.18636318359375 0.43082138671875 0.17875712890625 0.43501025390625 0.17445810546875 0.42652236328125
2 0.4065501953125 0.350760546875 0.41352900390625 0.33825048828125 0.44133505859375 0.3536390625 0.42836962890625 0.38159873046875 0.381083984375 0.3577337890625 0.3885052734375 0.3418546875 0.4065501953125 0.350760546875
2 0.4784541015625 0.27441748046875 0.4930123046875 0.2785236328125 0.509063671875 0.28076328125 0.507197265625 0.2979345703125 0.50122470703125 0.3076400390625 0.49823837890625 0.32779755859375 0.48666640625 0.326677734375 0.47770751953125 0.32294482421875 0.4795740234375 0.30428046875 0.47584111328125 0.29905439453125 0.4784541015625 0.27441748046875
2 0.39823974609375 0.2871365234375 0.40991103515625 0.29162548828125 0.4000353515625 0.31676357421875 0.387825390625 0.31191552734375 0.39823974609375 0.2871365234375
1 0.385346875 0.27087001953125 0.399447265625 0.27558359375 0.39296943359375 0.2957943359375 0.38430712890625 0.29309912109375 0.38533154296875 0.2898908203125 0.379846875 0.288057421875 0.385346875 0.27087001953125
1 0.30558857421875 0.26256728515625 0.3106853515625 0.25307705078125 0.3080888671875 0.25136650390625 0.31345732421875 0.2419947265625 0.32964619140625 0.25004599609375 0.31543671875 0.27804296875 0.298835546875 0.26960166015625 0.3027748046875 0.2611603515625 0.30558857421875 0.26256728515625
1 0.33180302734375 0.26896015625 0.34921982421875 0.2771173828125 0.344259375 0.28836123046875 0.32728349609375 0.28009375 0.33180302734375 0.26896015625
2 0.26824248046875 0.245223046875 0.29688828125 0.2482021484375 0.29413828125 0.27455634765625 0.26549248046875 0.27134794921875 0.26824248046875 0.245223046875
1 0.3024365234375 0.34568544921875 0.31123486328125 0.32000869140625 0.3338591796875 0.32737060546875 0.325419921875 0.35304736328125 0.3024365234375 0.34568544921875
1 0.1292619140625 0.3262654296875 0.14248662109375 0.334425390625 0.13559287109375 0.3439921875 0.12264951171875 0.33555087890625 0.1292619140625 0.3262654296875
3 0.44879384765625 0.4348994140625 0.45831044921875 0.4295126953125 0.4633380859375 0.437951953125 0.45346240234375 0.443338671875 0.44879384765625 0.4348994140625
3 0.46145712890625 0.3948490234375 0.46708466796875 0.38471943359375 0.47355625 0.38739248046875 0.46806943359375 0.397944140625 0.46145712890625 0.3948490234375
3 0.57541357421875 0.59491435546875 0.58180703125 0.59458369140625 0.58279912109375 0.6042841796875 0.5764056640625 0.60461484375 0.57541357421875 0.59491435546875
3 0.64632783203125 0.60507001953125 0.6545875 0.60255615234375 0.66015380859375 0.62087109375 0.65171455078125 0.62302578125 0.64632783203125 0.60507001953125
3 0.66941953125 0.63267919921875 0.67406220703125 0.62902138671875 0.681659375 0.63689990234375 0.67742900390625 0.64058984375 0.66941953125 0.63267919921875
3 0.6326021484375 0.593532421875 0.64032314453125 0.5928142578125 0.64140048828125 0.60969267578125 0.6336794921875 0.6100517578125 0.6326021484375 0.593532421875
3 0.81639072265625 0.63238974609375 0.8228853515625 0.63420126953125 0.8210205078125 0.64098798828125 0.814516796875 0.63933447265625 0.81639072265625 0.63238974609375
3 0.80952041015625 0.5886330078125 0.81993134765625 0.58835166015625 0.82035341796875 0.60368671875 0.8096611328125 0.60410869140625 0.80952041015625 0.5886330078125
3 0.738380078125 0.5729935546875 0.7501978515625 0.57243076171875 0.75047919921875 0.5852333984375 0.73866142578125 0.58537412109375 0.738380078125 0.5729935546875
3 0.70851767578125 0.54668955078125 0.7160134765625 0.5423904296875 0.72262744140625 0.55550810546875 0.715131640625 0.55958681640625 0.70851767578125 0.54668955078125
3 0.700580859375 0.53213876953125 0.7081869140625 0.5278396484375 0.71502138671875 0.5396345703125 0.7075255859375 0.5438234375 0.700580859375 0.53213876953125
2 0.712630078125 0.5263330078125 0.7234263671875 0.52080537109375 0.7297314453125 0.53134248046875 0.719021484375 0.536956640625 0.712630078125 0.5263330078125
3 0.7513314453125 0.540748046875 0.757589453125 0.5380279296875 0.76297177734375 0.5461423828125 0.75649404296875 0.54916533203125 0.7513314453125 0.540748046875
2 0.6494353515625 0.34528427734375 0.66354775390625 0.34615478515625 0.66195908203125 0.36972705078125 0.65237197265625 0.3691224609375 0.6526310546875 0.36618583984375 0.64727607421875 0.36566767578125 0.6494353515625 0.34528427734375
3 0.6858873046875 0.36572041015625 0.6974609375 0.3682251953125 0.69357431640625 0.3867083984375 0.6819142578125 0.3842037109375 0.6858873046875 0.36572041015625
2 0.6354701171875 0.47452646484375 0.63921806640625 0.46559755859375 0.6516744140625 0.4713296875 0.64803671875 0.4800380859375 0.6354701171875 0.47452646484375
2 0.614976953125 0.48410185546875 0.61872490234375 0.47572421875 0.636803125 0.48498369140625 0.6331654296875 0.49281025390625 0.614976953125 0.48410185546875
2 0.61872490234375 0.47572421875 0.6237650390625 0.46943046875 0.63283388671875 0.47461259765625 0.62886083984375 0.48091767578125 0.61872490234375 0.47572421875
1 0.63022587890625 0.49940419921875 0.64411455078125 0.508441015625 0.6353912109375 0.52036005859375 0.62102978515625 0.51126162109375 0.63022587890625 0.49940419921875
2 0.6255302734375 0.517972265625 0.6401912109375 0.5300978515625 0.64099345703125 0.530695703125 0.627324609375 0.54745107421875 0.61202158203125 0.5345783203125 0.6255302734375 0.517972265625
3 0.66902353515625 0.507266015625 0.67630107421875 0.50389345703125 0.6864064453125 0.5233267578125 0.6801013671875 0.52721337890625 0.66902353515625 0.507266015625
3 0.68419423828125 0.5081431640625 0.6884576171875 0.5050978515625 0.6936685546875 0.51220361328125 0.689405078125 0.51524892578125 0.68419423828125 0.5081431640625
3 0.70597197265625 0.5012197265625 0.71399111328125 0.49587353515625 0.72594970703125 0.51275615234375 0.71778974609375 0.51824296875 0.70597197265625 0.5012197265625
3 0.7370349609375 0.517240625 0.74397958984375 0.5138234375 0.750262890625 0.52418525390625 0.74342841796875 0.52804345703125 0.7370349609375 0.517240625
3 0.7205357421875 0.4852017578125 0.72757021484375 0.48069970703125 0.73376044921875 0.489141015625 0.72672607421875 0.49378369140625 0.7205357421875 0.4852017578125
2 0.67630693359375 0.4848162109375 0.66918115234375 0.48383134765625 0.66439775390625 0.4814396484375 0.66869814453125 0.46512841796875 0.68071357421875 0.4683251953125 0.67630693359375 0.4848162109375
3 0.7324869140625 0.47039130859375 0.74002841796875 0.4684162109375 0.74343994140625 0.48152392578125 0.7357189453125 0.4834990234375 0.7324869140625 0.47039130859375
1 0.78187958984375 0.48426064453125 0.7934541015625 0.47907978515625 0.7997373046875 0.4947328125 0.78827314453125 0.4994728515625 0.78187958984375 0.48426064453125
2 0.720398046875 0.602183203125 0.72644765625 0.6013390625 0.72433740234375 0.5943046875 0.73348212890625 0.5902888671875 0.73798408203125 0.6069666015625 0.72954287109375 0.61006181640625 0.72799521484375 0.60654453125 0.72744189453125 0.6109125 0.72211845703125 0.610765234375 0.720398046875 0.602183203125
3 0.769883984375 0.5260640625 0.76960634765625 0.515206640625 0.77876162109375 0.5147748046875 0.77940048828125 0.53432373046875 0.76754970703125 0.53468291015625 0.7673701171875 0.52624365234375 0.769883984375 0.5260640625
3 0.77931787109375 0.53126640625 0.77922021484375 0.52625341796875 0.78254052734375 0.52626552734375 0.78267080078125 0.53129892578125 0.77931787109375 0.53126640625
1 0.75043984375 0.481183203125 0.75921455078125 0.47838271484375 0.7636677734375 0.49055302734375 0.754959375 0.4933087890625 0.75043984375 0.481183203125
1 0.78462412109375 0.46080498046875 0.803952734375 0.453044921875 0.80811904296875 0.4640408203125 0.7887041015625 0.47121591796875 0.78462412109375 0.46080498046875
2 0.734313671875 0.45115078125 0.7407990234375 0.44317080078125 0.75297724609375 0.44671201171875 0.74476298828125 0.460632421875 0.73397578125 0.45638544921875 0.73708515625 0.45189423828125 0.734313671875 0.45115078125
2 0.6763580078125 0.4471875 0.67360224609375 0.43827958984375 0.69278271484375 0.43210654296875 0.69608134765625 0.4405205078125 0.6763580078125 0.4471875
3 0.6850390625 0.44677705078125 0.69092470703125 0.44380771484375 0.697552734375 0.451125 0.69182607421875 0.45425341796875 0.6850390625 0.44677705078125
3 0.76611982421875 0.448973046875 0.7699201171875 0.44577734375 0.77458408203125 0.4509595703125 0.76810634765625 0.4564009765625 0.7692685546875 0.45895869140625 0.77527509765625 0.465642578125 0.77000654296875 0.4701337890625 0.76180126953125 0.46097861328125 0.761455859375 0.4568328125 0.76231953125 0.4533779296875 0.7595693359375 0.45030966796875 0.76387421875 0.4465880859375 0.76611982421875 0.448973046875
1 0.63469599609375 0.4077107421875 0.65410263671875 0.40897158203125 0.6536966796875 0.41573896484375 0.65085439453125 0.41560361328125 0.6502453125 0.42304765625 0.65532080078125 0.42365673828125 0.65469072265625 0.43134521484375 0.63639208984375 0.4300224609375 0.637053515625 0.421975390625 0.63330556640625 0.4216447265625 0.63469599609375 0.4077107421875
3 0.60281484375 0.482887109375 0.6158056640625 0.48882578125 0.611616796875 0.49736259765625 0.59878505859375 0.49126484375 0.60281484375 0.482887109375
2 0.70113896484375 0.3546205078125 0.70896552734375 0.35428984375 0.7094064453125 0.36542333984375 0.70169013671875 0.36553359375 0.70113896484375 0.3546205078125
3 0.70025712890625 0.34084140625 0.70510732421875 0.34082392578125 0.70510732421875 0.34646328125 0.70036728515625 0.34635302734375 0.70025712890625 0.34084140625
3 0.70442392578125 0.3718294921875 0.71225048828125 0.37160908203125 0.71247099609375 0.3774513671875 0.70464443359375 0.377671875 0.70442392578125 0.3718294921875
1 0.83344697265625 0.2285654296875 0.84628173828125 0.2285654296875 0.84698515625 0.24783974609375 0.83420478515625 0.2484025390625 0.83344697265625 0.2285654296875
4 0.99903017578125 0.11471923828125 0.9958400390625 0.11574580078125 0.993527734375 0.11099990234375 0.99903017578125 0.10798935546875 0.99903017578125 0.11471923828125
4 0.977816796875 0.1133642578125 0.989794921875 0.1087625 0.9929755859375 0.11742470703125 0.98099736328125 0.1218234375 0.977816796875 0.1133642578125
1 0.9990302734375 0.2607474609375 0.98701865234375 0.2579611328125 0.989683984375 0.2484615234375 0.9940615234375 0.2397310546875 0.9990302734375 0.24128857421875 0.9990302734375 0.2607474609375
2 0.9484033203125 0.2855248046875 0.95598271484375 0.27963720703125 0.96288544921875 0.2874873046875 0.95577978515625 0.29296884765625 0.9484033203125 0.2855248046875
2 0.9382001953125 0.27379345703125 0.94801083984375 0.2795255859375 0.9377591796875 0.29661171875 0.92849970703125 0.28999775390625 0.9382001953125 0.27379345703125
3 0.9618052734375 0.24921484375 0.9743265625 0.255405078125 0.9696837890625 0.2652533203125 0.95688125 0.25962578125 0.9618052734375 0.24921484375
3 0.8013126953125 0.42837099609375 0.80933193359375 0.43259169921875 0.805111328125 0.44032958984375 0.79723271484375 0.436390234375 0.8013126953125 0.42837099609375
3 0.823479296875 0.426812890625 0.83004345703125 0.4311314453125 0.82486123046875 0.43700458984375 0.8182107421875 0.43251337890625 0.823479296875 0.426812890625
3 0.83971826171875 0.43122099609375 0.84567080078125 0.43574052734375 0.8418126953125 0.44059072265625 0.8359703125 0.43607119140625 0.83971826171875 0.43122099609375
1 0.96308427734375 0.1662712890625 0.96481171875 0.177067578125 0.9565201171875 0.17819033203125 0.95470634765625 0.166012109375 0.96057958984375 0.1651484375 0.95919765625 0.1560794921875 0.977680859375 0.1536611328125 0.97914921875 0.1639392578125 0.96308427734375 0.1662712890625
4 0.99903017578125 0.16289990234375 0.99115361328125 0.16427783203125 0.98946533203125 0.15555517578125 0.99903017578125 0.1538509765625 0.99903017578125 0.16289990234375
1 0.968082421875 0.217871875 0.9758908203125 0.21136474609375 0.9806490234375 0.21698994140625 0.98704248046875 0.21225 0.9947587890625 0.22316298828125 0.98990859375 0.22735185546875 0.98075927734375 0.23385556640625 0.968082421875 0.217871875
3 0.8224810546875 0.3353884765625 0.83063828125 0.32734150390625 0.83868525390625 0.33516806640625 0.8307484375 0.34332529296875 0.8224810546875 0.3353884765625
3 0.76989921875 0.3392046875 0.78002880859375 0.341737109375 0.77679296875 0.35425830078125 0.7668041015625 0.352148046875 0.76989921875 0.3392046875
3 0.76885517578125 0.29784609375 0.7803134765625 0.3028876953125 0.77504267578125 0.31617939453125 0.76381357421875 0.31159599609375 0.76885517578125 0.29784609375
3 0.8236046875 0.29164892578125 0.831982421875 0.29506611328125 0.82768330078125 0.30333359375 0.819636328125 0.29980615234375 0.8236046875 0.29164892578125
1 0.7697083984375 0.21581689453125 0.7761724609375 0.1989384765625 0.79287138671875 0.2080958984375 0.78820283203125 0.221383203125 0.7697083984375 0.21581689453125
3 0.78783017578125 0.1710361328125 0.79387978515625 0.1666748046875 0.80569755859375 0.18763740234375 0.7993666015625 0.19129521484375 0.78783017578125 0.1710361328125
1 0.90497646484375 0.2783943359375 0.90982451171875 0.2649275390625 0.9207775390625 0.2692369140625 0.91544443359375 0.28277216796875 0.90497646484375 0.2783943359375
2 0.91322080078125 0.29305546875 0.9207349609375 0.27621328125 0.92971748046875 0.279408984375 0.921944140625 0.29642392578125 0.91322080078125 0.29305546875
3 0.89671728515625 0.29963759765625 0.9057564453125 0.295558984375 0.9114884765625 0.3070232421875 0.90233916015625 0.31077109375 0.89671728515625 0.29963759765625
3 0.8968595703125 0.317752734375 0.90733173828125 0.317752734375 0.90733173828125 0.3272328125 0.89696982421875 0.32712255859375 0.8968595703125 0.317752734375
2 0.8617439453125 0.297305078125 0.8671853515625 0.29359111328125 0.8753041015625 0.2890134765625 0.87806796875 0.29272744140625 0.8753041015625 0.29428212890625 0.88022724609375 0.300587109375 0.86977646484375 0.30792861328125 0.8617439453125 0.297305078125
3 0.8329193359375 0.32488076171875 0.8384470703125 0.320389453125 0.8441474609375 0.32531259765625 0.83879248046875 0.33014931640625 0.8329193359375 0.32488076171875
3 0.8605806640625 0.30630205078125 0.867635546875 0.3143490234375 0.85473828125 0.32548251953125 0.8476833984375 0.31776630859375 0.8605806640625 0.30630205078125
3 0.76012373046875 0.2770330078125 0.77103671875 0.27637158203125 0.77136748046875 0.28618232421875 0.76045439453125 0.2865130859375 0.76012373046875 0.2770330078125
3 0.8119623046875 0.2280029296875 0.82603115234375 0.22772158203125 0.82574970703125 0.23911728515625 0.81182158203125 0.23939873046875 0.8119623046875 0.2280029296875
1 0.9990302734375 0.30158779296875 0.9796044921875 0.30329794921875 0.97978408203125 0.281571484375 0.9990302734375 0.2795201171875 0.9990302734375 0.30158779296875
3 0.84694658203125 0.4170994140625 0.85168662109375 0.41136728515625 0.8577494140625 0.41588681640625 0.853560546875 0.42183935546875 0.84694658203125 0.4170994140625
3 0.81550400390625 0.397508984375 0.819566015625 0.39203916015625 0.8270423828125 0.3970234375 0.82317158203125 0.4026439453125 0.81550400390625 0.397508984375
3 0.853426171875 0.4437083984375 0.86243017578125 0.4438490234375 0.8617267578125 0.45088349609375 0.85286337890625 0.45046142578125 0.853426171875 0.4437083984375
4 0.9585064453125 0.02808193359375 0.9691810546875 0.02806142578125 0.97035966796875 0.029753515625 0.9634044921875 0.03485283203125 0.9585064453125 0.02808193359375
4 0.94780947265625 0.02825458984375 0.95480546875 0.02825458984375 0.961283203125 0.03654619140625 0.95350986328125 0.0419875 0.94470009765625 0.03058662109375 0.94780947265625 0.02825458984375
2 0.95800927734375 0.05257177734375 0.96630986328125 0.04610009765625 0.9751732421875 0.05805859375 0.96701328125 0.06424892578125 0.95800927734375 0.05257177734375
2 0.76291044921875 0.243668359375 0.78218037109375 0.2438888671875 0.78218037109375 0.26538798828125 0.76730224609375 0.26593916015625 0.7671005859375 0.25859296875 0.76291044921875 0.2588626953125 0.76291044921875 0.243668359375
3 0.84302158203125 0.3781703125 0.8512267578125 0.3792931640625 0.8503630859375 0.38767109375 0.84207158203125 0.38689375 0.84302158203125 0.3781703125
3 0.85198759765625 0.29369248046875 0.84019267578125 0.2829998046875 0.849121484375 0.273740234375 0.86036533203125 0.2846533203125 0.85198759765625 0.29369248046875
1 0.90817890625 0.1909671875 0.91710771484375 0.17762900390625 0.9339734375 0.18865224609375 0.9247138671875 0.20210068359375 0.90817890625 0.1909671875
2 0.797965234375 0.1628455078125 0.80821689453125 0.15601103515625 0.8199015625 0.1736482421875 0.809208984375 0.18070322265625 0.797965234375 0.1628455078125
4 2.978515625e-05 0.3234763671875 0.0137607421875 0.33330322265625 0.006895703125 0.34151025390625 2.978515625e-05 0.336146875 2.978515625e-05 0.3234763671875
3 0.05065302734375 0.5138556640625 0.0700453125 0.51367607421875 0.0700453125 0.52229482421875 0.05065302734375 0.52229482421875 0.05065302734375 0.5138556640625
3 0.23644599609375 0.437136328125 0.22520224609375 0.431514453125 0.228178515625 0.42600283203125 0.239422265625 0.431514453125 0.23644599609375 0.437136328125
1 0.86752109375 0.18840556640625 0.8773318359375 0.17253203125 0.88956767578125 0.18002783203125 0.8796466796875 0.1959013671875 0.86752109375 0.18840556640625
1 0.87409765625 0.16952958984375 0.88467998046875 0.15354580078125 0.8934986328125 0.15916767578125 0.8829162109375 0.17493095703125 0.87409765625 0.16952958984375
1 0.8829162109375 0.17493095703125 0.8934986328125 0.15916767578125 0.90196650390625 0.1644380859375 0.89160205078125 0.1804166015625 0.8829162109375 0.17493095703125
1 0.91734873046875 0.14299140625 0.933246484375 0.134409375 0.943657421875 0.1529802734375 0.92818173828125 0.16156220703125 0.91734873046875 0.14299140625
2 0.93201220703125 0.13154912109375 0.9450197265625 0.12460439453125 0.95560205078125 0.1415802734375 0.94292529296875 0.149186328125 0.93201220703125 0.13154912109375
3 0.97661064453125 0.06720107421875 0.98615263671875 0.05928330078125 0.99021298828125 0.0638173828125 0.98601728515625 0.0674041015625 0.9893822265625 0.0715392578125 0.9840546875 0.0759986328125 0.97661064453125 0.06720107421875
1 0.9990302734375 0.1922748046875 0.98252685546875 0.19559677734375 0.980838671875 0.18560791015625 0.99903017578125 0.18186806640625 0.9990302734375 0.1922748046875
1 0.900798828125 0.1593107421875 0.911209765625 0.14904052734375 0.92007314453125 0.157059765625 0.909380859375 0.167470703125 0.900798828125 0.1593107421875
1 0.86264443359375 0.202269140625 0.86689453125 0.1926703125 0.8812447265625 0.20011875 0.87718701171875 0.2092091796875 0.86264443359375 0.202269140625
1 0.9025599609375 0.2140537109375 0.8946814453125 0.20828544921875 0.9042482421875 0.1957642578125 0.9121267578125 0.201532421875 0.9025599609375 0.2140537109375
1 0.89092685546875 0.18288447265625 0.90272177734375 0.1909314453125 0.89721015625 0.19897841796875 0.88596630859375 0.19137236328125 0.89092685546875 0.18288447265625
1 0.90827890625 0.17052392578125 0.914098828125 0.164636328125 0.9200541015625 0.16998251953125 0.9142341796875 0.1755994140625 0.90827890625 0.17052392578125
2 0.91562265625 0.20717978515625 0.9243453125 0.213088671875 0.91069853515625 0.232222265625 0.9029607421875 0.2256099609375 0.91562265625 0.20717978515625
2 0.95156240234375 0.07787978515625 0.94389970703125 0.066321875 0.96022373046875 0.05569833984375 0.981637890625 0.08551474609375 0.96763828125 0.09510498046875 0.9549796875 0.0757853515625 0.95156240234375 0.07787978515625
1 0.9083509765625 0.26273115234375 0.90419130859375 0.27469697265625 0.892158203125 0.27142578125 0.89552734375 0.2581640625 0.9083509765625 0.26273115234375
1 0.89552734375 0.2581640625 0.892158203125 0.27142578125 0.88294736328125 0.2689287109375 0.88702734375 0.25514130859375 0.89552734375 0.2581640625
2 0.92161162109375 0.23845048828125 0.933821484375 0.21295322265625 0.94692919921875 0.22067421875 0.9388142578125 0.2378052734375 0.934798828125 0.2463509765625 0.92161162109375 0.23845048828125
2 0.94311865234375 0.22863955078125 0.95762890625 0.2352900390625 0.94856005859375 0.258869140625 0.933028125 0.253567578125 0.94311865234375 0.22863955078125
3 0.96827900390625 0.19652255859375 0.97619677734375 0.19611650390625 0.97653515625 0.204101953125 0.96868505859375 0.2045080078125 0.96827900390625 0.19652255859375
4 0.9831767578125 0.1440677734375 0.99146826171875 0.14242666015625 0.99328203125 0.1497681640625 0.9849041015625 0.151668359375 0.9831767578125 0.1440677734375
3 0.8964267578125 0.13014306640625 0.90447373046875 0.1251826171875 0.9076705078125 0.12992255859375 0.8998439453125 0.134993359375 0.8964267578125 0.13014306640625
3 0.82429677734375 0.2784953125 0.824067578125 0.2661203125 0.8407966796875 0.26589111328125 0.840567578125 0.27803701171875 0.82429677734375 0.2784953125
3 0.85614482421875 0.19026787109375 0.86319970703125 0.1901576171875 0.86342021484375 0.1990865234375 0.8564755859375 0.19919677734375 0.85614482421875 0.19026787109375
3 0.853643359375 0.24815078125 0.8648984375 0.24815078125 0.8651798828125 0.25856171875 0.85336201171875 0.25870244140625 0.853643359375 0.24815078125
1 0.8479140625 0.22175234375 0.859309765625 0.22147099609375 0.860857421875 0.24201142578125 0.8493208984375 0.24257421875 0.8479140625 0.22175234375
1 0.892158203125 0.27142578125 0.89862373046875 0.2731587890625 0.89496591796875 0.28921328125 0.888353515625 0.28766572265625 0.892158203125 0.27142578125
1 0.71920556640625 0.3033986328125 0.74464306640625 0.30637783203125 0.7402888671875 0.3363986328125 0.73226806640625 0.3357111328125 0.730434765625 0.342127734375 0.71416396484375 0.3398361328125 0.71920556640625 0.3033986328125
3 0.79075888671875 0.32312109375 0.7939556640625 0.318050390625 0.80244365234375 0.32279033203125 0.79935712890625 0.3279712890625 0.79075888671875 0.32312109375
1 0.76541484375 0.48639814453125 0.77232451171875 0.48311611328125 0.7753474609375 0.489334765625 0.7682650390625 0.49270322265625 0.76541484375 0.48639814453125
3 0.7697712890625 0.52039501953125 0.769883984375 0.5260640625 0.7673701171875 0.52624365234375 0.76742880859375 0.52750166015625 0.7580283203125 0.5291296875 0.75664638671875 0.52256552734375 0.7697712890625 0.52039501953125
3 0.73050341796875 0.52975869140625 0.735684375 0.526892578125 0.73888115234375 0.5316326171875 0.73358994140625 0.53449873046875 0.73050341796875 0.52975869140625
3 0.81260595703125 0.58263779296875 0.820465625 0.57581455078125 0.82504326171875 0.5809103515625 0.81718359375 0.5879927734375 0.81260595703125 0.58263779296875
2 0.51881640625 0.311408203125 0.52443828125 0.29862119140625 0.54483134765625 0.3077705078125 0.5393197265625 0.32055751953125 0.51881640625 0.311408203125
2 0.35275419921875 0.39111337890625 0.35819912109375 0.3928728515625 0.3553587890625 0.40352626953125 0.33661298828125 0.3982421875 0.33768095703125 0.3930134765625 0.333156640625 0.39174736328125 0.33590361328125 0.3825259765625 0.34427099609375 0.384712890625 0.34595927734375 0.37852265625 0.35482265625 0.38175849609375 0.35275419921875 0.39111337890625
3 0.280383984375 0.283066796875 0.2896435546875 0.28130302734375 0.29096640625 0.288688671875 0.2818169921875 0.29045244140625 0.280383984375 0.283066796875
1 0.04120771484375 0.3213595703125 0.05190009765625 0.325961328125 0.047366015625 0.33306708984375 0.03741806640625 0.32751787109375 0.04120771484375 0.3213595703125
1 0.0484181640625 0.3364921875 0.05318857421875 0.3305212890625 0.07015361328125 0.34032314453125 0.06534384765625 0.3471869140625 0.0484181640625 0.3364921875
4 2.978515625e-05 0.31783330078125 0.00337216796875 0.31487822265625 0.007690625 0.31945576171875 0.00337216796875 0.32334248046875 2.978515625e-05 0.3202162109375 2.978515625e-05 0.31783330078125
2 0.12149599609375 0.05440263671875 0.13352802734375 0.06010166015625 0.12382060546875 0.0734669921875 0.11465537109375 0.068340625 0.12149599609375 0.05440263671875
1 0.0514884765625 0.06596953125 0.05514638671875 0.0586537109375 0.07878203125 0.070330859375 0.07512412109375 0.077224609375 0.0514884765625 0.06596953125
1 0.4817615234375 0.09567919921875 0.4913283203125 0.08667509765625 0.5008951171875 0.09497578125 0.4914689453125 0.1041205078125 0.4817615234375 0.09567919921875
1 0.52791669921875 0.03001015625 0.52664833984375 0.0318421875 0.51802958984375 0.04566806640625 0.50151025390625 0.03597197265625 0.50614658203125 0.03013359375 0.52791669921875 0.03001015625
4 0.59212685546875 0.03013212890625 0.6031548828125 0.0298828125 0.60566494140625 0.03777119140625 0.59525400390625 0.04086630859375 0.59212685546875 0.03013212890625
4 0.62784541015625 0.03007373046875 0.6447056640625 0.03000693359375 0.6488958984375 0.0355431640625 0.63795263671875 0.04295029296875 0.62784541015625 0.03007373046875
1 0.65725244140625 0.12593818359375 0.67265029296875 0.13836650390625 0.66228583984375 0.15253125 0.64630732421875 0.1406984375 0.65725244140625 0.12593818359375
3 0.6456671875 0.12613173828125 0.64945693359375 0.12931240234375 0.6466146484375 0.132425390625 0.642892578125 0.12958310546875 0.6456671875 0.12613173828125
1 0.64494951171875 0.18702490234375 0.64980947265625 0.18282841796875 0.6555416015625 0.18767861328125 0.6508015625 0.19219814453125 0.64494951171875 0.18702490234375
3 0.86856494140625 0.34702373046875 0.869446875 0.33754365234375 0.87495849609375 0.33787431640625 0.87418681640625 0.347244140625 0.86856494140625 0.34702373046875
1 0.96422255859375 0.17349462890625 0.96308427734375 0.1662712890625 0.9776525390625 0.16409990234375 0.97868896484375 0.17142177734375 0.96422255859375 0.17349462890625
3 0.893929296875 0.0410169921875 0.89977158203125 0.03572587890625 0.9031888671875 0.039583984375 0.89712607421875 0.0448751953125 0.893929296875 0.0410169921875
1 0.85197216796875 0.1633791015625 0.86122548828125 0.15844521484375 0.86381220703125 0.1633791015625 0.85455517578125 0.1686234375 0.85197216796875 0.1633791015625
3 0.13943984375 0.28744541015625 0.146194140625 0.291916015625 0.1353099609375 0.3046830078125 0.1288927734375 0.29927548828125 0.13943984375 0.28744541015625
1 0.01321435546875 0.39308134765625 0.02973359375 0.39900673828125 0.0257833984375 0.40924150390625 0.008725390625 0.40331611328125 0.01321435546875 0.39308134765625
1 0.00746845703125 0.41570556640625 0.0263220703125 0.41624423828125 0.0265015625 0.426119921875 0.0072888671875 0.42576083984375 0.00746845703125 0.41570556640625
3 0.29231748046875 0.4869087890625 0.30201357421875 0.49032041015625 0.29932021484375 0.49696396484375 0.28980361328125 0.49427060546875 0.29231748046875 0.4869087890625
1 0.28844658203125 0.44489599609375 0.29198779296875 0.43902275390625 0.2997611328125 0.443427734375 0.29604716796875 0.44921455078125 0.28844658203125 0.44489599609375
1 0.383573828125 0.2705443359375 0.38174658203125 0.27514609375 0.37646806640625 0.27270986328125 0.3784306640625 0.26851416015625 0.383573828125 0.2705443359375
1 0.8109896484375 0.447951171875 0.82041572265625 0.4438712890625 0.82548046875 0.45371943359375 0.815773046875 0.458221484375 0.8109896484375 0.447951171875
3 0.87251396484375 0.42003330078125 0.87780517578125 0.419923046875 0.87780517578125 0.4263166015625 0.87262421875 0.42620634765625 0.87251396484375 0.42003330078125
3 0.771057421875 0.56627900390625 0.7785138671875 0.5655755859375 0.77907666015625 0.5724693359375 0.77119814453125 0.5733134765625 0.771057421875 0.56627900390625
3 0.7614056640625 0.600421875 0.77235869140625 0.59431689453125 0.77720673828125 0.603115234375 0.766612890625 0.60957939453125 0.7614056640625 0.600421875
3 0.76080693359375 0.3516826171875 0.7701439453125 0.3565306640625 0.7642185546875 0.3678427734375 0.75344501953125 0.362815234375 0.76080693359375 0.3516826171875
3 0.61789990234375 0.42909892578125 0.62482138671875 0.42856650390625 0.62588623046875 0.43522177734375 0.61843232421875 0.4381501953125 0.61789990234375 0.42909892578125
3 0.711490625 0.69456103515625 0.7171560546875 0.699093359375 0.7117171875 0.70634521484375 0.70582509765625 0.701812890625 0.711490625 0.69456103515625
3 0.7362322265625 0.41238837890625 0.743257421875 0.4112552734375 0.74439052734375 0.4171474609375 0.74665673828125 0.416694140625 0.746430078125 0.422812890625 0.74484375 0.4234927734375 0.74507041015625 0.4266654296875 0.73668544921875 0.42530576171875 0.7362322265625 0.41238837890625
3 0.76637265625 0.37114365234375 0.77317119140625 0.37114365234375 0.7749841796875 0.37476953125 0.7720380859375 0.37658251953125 0.77249130859375 0.38111484375 0.76750576171875 0.38292783203125 0.76319990234375 0.37884873046875 0.76637265625 0.37114365234375
3 0.26638056640625 0.45223466796875 0.27389814453125 0.45273583984375 0.2757357421875 0.46042041015625 0.267048828125 0.46242509765625 0.264041796875 0.45641103515625 0.26638056640625 0.45223466796875
3 0.200058984375 0.44171005859375 0.2052376953125 0.4465546875 0.20791064453125 0.45073115234375 0.20707529296875 0.456578125 0.1982212890625 0.45357109375 0.1967177734375 0.447055859375 0.200058984375 0.44171005859375
3 0.14518642578125 0.39295126953125 0.1525369140625 0.38777255859375 0.1580498046875 0.39629248046875 0.15019814453125 0.40030185546875 0.14518642578125 0.39295126953125
3 0.1096033203125 0.41600517578125 0.1121091796875 0.412162890625 0.117287890625 0.412162890625 0.1186244140625 0.42268740234375 0.11127392578125 0.42402392578125 0.1096033203125 0.41600517578125
3 0.1104125 0.1299296875 0.12468955078125 0.13899443359375 0.11539814453125 0.15599091796875 0.102480859375 0.1485125 0.1104125 0.1299296875
