1 0.76015400390625 0.0192861328125 0.7604755859375 0.00594248046875 0.77349775390625 0.00642470703125 0.7730154296875 0.01944697265625 0.76015400390625 0.0192861328125
1 0.77486845703125 0.11566376953125 0.78708681640625 0.11582451171875 0.787890625 0.12948974609375 0.7743861328125 0.1299720703125 0.77486845703125 0.11566376953125
2 0.75443896484375 0.16690244140625 0.755259765625 0.15787421875 0.76121005859375 0.15192392578125 0.77495751953125 0.15766904296875 0.768801953125 0.1724423828125 0.75443896484375 0.16690244140625
2 0.5926703125 0.1030646484375 0.61466767578125 0.11406337890625 0.603930859375 0.1339658203125 0.58167158203125 0.122443359375 0.5926703125 0.1030646484375
2 0.5145587890625 0.20550576171875 0.5219455078125 0.193605078125 0.52851142578125 0.1970931640625 0.54123291015625 0.18006279296875 0.5578529296875 0.19052724609375 0.5445158203125 0.20919912109375 0.54431064453125 0.21145615234375 0.54923515625 0.216175390625 0.54390029296875 0.2239724609375 0.540412109375 0.223562109375 0.53343583984375 0.21925322265625 0.52974248046875 0.22007392578125 0.52522841796875 0.22458798828125 0.5182521484375 0.219048046875 0.52071435546875 0.2153546875 0.5213298828125 0.21145615234375 0.5145587890625 0.20550576171875
0 0.9500806640625 0.98484384765625 0.95801650390625 0.9830802734375 0.95990595703125 0.9926537109375 0.9519701171875 0.99441728515625 0.9500806640625 0.98484384765625
0 0.9361095703125 0.93472919921875 0.94400537109375 0.93344609375 0.94667021484375 0.94943515625 0.93887314453125 0.95111298828125 0.93768876953125 0.94548720703125 0.93354345703125 0.946178125 0.9325564453125 0.93996015625 0.9367017578125 0.93917060546875 0.9361095703125 0.93472919921875
0 0.94400537109375 0.93344609375 0.95022333984375 0.9327552734375 0.952493359375 0.9474611328125 0.94667021484375 0.94943515625 0.94400537109375 0.93344609375
0 0.86782001953125 0.782294140625 0.87726748046875 0.77435830078125 0.8857072265625 0.783931640625 0.8761337890625 0.791867578125 0.86782001953125 0.782294140625
2 0.85372392578125 0.761610546875 0.85481591796875 0.760710546875 0.86030654296875 0.75607060546875 0.862409375 0.75460302734375 0.8690220703125 0.762498828125 0.86083017578125 0.769901171875 0.85372392578125 0.761610546875
2 0.86030654296875 0.75607060546875 0.85481591796875 0.760710546875 0.84971201171875 0.755683984375 0.8558212890625 0.750502734375 0.86030654296875 0.75607060546875
0 0.8263515625 0.72807724609375 0.835234375 0.721168359375 0.8439197265625 0.7301498046875 0.83444482421875 0.7381443359375 0.8263515625 0.72807724609375
1 0.79136025390625 0.6865138671875 0.8011671875 0.67847548828125 0.81226015625 0.6913369140625 0.80229248046875 0.69937529296875 0.79136025390625 0.6865138671875
1 0.83480732421875 0.66676279296875 0.8409166015625 0.6616587890625 0.84671650390625 0.6681546875 0.8407619140625 0.67333603515625 0.83480732421875 0.66676279296875
3 0.785419921875 0.67603583984375 0.790833203125 0.6711638671875 0.79524111328125 0.6752625 0.7896732421875 0.68021171875 0.785419921875 0.67603583984375
0 0.66167197265625 0.6628615234375 0.6694818359375 0.6628615234375 0.66910400390625 0.66903388671875 0.66154599609375 0.66878193359375 0.66167197265625 0.6628615234375
0 0.66802255859375 0.63690625 0.685689453125 0.63552451171875 0.68618291015625 0.64796044921875 0.6684173828125 0.64835517578125 0.66802255859375 0.63690625
4 0.33746474609375 0.46453955078125 0.342629296875 0.45257275390625 0.3504392578125 0.4563517578125 0.3448966796875 0.4680666015625 0.33746474609375 0.46453955078125
1 0.3355751953125 0.4675626953125 0.34588623046875 0.4726013671875 0.33948017578125 0.4838123046875 0.3296548828125 0.47889970703125 0.3355751953125 0.4675626953125
1 0.33067294921875 0.50475771484375 0.33734912109375 0.4995931640625 0.3431435546875 0.506647265625 0.33697119140625 0.51193779296875 0.33067294921875 0.50475771484375
2 0.32349287109375 0.50475771484375 0.33054697265625 0.51433115234375 0.32172939453125 0.5203775390625 0.315053125 0.51030029296875 0.32349287109375 0.50475771484375
2 0.306739453125 0.49896328125 0.31240791015625 0.4881302734375 0.32374482421875 0.49316884765625 0.31883212890625 0.504001953125 0.306739453125 0.49896328125
2 0.306739453125 0.49896328125 0.30018916015625 0.49581416015625 0.30522783203125 0.48460322265625 0.31240791015625 0.4881302734375 0.306739453125 0.49896328125
4 0.31460341796875 0.4721353515625 0.3204265625 0.46305517578125 0.32891455078125 0.46789140625 0.32378232421875 0.4771689453125 0.31460341796875 0.4721353515625
3 0.29459921875 0.48280556640625 0.3000158203125 0.48343544921875 0.2997638671875 0.49187509765625 0.29359150390625 0.4913712890625 0.29459921875 0.48280556640625
3 0.27078798828125 0.47136220703125 0.27091396484375 0.46178876953125 0.28275478515625 0.46178876953125 0.28275478515625 0.47085830078125 0.27078798828125 0.47136220703125
4 0.3162029296875 0.43779169921875 0.316363671875 0.4294318359375 0.3332443359375 0.431039453125 0.33260126953125 0.43972099609375 0.3162029296875 0.43779169921875
1 0.26812724609375 0.5754837890625 0.2811494140625 0.5774130859375 0.280988671875 0.5777345703125 0.278737890625 0.592364453125 0.2686095703125 0.592364453125 0.26459033203125 0.59043525390625 0.26812724609375 0.5754837890625
2 0.25976728515625 0.59429365234375 0.26909189453125 0.5959013671875 0.26684111328125 0.61326435546875 0.2575166015625 0.61213896484375 0.25976728515625 0.59429365234375
4 0.25205048828125 0.58308212890625 0.2495830078125 0.5954193359375 0.24267421875 0.59502451171875 0.24375986328125 0.59078056640625 0.2392197265625 0.588510546875 0.24139111328125 0.5812068359375 0.25205048828125 0.58308212890625
3 0.32825546875 0.5714125 0.34475703125 0.57430966796875 0.342615625 0.58627646484375 0.32523232421875 0.58325322265625 0.32825546875 0.5714125
0 0.3264919921875 0.59282666015625 0.333294140625 0.58741015625 0.33694716796875 0.5923228515625 0.331152734375 0.59761337890625 0.3264919921875 0.59282666015625
0 0.296008203125 0.58640244140625 0.3028103515625 0.58363115234375 0.305077734375 0.59018134765625 0.298149609375 0.59257470703125 0.296008203125 0.58640244140625
4 0.51494677734375 0.42545791015625 0.52212822265625 0.41027421875 0.5401845703125 0.41909716796875 0.533823828125 0.4338705078125 0.51494677734375 0.42545791015625
3 0.1450365234375 0.2777447265625 0.15275341796875 0.26488330078125 0.16384638671875 0.2713140625 0.1572548828125 0.28417548828125 0.1450365234375 0.2777447265625
0 0.17831552734375 0.2877123046875 0.1839423828125 0.2799955078125 0.1898908203125 0.28465771484375 0.1836208984375 0.29189228515625 0.17831552734375 0.2877123046875
4 0.11911943359375 0.080915234375 0.13266171875 0.0782478515625 0.13491875 0.09076416015625 0.121581640625 0.09343154296875 0.11911943359375 0.080915234375
0 0.2175375 0.59229423828125 0.2227021484375 0.57906787109375 0.234291015625 0.58372861328125 0.22925234375 0.59745888671875 0.2175375 0.59229423828125
1 0.14103818359375 0.60996201171875 0.15309580078125 0.60578203125 0.15663271484375 0.61574970703125 0.143610546875 0.61976884765625 0.14103818359375 0.60996201171875
1 0.77410283203125 0.972790234375 0.78538798828125 0.96294130859375 0.7952369140625 0.9740212890625 0.7851828125 0.98387021484375 0.77410283203125 0.972790234375
2 0.6460671875 0.9725849609375 0.64893984375 0.969096875 0.65673681640625 0.96704501953125 0.65940419921875 0.97709912109375 0.64893984375 0.97935615234375 0.6460671875 0.9725849609375
3 0.81824716796875 0.87040205078125 0.8283755859375 0.865257421875 0.833037890625 0.87426044921875 0.82323095703125 0.8782796875 0.81824716796875 0.87040205078125
0 0.80345654296875 0.8747427734375 0.80329580078125 0.8676689453125 0.81229873046875 0.86847275390625 0.81229873046875 0.87683271484375 0.80345654296875 0.8747427734375
0 0.79493583984375 0.860434375 0.79879423828125 0.8544859375 0.80586806640625 0.85834443359375 0.8050642578125 0.863006640625 0.80329580078125 0.86413203125 0.79493583984375 0.860434375
4 0.60979521484375 0.67692890625 0.6128498046875 0.6668005859375 0.62683662109375 0.67098056640625 0.62458583984375 0.67982275390625 0.60979521484375 0.67692890625
3 0.74318681640625 0.8461234375 0.74851650390625 0.84592607421875 0.7487138671875 0.8508609375 0.74328544921875 0.85095966796875 0.74318681640625 0.8461234375
4 0.07097099609375 0.5956046875 0.08307685546875 0.5855505859375 0.09087392578125 0.5951943359375 0.0783576171875 0.60545361328125 0.07097099609375 0.5956046875
4 0.95422685546875 0.540091015625 0.9550306640625 0.5498978515625 0.9402400390625 0.5498978515625 0.9405615234375 0.54057333984375 0.95422685546875 0.540091015625
1 0.78064765625 0.105398828125 0.78581201171875 0.09507021484375 0.80351806640625 0.09949677734375 0.7990916015625 0.11203857421875 0.78064765625 0.105398828125
