0 0.04985244140625 0.9990064453125 0.05074326171875 0.9977337890625 0.08088369140625 0.98957548828125 0.08354921875 0.99900712890625 0.04985244140625 0.9990064453125
0 0.02672373046875 0.9909404296875 0.0221953125 0.9924376953125 0.0196091796875 0.991748046875 0.01916572265625 0.98509794921875 0.02580703125 0.982899609375 0.02672373046875 0.9909404296875
0 0.04539921875 0.97609423828125 0.04607392578125 0.978260546875 0.04800732421875 0.980380859375 0.04800732421875 0.98699443359375 0.03692392578125 0.98995 0.03326572265625 0.97400947265625 0.0362181640625 0.97093515625 0.04283505859375 0.97073876953125 0.044566015625 0.97087001953125 0.04539921875 0.97609423828125
0 0.05399560546875 0.972502734375 0.0553515625 0.97830078125 0.04800732421875 0.980380859375 0.04607392578125 0.978260546875 0.04539921875 0.97609423828125 0.044566015625 0.97087001953125 0.04751474609375 0.96766005859375 0.05351884765625 0.96759130859375 0.05399560546875 0.972502734375
0 0.0689453125 0.965986328125 0.068709765625 0.96941103515625 0.06991630859375 0.969531640625 0.07005439453125 0.97270771484375 0.0691966796875 0.9733203125 0.069404296875 0.976025390625 0.06881953125 0.976773046875 0.0642630859375 0.9778814453125 0.06463251953125 0.97948232421875 0.0590908203125 0.98083701171875 0.05859814453125 0.97960546875 0.0572435546875 0.9798517578125 0.05662783203125 0.97800458984375 0.0553515625 0.97830078125 0.05399560546875 0.972502734375 0.05351884765625 0.96759130859375 0.06820380859375 0.9633498046875 0.0689453125 0.965986328125
0 0.0791640625 0.9628572265625 0.07965673828125 0.963103515625 0.081996484375 0.972462890625 0.07448447265625 0.97431005859375 0.0704205078125 0.97455634765625 0.069681640625 0.97566474609375 0.069404296875 0.976025390625 0.0691966796875 0.9733203125 0.07005439453125 0.97270771484375 0.06991630859375 0.969531640625 0.068709765625 0.96941103515625 0.0689453125 0.965986328125 0.071651953125 0.9638423828125 0.0742380859375 0.96298037109375 0.07645478515625 0.96248779296875 0.0791640625 0.9628572265625
0 0.11385498046875 0.97286982421875 0.11485732421875 0.96718984375 0.12922421875 0.964683984375 0.13122890625 0.97337099609375 0.12788779296875 0.97554267578125 0.1170291015625 0.97721328125 0.11385498046875 0.97286982421875
0 0.1262171875 0.988740234375 0.13523828125 0.9762109375 0.13991591796875 0.979719140625 0.14058408203125 0.98138974609375 0.146765234375 0.98539912109375 0.1382453125 0.9974271484375 0.1262171875 0.988740234375
0 0.1449328125 0.95852861328125 0.16215595703125 0.95354296875 0.16827470703125 0.9752984375 0.16464873046875 0.98119052734375 0.15218466796875 0.98436328125 0.1449328125 0.95852861328125
0 0.19821806640625 0.96421748046875 0.21952041015625 0.96013837890625 0.21974697265625 0.96240458984375 0.220880078125 0.96240458984375 0.22450595703125 0.9821205078125 0.2029771484375 0.9871060546875 0.19821806640625 0.96421748046875
0 0.2463599609375 0.94773876953125 0.2497416015625 0.94497197265625 0.31921826171875 0.92468232421875 0.32167763671875 0.92744912109375 0.32567412109375 0.94589423828125 0.25404541015625 0.96587646484375 0.2475896484375 0.95726875 0.2463599609375 0.94773876953125
0 0.3167298828125 0.9990107421875 0.3156435546875 0.99548525390625 0.32259990234375 0.99354423828125 0.32150029296875 0.984256640625 0.3376634765625 0.9794029296875 0.34249033203125 0.9990109375 0.3167298828125 0.9990107421875
0 0.37267138671875 0.99048193359375 0.3674591796875 0.983003515625 0.3674591796875 0.9730322265625 0.4048513671875 0.9621544921875 0.40802412109375 0.975071875 0.41165 0.9743919921875 0.4139162109375 0.98323017578125 0.41663564453125 0.98255029296875 0.41278759765625 0.999011328125 0.39588330078125 0.99901123046875 0.39125419921875 0.986176171875 0.37267138671875 0.99048193359375
0 0.360660546875 0.96170126953125 0.3475166015625 0.9653271484375 0.34457060546875 0.9637408203125 0.34253095703125 0.9560357421875 0.346083984375 0.9542578125 0.358046875 0.95158203125 0.360660546875 0.96170126953125
0 0.35694482421875 0.95038193359375 0.34516044921875 0.95324951171875 0.3427359375 0.950515625 0.3423234375 0.9483451171875 0.3409419921875 0.94753251953125 0.33995947265625 0.9454578125 0.3398115234375 0.9388126953125 0.35426826171875 0.93565712890625 0.35432177734375 0.94098818359375 0.35524384765625 0.94151923828125 0.35532509765625 0.94298193359375 0.35686904296875 0.94290068359375 0.35694482421875 0.95038193359375
0 0.48287412109375 0.91255791015625 0.48695322265625 0.90831494140625 0.54587783203125 0.89258154296875 0.54959306640625 0.8938115234375 0.550829296875 0.90160400390625 0.5528578125 0.90058974609375 0.5694916015625 0.9663134765625 0.53135556640625 0.97625322265625 0.5335869140625 0.98538154296875 0.51451884765625 0.99045283203125 0.5139103515625 0.9890328125 0.506201953125 0.9892357421875 0.5064048828125 0.98538154296875 0.5051876953125 0.98538154296875 0.49605947265625 0.94947685546875 0.4834826171875 0.9527224609375 0.4759771484375 0.92229482421875 0.4846998046875 0.9200634765625 0.48287412109375 0.91255791015625
0 0.57006328125 0.8938568359375 0.58791416015625 0.89020556640625 0.59095693359375 0.8908140625 0.602113671875 0.932804296875 0.582437109375 0.93665849609375 0.58162578125 0.93706416015625 0.57006328125 0.8938568359375
0 0.6210625 0.8684599609375 0.626539453125 0.86683720703125 0.62491669921875 0.859940234375 0.64195615234375 0.85466611328125 0.64053623046875 0.85060908203125 0.6685296875 0.8422921875 0.66974677734375 0.84655205078125 0.6831349609375 0.8426978515625 0.68536630859375 0.8514205078125 0.69571171875 0.84817490234375 0.7007830078125 0.86582294921875 0.6932775390625 0.86785146484375 0.69713173828125 0.88042822265625 0.6831349609375 0.8846880859375 0.6822626953125 0.8822091796875 0.6417533203125 0.895236328125 0.64053623046875 0.89300498046875 0.63587060546875 0.89462783203125 0.63323359375 0.88590517578125 0.62633662109375 0.887730859375 0.6210625 0.8684599609375
0 0.84718955078125 0.75064375 0.8490560546875 0.751763671875 0.85652177734375 0.74952392578125 0.86341806640625 0.7750654296875 0.869471875 0.77313916015625 0.87965341796875 0.80973759765625 0.8837810546875 0.80836171875 0.8868080078125 0.819919140625 0.881029296875 0.8215701171875 0.89148603515625 0.85954443359375 0.8865328125 0.8606451171875 0.91294970703125 0.95668154296875 0.84112880859375 0.97676943359375 0.822416796875 0.9088009765625 0.7946240234375 0.91705625 0.79104677734375 0.90439814453125 0.78279140625 0.90687470703125 0.7701333984375 0.8606451171875 0.7750865234375 0.85926923828125 0.75224609375 0.77676787109375 0.84718955078125 0.75064375
0 0.8179814453125 0.55443349609375 0.8845740234375 0.53737265625 0.9065880859375 0.62432822265625 0.8419216796875 0.64083876953125 0.8364181640625 0.63836220703125 0.836693359375 0.6317580078125 0.8179814453125 0.55443349609375
0 0.8898013671875 0.51930556640625 0.881890234375 0.52072548828125 0.88006455078125 0.51382861328125 0.880673046875 0.510380078125 0.8827015625 0.507540234375 0.877833203125 0.4882693359375 0.88858427734375 0.48542939453125 0.890143359375 0.4865607421875 0.8985240234375 0.4852265625 0.90116103515625 0.48603798828125 0.9013638671875 0.48603798828125 0.901566796875 0.4876607421875 0.9025810546875 0.48948642578125 0.9025810546875 0.491312109375 0.9025810546875 0.49354345703125 0.9025810546875 0.49455771484375 0.9033923828125 0.49658623046875 0.904406640625 0.4978033203125 0.90582666015625 0.499426171875 0.90643515625 0.50104892578125 0.9080580078125 0.50226611328125 0.90927509765625 0.50226611328125 0.9094779296875 0.50368603515625 0.9094779296875 0.50672880859375 0.90988369140625 0.50814873046875 0.91069501953125 0.50956875 0.91191220703125 0.5099744140625 0.91191220703125 0.51119150390625 0.91191220703125 0.5120029296875 0.91089794921875 0.51322001953125 0.908463671875 0.514437109375 0.8898013671875 0.51930556640625
0 0.858440234375 0.5421482421875 0.85641171875 0.5427568359375 0.85296318359375 0.5281515625 0.8704083984375 0.52409453125 0.873451171875 0.52592021484375 0.87487119140625 0.5326142578125 0.8744654296875 0.538294140625 0.858440234375 0.5421482421875
0 0.8655400390625 0.45309658203125 0.85925166015625 0.443968359375 0.85823740234375 0.4342314453125 0.8866365234375 0.42490029296875 0.890287890625 0.42692880859375 0.89191064453125 0.43159443359375 0.893127734375 0.435854296875 0.89251923828125 0.4382884765625 0.8927220703125 0.4409255859375 0.8921134765625 0.443968359375 0.8655400390625 0.45309658203125
0 0.85620888671875 0.42226328125 0.85499169921875 0.42246611328125 0.8452548828125 0.38960419921875 0.8685828125 0.38250439453125 0.86919130859375 0.384938671875 0.885622265625 0.38007021484375 0.88582509765625 0.38169296875 0.8872451171875 0.38615576171875 0.8886650390625 0.38656142578125 0.88988212890625 0.39021279296875 0.88886787109375 0.39305263671875 0.8744654296875 0.3975154296875 0.87994248046875 0.4151634765625 0.85620888671875 0.42226328125
0 0.68162646484375 0.48412861328125 0.68768037109375 0.4808265625 0.700613671875 0.480276171875 0.7058419921875 0.5000888671875 0.69566044921875 0.50394130859375 0.6967611328125 0.50972001953125 0.6923583984375 0.51137109375 0.68823076171875 0.50999521484375 0.686029296875 0.5055923828125 0.68217685546875 0.491283203125 0.68162646484375 0.48412861328125
0 0.71049609375 0.5786158203125 0.70721787109375 0.5691580078125 0.7052916015625 0.56778212890625 0.70446611328125 0.56530556640625 0.70446611328125 0.56035244140625 0.7058419921875 0.555949609375 0.716573828125 0.55209716796875 0.73280927734375 0.54851982421875 0.73528583984375 0.56035244140625 0.733084375 0.56255380859375 0.7394134765625 0.562003515625 0.74051416015625 0.56888291015625 0.73831279296875 0.569433203125 0.738587890625 0.57246015625 0.72042626953125 0.5760375 0.71794970703125 0.57356083984375 0.71794970703125 0.5769408203125 0.71049609375 0.5786158203125
0 0.5702435546875 0.52990498046875 0.5603611328125 0.488574609375 0.580771875 0.48366923828125 0.582476953125 0.49240322265625 0.58412802734375 0.49212802734375 0.58798046875 0.501483984375 0.59045703125 0.50065849609375 0.5937591796875 0.51496767578125 0.5901818359375 0.516068359375 0.59195859375 0.52480224609375 0.5808736328125 0.527476171875 0.5702435546875 0.52990498046875
0 0.6422232421875 0.59419599609375 0.6503373046875 0.618741015625 0.61321552734375 0.63111494140625 0.61057841796875 0.62340654296875 0.60712998046875 0.62158095703125 0.60246435546875 0.6081927734375 0.6422232421875 0.59419599609375
0 0.71959638671875 0.65777509765625 0.71527138671875 0.64831728515625 0.714170703125 0.63731025390625 0.74581591796875 0.6285046875 0.74939326171875 0.6307060546875 0.75407119140625 0.64831728515625 0.735634375 0.6532705078125 0.73453369140625 0.656022265625 0.72930537109375 0.65739814453125 0.72682880859375 0.656022265625 0.71959638671875 0.65777509765625
0 0.64869404296875 0.72462197265625 0.65133115234375 0.71021953125 0.66996484375 0.704646875 0.67708896484375 0.72709326171875 0.65669814453125 0.73207890625 0.64869404296875 0.72462197265625
0 0.600009765625 0.704742578125 0.60122236328125 0.70068095703125 0.62055517578125 0.69466591796875 0.6235626953125 0.69717109375 0.63486953125 0.73399287109375 0.6337984375 0.73681806640625 0.6335779296875 0.73902265625 0.63329501953125 0.7407443359375 0.628108984375 0.74192626953125 0.6245388671875 0.742880859375 0.62213818359375 0.74410869140625 0.6207005859375 0.74024150390625 0.6186720703125 0.74064716796875 0.615629296875 0.74166142578125 0.61104326171875 0.74217734375 0.600009765625 0.704742578125
0 0.42219423828125 0.724815234375 0.435582421875 0.7203525390625 0.45099912109375 0.716701171875 0.46864716796875 0.77816513671875 0.4793982421875 0.7747166015625 0.48832373046875 0.80129013671875 0.44708115234375 0.814336328125 0.445725 0.80960703125 0.44491357421875 0.80534716796875 0.4441021484375 0.80129013671875 0.4345681640625 0.76863115234375 0.42625126953125 0.73881201171875 0.42219423828125 0.724815234375
4 0.3810947265625 0.8030234375 0.39590283203125 0.8122330078125 0.38356865234375 0.83186865234375 0.38028271484375 0.83053056640625 0.37987705078125 0.8307333984375 0.37926845703125 0.83174765625 0.37006533203125 0.826265234375 0.368499609375 0.82429384765625 0.3690986328125 0.82147841796875 0.3810947265625 0.8030234375
0 0.3250607421875 0.7923908203125 0.31668310546875 0.7873201171875 0.32484033203125 0.77310009765625 0.3334384765625 0.7782810546875 0.33972177734375 0.76725771484375 0.361768359375 0.7799345703125 0.339391015625 0.818516015625 0.321312890625 0.8080439453125 0.31976962890625 0.8009890625 0.3250607421875 0.7923908203125
0 0.27172509765625 0.7740876953125 0.28105634765625 0.7700306640625 0.29566162109375 0.766379296875 0.31371533203125 0.833949609375 0.28907412109375 0.84116640625 0.27172509765625 0.7740876953125
0 0.33888271484375 0.76496220703125 0.33360859375 0.75279111328125 0.33381142578125 0.7365630859375 0.3583564453125 0.72926044921875 0.36484765625 0.7325060546875 0.36910751953125 0.75197978515625 0.3664705078125 0.75603681640625 0.36322490234375 0.75745673828125 0.33888271484375 0.76496220703125
0 0.328879296875 0.7162779296875 0.324741796875 0.71422236328125 0.32240888671875 0.70998955078125 0.3230603515625 0.70512109375 0.32894306640625 0.70349833984375 0.32630595703125 0.6941671875 0.32772587890625 0.691530078125 0.34537392578125 0.68666171875 0.3522708984375 0.709178125 0.328879296875 0.7162779296875
0 0.2686392578125 0.67070146484375 0.3024595703125 0.66049052734375 0.30546259765625 0.66134609375 0.31041572265625 0.6786822265625 0.30821435546875 0.68308505859375 0.2753666015625 0.6919923828125 0.26831376953125 0.68225947265625 0.2686392578125 0.67070146484375
0 0.29080986328125 0.56290048828125 0.3009384765625 0.55926953125 0.311059765625 0.55871103515625 0.312462109375 0.56485849609375 0.31631630859375 0.56445283203125 0.31731083984375 0.57615849609375 0.30908662109375 0.57983701171875 0.31019599609375 0.58624716796875 0.3086529296875 0.58833759765625 0.2989853515625 0.5903263671875 0.296233984375 0.58960634765625 0.29080986328125 0.56290048828125
4 0.07541611328125 0.76901298828125 0.07399619140625 0.759276171875 0.11436357421875 0.7487279296875 0.1161892578125 0.76049326171875 0.07541611328125 0.7712443359375 0.07541611328125 0.76901298828125
4 0.08008173828125 0.787066796875 0.12085478515625 0.7738814453125 0.1236947265625 0.78361826171875 0.08312451171875 0.79741220703125 0.08008173828125 0.787066796875
0 0.0898185546875 0.822362890625 0.11821767578125 0.81485732421875 0.12085478515625 0.82560849609375 0.09407841796875 0.8329111328125 0.0918470703125 0.831896875 0.0898185546875 0.822362890625
4 0.0908328125 0.81039462890625 0.09022421875 0.802686328125 0.1171208984375 0.7938513671875 0.12044912109375 0.80390341796875 0.0932669921875 0.81282880859375 0.0908328125 0.81039462890625
0 0.097743359375 0.83854873046875 0.13001982421875 0.82809716796875 0.13424296875 0.840822265625 0.10243212890625 0.85113095703125 0.10224287109375 0.849544921875 0.09789580078125 0.84960068359375 0.097743359375 0.83854873046875
0 0.10351044921875 0.85868828125 0.10802998046875 0.85714501953125 0.1078095703125 0.8539482421875 0.112659765625 0.85240498046875 0.11332119140625 0.85571201171875 0.13856455078125 0.84711376953125 0.14165107421875 0.85747568359375 0.10825048828125 0.8690501953125 0.105825390625 0.8668455078125 0.10373095703125 0.86453056640625 0.10295927734375 0.861554296875 0.10351044921875 0.85868828125
0 -0.0 0.81619697265625 -0.0 0.7972876953125 0.00252158203125 0.79854892578125 0.0068615234375 0.81392529296875 -0.0 0.81619697265625
0 0.04392646484375 0.6589115234375 0.0383271484375 0.6510724609375 0.03907373046875 0.6402470703125 0.06520380859375 0.6331546875 0.07020322265625 0.6523119140625 0.04392646484375 0.6589115234375
0 0.12634833984375 0.62454833984375 0.1338140625 0.66017841796875 0.11390927734375 0.66393193359375 0.1103716796875 0.64547314453125 0.10701201171875 0.639873828125 0.108878515625 0.62792861328125 0.12634833984375 0.62454833984375
0 -0.0 0.49205185546875 -0.0 0.4633208984375 0.00700458984375 0.46111953125 0.00590390625 0.4547904296875 0.01525986328125 0.4525890625 0.01636064453125 0.45726708984375 0.022414453125 0.4553408203125 0.022414453125 0.46717333984375 0.02791796875 0.47652939453125 0.0202130859375 0.47900595703125 0.02227578125 0.48570595703125 -0.0 0.49205185546875
0 0.27119931640625 0.4377724609375 0.2578435546875 0.44193603515625 0.2543951171875 0.438284765625 0.254775390625 0.433017578125 0.268291015625 0.429169921875 0.27119931640625 0.4377724609375
0 0.241708203125 0.38583984375 0.24045732421875 0.37974580078125 0.23899462890625 0.37600791015625 0.23826328125 0.372269921875 0.23777568359375 0.3679630859375 0.235094140625 0.36316875 0.23330634765625 0.35943076171875 0.2324478515625 0.35608466796875 0.2398236328125 0.352564453125 0.251104296875 0.350142578125 0.2611755859375 0.3813453125 0.25936123046875 0.3821642578125 0.25711826171875 0.38440732421875 0.25472568359375 0.382612890625 0.249791015625 0.382612890625 0.24560400390625 0.383360546875 0.241708203125 0.38583984375
0 0.2260646484375 0.33653017578125 0.2172859375 0.3039177734375 0.23418623046875 0.2992767578125 0.23586572265625 0.3053421875 0.23940263671875 0.30449697265625 0.24658369140625 0.33069501953125 0.2260646484375 0.33653017578125
0 0.202641796875 0.25654140625 0.2125111328125 0.25280302734375 0.2235767578125 0.2507095703125 0.22851142578125 0.2680556640625 0.2315021484375 0.267756640625 0.23284794921875 0.27508388671875 0.22791328125 0.27687822265625 0.23060498046875 0.284355078125 0.22507216796875 0.2862990234375 0.22387587890625 0.28824296875 0.22103466796875 0.2885419921875 0.219987890625 0.28884111328125 0.21938974609375 0.29003740234375 0.21624951171875 0.2910841796875 0.21236162109375 0.2894392578125 0.21131484375 0.2874953125 0.21041767578125 0.28495322265625 0.2093708984375 0.28061669921875 0.202641796875 0.25654140625
0 0.15747255859375 0.27914267578125 0.15341552734375 0.272854296875 0.15280703125 0.2657544921875 0.16518095703125 0.26149462890625 0.1662900390625 0.26769072265625 0.1707650390625 0.2746720703125 0.15747255859375 0.27914267578125
0 0.00911494140625 0.29440185546875 0.00566640625 0.2907505859375 0.0038408203125 0.28953349609375 0.00262373046875 0.28831640625 0.00221796875 0.28588212890625 0.00140654296875 0.284259375 -0.0 0.28385361328125 -0.0 0.274116796875 0.00810068359375 0.2704654296875 0.015808984375 0.269451171875 0.0168232421875 0.26721982421875 0.02818291015625 0.26417705078125 0.028588671875 0.2676255859375 0.03933974609375 0.26478564453125 0.04278818359375 0.278173828125 0.0411654296875 0.28182509765625 0.04380244140625 0.2846650390625 0.00911494140625 0.29440185546875
0 0.069714453125 0.34281689453125 0.06315068359375 0.3235810546875 0.0663962890625 0.32074111328125 0.0739017578125 0.319118359375 0.0819513671875 0.34161630859375 0.07199833984375 0.34504833984375 0.069714453125 0.34281689453125
0 0.1279087890625 0.35560869140625 0.12308466796875 0.353647265625 0.12118896484375 0.34010341796875 0.14262265625 0.3357306640625 0.1457111328125 0.352181640625 0.1279087890625 0.35560869140625
0 0.03665634765625 0.4137109375 0.0349513671875 0.4012201171875 0.0482916015625 0.3982232421875 0.05011611328125 0.41069013671875 0.03665634765625 0.4137109375
0 0.59756171875 0.677362109375 0.59013193359375 0.66800615234375 0.59095751953125 0.65892529296875 0.608018359375 0.6525962890625 0.61297158203125 0.65865009765625 0.6110453125 0.6770869140625 0.60168935546875 0.6806642578125 0.59756171875 0.677362109375
0 0.4225759765625 0.5662376953125 0.41282578125 0.548826171875 0.4305119140625 0.541198046875 0.4244271484375 0.52771494140625 0.44429892578125 0.51911435546875 0.4573814453125 0.550250390625 0.4225759765625 0.5662376953125
0 0.4700810546875 0.41916318359375 0.46866103515625 0.4138890625 0.467849609375 0.40293505859375 0.492191796875 0.39624091796875 0.49584306640625 0.39786376953125 0.496248828125 0.4007037109375 0.50111728515625 0.39928369140625 0.50598564453125 0.4177431640625 0.49746591796875 0.42017744140625 0.48083212890625 0.42464013671875 0.47920927734375 0.42301728515625 0.4775865234375 0.42220595703125 0.47616650390625 0.42220595703125 0.4749494140625 0.422814453125 0.47393515625 0.42301728515625 0.472515234375 0.4224087890625 0.471906640625 0.42200302734375 0.47068955078125 0.42200302734375 0.4700810546875 0.41916318359375
0 0.66035419921875 0.32421884765625 0.6840193359375 0.31788984375 0.6980533203125 0.3707236328125 0.67713994140625 0.3762271484375 0.67411298828125 0.37457607421875 0.66035419921875 0.32421884765625
0 0.72447021484375 0.36962294921875 0.71786591796875 0.358891015625 0.716765234375 0.347883984375 0.7285978515625 0.34485703125 0.72914814453125 0.34375634765625 0.730248828125 0.3426556640625 0.7390544921875 0.3401791015625 0.74345732421875 0.340454296875 0.74951123046875 0.36301865234375 0.72447021484375 0.36962294921875
0 0.76904873046875 0.35751513671875 0.7665720703125 0.3542130859375 0.76602177734375 0.35256201171875 0.76354521484375 0.3487095703125 0.7640955078125 0.33577626953125 0.7891365234375 0.328896875 0.79711669921875 0.33027275390625 0.7976669921875 0.34430673828125 0.79353935546875 0.34623291015625 0.792438671875 0.3487095703125 0.792438671875 0.3509109375 0.786384765625 0.3533875 0.7866599609375 0.3572400390625 0.78225712890625 0.3591662109375 0.777854296875 0.35861591796875 0.77427705078125 0.358891015625 0.77482744140625 0.356414453125 0.76904873046875 0.35751513671875
0 0.79959326171875 0.3096345703125 0.79133798828125 0.2925736328125 0.7896869140625 0.28129140625 0.8337150390625 0.26918369140625 0.8397689453125 0.28844599609375 0.82215771484375 0.29339912109375 0.82435908203125 0.30247998046875 0.79959326171875 0.3096345703125
0 0.81060029296875 0.23753837890625 0.81142578125 0.2309341796875 0.84664833984375 0.22075263671875 0.85187666015625 0.228182421875 0.853527734375 0.23836396484375 0.8513263671875 0.24386748046875 0.8502255859375 0.24579365234375 0.8477490234375 0.24689443359375 0.84417177734375 0.24716953125 0.84362138671875 0.25212275390625 0.83811787109375 0.2540490234375 0.83206396484375 0.2510220703125 0.83096328125 0.2482703125 0.818030078125 0.25239794921875 0.8174796875 0.24964619140625 0.81637900390625 0.24716953125 0.8147279296875 0.24359228515625 0.81362724609375 0.241666015625 0.81060029296875 0.23753837890625
0 0.81718916015625 0.22034228515625 0.81252353515625 0.20370849609375 0.8309830078125 0.19762294921875 0.83625712890625 0.21628525390625 0.8250587890625 0.21957001953125 0.82408603515625 0.22054521484375 0.82205751953125 0.22095087890625 0.820434765625 0.22054521484375 0.81718916015625 0.22034228515625
0 0.63499521484375 0.3052708984375 0.6321552734375 0.30608232421875 0.63032958984375 0.3006052734375 0.6327638671875 0.28843427734375 0.6402693359375 0.286 0.64047216796875 0.2815373046875 0.6418921875 0.27869736328125 0.65102041015625 0.27626318359375 0.65913447265625 0.3046623046875 0.6518318359375 0.30648798828125 0.6524404296875 0.3093279296875 0.64209501953125 0.31257353515625 0.64128359375 0.31054501953125 0.6368845703125 0.31120693359375 0.63499521484375 0.3052708984375
0 0.52192890625 0.26020478515625 0.511683984375 0.22462978515625 0.52060244140625 0.22060732421875 0.53030478515625 0.220162109375 0.541718359375 0.254348828125 0.52192890625 0.26020478515625
0 0.4919162109375 0.16560517578125 0.4825333984375 0.128842578125 0.49179296875 0.1259765625 0.5028162109375 0.123110546875 0.50429912109375 0.12900673828125 0.50952744140625 0.127630859375 0.513655078125 0.14304072265625 0.507601171875 0.144691796875 0.51172880859375 0.160651953125 0.4919162109375 0.16560517578125
0 0.5938265625 0.12249326171875 0.5894654296875 0.1102837890625 0.5845662109375 0.0960763671875 0.59217548828125 0.09222392578125 0.60648466796875 0.08919697265625 0.6108875 0.10488193359375 0.6191427734375 0.1046068359375 0.621344140625 0.10790888671875 0.61941796875 0.11093583984375 0.61749169921875 0.11478828125 0.6161158203125 0.11726494140625 0.61446474609375 0.117815234375 0.611437890625 0.1180904296875 0.60978681640625 0.118365625 0.5938265625 0.12249326171875
0 0.38540205078125 0.33006982421875 0.381466015625 0.31586845703125 0.389580078125 0.313637109375 0.3987083984375 0.31140576171875 0.39891123046875 0.31242001953125 0.40264140625 0.3252001953125 0.38540205078125 0.33006982421875
0 0.3444138671875 0.3111150390625 0.342081640625 0.303159765625 0.3392404296875 0.30375791015625 0.33738828125 0.29743955078125 0.33255234375 0.29857080078125 0.32910380859375 0.28903681640625 0.33513603515625 0.2874998046875 0.3323923828125 0.277623828125 0.3395025390625 0.27484765625 0.34634619140625 0.27382294921875 0.3485775390625 0.28076279296875 0.3601400390625 0.27727138671875 0.3607486328125 0.27828564453125 0.3627017578125 0.27883046875 0.36532841796875 0.28887685546875 0.358880078125 0.290712890625 0.3621685546875 0.30178388671875 0.35201435546875 0.30486962890625 0.3530390625 0.30917109375 0.35283740234375 0.31267294921875 0.34992333984375 0.31451025390625 0.34615380859375 0.3141578125 0.3444138671875 0.3111150390625
0 0.318546875 0.23032822265625 0.3276751953125 0.22748837890625 0.335586328125 0.22586552734375 0.339643359375 0.2270826171875 0.34572890625 0.25304755859375 0.3461345703125 0.25467041015625 0.32548671875 0.25929306640625 0.318546875 0.23032822265625
4 0.37320615234375 0.21523583984375 0.378683203125 0.21381591796875 0.38395732421875 0.21280166015625 0.386797265625 0.22497275390625 0.3831458984375 0.2265955078125 0.38152314453125 0.227609765625 0.38030595703125 0.22842119140625 0.37949462890625 0.2286240234375 0.37827744140625 0.228218359375 0.378074609375 0.22700126953125 0.3766546875 0.22497275390625 0.37584326171875 0.224161328125 0.37523466796875 0.22334990234375 0.3750318359375 0.22274140625 0.374626171875 0.2217271484375 0.37442333984375 0.22091572265625 0.37320615234375 0.21523583984375
0 0.31198974609375 0.20725595703125 0.304984765625 0.179426953125 0.31372294921875 0.1765005859375 0.32628388671875 0.17470615234375 0.3316671875 0.1986318359375 0.3321158203125 0.20281884765625 0.31198974609375 0.20725595703125
0 0.35059697265625 0.2062931640625 0.34897421875 0.19696201171875 0.35465400390625 0.1953392578125 0.35972529296875 0.1953392578125 0.361956640625 0.20771318359375 0.357899609375 0.2109587890625 0.35587109375 0.21075595703125 0.3534369140625 0.20994453125 0.35059697265625 0.2062931640625
0 0.36092158203125 0.17210751953125 0.36256396484375 0.1703248046875 0.3621029296875 0.16583193359375 0.3754240234375 0.16224990234375 0.37676982421875 0.1667359375 0.38004716796875 0.16792548828125 0.3836484375 0.16823134765625 0.39022802734375 0.194549609375 0.38903173828125 0.1957458984375 0.38843359375 0.1972412109375 0.3876859375 0.19783935546875 0.3826625 0.19837626953125 0.3816748046875 0.1971794921875 0.3793408203125 0.19819658203125 0.37258369140625 0.19981259765625 0.3698326171875 0.19993193359375 0.36764814453125 0.1987365234375 0.36480703125 0.18946533203125 0.36126357421875 0.17675361328125 0.36092158203125 0.17210751953125
0 0.784025 0.14191640625 0.778521484375 0.13448662109375 0.7752193359375 0.12705693359375 0.77482783203125 0.11854052734375 0.7763201171875 0.1110966796875 0.78842783203125 0.108344921875 0.7898037109375 0.114398828125 0.79915966796875 0.11219736328125 0.7977837890625 0.10669384765625 0.811542578125 0.103391796875 0.815119921875 0.1055931640625 0.82199931640625 0.131459765625 0.804112890625 0.1358625 0.80493837890625 0.1397150390625 0.7983341796875 0.14081572265625 0.7958576171875 0.138889453125 0.784025 0.14191640625
0 0.284124609375 0.0691640625 0.27641630859375 0.04198203125 0.276010546875 0.02453681640625 0.36644130859375 1.11328125e-05 0.50625009765625 1.15234375e-05 0.50847802734375 0.00749736328125 0.284124609375 0.0691640625
0 0.068479296875 0.16147431640625 0.0667900390625 0.15789345703125 0.0667900390625 0.15623994140625 0.06579794921875 0.15370458984375 0.0645853515625 0.15061806640625 0.0642546875 0.1462087890625 0.06436484375 0.14246083984375 0.10074169921875 0.1336421875 0.10515107421875 0.15138974609375 0.10437939453125 0.152161328125 0.10041103515625 0.15370458984375 0.068479296875 0.16147431640625
0 0.018010546875 0.1209376953125 0.016195703125 0.11718603515625 0.0172388671875 0.11173720703125 0.03068447265625 0.11011435546875 0.0315416015625 0.119396484375 0.018010546875 0.1209376953125
0 0.04557119140625 0.08756689453125 0.04455693359375 0.08006142578125 0.04916513671875 0.0778875 0.05599951171875 0.07777724609375 0.0569916015625 0.08538330078125 0.04557119140625 0.08756689453125
4 0.01329990234375 0.07191357421875 0.0088138671875 0.05740859375 0.0237673828125 0.054268359375 0.02436552734375 0.0569599609375 0.0258609375 0.05681044921875 0.0285525390625 0.0689228515625 0.01329990234375 0.07191357421875
0 0.99841630859375 0.01717685546875 0.97444912109375 0.02391123046875 0.96880908203125 0.01997744140625 0.9690119140625 0.01652900390625 0.9602892578125 0.0051693359375 0.96089716796875 6.15234375e-06 0.99841630859375 5.2734375e-06 0.99841630859375 0.01717685546875
0 0.99841611328125 0.064237109375 0.9830623046875 0.06846640625 0.977991015625 0.0678578125 0.97717958984375 0.06400361328125 0.9775853515625 0.04736982421875 0.9836708984375 0.04594990234375 0.982048046875 0.03844443359375 0.9984162109375 0.0347453125 0.99841611328125 0.064237109375
0 0.998416015625 0.11565595703125 0.99746474609375 0.11248505859375 0.9946248046875 0.112687890625 0.9925962890625 0.10944228515625 0.99300205078125 0.10639951171875 0.9887421875 0.10295107421875 0.98549658203125 0.09645986328125 0.98488798828125 0.0885486328125 0.99841611328125 0.0856431640625 0.998416015625 0.11565595703125
0 0.6747197265625 1.07421875e-05 0.671149609375 0.00534609375 0.67252548828125 0.00947373046875 0.65383515625 1.09375e-05 0.6747197265625 1.07421875e-05
4 0.00178359375 5.2734375e-06 0.054978515625 0.0001625 -0.0 0.01462490234375 -0.0 5.2734375e-06 0.00178359375 5.2734375e-06
0 0.001917578125 0.841521875 0.00956181640625 0.83685888671875 0.01958544921875 0.8360255859375 0.02443818359375 0.8539693359375 0.03222509765625 0.85475927734375 0.037190625 0.87349296875 0.015861328125 0.8791357421875 0.01303994140625 0.868866015625 0.00773583984375 0.87033310546875 0.001917578125 0.841521875
0 0.600973828125 0.01026669921875 0.58415859375 0.0357716796875 0.58088583984375 0.0363359375 0.5837072265625 0.03170888671875 0.54454697265625 0.0057525390625 0.54319541015625 1.15234375e-05 0.57243896484375 1.142578125e-05 0.5834814453125 0.00733251953125 0.5884470703125 0.00315693359375 0.600973828125 0.01026669921875
0 0.73844619140625 0.080366796875 0.74013896484375 0.09278076171875 0.71463408203125 0.09989052734375 0.7082013671875 0.09210361328125 0.70188154296875 0.08431669921875 0.7066359375 0.0745642578125 0.70500498046875 0.069355859375 0.70542314453125 0.062008203125 0.72354951171875 0.05700615234375 0.73043359375 0.0573447265625 0.7333677734375 0.0679529296875 0.73314208984375 0.070887109375 0.72776796875 0.07197578125 0.72844501953125 0.0793900390625 0.7346091796875 0.07889970703125 0.7349064453125 0.08083310546875 0.73844619140625 0.080366796875
0 0.761698046875 0.13284013671875 0.75103203125 0.1525099609375 0.74466005859375 0.15292548828125 0.73773408203125 0.14960107421875 0.73565634765625 0.153341015625 0.7195880859375 0.14447578125 0.7216658203125 0.1411513671875 0.712662109375 0.136303125 0.723328125 0.11580224609375 0.73122373046875 0.11317041015625 0.74313642578125 0.12009638671875 0.741280078125 0.1235599609375 0.744501171875 0.1252828125 0.7462240234375 0.12221162109375 0.7588833984375 0.12947763671875 0.761698046875 0.13284013671875
0 0.418776171875 0.59102548828125 0.44699326171875 0.58105595703125 0.4590853515625 0.61512783203125 0.464903125 0.61318857421875 0.47085947265625 0.63133466796875 0.442878515625 0.64033837890625 0.43927705078125 0.62842578125 0.43165849609375 0.63078056640625 0.418776171875 0.59102548828125
0 0.46870517578125 0.5941404296875 0.49725283203125 0.5826486328125 0.5101224609375 0.611732421875 0.48061787109375 0.62378359375 0.46870517578125 0.5941404296875
0 0.770782421875 0.43963251953125 0.74327587890625 0.447384375 0.737391015625 0.4473283203125 0.7375408203125 0.4232830078125 0.76705439453125 0.41639150390625 0.770949609375 0.42036162109375 0.770782421875 0.43963251953125
0 0.55944111328125 0.39433310546875 0.585137109375 0.38480390625 0.59015595703125 0.39725888671875 0.5900060546875 0.4017533203125 0.58221572265625 0.40527392578125 0.57975478515625 0.40455693359375 0.5656748046875 0.410046875 0.5593283203125 0.40218701171875 0.55944111328125 0.39433310546875
0 0.50565908203125 0.37992333984375 0.5270919921875 0.37378623046875 0.53729775390625 0.4086328125 0.52203515625 0.41322998046875 0.51486357421875 0.4119427734375 0.50565908203125 0.37992333984375
0 0.4316359375 0.407049609375 0.43934423828125 0.40432490234375 0.4496994140625 0.40320859375 0.4556787109375 0.4335361328125 0.4454419921875 0.43534287109375 0.44480185546875 0.43165166015625 0.43603720703125 0.43300595703125 0.4316359375 0.407049609375
0 0.3929353515625 0.418496484375 0.40033291015625 0.4146134765625 0.411780078125 0.41309775390625 0.418910546875 0.4444716796875 0.39976015625 0.44885185546875 0.3929353515625 0.418496484375
0 0.38043447265625 0.42953388671875 0.38400712890625 0.44346279296875 0.3837015625 0.44947568359375 0.35925439453125 0.456603125 0.35253134765625 0.44590751953125 0.353957421875 0.43551748046875 0.37585810546875 0.42879443359375 0.38043447265625 0.42953388671875
0 0.2554412109375 0.45366435546875 0.27315927734375 0.44869873046875 0.2769962890625 0.4501658203125 0.2853474609375 0.48266767578125 0.26345390625 0.4889875 0.2554412109375 0.45366435546875
0 0.2463216796875 0.40618349609375 0.26519853515625 0.40162890625 0.2703474609375 0.424890625 0.2678341796875 0.42861552734375 0.25569990234375 0.4321115234375 0.2517462890625 0.43119208984375 0.2463216796875 0.40618349609375
0 0.16767822265625 0.47241025390625 0.1771515625 0.46965986328125 0.17531806640625 0.46263134765625 0.175419921875 0.46263134765625 0.19457021484375 0.45784375 0.202413671875 0.4881990234375 0.173586328125 0.4957369140625 0.16767822265625 0.47241025390625
0 0.110183984375 0.47076787109375 0.12366494140625 0.46822919921875 0.12284287109375 0.46234482421875 0.1299224609375 0.46124150390625 0.1336921875 0.484962890625 0.11318876953125 0.4882728515625 0.10803994140625 0.48110126953125 0.110183984375 0.47076787109375
0 0.0587310546875 0.47004521484375 0.0899201171875 0.46413359375 0.092772265625 0.4652541015625 0.094605859375 0.48847890625 0.06781572265625 0.4927572265625 0.06608408203125 0.48909013671875 0.05854619140625 0.49041435546875 0.0539623046875 0.4816541015625 0.0587310546875 0.47004521484375
0 0.0581251953125 0.25793759765625 0.05730009765625 0.254902734375 0.07697607421875 0.24837470703125 0.07798740234375 0.2511330078125 0.08580263671875 0.24883447265625 0.09325 0.26713115234375 0.05775986328125 0.278440234375 0.05187548828125 0.26970556640625 0.05251904296875 0.2599595703125 0.0524271484375 0.2596837890625 0.0581251953125 0.25793759765625
0 0.10043447265625 0.2447625 0.13456767578125 0.23476005859375 0.144194921875 0.262891796875 0.121064453125 0.27076865234375 0.117938671875 0.26189150390625 0.104685546875 0.2655173828125 0.1005595703125 0.2556400390625 0.10043447265625 0.2447625
0 0.1888326171875 0.20628984375 0.19469755859375 0.2030431640625 0.20666357421875 0.1998572265625 0.2182875 0.23619609375 0.20192373046875 0.2415001953125 0.19955380859375 0.2402587890625 0.1888326171875 0.20628984375
0 0.39945439453125 0.1603595703125 0.40050576171875 0.153919921875 0.41635673828125 0.14993642578125 0.417767578125 0.15499873046875 0.4237427734375 0.154666796875 0.4307138671875 0.1822193359375 0.42638671875 0.183301171875 0.42703740234375 0.18546015625 0.41122314453125 0.18941376953125 0.4058904296875 0.18610380859375 0.39945439453125 0.1603595703125
0 0.49409638671875 0.17667578125 0.51305654296875 0.17020458984375 0.52372841796875 0.2039322265625 0.52188046875 0.20543037109375 0.50315361328125 0.21082373046875 0.49385458984375 0.1804140625 0.49409638671875 0.17667578125
0 0.60049345703125 0.1483146484375 0.61916611328125 0.142339453125 0.6272990234375 0.16814921875 0.60846044921875 0.17404140625 0.60049345703125 0.1483146484375
0 0.61362412109375 0.19687998046875 0.63461494140625 0.19146298828125 0.64307900390625 0.2235134765625 0.61971826171875 0.2294947265625 0.616896875 0.21775791015625 0.618251171875 0.21482373046875 0.61362412109375 0.19687998046875
0 0.6257083984375 0.2466533203125 0.65310966796875 0.23921728515625 0.6558599609375 0.23942099609375 0.65423017578125 0.25897880859375 0.6536189453125 0.26376640625 0.65647119140625 0.2671279296875 0.64404384765625 0.27069306640625 0.64139541015625 0.2675353515625 0.6419046875 0.26183095703125 0.63131083984375 0.26478505859375 0.62866240234375 0.25857138671875 0.62448603515625 0.25979375 0.6257083984375 0.2466533203125
0 0.52200595703125 0.27396337890625 0.543673828125 0.26730498046875 0.55304072265625 0.29777548828125 0.5513478515625 0.30138681640625 0.53203671875 0.30709580078125 0.52200595703125 0.27396337890625
0 0.83496025390625 0.311122265625 0.84094150390625 0.30909091796875 0.83913583984375 0.30198115234375 0.86599501953125 0.294419921875 0.87694189453125 0.33290302734375 0.84353720703125 0.34204423828125 0.83496025390625 0.311122265625
0 0.828706640625 0.155238671875 0.83549404296875 0.17989521484375 0.8161013671875 0.1852974609375 0.8131923828125 0.175185546875 0.79961748046875 0.17892548828125 0.79587744140625 0.1653505859375 0.812361328125 0.16091796875 0.81471611328125 0.15676240234375 0.826905859375 0.15343798828125 0.828706640625 0.155238671875
0 0.1427201171875 0.02891982421875 0.15973828125 0.0245509765625 0.161910546875 0.03353984375 0.16535634765625 0.03279072265625 0.17074970703125 0.05496337890625 0.1677287109375 0.05562509765625 0.17077568359375 0.0682646484375 0.1546904296875 0.07204345703125 0.1526953125 0.06375634765625 0.15085380859375 0.06252861328125 0.1427201171875 0.02891982421875
0 0.158361328125 0.104256640625 0.16752900390625 0.10038583984375 0.179243359375 0.097635546875 0.1900408203125 0.13491748046875 0.16854765625 0.1413349609375 0.158361328125 0.104256640625
0 0.015861328125 0.14601875 0.0175412109375 0.1455775390625 0.0170076171875 0.1430939453125 0.02625263671875 0.14031142578125 0.02679111328125 0.1426900390625 0.03098369140625 0.1414697265625 0.03826181640625 0.1714189453125 0.02837109375 0.1751439453125 0.02764208984375 0.1728859375 0.0229080078125 0.17433193359375 0.015861328125 0.14601875
0 -0.0 0.16148916015625 0.005270703125 0.1600193359375 0.0061125 0.18241513671875 -0.0 0.18456650390625 -0.0 0.16148916015625
0 0.3081134765625 0.62307255859375 0.3231751953125 0.618406640625 0.32882333984375 0.63821611328125 0.31588984375 0.64304560546875 0.3126974609375 0.64132666015625 0.30598515625 0.643209375 0.3022197265625 0.62495517578125 0.3081134765625 0.62307255859375
0 0.3548111328125 0.33786455078125 0.3532365234375 0.33427734375 0.363484375 0.32965224609375 0.3782666015625 0.327022265625 0.3878796875 0.34878759765625 0.35840576171875 0.3619375 0.34889228515625 0.34041484375 0.3548111328125 0.33786455078125
4 0.75256435546875 0.2220662109375 0.76254619140625 0.21957080078125 0.765790234375 0.2325470703125 0.75730576171875 0.2340443359375 0.75256435546875 0.2220662109375
0 0.73615244140625 0.50625732421875 0.746314453125 0.50341201171875 0.749159765625 0.5143869140625 0.739404296875 0.51682578125 0.73615244140625 0.50625732421875
0 0.75241162109375 0.53755634765625 0.76135419921875 0.53593037109375 0.7646060546875 0.54406005859375 0.7556634765625 0.5481248046875 0.75241162109375 0.53755634765625
0 0.7569736328125 0.62194287109375 0.77369296875 0.61720146484375 0.7776857421875 0.62917958984375 0.76071669921875 0.6324236328125 0.7569736328125 0.62194287109375
0 0.33563154296875 0.39231240234375 0.35537783203125 0.38562421875 0.36015517578125 0.401230078125 0.34072734375 0.407918359375 0.33563154296875 0.39231240234375
0 0.36401396484375 0.25539033203125 0.37798837890625 0.25164716796875 0.3804837890625 0.26137939453125 0.36750751953125 0.26512255859375 0.36401396484375 0.25539033203125
0 0.4393193359375 0.26755625 0.453543359375 0.2625654296875 0.4570369140625 0.2727966796875 0.44256337890625 0.2772884765625 0.4393193359375 0.26755625
0 0.43487880859375 0.1666611328125 0.44511005859375 0.16466484375 0.44685693359375 0.17215107421875 0.43712470703125 0.17389794921875 0.43487880859375 0.1666611328125
