2 0.2983158203125 8.7890625e-06 0.29950576171875 0.07759013671875 0.21680537109375 0.07828603515625 0.2097185546875 0.0693955078125 0.212168359375 7.51953125e-06 0.2983158203125 8.7890625e-06
2 0.46005986328125 1.03515625e-05 0.4593744140625 0.00380458984375 0.39153935546875 0.00420126953125 0.38930380859375 9.86328125e-06 0.46005986328125 1.03515625e-05
2 0.38510556640625 0.08751474609375 0.38656669921875 0.08751474609375 0.45548779296875 0.087027734375 0.45670546875 0.15643583984375 0.38218310546875 0.1569228515625 0.38510556640625 0.08751474609375
2 0.52887880859375 0.09538017578125 0.533348828125 0.090981640625 0.59722646484375 0.0926291015625 0.5976703125 0.16560458984375 0.52933759765625 0.16676494140625 0.52887880859375 0.09538017578125
2 0.6733099609375 0.09400810546875 0.6780013671875 0.0910951171875 0.74260908203125 0.0919708984375 0.7434025390625 0.16694658203125 0.67291318359375 0.16913505859375 0.6733099609375 0.09400810546875
2 0.9984359375 0.16719169921875 0.88502109375 0.16870693359375 0.8852119140625 0.09333388671875 0.99607705078125 0.09314306640625 0.99635244140625 0.09570107421875 0.99644423828125 0.1275509765625 0.99843603515625 0.12745830078125 0.9984359375 0.16719169921875
2 0.88342900390625 0.17131201171875 0.88275625 0.24539462890625 0.86814228515625 0.2454671875 0.86423466796875 0.23938857421875 0.8325390625 0.23953330078125 0.8310595703125 0.24415234375 0.81726767578125 0.24415341796875 0.8129779296875 0.2366412109375 0.81279296875 0.236630859375 0.8157154296875 0.16979052734375 0.88342900390625 0.17131201171875
2 0.81359375 0.167197265625 0.8123046875 0.23662109375 0.74187412109375 0.234973828125 0.74210859375 0.16966845703125 0.7434025390625 0.16694658203125 0.7464921875 0.165771875 0.81359375 0.167197265625
2 0.724634765625 0.18799267578125 0.725398046875 0.18780185546875 0.73055009765625 0.18742021484375 0.73074091796875 0.22768271484375 0.6784568359375 0.225011328125 0.6803650390625 0.18799267578125 0.724634765625 0.18799267578125
2 0.6084646484375 0.17165234375 0.6638017578125 0.172797265625 0.66227529296875 0.2363396484375 0.60637509765625 0.235385546875 0.6069380859375 0.1729880859375 0.6084646484375 0.17165234375
2 0.48399287109375 0.161735546875 0.4883875 0.1615515625 0.4916255859375 0.16118359375 0.4916255859375 0.16497939453125 0.4935337890625 0.235200390625 0.42123515625 0.2357751953125 0.42064140625 0.1615447265625 0.48399287109375 0.161735546875
2 0.99843564453125 0.62785810546875 0.9883072265625 0.63302138671875 0.9741720703125 0.6024564453125 0.99843564453125 0.59222802734375 0.99843564453125 0.62785810546875
2 0.2516685546875 0.70577177734375 0.28284130859375 0.7055283203125 0.28259775390625 0.70918134765625 0.2918521484375 0.70893779296875 0.29160859375 0.7242806640625 0.30695146484375 0.72525478515625 0.3062208984375 0.79027919921875 0.248258984375 0.7890615234375 0.2489896484375 0.70625888671875 0.2516685546875 0.70577177734375
