2 -0.0 0.781609375 0.00461611328125 0.79476630859375 0.0085033203125 0.80612919921875 0.007008203125 0.81225908203125 -0.0 0.8145017578125 -0.0 0.781609375
2 0.004518359375 0.7771900390625 0.01775576171875 0.77262138671875 0.0203330078125 0.77894716796875 0.02373017578125 0.778712890625 0.02384736328125 0.77555 0.03087607421875 0.77238701171875 0.0332189453125 0.77765859375 0.0364990234375 0.776721484375 0.045987890625 0.79757333984375 0.01869296875 0.8076478515625 0.004518359375 0.7771900390625
2 0.06499560546875 0.767946484375 0.0799150390625 0.76981142578125 0.08022587890625 0.78970400390625 0.08457744140625 0.79343388671875 0.09079384765625 0.79436630859375 0.09141552734375 0.784730859375 0.10975400390625 0.78659580078125 0.10975400390625 0.79840703125 0.1116189453125 0.79902861328125 0.11130810546875 0.82016455078125 0.08892890625 0.8220294921875 0.07027958984375 0.822651171875 0.07027958984375 0.7956095703125 0.060644140625 0.79219052734375 0.06499560546875 0.767946484375
2 0.12035546875 0.795914453125 0.12722490234375 0.7957236328125 0.12722490234375 0.78885419921875 0.13123203125 0.7848470703125 0.167405859375 0.78945078125 0.1713728515625 0.7946078125 0.1765298828125 0.79698798828125 0.1801001953125 0.800558203125 0.17414970703125 0.80730205078125 0.1713728515625 0.81523603515625 0.17295966796875 0.81682275390625 0.16899267578125 0.8322939453125 0.14915791015625 0.83110390625 0.151934765625 0.82594677734375 0.146777734375 0.82396337890625 0.14201728515625 0.82872373046875 0.1158353515625 0.81999638671875 0.1151951171875 0.8149373046875 0.12035546875 0.795914453125
2 -0.0 0.9050912109375 0.00515205078125 0.902610546875 0.00763271484375 0.9047095703125 0.0156470703125 0.905663671875 0.02251650390625 0.92608115234375 0.0118306640625 0.932378125 0.0122123046875 0.9344771484375 -0.0 0.94191904296875 -0.0 0.9050912109375
2 0.02491201171875 0.93106455078125 0.01835546875 0.90491982421875 0.0262619140625 0.89748369140625 0.042110546875 0.8955142578125 0.05279638671875 0.89322451171875 0.06462705078125 0.93463193359375 0.06787099609375 0.93501357421875 0.0693974609375 0.94245546875 0.0550861328125 0.94760751953125 0.0516625 0.95396220703125 0.0323994140625 0.95568115234375 0.02491201171875 0.93106455078125
2 0.0156818359375 0.97441435546875 0.01989912109375 0.97382861328125 0.02153916015625 0.97113427734375 0.02481923828125 0.9709 0.02751357421875 0.967619921875 0.03442509765625 0.9682056640625 0.0385251953125 0.97066572265625 0.04004814453125 0.9757029296875 0.040399609375 0.97921728515625 0.04438251953125 0.982966015625 0.0474283203125 0.9855431640625 0.05012265625 0.9878861328125 0.051176953125 0.99198623046875 0.051059765625 0.99350908203125 0.05897080078125 0.99900849609375 0.0151123046875 0.9990076171875 0.01556474609375 0.9986634765625 0.0131046875 0.99397763671875 0.01333896484375 0.98413740234375 0.01521328125 0.9834345703125 0.0156818359375 0.97441435546875
2 0.125493359375 0.8835923828125 0.14258857421875 0.887322265625 0.1413453125 0.8982009765625 0.15253486328125 0.89944423828125 0.15377822265625 0.8888763671875 0.169630078125 0.8929169921875 0.16465693359375 0.92399921875 0.1155470703125 0.91467451171875 0.1198986328125 0.89260615234375 0.125493359375 0.8929169921875 0.125493359375 0.8835923828125
2 0.12474755859375 0.92329931640625 0.14057744140625 0.9245169921875 0.14033388671875 0.92914423828125 0.14958837890625 0.93157958984375 0.1503189453125 0.92622177734375 0.1637134765625 0.9279265625 0.16249580078125 0.9554462890625 0.11646728515625 0.9522802734375 0.1176849609375 0.933284375 0.12474755859375 0.92329931640625
2 0.12257890625 0.95658203125 0.1630962890625 0.95852568359375 0.16414287109375 0.9710845703125 0.15442470703125 0.9725796875 0.1465005859375 0.978410546875 0.14635107421875 0.9876802734375 0.11241220703125 0.987979296875 0.11450537109375 0.95762861328125 0.12257890625 0.95658203125
2 0.114760546875 0.99900947265625 0.114760546875 0.98969609375 0.131278125 0.9893447265625 0.13209814453125 0.99824775390625 0.1427583984375 0.99836494140625 0.14299267578125 0.99051611328125 0.1547072265625 0.9913361328125 0.15937646484375 0.99901015625 0.114760546875 0.99900947265625
2 0.19622802734375 0.958834765625 0.20061171875 0.95834765625 0.19939404296875 0.950798046875 0.21205791015625 0.9456837890625 0.2159544921875 0.95225927734375 0.221555859375 0.95128515625 0.22106884765625 0.9430048828125 0.22886201171875 0.94178720703125 0.22910556640625 0.9430048828125 0.2463966796875 0.94397900390625 0.249319140625 0.9515287109375 0.2544333984375 0.95469462890625 0.25857353515625 0.97149873046875 0.2388470703125 0.9753953125 0.2378728515625 0.97076806640625 0.22740078125 0.9729599609375 0.229592578125 0.97807421875 0.22106884765625 0.98270146484375 0.2193640625 0.97904833984375 0.2086484375 0.98245791015625 0.20402119140625 0.9719857421875 0.20109873046875 0.97344697265625 0.19622802734375 0.958834765625
2 0.21847177734375 0.98576787109375 0.23147919921875 0.97859130859375 0.23935419921875 0.976357421875 0.2581876953125 0.9729287109375 0.25952333984375 0.98348466796875 0.26314892578125 0.993598046875 0.24975712890625 0.99901123046875 0.2436982421875 0.99901123046875 0.2446396484375 0.99665107421875 0.24177734375 0.991308203125 0.23719775390625 0.9930255859375 0.2394904296875 0.9990111328125 0.21867333984375 0.9990109375 0.21847177734375 0.98576787109375
2 0.23514140625 0.8169646484375 0.24802734375 0.8193076171875 0.2497845703125 0.824227734375 0.2545875 0.824110546875 0.26630205078125 0.8280935546875 0.2651306640625 0.8345365234375 0.28160751953125 0.84837685546875 0.2812966796875 0.85117421875 0.26109326171875 0.8654720703125 0.26264736328125 0.84682265625 0.25332265625 0.8449578125 0.2530119140625 0.8527283203125 0.2554984375 0.8536607421875 0.252390234375 0.8785265625 0.24834951171875 0.88070234375 0.2371599609375 0.8779048828125 0.2380923828125 0.87044521484375 0.24191279296875 0.84692890625 0.232344140625 0.8457328125 0.23249365234375 0.84827451171875 0.23862353515625 0.8496201171875 0.23473623046875 0.86845849609375 0.22322392578125 0.86726240234375 0.222775390625 0.84677939453125 0.22412099609375 0.84588232421875 0.225167578125 0.8381078125 0.23099853515625 0.83855634765625 0.23514140625 0.8169646484375
2 0.28020517578125 0.8542716796875 0.28957685546875 0.85415458984375 0.29250546875 0.846188671875 0.30105712890625 0.84759443359375 0.30105712890625 0.85239736328125 0.30851689453125 0.853790234375 0.30851689453125 0.86187158203125 0.307584375 0.86435810546875 0.3280986328125 0.86808798828125 0.32986123046875 0.87560283203125 0.31183359375 0.875913671875 0.3071712890625 0.8752919921875 0.306549609375 0.88554912109375 0.3081037109375 0.88523828125 0.30748203125 0.90450927734375 0.29007607421875 0.903266015625 0.29038681640625 0.8964279296875 0.2798189453125 0.8964279296875 0.2798189453125 0.8743595703125 0.28448125 0.87187294921875 0.285413671875 0.86472412109375 0.28199462890625 0.86410244140625 0.27826484375 0.87187294921875 0.26987255859375 0.86938642578125 0.27204833984375 0.861305078125 0.2776431640625 0.86037255859375 0.28020517578125 0.8542716796875
2 0.31315947265625 0.877723828125 0.3161326171875 0.87669423828125 0.33260166015625 0.87928330078125 0.3377078125 0.86964638671875 0.34598857421875 0.87095498046875 0.34598857421875 0.879541796875 0.3536212890625 0.8824041015625 0.3540029296875 0.88755615234375 0.34255390625 0.88774697265625 0.33950078125 0.90263076171875 0.35343046875 0.9056837890625 0.34484365234375 0.92915439453125 0.32805166015625 0.922094140625 0.33091396484375 0.9095001953125 0.31354951171875 0.905874609375 0.31469443359375 0.89862353515625 0.32022822265625 0.89862353515625 0.3211822265625 0.895761328125 0.31164140625 0.8944255859375 0.31315947265625 0.877723828125
2 0.3857115234375 0.9025283203125 0.40592509765625 0.91178271484375 0.40154140625 0.91787119140625 0.40324619140625 0.91835830078125 0.40689921875 0.92566435546875 0.40689921875 0.93053515625 0.40836044921875 0.93443173828125 0.41055224609375 0.93491875 0.41225703125 0.92883037109375 0.41761484375 0.9293173828125 0.42248564453125 0.9329705078125 0.426138671875 0.93102216796875 0.4397767578125 0.93613642578125 0.43563662109375 0.94173779296875 0.4317400390625 0.9436861328125 0.41761484375 0.948800390625 0.41323115234375 0.9546453125 0.4071427734375 0.95367119140625 0.40056728515625 0.96073369140625 0.39253056640625 0.959516015625 0.39082578125 0.959516015625 0.37767470703125 0.95099228515625 0.37889248046875 0.9468521484375 0.366228515625 0.94003310546875 0.37061220703125 0.93077861328125 0.37329111328125 0.92688203125 0.3718298828125 0.92688203125 0.37231689453125 0.92055009765625 0.3857115234375 0.9025283203125
2 0.4075333984375 0.96724638671875 0.41964375 0.95094970703125 0.4192841796875 0.9505181640625 0.418996484375 0.94965517578125 0.4332361328125 0.9445490234375 0.4339552734375 0.9451962890625 0.43438671875 0.94433330078125 0.43647236328125 0.9439017578125 0.43855791015625 0.9444771484375 0.44150654296875 0.94231962890625 0.44380791015625 0.94224775390625 0.45042431640625 0.9472099609375 0.45531650390625 0.9389990234375 0.481076953125 0.9556001953125 0.47172685546875 0.9722013671875 0.46142265625 0.9722013671875 0.44596650390625 0.96514111328125 0.44138681640625 0.9601798828125 0.43986025390625 0.96266044921875 0.44138681640625 0.96857578125 0.43508984375 0.97716259765625 0.42974697265625 0.98040654296875 0.4075333984375 0.96724638671875
2 0.47524375 0.98896328125 0.4789923828125 0.97994306640625 0.4823896484375 0.98216884765625 0.49129267578125 0.97150859375 0.511324609375 0.98275458984375 0.510153125 0.9764287109375 0.51472177734375 0.97584296875 0.5195248046875 0.9852146484375 0.51589326171875 0.9894318359375 0.51753330078125 0.991071875 0.51905615234375 0.98966611328125 0.54067724609375 0.99901259765625 0.4974833984375 0.99901259765625 0.49913564453125 0.99589638671875 0.4941625 0.9940314453125 0.490790234375 0.99901259765625 0.487738671875 0.99901259765625 0.47271572265625 0.99278818359375 0.47524375 0.98896328125
2 0.54407255859375 0.9990125 0.54862041015625 0.99054365234375 0.55569169921875 0.99148837890625 0.55836474609375 0.98754912109375 0.55653583984375 0.98107744140625 0.56131923828125 0.97812294921875 0.573418359375 0.98375048828125 0.56652470703125 0.99725654296875 0.5686349609375 0.9986634765625 0.5720115234375 0.993880078125 0.5807341796875 0.9978193359375 0.5807341796875 0.99901240234375 0.54407255859375 0.9990125
2 0.717065625 0.9990115234375 0.71601572265625 0.98819794921875 0.734119921875 0.98544794921875 0.7358287109375 0.99901142578125 0.717065625 0.9990115234375
2 0.736475390625 0.99901142578125 0.735333984375 0.98756796875 0.7441599609375 0.9855794921875 0.7441599609375 0.9813587890625 0.75471162109375 0.9795298828125 0.75979951171875 0.9990111328125 0.736475390625 0.99901142578125
2 0.759705078125 0.98557587890625 0.76714912109375 0.98577890625 0.7759513671875 0.9990109375 0.76169091796875 0.9990111328125 0.759705078125 0.98557587890625
2 0.7788515625 0.9937947265625 0.77813330078125 0.97781416015625 0.79680732421875 0.9765572265625 0.80111669921875 0.99397431640625 0.8002189453125 0.9959494140625 0.7959095703125 0.99523125 0.79555048828125 0.992537890625 0.7894455078125 0.993615234375 0.78974892578125 0.9990107421875 0.77687421875 0.9990109375 0.7754357421875 0.99363896484375 0.7788515625 0.9937947265625
2 0.794603125 0.9990107421875 0.7955259765625 0.9972162109375 0.808941015625 0.99801162109375 0.8106880859375 0.98491259765625 0.81818388671875 0.9859453125 0.82239169921875 0.98571162109375 0.82358525390625 0.9906853515625 0.82453447265625 0.99446455078125 0.83332041015625 0.99387890625 0.8341060546875 0.99901015625 0.794603125 0.9990107421875
2 0.84230029296875 0.99901005859375 0.84304345703125 0.98942734375 0.8592095703125 0.98977880859375 0.858741015625 0.99294169921875 0.8657697265625 0.99376171875 0.86670693359375 0.98731875 0.88135009765625 0.98919306640625 0.88193583984375 0.9915359375 0.88744169921875 0.99575322265625 0.89078388671875 0.9965140625 0.89603525390625 0.9990091796875 0.84230029296875 0.99901005859375
