0 0.8876953125 0.697265625 0.8994140625 0.7060546875 0.896484375 0.7099609375 0.900390625 0.712890625 0.8828125 0.7373046875 0.8671875 0.7265625 0.8876953125 0.697265625
1 0.8612154296875 0.5995728515625 0.8504732421875 0.6161744140625 0.8397310546875 0.6093384765625 0.8387544921875 0.6112916015625 0.8280123046875 0.6034791015625 0.8289888671875 0.6015259765625 0.8192232421875 0.5946900390625 0.8280123046875 0.5819947265625 0.8328951171875 0.5859009765625 0.8387544921875 0.5761353515625 0.8426607421875 0.5780884765625 0.84271611328125 0.58291298828125 0.8406822265625 0.58462822265625 0.8612154296875 0.5995728515625
1 0.74899794921875 0.04489267578125 0.7335244140625 0.06947080078125 0.7194001953125 0.0589177734375 0.72120029296875 0.04970166015625 0.71188857421875 0.04000986328125 0.71286513671875 0.03903330078125 0.70114638671875 0.03024423828125 0.71286513671875 0.01364267578125 0.7246578125 0.01942294921875 0.73105537109375 0.02272744140625 0.729457421875 0.0296998046875 0.74899794921875 0.04489267578125
0 0.820784375 0.03270205078125 0.8256671875 0.05613955078125 0.8071125 0.06004580078125 0.80466923828125 0.05419375 0.7768390625 0.05809267578125 0.7729328125 0.03953798828125 0.78513076171875 0.03513798828125 0.7885578125 0.03953798828125 0.820784375 0.03270205078125
1 0.741748828125 0.2125876953125 0.7217796875 0.19393154296875 0.7334984375 0.17830654296875 0.73838125 0.18318935546875 0.7501 0.16854091796875 0.7510765625 0.16951748046875 0.7579125 0.16170498046875 0.773975390625 0.17672421875 0.76751025390625 0.1856140625 0.76178515625 0.19026181640625 0.741748828125 0.2125876953125
0 0.2069544921875 4.78515625e-06 0.2145275390625 0.027056640625 0.1733583984375 0.039010546875 0.16654375 4.296875e-06 0.2069544921875 4.78515625e-06
0 0.9258796875 0.6989158203125 0.9171951171875 0.69841005859375 0.9140296875 0.67908095703125 0.9318755859375 0.676319921875 0.9387458984375 0.6799232421875 0.93982236328125 0.686928515625 0.9373298828125 0.6975357421875 0.9393798828125 0.70410029296875 0.926317578125 0.70699921875 0.9258796875 0.6989158203125
0 7.734375e-05 0.0625322265625 0.00778330078125 0.06836669921875 0.0087890625 0.0810546875 7.734375e-05 0.07744599609375 7.734375e-05 0.0625322265625
0 0.86004794921875 0.75491640625 0.87371982421875 0.75101015625 0.87469638671875 0.75491640625 0.87860263671875 0.75393984375 0.88250888671875 0.77054140625 0.88934482421875 0.76956484375 0.89325107421875 0.78616640625 0.87664951171875 0.79007265625 0.87567294921875 0.78714296875 0.86786044921875 0.78909609375 0.86004794921875 0.75491640625
4 0.70241318359375 5.76171875e-06 0.703125 0.00390625 0.685546875 0.0068359375 0.68408330078125 5.95703125e-06 0.70241318359375 5.76171875e-06
0 0.84465791015625 0.15914609375 0.842368359375 0.1335869140625 0.860923046875 0.1306572265625 0.861899609375 0.1355400390625 0.864829296875 0.1345634765625 0.865805859375 0.1355400390625 0.880454296875 0.1326103515625 0.880454296875 0.1355400390625 0.891196484375 0.1326103515625 0.895102734375 0.1511650390625 0.880454296875 0.1540947265625 0.87523427734375 0.15540849609375 0.84465791015625 0.15914609375
2 0.71258486328125 0.2426291015625 0.72528017578125 0.2406759765625 0.72723330078125 0.2475119140625 0.73113955078125 0.2465353515625 0.73211611328125 0.2494650390625 0.73992861328125 0.2484884765625 0.74188173828125 0.2592306640625 0.73309267578125 0.2611837890625 0.73797548828125 0.2865744140625 0.72137392578125 0.2895041015625 0.71258486328125 0.2426291015625
0 0.7786224609375 0.154768359375 0.7991302734375 0.150862109375 0.7991302734375 0.148908984375 0.8118255859375 0.145979296875 0.8118255859375 0.147932421875 0.8245208984375 0.145002734375 0.8274505859375 0.159651171875 0.8215912109375 0.160627734375 0.8225677734375 0.164533984375 0.7825287109375 0.173323046875 0.7786224609375 0.154768359375
0 0.98491455078125 0.89337197265625 0.98972568359375 0.90859931640625 0.98799033203125 0.9130494140625 0.98419091796875 0.91435048828125 0.95601533203125 0.9213677734375 0.95098779296875 0.90263173828125 0.95880029296875 0.90067861328125 0.95880029296875 0.89970205078125 0.96270654296875 0.89872548828125 0.96270654296875 0.89970205078125 0.98491455078125 0.89337197265625
4 0.86582646484375 0.83517626953125 0.852624609375 0.8339974609375 0.847673828125 0.80429326171875 0.85969697265625 0.79745654296875 0.86582646484375 0.83517626953125
1 0.850425390625 4.00390625e-06 0.8529697265625 0.024221484375 0.84332314453125 0.02465322265625 0.83297734375 0.0272806640625 0.831827734375 0.021697265625 0.82673701171875 0.0207119140625 0.82722958984375 0.0108587890625 0.8343455078125 4.19921875e-06 0.850425390625 4.00390625e-06
0 0.38638798828125 6.34765625e-06 0.38679775390625 0.00562939453125 0.3639216796875 0.0070158203125 0.363875 6.25e-06 0.38638798828125 6.34765625e-06
