0 0.913229296875 0.02701640625 0.91898935546875 0.026632421875 0.91898935546875 0.0243283203125 0.93358173828125 0.0247123046875 0.9324296875 0.01703212890625 0.95278212890625 0.01703212890625 0.956622265625 0.02586435546875 0.96199833984375 0.02586435546875 0.963150390625 0.0542810546875 0.9477900390625 0.05696904296875 0.94279794921875 0.0485208984375 0.91361328125 0.0485208984375 0.913229296875 0.02701640625
0 0.95163017578125 0.2259330078125 0.95815830078125 0.2259330078125 0.95777431640625 0.25626962890625 0.94855810546875 0.25588564453125 0.9477900390625 0.25857373046875 0.90977314453125 0.254349609375 0.9109251953125 0.24628544921875 0.907469140625 0.236301171875 0.908237109375 0.2263169921875 0.91553330078125 0.2270849609375 0.9224455078125 0.2267009765625 0.9224455078125 0.226669921875 0.95166015625 0.2255078125 0.95163017578125 0.2259330078125
0 0.95508623046875 0.191611328125 0.95508623046875 0.19175615234375 0.962382421875 0.192140234375 0.9600783203125 0.21556474609375 0.952734375 0.220107421875 0.9224455078125 0.21830078125 0.9224455078125 0.21633271484375 0.90670107421875 0.21057265625 0.90554912109375 0.19175615234375 0.9109251953125 0.19175615234375 0.910927734375 0.191474609375 0.95508623046875 0.191611328125
0 0.925517578125 0.15719541015625 0.92548828125 0.156787109375 0.956622265625 0.1580859375 0.956622265625 0.1583474609375 0.96161435546875 0.15796337890625 0.96084638671875 0.18830009765625 0.95528935546875 0.18830009765625 0.95429716796875 0.187076953125 0.910986328125 0.18609375 0.9113091796875 0.156043359375 0.925517578125 0.15719541015625
0 0.963671875 0.124462890625 0.96199833984375 0.15450732421875 0.956622265625 0.1525873046875 0.956622265625 0.153359375 0.92513671875 0.151162109375 0.92513349609375 0.15105126953125 0.923974609375 0.151083984375 0.923361328125 0.15103935546875 0.923359375 0.151103515625 0.9109251953125 0.15143525390625 0.90938916015625 0.12532265625 0.91514931640625 0.124938671875 0.914990234375 0.124248046875 0.963671875 0.124462890625
0 0.96391845703125 0.119296875 0.913984375 0.1199609375 0.9109251953125 0.106890234375 0.91451171875 0.093994140625 0.96391845703125 0.092900390625 0.96391845703125 0.119296875
0 0.96391845703125 0.090537109375 0.9148546875 0.0912185546875 0.91190263671875 0.09306591796875 0.90977314453125 0.09306591796875 0.9105412109375 0.0669533203125 0.9232134765625 0.06810537109375 0.92167744140625 0.05927314453125 0.96391845703125 0.06196123046875 0.96391845703125 0.090537109375
0 0.99846162109375 0.367569921875 0.9983330078125 0.36748447265625 0.97450478515625 0.33386640625 0.972747265625 0.329208984375 0.981059375 0.32366748046875 0.985492578125 0.3240369140625 0.99846162109375 0.31660615234375 0.99846162109375 0.367569921875
0 0.9628677734375 0.312439453125 0.9628677734375 0.31853505859375 0.96600791015625 0.31835029296875 0.9641607421875 0.3556626953125 0.9565875 0.3558474609375 0.9573263671875 0.365083203125 0.93959365234375 0.36545263671875 0.93848544921875 0.35935703125 0.936337890625 0.357060546875 0.936845703125 0.313818359375 0.93959365234375 0.3139171875 0.9414408203125 0.3122546875 0.94938359375 0.31262412109375 0.94938359375 0.31484072265625 0.9506765625 0.31484072265625 0.95123076171875 0.31133115234375 0.9628677734375 0.312439453125
0 0.9336828125 0.3087451171875 0.93423828125 0.312509765625 0.9339939453125 0.3126775390625 0.9336328125 0.356669921875 0.92555537109375 0.35769453125 0.92574013671875 0.36379013671875 0.90652978515625 0.36101943359375 0.9076380859375 0.3117005859375 0.9129947265625 0.3104076171875 0.91705849609375 0.31077705078125 0.9216763671875 0.312439453125 0.9229693359375 0.31280888671875 0.92352353515625 0.30800625 0.9336828125 0.3087451171875
0 0.50170390625 0.86289931640625 0.50200478515625 0.87192578125 0.51494267578125 0.87282841796875 0.51253564453125 0.879146875 0.51484375 0.87978515625 0.50916015625 0.915029296875 0.5071197265625 0.9149517578125 0.50501357421875 0.9254826171875 0.48004052734375 0.92307548828125 0.47302734375 0.921923828125 0.477870703125 0.90538193359375 0.48268896484375 0.88129052734375 0.484199609375 0.86769482421875 0.483447265625 0.86486328125 0.48365107421875 0.8625984375 0.50170390625 0.86289931640625
0 0.576021484375 0.85928876953125 0.57331357421875 0.87192578125 0.587755859375 0.875536328125 0.58655234375 0.8914830078125 0.58504794921875 0.8926865234375 0.58504794921875 0.90020859375 0.58083564453125 0.90020859375 0.5778267578125 0.91645615234375 0.550145703125 0.91284560546875 0.55044658203125 0.9074296875 0.5503515625 0.907431640625 0.55189140625 0.89693662109375 0.55490283203125 0.87886787109375 0.555146484375 0.860498046875 0.55736689453125 0.857784375 0.5648888671875 0.85567822265625 0.576021484375 0.85928876953125
0 0.552939453125 0.860859375 0.5514072265625 0.88453662109375 0.54990537109375 0.89444833984375 0.547138671875 0.907607421875 0.5447298828125 0.90773056640625 0.54503076171875 0.91194296875 0.5375087890625 0.91164208984375 0.53690693359375 0.9161552734375 0.512734375 0.91517578125 0.5178974609375 0.8824583984375 0.517626953125 0.880556640625 0.51795146484375 0.8806513671875 0.52096025390625 0.86169580078125 0.52788056640625 0.86289931640625 0.5275796875 0.85989052734375 0.5372078125 0.86049228515625 0.53690693359375 0.85868701171875 0.552939453125 0.860859375
0 0.465297265625 0.85447470703125 0.46319111328125 0.86229755859375 0.48056640625 0.86541015625 0.4797978515625 0.880315234375 0.469892578125 0.92140625 0.4379171875 0.9161552734375 0.448748828125 0.854173828125 0.465297265625 0.85447470703125
0 0.9779248046875 0.8831873046875 0.979248046875 0.884599609375 0.972294921875 0.925244140625 0.96979736328125 0.92530224609375 0.96979736328125 0.93250615234375 0.96684189453125 0.93398388671875 0.9664724609375 0.93749345703125 0.93913466796875 0.93509208984375 0.93895 0.9312130859375 0.938310546875 0.93123046875 0.93894609375 0.925480859375 0.93937353515625 0.91493876953125 0.94139609375 0.91436083984375 0.9425390625 0.895751953125 0.94430673828125 0.89611728515625 0.94578447265625 0.886512109375 0.94578447265625 0.8815248046875 0.9779248046875 0.8831873046875
0 0.990116015625 0.88614267578125 0.99528798828125 0.8872509765625 0.9984619140625 0.889971484375 0.99846201171875 0.92245498046875 0.9864216796875 0.92474814453125 0.977370703125 0.92511748046875 0.9761328125 0.925146484375 0.97677001953125 0.91391669921875 0.9786166015625 0.903206640625 0.979539453125 0.8923162109375 0.9810546875 0.885966796875 0.990116015625 0.88614267578125
0 0.93433212890625 0.87764580078125 0.93433212890625 0.89408544921875 0.93482421875 0.894189453125 0.933976171875 0.9025400390625 0.93237109375 0.906917578125 0.9331005859375 0.910565234375 0.9319462890625 0.92037705078125 0.93165556640625 0.92677158203125 0.932119140625 0.931376953125 0.93137666015625 0.9313978515625 0.93137666015625 0.9334296875 0.90607421875 0.932275390625 0.90740400390625 0.88281787109375 0.9084720703125 0.88281787109375 0.90865673828125 0.87690693359375 0.93433212890625 0.87764580078125
0 0.873745703125 0.8689642578125 0.870790234375 0.8732126953125 0.875038671875 0.8745056640625 0.87265625 0.88828125 0.87222783203125 0.8881224609375 0.8709697265625 0.8915537109375 0.8684396484375 0.9173138671875 0.871207421875 0.9167603515625 0.87383193359375 0.89108544921875 0.874375 0.889033203125 0.87651640625 0.88854404296875 0.8772552734375 0.882263671875 0.88076484375 0.882263671875 0.8813189453125 0.8772763671875 0.883535546875 0.87709169921875 0.88538271484375 0.87191962890625 0.8983126953125 0.87265849609375 0.89738916015625 0.8765375 0.90366943359375 0.87930830078125 0.9033 0.88281787109375 0.903401953125 0.88281787109375 0.90064453125 0.93296875 0.8648671875 0.92939404296875 0.83387646484375 0.92939404296875 0.8335755859375 0.920367578125 0.83333984375 0.920419921875 0.83486328125 0.90423828125 0.83643330078125 0.90461416015625 0.8360638671875 0.89408544921875 0.8395734375 0.89408544921875 0.8403123046875 0.87339736328125 0.85822958984375 0.8702572265625 0.85970732421875 0.8661935546875 0.873745703125 0.8689642578125
0 0.8273822265625 0.8687794921875 0.82775166015625 0.8722890625 0.83200009765625 0.87432099609375 0.83070712890625 0.8782 0.83070712890625 0.88263310546875 0.8331083984375 0.8902064453125 0.83273896484375 0.89685615234375 0.829598828125 0.89814912109375 0.8318154296875 0.903505859375 0.83291015625 0.90376953125 0.830859375 0.920966796875 0.828159765625 0.92157109375 0.82695625 0.92698701171875 0.79385927734375 0.9278896484375 0.793583984375 0.9162109375 0.79483271484375 0.9160048828125 0.800781640625 0.91317919921875 0.80311484375 0.87963828125 0.801376953125 0.877900390625 0.80022919921875 0.86988779296875 0.8140828125 0.87099609375 0.81629931640625 0.868040625 0.8273822265625 0.8687794921875
0 0.78231181640625 0.86674765625 0.78452841796875 0.87118076171875 0.7821271484375 0.87505986328125 0.792655859375 0.87413623046875 0.79376416015625 0.878015234375 0.79671962890625 0.8787541015625 0.798876953125 0.878837890625 0.79943515625 0.8933337890625 0.79829091796875 0.911355859375 0.7835658203125 0.9132326171875 0.783115234375 0.914912109375 0.76833984375 0.91443359375 0.766490234375 0.90733994140625 0.76591259765625 0.89058828125 0.766637109375 0.87479501953125 0.76576171875 0.869990234375 0.76605693359375 0.87007255859375 0.7649486328125 0.8632380859375 0.77750927734375 0.86194501953125 0.78231181640625 0.86674765625
0 0.75977666015625 0.86841005859375 0.762275390625 0.869072265625 0.7631095703125 0.87353740234375 0.76383203125 0.888563671875 0.76354248046875 0.9007232421875 0.7644158203125 0.9136779296875 0.765810546875 0.915849609375 0.7652755859375 0.92758876953125 0.73007255859375 0.926084375 0.729033203125 0.92158203125 0.72978916015625 0.9196970703125 0.730361328125 0.9077734375 0.7319654296875 0.90391005859375 0.731455078125 0.8958984375 0.73328330078125 0.885550390625 0.73038837890625 0.88265546875 0.732138671875 0.87255859375 0.74777021484375 0.8687794921875 0.75589765625 0.8674865234375 0.75977666015625 0.86841005859375
0 0.72874453125 0.86785595703125 0.72855986328125 0.8730279296875 0.72880859375 0.8730078125 0.727587890625 0.89435546875 0.7274119140625 0.8943513671875 0.727802734375 0.904755859375 0.72743115234375 0.904818359375 0.726796875 0.918291015625 0.712621484375 0.9185623046875 0.7120197265625 0.92397822265625 0.69697568359375 0.922774609375 0.69637392578125 0.91886318359375 0.691064453125 0.919541015625 0.69115986328125 0.9154314453125 0.69217314453125 0.91050986328125 0.6923177734375 0.90154189453125 0.69303984375 0.89865390625 0.69347724609375 0.89252919921875 0.69290341796875 0.8882255859375 0.6956396484375 0.8813130859375 0.6965189453125 0.87589091796875 0.69556640625 0.870546875 0.6959244140625 0.869945703125 0.71360556640625 0.869945703125 0.71384130859375 0.86688095703125 0.72874453125 0.86785595703125
0 0.67565009765625 0.8697099609375 0.693466796875 0.87099609375 0.6941431640625 0.8766103515625 0.69328623046875 0.881608984375 0.6906796875 0.88725654296875 0.68994794921875 0.8923787109375 0.69023759765625 0.9010681640625 0.688447265625 0.9198828125 0.68463955078125 0.920367578125 0.68463955078125 0.92247373046875 0.660234375 0.921650390625 0.6591759765625 0.9012267578125 0.65961064453125 0.89702578125 0.65931962890625 0.89353359375 0.65917587890625 0.89066015625 0.65960361328125 0.8859560546875 0.66149287109375 0.8827587890625 0.66134609375 0.87733056640625 0.66087890625 0.86822265625 0.66126953125 0.8682955078125 0.662683984375 0.86546650390625 0.67565009765625 0.86523076171875 0.67565009765625 0.8697099609375
0 0.6590234375 0.867861328125 0.6592666015625 0.8721470703125 0.65984423828125 0.87907861328125 0.65956513671875 0.883125 0.65826171875 0.88384912109375 0.6575291015625 0.89557080078125 0.658046875 0.92158203125 0.6578611328125 0.92157109375 0.65455146484375 0.92457998046875 0.62236328125 0.921572265625 0.62642587890625 0.89131650390625 0.625625 0.887724609375 0.62685029296875 0.88739111328125 0.62614296875 0.876782421875 0.62802900390625 0.8673525390625 0.6414666015625 0.8673525390625 0.64547431640625 0.86523076171875 0.6590234375 0.867861328125
0 0.6070474609375 0.86570224609375 0.6075189453125 0.8687669921875 0.61341259765625 0.8687669921875 0.6148271484375 0.87230322265625 0.6176560546875 0.8756037109375 0.617891796875 0.88055439453125 0.62095654296875 0.88173310546875 0.62390625 0.887421875 0.618837890625 0.92142578125 0.58564970703125 0.92006669921875 0.59046376953125 0.86350107421875 0.6070474609375 0.86570224609375
0 0.2945421875 0.99901181640625 0.29357841796875 0.94114150390625 0.28148056640625 0.94114150390625 0.2747158203125 0.932246875 0.27568896484375 0.92105546875 0.2751966796875 0.895948828125 0.272841796875 0.89359375 0.272994140625 0.89360146484375 0.2734841796875 0.888700390625 0.34601953125 0.888700390625 0.34456220703125 0.99901220703125 0.2945421875 0.99901181640625
0 0.272119140625 0.8935546875 0.2747123046875 0.896155078125 0.27520029296875 0.9210390625 0.27421298828125 0.93239228515625 0.281279296875 0.94169921875 0.2808357421875 0.94751279296875 0.255350390625 0.9480029296875 0.253880078125 0.94457216796875 0.25338994140625 0.89262119140625 0.272119140625 0.8935546875
0 0.2275615234375 0.97462568359375 0.2368888671875 0.97643095703125 0.23746787109375 0.99901123046875 0.18601650390625 0.99901064453125 0.18513740234375 0.97703271484375 0.18874794921875 0.9755283203125 0.18814619140625 0.96078515625 0.1878453125 0.95807724609375 0.206572265625 0.9575 0.2068619140625 0.9767279296875 0.20884736328125 0.97633076171875 0.20912109375 0.957421875 0.226959765625 0.95687373046875 0.2275615234375 0.97462568359375
0 -0.0 0.99384296875 0.00411552734375 0.99391962890625 0.0039609375 0.99900751953125 -0.0 0.999007421875 -0.0 0.99384296875
0 0.00559326171875 0.97470927734375 0.01593720703125 0.97433984375 0.01593720703125 0.97101494140625 0.0397654296875 0.96953720703125 0.039944140625 0.999008203125 0.009534375 0.9990076171875 0.00910283203125 0.9976138671875 0.006516796875 0.99816806640625 0.00559326171875 0.97470927734375
0 0.04253623046875 0.96104033203125 0.05879111328125 0.96104033203125 0.05860634765625 0.97378564453125 0.0698740234375 0.97378564453125 0.0698740234375 0.9990087890625 0.0425123046875 0.99900830078125 0.042166796875 0.98468388671875 0.0497400390625 0.98376025390625 0.0482623046875 0.97988125 0.043459765625 0.98025068359375 0.04253623046875 0.96104033203125
0 0.0754154296875 0.97433984375 0.08834541015625 0.97027607421875 0.09351748046875 0.97119970703125 0.09259384765625 0.96621240234375 0.10774052734375 0.964365234375 0.11051123046875 0.97821884765625 0.0968423828125 0.97877294921875 0.0968423828125 0.99900927734375 0.07577060546875 0.99900888671875 0.0754154296875 0.97433984375
0 0.1129125 0.96030146484375 0.12196357421875 0.94995751953125 0.11826923828125 0.94644794921875 0.125842578125 0.93444140625 0.1422822265625 0.94755615234375 0.13803369140625 0.95549892578125 0.15465810546875 0.97341630859375 0.15151787109375 0.978403515625 0.15318037109375 0.980066015625 0.14967080078125 0.98690048828125 0.1469 0.98597685546875 0.14302099609375 0.990040625 0.12528837890625 0.97452451171875 0.11402080078125 0.9628875 0.1129125 0.96030146484375
0 0.12802490234375 0.91011494140625 0.1256673828125 0.90139228515625 0.15277841796875 0.90139228515625 0.15301416015625 0.89903486328125 0.16810205078125 0.89950634765625 0.16880927734375 0.9110580078125 0.16715908203125 0.913651171875 0.16668759765625 0.93062509765625 0.11387998046875 0.93015361328125 0.11246552734375 0.9105865234375 0.12802490234375 0.91011494140625
0 0.1181775390625 0.8645794921875 0.13954013671875 0.86668564453125 0.13954013671875 0.86066806640625 0.15307978515625 0.8597654296875 0.15368154296875 0.86728740234375 0.16481416015625 0.86728740234375 0.1651150390625 0.8928623046875 0.12449609375 0.89436669921875 0.12600048828125 0.88503935546875 0.12178818359375 0.885340234375 0.12178818359375 0.8811279296875 0.11877939453125 0.880526171875 0.1181775390625 0.8645794921875
0 0.11486787109375 0.83719931640625 0.12660224609375 0.8368984375 0.12600048828125 0.828774609375 0.1723361328125 0.8269693359375 0.1723361328125 0.84201337890625 0.16782294921875 0.84261513671875 0.16842470703125 0.85675654296875 0.1380357421875 0.857057421875 0.1380357421875 0.847429296875 0.13261982421875 0.847429296875 0.1332216796875 0.85374775390625 0.11516875 0.854650390625 0.11486787109375 0.83719931640625
0 0.118478515625 0.7890583984375 0.13532783203125 0.7890583984375 0.13713310546875 0.79597861328125 0.163309765625 0.79597861328125 0.16451328125 0.82065087890625 0.12840751953125 0.821553515625 0.12840751953125 0.80139453125 0.11938115234375 0.80109365234375 0.118478515625 0.7890583984375
0 0.0402494140625 0.81583681640625 0.048975 0.8155359375 0.0555943359375 0.8155359375 0.0580013671875 0.828774609375 0.0625146484375 0.83057998046875 0.064319921875 0.84351787109375 0.06702783203125 0.84351787109375 0.06702783203125 0.86728740234375 0.0414529296875 0.8681900390625 0.04055029296875 0.8387037109375 0.04175380859375 0.8338896484375 0.0402494140625 0.81583681640625
0 0.00685166015625 0.8161376953125 0.02219658203125 0.8140314453125 0.02340009765625 0.82606669921875 0.0324265625 0.826367578125 0.03182470703125 0.8314826171875 0.03633798828125 0.8314826171875 0.03633798828125 0.86728740234375 0.0107630859375 0.86758828125 0.010161328125 0.84080986328125 0.01527626953125 0.84020810546875 0.01527626953125 0.833287890625 0.00685166015625 0.833287890625 0.00685166015625 0.8161376953125
0 -0.0 0.88564111328125 0.0083560546875 0.885340234375 0.03272744140625 0.88564111328125 0.03212568359375 0.9130212890625 0.0200904296875 0.91241953125 0.01858603515625 0.91663193359375 -0.0 0.9163310546875 -0.0 0.88564111328125
0 0.0378423828125 0.8751103515625 0.06281552734375 0.8751103515625 0.06401904296875 0.887446484375 0.06101025390625 0.88774736328125 0.06221376953125 0.90610107421875 0.03874501953125 0.90760546875 0.0378423828125 0.8751103515625
0 -0.0 0.72351220703125 0.00661630859375 0.72449091796875 0.004584375 0.76863779296875 -0.0 0.768383984375 -0.0 0.72351220703125
0 0.0110494140625 0.73040185546875 0.011973046875 0.72892412109375 0.0424509765625 0.72892412109375 0.04337451171875 0.73871396484375 0.0359859375 0.73963759765625 0.03635537109375 0.7492427734375 0.0382025390625 0.75090517578125 0.038756640625 0.7688224609375 0.0267501953125 0.76919189453125 0.02656552734375 0.7727015625 0.0112341796875 0.77140849609375 0.0110494140625 0.74222353515625 0.0097564453125 0.735573828125 0.0110494140625 0.73040185546875
0 0.047253515625 0.728369921875 0.07200537109375 0.728369921875 0.07182060546875 0.7407458984375 0.06831103515625 0.741115234375 0.06978876953125 0.7577396484375 0.0734830078125 0.75792431640625 0.0736677734375 0.7703001953125 0.0622154296875 0.7704849609375 0.0622154296875 0.78286083984375 0.04577578125 0.78267607421875 0.0465146484375 0.7632810546875 0.05261025390625 0.7619880859375 0.05334912109375 0.75958671875 0.04614521484375 0.75884794921875 0.047253515625 0.728369921875
0 0.0998828125 0.7533984375 0.0997125 0.771223828125 0.0921392578125 0.77085439453125 0.091215625 0.769561328125 0.0784703125 0.76993076171875 0.079365234375 0.755048828125 0.08069921875 0.75521650390625 0.09288896484375 0.75244609375 0.0998828125 0.7533984375
0 0.10266796875 0.73151015625 0.10377626953125 0.75145927734375 0.101083984375 0.751845703125 0.10104306640625 0.75143291015625 0.09177646484375 0.74992001953125 0.080048828125 0.75119140625 0.08031748046875 0.749796875 0.07976337890625 0.7305865234375 0.08031748046875 0.7292935546875 0.0864130859375 0.7292935546875 0.08826025390625 0.72800048828125 0.10266796875 0.73151015625
0 -0.0 0.66808095703125 0.0059580078125 0.6684201171875 0.0083650390625 0.66511044921875 0.02431171875 0.6672166015625 0.02220556640625 0.689180859375 0.01979853515625 0.689180859375 0.01949765625 0.69519853515625 0.02340908203125 0.69580029296875 0.01949765625 0.7180654296875 -0.0 0.71956982421875 -0.0 0.66808095703125
0 0.0301712890625 0.66989970703125 0.0431013671875 0.66989970703125 0.04273193359375 0.66675947265625 0.05843271484375 0.66879140625 0.05824794921875 0.6905876953125 0.05252177734375 0.69021826171875 0.05252177734375 0.6998234375 0.05806328125 0.69963876953125 0.057878515625 0.7190337890625 0.03201845703125 0.71884912109375 0.02998662109375 0.695575 0.035343359375 0.695759765625 0.0346044921875 0.6913265625 0.03054072265625 0.6907724609375 0.0301712890625 0.66989970703125
0 0.065082421875 0.6693455078125 0.0800443359375 0.66823720703125 0.08115263671875 0.68615458984375 0.08891064453125 0.6863392578125 0.08743291015625 0.7062884765625 0.09297431640625 0.70610380859375 0.09260498046875 0.7160783203125 0.06415888671875 0.717001953125 0.06231171875 0.69003359375 0.06397412109375 0.6892947265625 0.06545185546875 0.688555859375 0.06489775390625 0.67193154296875 0.065082421875 0.6693455078125
0 0.09666865234375 0.670269140625 0.1112611328125 0.668606640625 0.11292353515625 0.66694423828125 0.1267771484375 0.66823720703125 0.12862431640625 0.71460068359375 0.09722275390625 0.71367705078125 0.09740751953125 0.69963876953125 0.097776953125 0.68098251953125 0.09666865234375 0.67303984375 0.09666865234375 0.670269140625
0 0.1569748046875 0.6720123046875 0.15768203125 0.6743697265625 0.15768203125 0.67814169921875 0.1628685546875 0.6816779296875 0.16121826171875 0.70831748046875 0.1628685546875 0.7205763671875 0.131042578125 0.7182189453125 0.13057109375 0.70902470703125 0.13457880859375 0.69912333984375 0.1326927734375 0.673191015625 0.139765234375 0.671305078125 0.1473091796875 0.671305078125 0.1569748046875 0.6720123046875
0 0.22546875 0.746630859375 0.22558876953125 0.750923046875 0.22228828125 0.77661962890625 0.2215810546875 0.779684375 0.18692607421875 0.7785056640625 0.18904775390625 0.74667958984375 0.188787109375 0.74667958984375 0.189859375 0.7455126953125 0.22546875 0.746630859375
0 0.2222486328125 0.72213037109375 0.222484375 0.7256666015625 0.22696357421875 0.72590234375 0.22535302734375 0.742671875 0.22544921875 0.746142578125 0.18965078125 0.745017578125 0.1881244140625 0.74667958984375 0.18551162109375 0.74667958984375 0.18574736328125 0.73017724609375 0.18763330078125 0.72947001953125 0.187109375 0.722529296875 0.198590234375 0.72192890625 0.20116435546875 0.71912080078125 0.222294921875 0.72205078125 0.2222486328125 0.72213037109375
0 0.1887724609375 0.69765244140625 0.1942255859375 0.69765244140625 0.2008201171875 0.6981234375 0.205276171875 0.6983580078125 0.212345703125 0.7002431640625 0.226064453125 0.701298828125 0.2250775390625 0.717651171875 0.224501953125 0.718564453125 0.21900234375 0.7183818359375 0.2053501953125 0.7172048828125 0.2007736328125 0.71624140625 0.19627119140625 0.71979599609375 0.18606669921875 0.71979599609375 0.181975390625 0.7186255859375 0.18126806640625 0.69740830078125 0.18326171875 0.695810546875 0.1887724609375 0.69765244140625
0 0.22342734375 0.67498076171875 0.2300283203125 0.67568798828125 0.22908525390625 0.694312109375 0.22649208984375 0.694312109375 0.226455078125 0.694853515625 0.2175798828125 0.6950421875 0.2051013671875 0.694100390625 0.200840234375 0.693626953125 0.19073330078125 0.69433212890625 0.1859375 0.692568359375 0.1850400390625 0.6724189453125 0.18641484375 0.66955859375 0.2236630859375 0.6688513671875 0.22342734375 0.67498076171875
0 0.21780908203125 0.81693251953125 0.22016650390625 0.8174041015625 0.2220525390625 0.81716826171875 0.220873828125 0.8421576171875 0.200363671875 0.843336328125 0.17985361328125 0.8440435546875 0.17891064453125 0.82211904296875 0.183861328125 0.82141181640625 0.183861328125 0.81833984375 0.1945037109375 0.81906552734375 0.198291015625 0.817734375 0.217841796875 0.8167578125 0.21780908203125 0.81693251953125
0 0.21639453125 0.7867568359375 0.21663037109375 0.79029306640625 0.22228828125 0.79100029296875 0.221816796875 0.81386787109375 0.219033203125 0.81423828125 0.21897353515625 0.8136076171875 0.19516015625 0.81527451171875 0.19515625 0.815283203125 0.19211123046875 0.8150373046875 0.18691015625 0.81551015625 0.183861328125 0.815634765625 0.183861328125 0.81504658203125 0.18103232421875 0.81410361328125 0.18126806640625 0.7978369140625 0.1850400390625 0.7971296875 0.18692607421875 0.79100029296875 0.19447001953125 0.79076455078125 0.19447001953125 0.78652109375 0.21639453125 0.7867568359375
0 0.32642392578125 0.8034814453125 0.3277734375 0.803583984375 0.3276171875 0.81623046875 0.3276162109375 0.81622783203125 0.326943359375 0.84244140625 0.326123046875 0.84229501953125 0.32642392578125 0.848914453125 0.3059640625 0.8483126953125 0.3059640625 0.84289677734375 0.304765625 0.843046875 0.30639482421875 0.8046849609375 0.3113798828125 0.8046849609375 0.31168076171875 0.80197705078125 0.32642392578125 0.80197705078125 0.32642392578125 0.8034814453125
0 0.343875 0.80378232421875 0.3456802734375 0.804083203125 0.34598115234375 0.80679111328125 0.3574146484375 0.8070919921875 0.355609375 0.8425958984375 0.347184765625 0.8425958984375 0.34748564453125 0.84741005859375 0.33274248046875 0.84530390625 0.33123798828125 0.84319765625 0.330830078125 0.843125 0.3303212890625 0.8287982421875 0.33087685546875 0.820279296875 0.33001953125 0.816357421875 0.33049306640625 0.816246484375 0.33124755859375 0.80492880859375 0.3303515625 0.802607421875 0.343875 0.80378232421875
0 0.3020525390625 0.8046849609375 0.30298056640625 0.8046849609375 0.3015625 0.843447265625 0.30114990234375 0.84349853515625 0.30114990234375 0.8477109375 0.28008828125 0.84560478515625 0.27798212890625 0.82905625 0.2773828125 0.82904296875 0.27852568359375 0.82216494140625 0.27994169921875 0.80257880859375 0.30295517578125 0.80257880859375 0.3020525390625 0.8046849609375
0 0.27798212890625 0.7977646484375 0.27798212890625 0.80257880859375 0.27945634765625 0.80257880859375 0.27804033203125 0.82210712890625 0.276884765625 0.829033203125 0.25391162109375 0.8284544921875 0.25511513671875 0.79746376953125 0.27798212890625 0.7977646484375
0 0.29261533203125 0.74103642578125 0.30591796875 0.743515625 0.30867373046875 0.7659875 0.27234677734375 0.766855859375 0.27017578125 0.7532513671875 0.2680048828125 0.753106640625 0.2677154296875 0.7415283203125 0.267783203125 0.7403125 0.29261533203125 0.74103642578125
0 0.2983169921875 0.716027734375 0.29863427734375 0.71761396484375 0.311220703125 0.716923828125 0.31127880859375 0.7175033203125 0.31243662109375 0.740515234375 0.305888671875 0.7412109375 0.303603125 0.74010458984375 0.29107666015625 0.737941015625 0.2695150390625 0.73760048828125 0.2679296875 0.7375390625 0.2680048828125 0.73617333984375 0.2671365234375 0.72401611328125 0.2697416015625 0.72314775390625 0.269052734375 0.714931640625 0.27210498046875 0.7136951171875 0.296121484375 0.7136951171875 0.2983169921875 0.716027734375
0 0.2911615234375 0.6814658203125 0.29188515625 0.68797861328125 0.2940560546875 0.68797861328125 0.30838427734375 0.68667607421875 0.31091796875 0.713681640625 0.30664970703125 0.713785546875 0.30004755859375 0.71349853515625 0.29555673828125 0.71147041015625 0.27391005859375 0.71132509765625 0.268603515625 0.712626953125 0.2677154296875 0.71229306640625 0.2677154296875 0.69955693359375 0.2668470703125 0.68132109375 0.2911615234375 0.6814658203125
0 0.3404794921875 0.72281904296875 0.339925390625 0.72836044921875 0.340869140625 0.7283984375 0.34005 0.73333154296875 0.340419921875 0.74461328125 0.3398654296875 0.755702734375 0.340712890625 0.76541015625 0.33974072265625 0.7654880859375 0.31628193359375 0.7656728515625 0.3149888671875 0.76345625 0.3164666015625 0.72208017578125 0.3404794921875 0.72281904296875
0 0.364123046875 0.729283984375 0.3648619140625 0.76345625 0.34119140625 0.76537109375 0.34035478515625 0.75569375 0.34090859375 0.74461748046875 0.3405396484375 0.73336396484375 0.3413671875 0.72841796875 0.364123046875 0.729283984375
0 0.99770458984375 0.57383974609375 0.9984615234375 0.5730798828125 0.99846162109375 0.63123583984375 0.9769681640625 0.6283689453125 0.977548828125 0.621455078125 0.97873720703125 0.62002255859375 0.98521484375 0.57 0.99770458984375 0.57383974609375
0 0.98272822265625 0.569231640625 0.98474609375 0.569853515625 0.97827119140625 0.61981904296875 0.9776171875 0.62060546875 0.9777361328125 0.619152734375 0.96736787109375 0.618384765625 0.96698388671875 0.624912890625 0.94158203125 0.619423828125 0.94188876953125 0.6074296875 0.9376935546875 0.60666689453125 0.93878193359375 0.59977431640625 0.94453671875 0.59862333984375 0.9477734375 0.58146484375 0.94855146484375 0.581519921875 0.95431162109375 0.56846357421875 0.98272822265625 0.569231640625
0 0.93242314453125 0.58036787109375 0.94728515625 0.58142578125 0.94411796875 0.5982091796875 0.93835263671875 0.5993623046875 0.9371369140625 0.60706201171875 0.94138994140625 0.60783525390625 0.94109375 0.61931640625 0.93856728515625 0.61876875 0.938183203125 0.6214568359375 0.91091865234375 0.61876875 0.9124546875 0.56769560546875 0.93319111328125 0.5673115234375 0.93242314453125 0.58036787109375
0 0.75923515625 0.64488134765625 0.77574755859375 0.65486552734375 0.776103515625 0.653544921875 0.784248046875 0.661064453125 0.78265966796875 0.66331376953125 0.78611572265625 0.6648498046875 0.77958759765625 0.6859703125 0.74272275390625 0.67521806640625 0.72659443359375 0.66868984375 0.73619462890625 0.63835322265625 0.75923515625 0.64488134765625
0 0.7623072265625 0.612240625 0.7680673828125 0.6099365234375 0.777667578125 0.61070458984375 0.777667578125 0.613392578125 0.78296875 0.608310546875 0.80310546875 0.63482421875 0.789955859375 0.6587056640625 0.7872677734375 0.65678564453125 0.786708984375 0.657578125 0.776982421875 0.650224609375 0.77728359375 0.64910546875 0.74272275390625 0.62452890625 0.753475 0.606864453125 0.7623072265625 0.612240625
0 0.802628125 0.5795998046875 0.808772265625 0.57806376953125 0.814532421875 0.5853599609375 0.81914052734375 0.5849759765625 0.831240234375 0.5948828125 0.837958984375 0.618837890625 0.81069228515625 0.6337451171875 0.806435546875 0.632685546875 0.80169033203125 0.61979599609375 0.7932021484375 0.60976455078125 0.786650390625 0.604072265625 0.78265966796875 0.59572822265625 0.784195703125 0.5857439453125 0.7937958984375 0.57767978515625 0.802628125 0.5795998046875
0 0.86291748046875 0.5600154296875 0.87213369140625 0.58382392578125 0.87234375 0.583642578125 0.8730390625 0.61519951171875 0.87005859375 0.61765625 0.87174970703125 0.612240625 0.84353515625 0.617275390625 0.83619140625 0.59251953125 0.84026103515625 0.5915041015625 0.83219677734375 0.569231640625 0.84640517578125 0.56500751953125 0.85677333984375 0.55924736328125 0.86291748046875 0.5600154296875
0 0.90592646484375 0.5630875 0.90515849609375 0.5849759765625 0.90784658203125 0.588816015625 0.906310546875 0.60648046875 0.900550390625 0.606864453125 0.9032384765625 0.61992080078125 0.869931640625 0.618388671875 0.873532421875 0.61542578125 0.872822265625 0.58322265625 0.88058193359375 0.576527734375 0.8790458984375 0.56500751953125 0.889030078125 0.5603994140625 0.90592646484375 0.5630875
0 0.7258759765625 0.67742294921875 0.7388138671875 0.680130859375 0.73791123046875 0.6831396484375 0.77010546875 0.68855556640625 0.768901953125 0.70510400390625 0.7646896484375 0.70721015625 0.762884375 0.7183427734375 0.70782314453125 0.71172333984375 0.70631875 0.6978828125 0.72376982421875 0.696679296875 0.7258759765625 0.67742294921875
0 0.7081240234375 0.72526298828125 0.71955751953125 0.726165625 0.72316806640625 0.72345771484375 0.73670771484375 0.722555078125 0.74092001953125 0.72285595703125 0.7634861328125 0.72285595703125 0.764087890625 0.7544484375 0.7093275390625 0.7526431640625 0.70872578125 0.74241318359375 0.70541611328125 0.7421123046875 0.7081240234375 0.72526298828125
0 0.707522265625 0.75685546875 0.7388138671875 0.75685546875 0.740619140625 0.75866083984375 0.75807021484375 0.757758203125 0.75837109375 0.76106787109375 0.76499052734375 0.76136875 0.7646896484375 0.78604091796875 0.74663681640625 0.7896515625 0.74723857421875 0.786341796875 0.728884765625 0.7866427734375 0.7282830078125 0.78543916015625 0.7057169921875 0.78363388671875 0.707522265625 0.75685546875
0 0.773415234375 0.7526431640625 0.773415234375 0.7255638671875 0.7881583984375 0.727369140625 0.78785751953125 0.724962109375 0.794777734375 0.72466123046875 0.797184765625 0.72706826171875 0.832387890625 0.72827177734375 0.83389228515625 0.75174052734375 0.773415234375 0.7526431640625
0 0.7725125 0.76227138671875 0.77973369140625 0.76166962890625 0.780636328125 0.757758203125 0.79568037109375 0.75715634765625 0.79628212890625 0.75595283203125 0.823060546875 0.75685546875 0.8236623046875 0.783934765625 0.81583935546875 0.78604091796875 0.771308984375 0.78604091796875 0.7725125 0.76227138671875
0 0.77311435546875 0.79687265625 0.79507861328125 0.79687265625 0.7941759765625 0.79115595703125 0.827874609375 0.7914568359375 0.8284763671875 0.81582822265625 0.7752205078125 0.81642998046875 0.77311435546875 0.79687265625
0 0.7408291015625 0.790797265625 0.7431865234375 0.79621953125 0.7592173828125 0.796691015625 0.7582744140625 0.80588515625 0.7651111328125 0.8075353515625 0.765346875 0.81955849609375 0.7167828125 0.81955849609375 0.7170185546875 0.8070638671875 0.7111248046875 0.8070638671875 0.710417578125 0.790797265625 0.7408291015625 0.790797265625
0 0.4805837890625 0.74566044921875 0.4863005859375 0.74385517578125 0.48780498046875 0.73512958984375 0.5121763671875 0.74024462890625 0.50375166015625 0.78056259765625 0.46824775390625 0.7688283203125 0.4757697265625 0.7465630859375 0.4805837890625 0.74566044921875
0 0.5157869140625 0.7465630859375 0.52150361328125 0.7465630859375 0.5230080078125 0.7441560546875 0.5506890625 0.750775390625 0.54196357421875 0.80463310546875 0.5242115234375 0.802526953125 0.52601689453125 0.79891640625 0.51849482421875 0.7959076171875 0.51789306640625 0.78387236328125 0.51247724609375 0.78056259765625 0.5088666015625 0.7748458984375 0.5157869140625 0.7465630859375
0 0.5512908203125 0.77033271484375 0.55490146484375 0.769430078125 0.5558041015625 0.7607044921875 0.56091904296875 0.75980185546875 0.55911376953125 0.75408515625 0.58799833984375 0.75679306640625 0.59040537109375 0.77273974609375 0.584688671875 0.77996083984375 0.5807771484375 0.81546484375 0.568441015625 0.8136595703125 0.5678392578125 0.79891640625 0.56152080078125 0.79861552734375 0.5618216796875 0.78988994140625 0.5500873046875 0.78567763671875 0.5512908203125 0.77033271484375
0 0.59311328125 0.760102734375 0.59582119140625 0.760102734375 0.596723828125 0.75408515625 0.622599609375 0.75739482421875 0.61989169921875 0.7748458984375 0.62410400390625 0.77454501953125 0.62139609375 0.79229697265625 0.6183873046875 0.7925978515625 0.617785546875 0.800119921875 0.6090599609375 0.79921728515625 0.60875908203125 0.81065078125 0.58739658203125 0.80854453125 0.58829921875 0.78026171875 0.59281240234375 0.7772529296875 0.59311328125 0.760102734375
0 0.63222783203125 0.7595009765625 0.6572009765625 0.7607044921875 0.65509482421875 0.8100490234375 0.64486484375 0.80944716796875 0.64396220703125 0.80523486328125 0.62470576171875 0.8031287109375 0.62470576171875 0.79620849609375 0.627112890625 0.77394326171875 0.63162607421875 0.77334150390625 0.63222783203125 0.7595009765625
0 0.51789306640625 0.69029833984375 0.5254150390625 0.6887939453125 0.53083095703125 0.689395703125 0.53203447265625 0.68307724609375 0.5383529296875 0.68307724609375 0.54015830078125 0.67615693359375 0.5570076171875 0.67916572265625 0.537751171875 0.7360322265625 0.51608779296875 0.728209375 0.51849482421875 0.71918291015625 0.51548603515625 0.71376708984375 0.5181939453125 0.70684677734375 0.50916748046875 0.69751953125 0.51789306640625 0.69029833984375
0 0.56452958984375 0.683378125 0.59311328125 0.6899974609375 0.57656484375 0.74325341796875 0.542264453125 0.73392607421875 0.54617587890625 0.71918291015625 0.55851201171875 0.6981212890625 0.56392783203125 0.69270537109375 0.5618216796875 0.68548427734375 0.56452958984375 0.683378125
0 0.5976265625 0.67886484375 0.6123697265625 0.68127197265625 0.61387412109375 0.6839798828125 0.62590927734375 0.68728955078125 0.62139609375 0.70684677734375 0.62470576171875 0.70714765625 0.61658203125 0.74144814453125 0.59040537109375 0.73633310546875 0.591909765625 0.73091728515625 0.58980361328125 0.72911201171875 0.5949185546875 0.71136005859375 0.59070625 0.71075830078125 0.5976265625 0.67886484375
0 0.62801552734375 0.69210361328125 0.639148046875 0.68789130859375 0.64516572265625 0.69059921875 0.6656255859375 0.6981212890625 0.65900625 0.71497060546875 0.6638203125 0.71918291015625 0.6502806640625 0.7513771484375 0.64817451171875 0.7534833984375 0.6301216796875 0.74686396484375 0.62681201171875 0.74024462890625 0.62831640625 0.7276076171875 0.62801552734375 0.710457421875 0.62921904296875 0.6951125 0.62801552734375 0.69210361328125
0 0.99846171875 0.7972224609375 0.98490771484375 0.7948083984375 0.986059765625 0.78098408203125 0.992587890625 0.78021611328125 0.992587890625 0.76907978515625 0.993355859375 0.761399609375 0.99220390625 0.7583275390625 0.99846171875 0.75524521484375 0.99846171875 0.7972224609375
0 0.9505609375 0.74196552734375 0.96035087890625 0.74067255859375 0.96663115234375 0.7423349609375 0.96663115234375 0.7436279296875 0.98658037109375 0.74584453125 0.98085419921875 0.79848828125 0.95961201171875 0.79645634765625 0.9444654296875 0.794055078125 0.9457583984375 0.78408046875 0.947975 0.7700421875 0.95093037109375 0.769857421875 0.95314697265625 0.76099111328125 0.94963740234375 0.7606216796875 0.9505609375 0.74196552734375
0 0.912325 0.74399736328125 0.93042705078125 0.74325849609375 0.93116591796875 0.7367935546875 0.94095576171875 0.7367935546875 0.94834443359375 0.74270439453125 0.94501953125 0.77669189453125 0.94187939453125 0.77743076171875 0.9420640625 0.78999140625 0.9357837890625 0.791284375 0.9352296875 0.798303515625 0.91103203125 0.7975646484375 0.91066259765625 0.780016796875 0.91269443359375 0.77946259765625 0.91214033203125 0.765608984375 0.91417216796875 0.75692744140625 0.91417216796875 0.74584453125 0.912325 0.74399736328125
0 0.881108203125 0.7338380859375 0.898101953125 0.7336533203125 0.89791728515625 0.746029296875 0.909554296875 0.747322265625 0.90973896484375 0.77743076171875 0.9080765625 0.778354296875 0.9080765625 0.78463466796875 0.89496181640625 0.78389580078125 0.89551591796875 0.79257734375 0.88775791015625 0.7920232421875 0.88701904296875 0.7890677734375 0.87575146484375 0.7862970703125 0.881108203125 0.7338380859375
0 0.79781181640625 0.6743931640625 0.80683828125 0.6768001953125 0.80834267578125 0.6743931640625 0.81947529296875 0.6780037109375 0.82007705078125 0.674994921875 0.841138671875 0.686729296875 0.8381298828125 0.69816279296875 0.82880263671875 0.7180208984375 0.78878544921875 0.70177333984375 0.79781181640625 0.6743931640625
0 0.83027333984375 0.6451171875 0.8446015625 0.636288671875 0.8611005859375 0.65351142578125 0.86413994140625 0.65278779296875 0.874415625 0.66508974609375 0.86688974609375 0.669431640625 0.86848173828125 0.671747265625 0.8476408203125 0.6844833984375 0.84025966796875 0.6721814453125 0.8333126953125 0.6742076171875 0.81999765625 0.65437978515625 0.83027333984375 0.6451171875
0 0.87962568359375 0.62871025390625 0.89440283203125 0.62778662109375 0.89440283203125 0.63425166015625 0.9004984375 0.633328125 0.9004984375 0.63148095703125 0.9154603515625 0.63203505859375 0.91786162109375 0.6820927734375 0.901976171875 0.68190810546875 0.9010525390625 0.67618193359375 0.88368935546875 0.6767361328125 0.8785173828125 0.630557421875 0.87962568359375 0.62871025390625
0 0.9211865234375 0.628894921875 0.95037138671875 0.6311115234375 0.9494478515625 0.64127080078125 0.9535115234375 0.64127080078125 0.95203388671875 0.6567869140625 0.9492630859375 0.65697158203125 0.9492630859375 0.66011171875 0.95111025390625 0.66048115234375 0.9494478515625 0.6737806640625 0.938734375 0.67285703125 0.938734375 0.682831640625 0.91878515625 0.68172333984375 0.91989345703125 0.65974228515625 0.921740625 0.63037265625 0.9211865234375 0.628894921875
0 0.9609001953125 0.6298185546875 0.97383017578125 0.6324044921875 0.974199609375 0.63720712890625 0.986944921875 0.6396083984375 0.98454365234375 0.6508759765625 0.98749912109375 0.65143017578125 0.9923150390625 0.65183173828125 0.98501884765625 0.68831259765625 0.97119453125 0.6867765625 0.9704265625 0.6802484375 0.9619783203125 0.674872265625 0.96274638671875 0.66796015625 0.95698623046875 0.6656560546875 0.9609001953125 0.6298185546875
0 0.9318431640625 0.452716796875 0.933466796875 0.465029296875 0.933056640625 0.46515625 0.93307705078125 0.4645951171875 0.93258916015625 0.46457529296875 0.93255859375 0.4653125 0.93215244140625 0.465442578125 0.93229951171875 0.46590810546875 0.9325390625 0.465830078125 0.93161025390625 0.48855751953125 0.9281654296875 0.49938427734375 0.928995703125 0.501869921875 0.92838701171875 0.501869921875 0.92800302734375 0.508398046875 0.91072265625 0.508398046875 0.91072265625 0.527214453125 0.8899861328125 0.52836650390625 0.8899861328125 0.499921875 0.8923826171875 0.49654228515625 0.89740234375 0.47328125 0.89997041015625 0.4742212890625 0.90073837890625 0.45770888671875 0.90419453125 0.45732490234375 0.9049625 0.45233271484375 0.9318431640625 0.452716796875
0 0.9656359375 0.47076513671875 0.97408408203125 0.471533203125 0.9786921875 0.4719171875 0.98022822265625 0.46462099609375 0.9984615234375 0.4674541015625 0.9984615234375 0.52553466796875 0.97946025390625 0.5237583984375 0.98253232421875 0.50955009765625 0.9752361328125 0.50916611328125 0.97677216796875 0.49802978515625 0.9637158203125 0.49764580078125 0.9625638671875 0.507630078125 0.93721923828125 0.50686201171875 0.93645126953125 0.501869921875 0.9329068359375 0.501869921875 0.93356591796875 0.49499833984375 0.93503564453125 0.4832400390625 0.93711572265625 0.46730908203125 0.941059375 0.46730908203125 0.941443359375 0.46423701171875 0.9633318359375 0.46423701171875 0.9656359375 0.47076513671875
0 0.89421025390625 0.459244921875 0.8957462890625 0.47268525390625 0.89693359375 0.473115234375 0.8919263671875 0.4963416015625 0.889619140625 0.499599609375 0.87846591796875 0.50071787109375 0.8773138671875 0.5118541015625 0.8588814453125 0.51300615234375 0.8588814453125 0.50647802734375 0.858525390625 0.506474609375 0.859125 0.5022751953125 0.85950380859375 0.4905330078125 0.86338447265625 0.48936884765625 0.86103515625 0.476298828125 0.861953515625 0.47614130859375 0.86003349609375 0.4588609375 0.89421025390625 0.459244921875
0 0.854951171875 0.476201171875 0.8546484375 0.4764453125 0.85451689453125 0.474587890625 0.8540298828125 0.47462265625 0.854189453125 0.476826171875 0.8534048828125 0.4774580078125 0.85371279296875 0.4778369140625 0.854228515625 0.477421875 0.85480166015625 0.48542880859375 0.8567095703125 0.48886298828125 0.854609375 0.506376953125 0.82547265625 0.5057099609375 0.8220166015625 0.49418974609375 0.82547265625 0.49188564453125 0.82355263671875 0.472301171875 0.8224005859375 0.4561728515625 0.8531212890625 0.45386875 0.854951171875 0.476201171875
0 0.81206767578125 0.46003388671875 0.8128357421875 0.47539423828125 0.81129970703125 0.47846630859375 0.8197478515625 0.51149111328125 0.78979521484375 0.5195552734375 0.78134697265625 0.48998662109375 0.785187109375 0.486146484375 0.7798109375 0.46617802734375 0.81206767578125 0.46003388671875
0 0.76598662109375 0.4769302734375 0.79133125 0.5283875 0.7759708984375 0.53568359375 0.7698267578125 0.523011328125 0.75369833984375 0.52761943359375 0.73757001953125 0.497666796875 0.74333017578125 0.492674609375 0.74025810546875 0.48691455078125 0.76598662109375 0.4769302734375
0 0.73104189453125 0.4957466796875 0.76099453125 0.5387556640625 0.736033984375 0.559876171875 0.699553125 0.5141791015625 0.705697265625 0.5080349609375 0.7141455078125 0.50035478515625 0.72259365234375 0.497666796875 0.73104189453125 0.4957466796875
0 0.6715205078125 0.53721962890625 0.6907208984375 0.52147529296875 0.70608125 0.53990771484375 0.711457421875 0.5387556640625 0.729505859375 0.5660203125 0.70608125 0.58330078125 0.68611279296875 0.5625642578125 0.680352734375 0.56448427734375 0.66768037109375 0.54720390625 0.67574462890625 0.54528388671875 0.6715205078125 0.53721962890625
0 0.66153623046875 0.57984462890625 0.6465599609375 0.62899775390625 0.618911328125 0.62669375 0.615869140625 0.62390625 0.61915205078125 0.6109931640625 0.62067958984375 0.597245703125 0.62718759765625 0.5915033203125 0.63171875 0.577265625 0.63350361328125 0.577540625 0.6354236328125 0.5748525390625 0.66153623046875 0.57984462890625
0 0.631967578125 0.565636328125 0.6285115234375 0.57677255859375 0.63123046875 0.5771875 0.62676328125 0.5912265625 0.6202150390625 0.59700439453125 0.6186705078125 0.61090556640625 0.615458984375 0.623525390625 0.61430322265625 0.62246962890625 0.59971083984375 0.61440546875 0.601630859375 0.60749326171875 0.59625478515625 0.602501171875 0.59971083984375 0.5929009765625 0.58703857421875 0.5867568359375 0.588574609375 0.5748525390625 0.59471875 0.57370048828125 0.59702275390625 0.56525234375 0.60201494140625 0.564868359375 0.6047029296875 0.5594921875 0.631967578125 0.565636328125
0 0.6677798828125 0.60033134765625 0.6682513671875 0.59844541015625 0.66919443359375 0.595144921875 0.66895869140625 0.588308203125 0.6727306640625 0.5880724609375 0.68003876953125 0.5904298828125 0.67956728515625 0.5946734375 0.684046484375 0.5972666015625 0.689940234375 0.59113720703125 0.70243486328125 0.59844541015625 0.66990166015625 0.6415873046875 0.64892001953125 0.62979990234375 0.6677798828125 0.60033134765625
0 0.45165361328125 0.115915234375 0.4565546875 0.11983603515625 0.4570447265625 0.1311083984375 0.4673369140625 0.12914794921875 0.46831708984375 0.1428708984375 0.4124453125 0.1551234375 0.40509384765625 0.13061826171875 0.45165361328125 0.115915234375
0 0.561940234375 0.37382666015625 0.55733212890625 0.37651474609375 0.5600201171875 0.38880302734375 0.53352353515625 0.3995552734375 0.5281474609375 0.38496298828125 0.52469130859375 0.38534697265625 0.5166271484375 0.36960263671875 0.5221875 0.365810546875 0.52560205078125 0.36965166015625 0.53334365234375 0.36757470703125 0.555859375 0.356591796875 0.561940234375 0.37382666015625
0 0.558984375 0.347421875 0.5285888671875 0.36286240234375 0.522697265625 0.35215009765625 0.52899091796875 0.34990888671875 0.52337890625 0.334423828125 0.52532666015625 0.3297240234375 0.5344197265625 0.32762568359375 0.545869140625 0.322685546875 0.558984375 0.347421875
0 0.53966767578125 0.30585712890625 0.5527240234375 0.30432109375 0.5534919921875 0.31584140625 0.545027734375 0.3193689453125 0.54089189453125 0.3193689453125 0.5171642578125 0.33004638671875 0.51560546875 0.33578125 0.50625888671875 0.3381138671875 0.5047228515625 0.33004970703125 0.4985787109375 0.33004970703125 0.48974658203125 0.310465234375 0.50875 0.3021875 0.5168990234375 0.30137509765625 0.5258076171875 0.29840556640625 0.532001953125 0.2953125 0.53966767578125 0.30585712890625
0 0.53621162109375 0.2893447265625 0.53341796875 0.2912109375 0.53306142578125 0.2903017578125 0.5154984375 0.29609375 0.508779296875 0.2970703125 0.4965625 0.27375 0.497471875 0.27193974609375 0.50838828125 0.2706470703125 0.51109091796875 0.26914560546875 0.513676953125 0.26497919921875 0.521181640625 0.263134765625 0.53621162109375 0.2893447265625
0 0.51242451171875 0.23457431640625 0.5194921875 0.258017578125 0.513837109375 0.2615130859375 0.50748515625 0.2646890625 0.4990974609375 0.2683044921875 0.4949380859375 0.270087109375 0.493759765625 0.274267578125 0.4753810546875 0.2786154296875 0.461552734375 0.254580078125 0.4754490234375 0.24669853515625 0.48161552734375 0.2443267578125 0.48393125 0.2417794921875 0.49255576171875 0.24247880859375 0.497574609375 0.24200078125 0.51236328125 0.234404296875 0.51242451171875 0.23457431640625
0 0.50052021484375 0.21498994140625 0.5055123046875 0.214605859375 0.510546875 0.22916015625 0.49387451171875 0.23729287109375 0.48848671875 0.2391669921875 0.48399365234375 0.2398763671875 0.46579814453125 0.24861962890625 0.460107421875 0.252060546875 0.459252734375 0.2505828125 0.44811650390625 0.22715830078125 0.460363671875 0.222268359375 0.4587134765625 0.2177890625 0.46413564453125 0.2170818359375 0.463896484375 0.216591796875 0.4719220703125 0.21416455078125 0.4813283203125 0.20687470703125 0.48493388671875 0.20664931640625 0.4880337890625 0.20903388671875 0.496767578125 0.205732421875 0.50052021484375 0.21498994140625
0 0.4928400390625 0.18388515625 0.48976796875 0.18849326171875 0.494169921875 0.1993359375 0.4814041015625 0.20474990234375 0.47736787109375 0.20546220703125 0.471196875 0.2099716796875 0.46982197265625 0.21088837890625 0.4620703125 0.212822265625 0.4601279296875 0.2088306640625 0.45517724609375 0.20906640625 0.44928349609375 0.19468583984375 0.45682744140625 0.19044228515625 0.45568359375 0.185234375 0.46144130859375 0.18257646484375 0.47064765625 0.17950771484375 0.4830859375 0.175009765625 0.48784794921875 0.1746689453125 0.4928400390625 0.18388515625
0 0.47018349609375 0.14740439453125 0.47962890625 0.16865234375 0.4673765625 0.17445517578125 0.4526171875 0.18396484375 0.4280662109375 0.1942142578125 0.41887197265625 0.17181826171875 0.4231154296875 0.169225 0.422408203125 0.16710322265625 0.44716181640625 0.155080078125 0.4688505859375 0.1461216796875 0.47018349609375 0.14740439453125
0 0.75165771484375 0.3486181640625 0.76430947265625 0.349521875 0.77274287109375 0.34891953125 0.78062177734375 0.34891953125 0.78283857421875 0.381656640625 0.7392193359375 0.37822587890625 0.7348083984375 0.35421083984375 0.734130859375 0.3523046875 0.7385189453125 0.3501091796875 0.74567890625 0.34831923828125 0.75165771484375 0.3486181640625
0 0.78283857421875 0.31696298828125 0.78479892578125 0.34538896484375 0.783559375 0.34538896484375 0.7664263671875 0.34361689453125 0.74712978515625 0.34391845703125 0.732353515625 0.3473046875 0.7303974609375 0.31990361328125 0.7303974609375 0.3186328125 0.76585302734375 0.3200650390625 0.76662109375 0.315830078125 0.78283857421875 0.31696298828125
0 0.7551763671875 0.28365791015625 0.764970703125 0.288447265625 0.7620703125 0.312919921875 0.7303974609375 0.3126953125 0.7303974609375 0.28412607421875 0.730380859375 0.283896484375 0.749519140625 0.28336015625 0.7551763671875 0.28365791015625
0 0.785556640625 0.25615234375 0.77989794921875 0.28706669921875 0.76519482421875 0.2865765625 0.765029296875 0.287939453125 0.75530146484375 0.28317548828125 0.74952509765625 0.282871484375 0.730341796875 0.283408203125 0.728437109375 0.25717041015625 0.72861328125 0.25529296875 0.785556640625 0.25615234375
0 0.768446484375 0.220525390625 0.77760224609375 0.220525390625 0.779189453125 0.221611328125 0.77695732421875 0.2493287109375 0.7780078125 0.249658203125 0.77582646484375 0.25086328125 0.73467197265625 0.251764453125 0.72896484375 0.251591796875 0.73088759765625 0.231194921875 0.730048828125 0.22529296875 0.73376689453125 0.22210361328125 0.73606689453125 0.21934365234375 0.76232021484375 0.2186404296875 0.768446484375 0.220525390625
0 0.78577919921875 0.21845224609375 0.7794078125 0.21894228515625 0.77923828125 0.221044921875 0.7777525390625 0.220037109375 0.768519921875 0.220037109375 0.7623873046875 0.2181501953125 0.73583310546875 0.21886142578125 0.73341806640625 0.22175947265625 0.7299609375 0.224716796875 0.725496484375 0.19345693359375 0.72544921875 0.19271484375 0.72841611328125 0.192104296875 0.7404263671875 0.1915037109375 0.7533541015625 0.1915037109375 0.76238056640625 0.19180458984375 0.77773974609375 0.19180458984375 0.785361328125 0.191171875 0.78577919921875 0.21845224609375
0 0.76289091796875 0.15478837890625 0.7686255859375 0.159375 0.7686255859375 0.182744140625 0.7488154296875 0.1880060546875 0.725146484375 0.187548828125 0.72353603515625 0.16062001953125 0.72361328125 0.158203125 0.73384599609375 0.15479443359375 0.75335244140625 0.153894140625 0.76289091796875 0.15478837890625
0 0.780878125 0.13219404296875 0.78920986328125 0.13268408203125 0.7897 0.15816953125 0.7686255859375 0.15816953125 0.7686255859375 0.15875 0.7630818359375 0.1543158203125 0.75336396484375 0.15340478515625 0.733755859375 0.154309765625 0.7236328125 0.157685546875 0.7245162109375 0.13072373046875 0.72560546875 0.12580078125 0.7313599609375 0.12771884765625 0.78056640625 0.1253515625 0.780878125 0.13219404296875
0 0.7897 0.0915154296875 0.7882296875 0.10425810546875 0.77695732421875 0.1062185546875 0.774091796875 0.12052734375 0.77249013671875 0.12271640625 0.73233896484375 0.123016015625 0.726689453125 0.120947265625 0.728437109375 0.11307998046875 0.728437109375 0.09200556640625 0.732848046875 0.089555078125 0.7897 0.0915154296875
0 0.55937021484375 0.4726828125 0.51264892578125 0.49211513671875 0.50573671875 0.4779068359375 0.5088087890625 0.47675478515625 0.503203125 0.464560546875 0.51117060546875 0.45932314453125 0.53166962890625 0.44801328125 0.54279296875 0.442236328125 0.55937021484375 0.4726828125
0 0.532414453125 0.42318232421875 0.54255859375 0.441806640625 0.53143916015625 0.4475828125 0.51091806640625 0.45890478515625 0.502998046875 0.464111328125 0.5022806640625 0.462546484375 0.49191240234375 0.468690625 0.4838482421875 0.45486630859375 0.48884033203125 0.45486630859375 0.48538427734375 0.4421939453125 0.48416015625 0.44208984375 0.49150302734375 0.43413125 0.5232958984375 0.4183525390625 0.5287109375 0.415205078125 0.532414453125 0.42318232421875
0 0.528505859375 0.414765625 0.523064453125 0.417922265625 0.49120537109375 0.43373388671875 0.483544921875 0.44203125 0.47655205078125 0.4414259765625 0.46685546875 0.413447265625 0.505194921875 0.39665234375 0.506015625 0.39046875 0.51673115234375 0.389365234375 0.528505859375 0.414765625
0 0.507909375 0.38152353515625 0.502028125 0.38544443359375 0.502421875 0.389794921875 0.4979333984375 0.39295830078125 0.46443359375 0.40646484375 0.45658359375 0.383824609375 0.4565234375 0.383720703125 0.50078125 0.364677734375 0.507909375 0.38152353515625
0 0.49712705078125 0.35603818359375 0.49755859375 0.357060546875 0.45484375 0.380693359375 0.45466357421875 0.3803685546875 0.449671484375 0.38228857421875 0.437998046875 0.3544140625 0.488115234375 0.333388671875 0.49712705078125 0.35603818359375
0 0.47801298828125 0.30800810546875 0.48564453125 0.327177734375 0.43563896484375 0.35174111328125 0.43008701171875 0.34158369140625 0.43315908203125 0.33851162109375 0.427646484375 0.323916015625 0.47498046875 0.302021484375 0.47801298828125 0.30800810546875
0 0.472646484375 0.297421875 0.426064453125 0.320185546875 0.42163876953125 0.31201494140625 0.41818271484375 0.3127830078125 0.4092578125 0.297158203125 0.421614453125 0.290393359375 0.420416015625 0.286198828125 0.436649609375 0.27911513671875 0.439965234375 0.28122509765625 0.45542705078125 0.273645703125 0.459697265625 0.2718359375 0.472646484375 0.297421875
0 0.44321572265625 0.2496857421875 0.45252763671875 0.2702701171875 0.45840888671875 0.26928994140625 0.459482421875 0.27140625 0.45522431640625 0.2732013671875 0.4399962890625 0.280666015625 0.436692578125 0.278563671875 0.41982919921875 0.28592216796875 0.42103779296875 0.29015234375 0.409013671875 0.296728515625 0.401286328125 0.28321435546875 0.40512646484375 0.28129423828125 0.3996484375 0.268310546875 0.442529296875 0.2484375 0.44321572265625 0.2496857421875
0 0.440078125 0.24396484375 0.39826171875 0.2650390625 0.3978302734375 0.2640138671875 0.39360615234375 0.2636298828125 0.38216796875 0.241767578125 0.42896484375 0.223701171875 0.440078125 0.24396484375
0 0.423121484375 0.20851708984375 0.40939853515625 0.213908203125 0.4133193359375 0.22027958984375 0.41693359375 0.220009765625 0.40310966796875 0.2269244140625 0.37900390625 0.23572265625 0.3674935546875 0.21370869140625 0.3697001953125 0.209497265625 0.4162599609375 0.18744267578125 0.423121484375 0.20851708984375
0 0.54341826171875 0.41588505859375 0.55570654296875 0.39284453125 0.58143515625 0.40090869140625 0.5729869140625 0.430093359375 0.54341826171875 0.41588505859375
0 0.5845072265625 0.4135810546875 0.5979474609375 0.410508984375 0.59641142578125 0.40436484375 0.61138779296875 0.40090869140625 0.62329208984375 0.45236591796875 0.5914193359375 0.4608140625 0.5845072265625 0.4135810546875
0 0.62098798828125 0.40666884765625 0.624444140625 0.398220703125 0.62674814453125 0.398220703125 0.6336603515625 0.38554833984375 0.6463326171875 0.39092451171875 0.6459486328125 0.39745263671875 0.66015693359375 0.40897294921875 0.6459486328125 0.43047744140625 0.62098798828125 0.40666884765625
0 0.6409564453125 0.36942001953125 0.64518056640625 0.36826796875 0.6524767578125 0.35021953125 0.67974140625 0.36173984375 0.67590126953125 0.3709560546875 0.68204541015625 0.374028125 0.67398125 0.39706865234375 0.637500390625 0.37902021484375 0.6409564453125 0.36942001953125
0 0.63903642578125 0.31258671875 0.67321318359375 0.312970703125 0.67513330078125 0.3429234375 0.6428765625 0.343307421875 0.643260546875 0.33639521484375 0.6398044921875 0.33639521484375 0.63903642578125 0.31258671875
0 0.6839654296875 0.25536943359375 0.6828134765625 0.29837841796875 0.6716771484375 0.2968423828125 0.6712931640625 0.30797861328125 0.64908203125 0.30759765625 0.65079970703125 0.29417890625 0.65195224609375 0.27881142578125 0.65272060546875 0.26767080078125 0.653251953125 0.253896484375 0.6590048828125 0.251529296875 0.6839654296875 0.25536943359375
0 0.63711640625 0.25191328125 0.6524767578125 0.2542173828125 0.65275390625 0.2541015625 0.65223291015625 0.26764453125 0.651465234375 0.2787763671875 0.65031376953125 0.29412958984375 0.648583984375 0.307587890625 0.62406005859375 0.306442578125 0.625212109375 0.28340205078125 0.621650390625 0.28357421875 0.622000390625 0.2707240234375 0.62123388671875 0.26037607421875 0.62303076171875 0.2511453125 0.62598017578125 0.2511453125 0.63711640625 0.25191328125
0 0.61998125 0.256845703125 0.61727626953125 0.26380146484375 0.6184361328125 0.26844091796875 0.616552734375 0.283828125 0.58604326171875 0.2853220703125 0.58642724609375 0.25959345703125 0.59871552734375 0.25652138671875 0.59909951171875 0.25191328125 0.61676396484375 0.2511453125 0.62066484375 0.2511453125 0.61998125 0.256845703125
0 0.28489580078125 0.57435595703125 0.26262333984375 0.5970125 0.2434228515625 0.61352490234375 0.24111884765625 0.60776474609375 0.24111884765625 0.603156640625 0.2365107421875 0.603156640625 0.22652646484375 0.58894833984375 0.225888671875 0.588818359375 0.2339669921875 0.58223349609375 0.2440623046875 0.57563271484375 0.243678515625 0.5710275390625 0.2676171875 0.5559765625 0.28489580078125 0.57435595703125
0 0.2526390625 0.53749111328125 0.2591671875 0.53518701171875 0.27222353515625 0.54939541015625 0.26684736328125 0.55515546875 0.267275390625 0.555615234375 0.24316728515625 0.57077216796875 0.24355146484375 0.57538330078125 0.2336783203125 0.58183876953125 0.225263671875 0.58869140625 0.22076630859375 0.5877962890625 0.203101953125 0.56513974609375 0.20502197265625 0.5570755859375 0.2368947265625 0.53057890625 0.24150283203125 0.529426953125 0.2526390625 0.53749111328125
0 0.29088701171875 0.56936650390625 0.31351884765625 0.56983798828125 0.31446181640625 0.57502451171875 0.31846953125 0.57526025390625 0.309746875 0.6209953125 0.303853125 0.620523828125 0.3026744140625 0.62453154296875 0.28074990234375 0.61745908203125 0.2852291015625 0.60213544921875 0.29065126953125 0.57526025390625 0.29159423828125 0.5712525390625 0.29088701171875 0.56936650390625
0 0.32153427734375 0.57101669921875 0.3342646484375 0.56960224609375 0.334500390625 0.572902734375 0.35194580078125 0.571959765625 0.35123857421875 0.57738193359375 0.3552462890625 0.57691044921875 0.35406748046875 0.612744140625 0.3469951171875 0.6134513671875 0.34652353515625 0.62406005859375 0.32436328125 0.62547451171875 0.32342021484375 0.59671328125 0.32177001953125 0.5721955078125 0.32153427734375 0.57101669921875
0 0.3576037109375 0.588462109375 0.3644404296875 0.58610458984375 0.37292734375 0.5886978515625 0.38447900390625 0.5868119140625 0.38990126953125 0.63938369140625 0.3818857421875 0.64103388671875 0.36066845703125 0.64056240234375 0.35901826171875 0.598127734375 0.3576037109375 0.588462109375
0 0.38955498046875 0.590437890625 0.39953408203125 0.58658232421875 0.4019154296875 0.58828330078125 0.403956640625 0.58771630859375 0.40214228515625 0.5807990234375 0.410760546875 0.57773720703125 0.427405859375 0.62736357421875 0.40183095703125 0.636991796875 0.38955498046875 0.590437890625
0 0.4114591796875 0.57200146484375 0.4256005859375 0.563877734375 0.42259169921875 0.55725830078125 0.434626953125 0.55124072265625 0.46200712890625 0.596974609375 0.43613134765625 0.6117177734375 0.4114591796875 0.57200146484375
0 0.428609375 0.53318779296875 0.4334234375 0.5304798828125 0.43583046875 0.5304798828125 0.453582421875 0.52416142578125 0.4782546875 0.56207236328125 0.455688671875 0.57832001953125 0.428609375 0.53318779296875
0 0.3360287109375 0.406076953125 0.33818359375 0.40564453125 0.34109375 0.452685546875 0.31298818359375 0.454078125 0.307612109375 0.406076953125 0.3360287109375 0.40108486328125 0.3360287109375 0.406076953125
0 0.375234375 0.432568359375 0.37519765625 0.4325736328125 0.37788564453125 0.447933984375 0.345068359375 0.452412109375 0.34280087890625 0.4183544921875 0.342509765625 0.40478515625 0.36525390625 0.400234375 0.375234375 0.432568359375
0 0.413214453125 0.435645703125 0.38978994140625 0.4448619140625 0.38172578125 0.43218955078125 0.381484375 0.43220703125 0.3713671875 0.39861328125 0.3721255859375 0.39839677734375 0.37020546875 0.39417275390625 0.3978541015625 0.3845724609375 0.413214453125 0.435645703125
0 0.36791015625 0.495400390625 0.37020546875 0.52435166015625 0.31375625 0.521663671875 0.312421875 0.494677734375 0.36791015625 0.495400390625
0 0.36444541015625 0.45983818359375 0.36137333984375 0.48403076171875 0.3671333984375 0.485566796875 0.36748046875 0.489921875 0.31240234375 0.48923828125 0.31644423828125 0.45983818359375 0.3175962890625 0.45907021484375 0.36444541015625 0.45983818359375
0 0.21156005859375 0.39660146484375 0.2597009765625 0.39660146484375 0.2597009765625 0.40863671875 0.26391337890625 0.40863671875 0.2621080078125 0.42729140625 0.21216181640625 0.42518515625 0.21156005859375 0.39660146484375
0 0.207046875 0.43120283203125 0.26060361328125 0.43210546875 0.26150625 0.45707861328125 0.20915302734375 0.45768037109375 0.207046875 0.43120283203125
0 0.21276357421875 0.4621935546875 0.26060361328125 0.4627953125 0.260302734375 0.48837021484375 0.2112591796875 0.487467578125 0.21276357421875 0.4621935546875
0 0.207046875 0.49438779296875 0.25940009765625 0.49348515625 0.2584974609375 0.50732568359375 0.26391337890625 0.5076265625 0.26511689453125 0.524175 0.2076486328125 0.5247767578125 0.207046875 0.49438779296875
0 0.2161787109375 0.3620310546875 0.21735751953125 0.354015625 0.25767041015625 0.37146103515625 0.25083369140625 0.3931498046875 0.2079275390625 0.38230546875 0.2083990234375 0.3775904296875 0.20321259765625 0.3757044921875 0.208634765625 0.3592021484375 0.2161787109375 0.3620310546875
0 0.2307951171875 0.312759765625 0.2472974609375 0.305923046875 0.270872265625 0.35047939453125 0.25154091796875 0.362266796875 0.24399697265625 0.35307265625 0.23503857421875 0.3382205078125 0.2312666015625 0.3290263671875 0.23503857421875 0.3285548828125 0.2307951171875 0.312759765625
0 0.2692220703125 0.3120525390625 0.271815234375 0.3120525390625 0.27205107421875 0.30026513671875 0.3024625 0.30120810546875 0.3008123046875 0.34435 0.27134375 0.3386919921875 0.27346552734375 0.32195390625 0.27040078125 0.3212466796875 0.2692220703125 0.3120525390625
0 0.34984794921875 0.3047443359375 0.3644642578125 0.30262255859375 0.36894345703125 0.35000791015625 0.35809912109375 0.35047939453125 0.355505859375 0.3460001953125 0.3401822265625 0.34741474609375 0.33978515625 0.347421875 0.33788095703125 0.32912822265625 0.33708125 0.31677666015625 0.3358390625 0.305951953125 0.336181640625 0.30015625 0.3474904296875 0.2995578125 0.34984794921875 0.3047443359375
0 0.33384765625 0.299453125 0.3341955078125 0.3046435546875 0.3356169921875 0.32285712890625 0.33708984375 0.347490234375 0.3095349609375 0.34812197265625 0.30552724609375 0.2983791015625 0.3333455078125 0.2974361328125 0.33384765625 0.299453125
0 0.23469384765625 0.098017578125 0.234309765625 0.10070556640625 0.24467802734375 0.1018576171875 0.245244140625 0.103544921875 0.2402119140625 0.1082783203125 0.23982568359375 0.12759052734375 0.24020537109375 0.13442626953125 0.238294921875 0.1371009765625 0.238203125 0.13853515625 0.2369978515625 0.1383384765625 0.2300857421875 0.15600283203125 0.20819716796875 0.15331484375 0.2124212890625 0.09955361328125 0.21664541015625 0.0960974609375 0.23469384765625 0.098017578125
0 0.2915271484375 0.1022416015625 0.2915271484375 0.11491396484375 0.2953671875 0.11529794921875 0.29728720703125 0.14832265625 0.26919921875 0.143671875 0.2694986328125 0.12451982421875 0.27021484375 0.10130859375 0.2915271484375 0.1022416015625
0 0.2697265625 0.101279296875 0.269010546875 0.12450849609375 0.2687109375 0.143583984375 0.238681640625 0.13861328125 0.2387728515625 0.137271875 0.24070244140625 0.1345705078125 0.24031416015625 0.12758193359375 0.24069599609375 0.10849326171875 0.24541015625 0.104052734375 0.245830078125 0.105313671875 0.25658232421875 0.10070556640625 0.2697265625 0.101279296875
0 0.2984392578125 0.1076177734375 0.31495166015625 0.1072337890625 0.3161037109375 0.11222587890625 0.32378388671875 0.11260986328125 0.3233998046875 0.1199060546875 0.32685595703125 0.1199060546875 0.32992802734375 0.1195220703125 0.3283919921875 0.15561884765625 0.31495166015625 0.159458984375 0.301511328125 0.1571548828125 0.2988232421875 0.1133779296875 0.2984392578125 0.1076177734375
0 0.34874443359375 0.117601953125 0.36717685546875 0.12835419921875 0.36410478515625 0.13641845703125 0.3714009765625 0.14563466796875 0.36141669921875 0.15485087890625 0.36256875 0.17097919921875 0.3537365234375 0.18019541015625 0.33107998046875 0.16713916015625 0.34874443359375 0.117601953125
0 0.39252138671875 0.1513947265625 0.412105859375 0.17635537109375 0.3697001953125 0.209497265625 0.34874443359375 0.1871076171875 0.39252138671875 0.1513947265625
0 0.2089958984375 0.23950966796875 0.21323935546875 0.23856669921875 0.21323935546875 0.23007978515625 0.2245552734375 0.22984404296875 0.225733984375 0.23314453125 0.23728564453125 0.2343232421875 0.23728564453125 0.24728935546875 0.23964306640625 0.24728935546875 0.23728564453125 0.2644990234375 0.23162763671875 0.2644990234375 0.23115615234375 0.27133564453125 0.20781708984375 0.272514453125 0.2089958984375 0.243281640625 0.2089958984375 0.23950966796875
0 0.32969892578125 0.23149423828125 0.33064189453125 0.26001982421875 0.32191923828125 0.26119853515625 0.3207404296875 0.2746361328125 0.3197974609375 0.28571630859375 0.29881591796875 0.28618779296875 0.29905166015625 0.2805298828125 0.29890625 0.280537109375 0.2995318359375 0.27725107421875 0.29929580078125 0.256716796875 0.29908095703125 0.23149423828125 0.31555400390625 0.23149423828125 0.31602548828125 0.22937255859375 0.32969892578125 0.23149423828125
0 0.297637109375 0.22536484375 0.29810859375 0.23149423828125 0.29859267578125 0.23149423828125 0.29880751953125 0.25672177734375 0.29904296875 0.27720771484375 0.2983984375 0.280576171875 0.26816865234375 0.2828873046875 0.26864013671875 0.27864384765625 0.26701171875 0.278828125 0.26723447265625 0.23848837890625 0.26644345703125 0.23738798828125 0.2667541015625 0.23738798828125 0.26698984375 0.22984404296875 0.27547685546875 0.22913681640625 0.27736279296875 0.23102275390625 0.287028515625 0.23172998046875 0.28584970703125 0.2251291015625 0.297637109375 0.22536484375
0 0.24695126953125 0.23880244140625 0.26510390625 0.23738798828125 0.265837109375 0.23738798828125 0.2667453125 0.23864501953125 0.2665234375 0.27888671875 0.2502517578125 0.280765625 0.24695126953125 0.28571630859375 0.23681416015625 0.28335888671875 0.23822861328125 0.26992119140625 0.240350390625 0.25389033203125 0.240821875 0.2362091796875 0.24695126953125 0.23880244140625
0 0.40743134765625 0.090976171875 0.415254296875 0.0855603515625 0.42217451171875 0.0867638671875 0.429395703125 0.08285244140625 0.44112998046875 0.081648828125 0.44383798828125 0.0963919921875 0.44865205078125 0.09458671875 0.45166083984375 0.11083427734375 0.4125462890625 0.12136513671875 0.4077322265625 0.11023251953125 0.40983837890625 0.10782548828125 0.40743134765625 0.090976171875
0 0.39328994140625 0.04464052734375 0.4266876953125 0.04885283203125 0.4275904296875 0.0644986328125 0.43511240234375 0.06479951171875 0.43691767578125 0.07894091796875 0.38396259765625 0.07773740234375 0.384564453125 0.0738259765625 0.38486533203125 0.04825107421875 0.39328994140625 0.04885283203125 0.39328994140625 0.04464052734375
0 0.40514267578125 1.259765625e-05 0.43431044921875 0.02135419921875 0.42950791015625 0.03040517578125 0.433941015625 0.03465361328125 0.42507470703125 0.045182421875 0.40974345703125 0.0385326171875 0.40457138671875 0.03779375 0.4034630859375 0.0328064453125 0.3879470703125 0.023570703125 0.37889609375 0.01562802734375 0.38776240234375 0.00713115234375 0.39810634765625 0.01285732421875 0.40235478515625 0.0100865234375 0.38445966796875 1.25e-05 0.40514267578125 1.259765625e-05
0 0.46811611328125 1.26953125e-05 0.469591015625 0.00676171875 0.44077548828125 0.01692099609375 0.43579189453125 1.26953125e-05 0.46811611328125 1.26953125e-05
0 0.50209990234375 1.26953125e-05 0.50136201171875 0.01064072265625 0.475132421875 0.0075005859375 0.474948046875 1.26953125e-05 0.50209990234375 1.26953125e-05
0 0.539228125 1.26953125e-05 0.53812021484375 0.033730078125 0.5102283203125 0.0315134765625 0.51059755859375 1.26953125e-05 0.539228125 1.26953125e-05
0 0.57210830078125 1.259765625e-05 0.57340078125 0.0300357421875 0.5427380859375 0.0315134765625 0.54236875 1.26953125e-05 0.57210830078125 1.259765625e-05
0 0.6037173828125 1.25e-05 0.60400654296875 0.01453837890625 0.60501962890625 0.01511728515625 0.60530908203125 0.02307734375 0.60386181640625 0.023366796875 0.60255927734375 0.031905859375 0.57520546875 0.03118212890625 0.57506083984375 1.259765625e-05 0.6037173828125 1.25e-05
0 0.63628115234375 1.23046875e-05 0.63642578125 0.03393203125 0.623834375 0.034221484375 0.62209765625 0.02756396484375 0.607190625 0.02857705078125 0.60646728515625 1.25e-05 0.63628115234375 1.23046875e-05
0 0.6687009765625 1.2109375e-05 0.6702923828125 0.033642578125 0.63989931640625 0.0343662109375 0.63917587890625 1.23046875e-05 0.6687009765625 1.2109375e-05
0 0.7029025390625 1.181640625e-05 0.70271806640625 0.0096330078125 0.68775615234375 0.00907890625 0.68831025390625 0.0225630859375 0.671870703125 0.02200888671875 0.671870703125 1.2109375e-05 0.7029025390625 1.181640625e-05
0 0.74018408203125 1.15234375e-05 0.73759306640625 0.01303642578125 0.72179794921875 0.01185771484375 0.723683984375 0.02270205078125 0.7074173828125 0.02128759765625 0.7092099609375 1.181640625e-05 0.74018408203125 1.15234375e-05
0 0.7394791015625 0.0158654296875 0.76635439453125 0.00384228515625 0.7783775390625 0.0323677734375 0.749851953125 0.047219921875 0.74372255859375 0.03684697265625 0.74490126953125 0.03566826171875 0.7394791015625 0.01845859375 0.7394791015625 0.0158654296875
0 0.75241025390625 0.05279345703125 0.781790234375 0.0548197265625 0.7816455078125 0.058437890625 0.7848294921875 0.0585826171875 0.7839611328125 0.07566064453125 0.7804876953125 0.07493701171875 0.78034296875 0.08405498046875 0.7483578125 0.0826076171875 0.746910546875 0.0714634765625 0.7493708984375 0.071029296875 0.75052880859375 0.0659638671875 0.7487919921875 0.06509541015625 0.74994990234375 0.05930625 0.75110771484375 0.05872734375 0.75241025390625 0.05279345703125
0 0.85444248046875 1.005859375e-05 0.85068291015625 0.0112365234375 0.80846220703125 1.064453125e-05 0.85444248046875 1.005859375e-05
0 0.7949623046875 0.00776298828125 0.799153515625 1.083984375e-05 0.79920546875 1.083984375e-05 0.80943515625 0.00240810546875 0.80943515625 0.00703935546875 0.81594794921875 0.00819716796875 0.81725048828125 0.00400009765625 0.84966982421875 0.013696875 0.8437359375 0.02788037109375 0.84170966796875 0.02773564453125 0.83809150390625 0.03887978515625 0.80682998046875 0.02860400390625 0.810882421875 0.021946484375 0.7990146484375 0.01847294921875 0.80190927734375 0.013407421875 0.7949623046875 0.00776298828125
0 0.7981462890625 0.04293212890625 0.81725048828125 0.04162958984375 0.81725048828125 0.04437939453125 0.84894609375 0.04278740234375 0.8493802734375 0.05610244140625 0.8464857421875 0.05639189453125 0.8456173828125 0.0604443359375 0.847498828125 0.0601548828125 0.85053818359375 0.06001015625 0.8490908203125 0.0724568359375 0.799448828125 0.069996484375 0.80147509765625 0.059720703125 0.80263291015625 0.05479990234375 0.7981462890625 0.05378681640625 0.7981462890625 0.04293212890625
0 0.79394912109375 0.07318046875 0.84489375 0.0739041015625 0.845762109375 0.08837705078125 0.8479330078125 0.08765341796875 0.8479330078125 0.10400771484375 0.80133037109375 0.10198154296875 0.80133037109375 0.0982185546875 0.7975673828125 0.095758203125 0.7966990234375 0.09025849609375 0.79293603515625 0.08924541015625 0.79394912109375 0.07318046875
0 0.7943974609375 0.109416796875 0.81278583984375 0.10988828125 0.81467177734375 0.10470185546875 0.83706787109375 0.10611630859375 0.83706787109375 0.108473828125 0.84579052734375 0.108473828125 0.84484755859375 0.13699931640625 0.79321875 0.13511328125 0.7943974609375 0.109416796875
0 0.7939259765625 0.13817802734375 0.8483837890625 0.1398283203125 0.8497982421875 0.16623203125 0.79557626953125 0.1650533203125 0.79628349609375 0.14383603515625 0.7939259765625 0.13817802734375
0 0.7908578125 0.1708048828125 0.844844140625 0.1703333984375 0.845787109375 0.17976328125 0.8505021484375 0.1799990234375 0.85026640625 0.19933037109375 0.7915650390625 0.19720869140625 0.7908578125 0.1708048828125
0 0.791329296875 0.202159375 0.8460228515625 0.202630859375 0.8446083984375 0.23021337890625 0.79368681640625 0.22950615234375 0.79368681640625 0.22196220703125 0.7896791015625 0.21984052734375 0.791329296875 0.202159375
0 0.79140009765625 0.2339537109375 0.84375341796875 0.2339537109375 0.84194814453125 0.25862587890625 0.80554150390625 0.26103291015625 0.80554150390625 0.25742236328125 0.7953115234375 0.257121484375 0.79140009765625 0.2339537109375
0 0.787488671875 0.2652453125 0.80855029296875 0.26494443359375 0.81186005859375 0.26494443359375 0.81125830078125 0.26283828125 0.83683310546875 0.26103291015625 0.83683310546875 0.264041796875 0.84315166015625 0.26374091796875 0.84495693359375 0.29142197265625 0.79892216796875 0.2941298828125 0.79952392578125 0.2835990234375 0.79019658203125 0.282997265625 0.787488671875 0.2652453125
0 0.79140009765625 0.29743955078125 0.82329345703125 0.2977404296875 0.82600146484375 0.311280078125 0.834726953125 0.31218271484375 0.83593046875 0.33234169921875 0.79200185546875 0.330235546875 0.79140009765625 0.29743955078125
0 0.5154005859375 0.089851953125 0.52615283203125 0.08908388671875 0.52615283203125 0.08485986328125 0.54496923828125 0.08255576171875 0.54727333984375 0.12594873046875 0.5146326171875 0.1240287109375 0.5154005859375 0.089851953125
0 0.5518814453125 0.08524384765625 0.57876201171875 0.08524384765625 0.57876201171875 0.126716796875 0.5587935546875 0.12479677734375 0.5587935546875 0.12172470703125 0.55111337890625 0.120188671875 0.5518814453125 0.08524384765625
0 0.58413818359375 0.084091796875 0.59373837890625 0.0814037109375 0.59681044921875 0.08562783203125 0.61255478515625 0.0863958984375 0.61101875 0.14130908203125 0.5945064453125 0.139773046875 0.59719443359375 0.12863681640625 0.58452216796875 0.127484765625 0.58413818359375 0.084091796875
0 0.6160109375 0.08869990234375 0.62138701171875 0.08485986328125 0.62829921875 0.08485986328125 0.63098720703125 0.09100400390625 0.64250751953125 0.09100400390625 0.6440435546875 0.13516494140625 0.61677890625 0.13439697265625 0.61793095703125 0.126716796875 0.6160109375 0.08869990234375
0 0.65172373046875 0.0871638671875 0.65479580078125 0.08601181640625 0.6651640625 0.0867798828125 0.6747642578125 0.08293974609375 0.67975634765625 0.08255576171875 0.67706826171875 0.1424611328125 0.64903564453125 0.14092509765625 0.65172373046875 0.0871638671875
0 0.64596357421875 0.15167734375 0.677836328125 0.15359736328125 0.67591630859375 0.1793259765625 0.6805244140625 0.1789419921875 0.68206044921875 0.2092787109375 0.64865166015625 0.20735859375 0.64596357421875 0.15167734375
0 0.6133228515625 0.1459171875 0.63943544921875 0.14514921875 0.63905146484375 0.206590625 0.61255478515625 0.20467060546875 0.6133228515625 0.1459171875
0 0.5445900390625 0.15098662109375 0.55807421875 0.1506171875 0.55844365234375 0.1456298828125 0.57266669921875 0.1454451171875 0.57137373046875 0.1879294921875 0.55862841796875 0.18829892578125 0.55807421875 0.1866365234375 0.54218876953125 0.18626708984375 0.5445900390625 0.15098662109375
0 0.5774693359375 0.1456298828125 0.59686435546875 0.14581455078125 0.59815732421875 0.1498783203125 0.6059154296875 0.15024775390625 0.60554599609375 0.18405048828125 0.6085013671875 0.1846046875 0.60813193359375 0.198827734375 0.59557138671875 0.19919716796875 0.5942783203125 0.18996142578125 0.57673046875 0.188668359375 0.5774693359375 0.1456298828125
0 -0.0 0.07057197265625 0.00489150390625 0.0703873046875 0.00415263671875 0.05524072265625 0.0228087890625 0.05653369140625 0.02114638671875 0.06835546875 0.019483984375 0.07260390625 0.00821630859375 0.0746357421875 0.0085857421875 0.09126005859375 -0.0 0.09144482421875 -0.0 0.07057197265625
0 0.0222546875 0.06983310546875 0.034815234375 0.07001787109375 0.0342611328125 0.06059736328125 0.0392484375 0.05782666015625 0.042019140625 0.056718359375 0.05199375 0.06225986328125 0.05070078125 0.10991630859375 0.0383248046875 0.10899267578125 0.03629296875 0.10419013671875 0.02170048828125 0.10345126953125 0.0222546875 0.06983310546875
0 -0.0 0.11294140625 0.01486611328125 0.11601181640625 0.01468134765625 0.13669990234375 0.0128341796875 0.136515234375 0.01264951171875 0.1398400390625 0.01486611328125 0.1398400390625 0.01191064453125 0.1655154296875 -0.0 0.16707900390625 -0.0 0.11294140625
0 0.01837568359375 0.12395458984375 0.02410185546875 0.12395458984375 0.02410185546875 0.12026025390625 0.0340763671875 0.11896728515625 0.0357388671875 0.1222921875 0.04866884765625 0.12247685546875 0.04737587890625 0.1542478515625 0.03758603515625 0.15369365234375 0.037770703125 0.1653306640625 0.017821484375 0.16496123046875 0.01837568359375 0.12395458984375
0 0.050516015625 0.11508828125 0.0732359375 0.116566015625 0.07212763671875 0.13725400390625 0.06935693359375 0.15295478515625 0.06935693359375 0.164591796875 0.05107021484375 0.166254296875 0.05107021484375 0.15018408203125 0.05014658203125 0.13245146484375 0.0525478515625 0.11693544921875 0.050516015625 0.11508828125
0 -0.0 0.554060546875 0.01418779296875 0.55479091796875 0.01418779296875 0.56351357421875 0.02078876953125 0.56469228515625 0.017959765625 0.59981875 -0.0 0.6009974609375 -0.0 0.554060546875
0 0.01371630859375 0.497268359375 0.0205529296875 0.49373212890625 0.0328119140625 0.49514658203125 0.03186884765625 0.50999873046875 0.04412783203125 0.51141318359375 0.04601376953125 0.54795419921875 0.01536650390625 0.546775390625 0.01371630859375 0.497268359375
0 -0.0 0.2133544921875 0.015581640625 0.21311875 0.0158173828125 0.25626064453125 -0.0 0.25531767578125 -0.0 0.2133544921875
0 0.02006083984375 0.19944541015625 0.037034765625 0.20062412109375 0.0367990234375 0.2124115234375 0.047643359375 0.2124115234375 0.0469361328125 0.24612353515625 0.02053232421875 0.24612353515625 0.02029658203125 0.20203857421875 0.02006083984375 0.19944541015625
0 -0.0 0.26019833984375 0.0141671875 0.26073984375 0.0144029296875 0.30317451171875 -0.0 0.30270302734375 -0.0 0.26019833984375
0 0.02053232421875 0.2668693359375 0.04835068359375 0.2673408203125 0.04811494140625 0.31048271484375 0.01888212890625 0.31048271484375 0.01935361328125 0.26993408203125 0.02053232421875 0.2668693359375
0 0.0528298828125 0.19850234375 0.070039453125 0.20015263671875 0.0712181640625 0.212647265625 0.08324140625 0.2128830078125 0.0839486328125 0.25626064453125 0.06485302734375 0.25649638671875 0.0629669921875 0.252488671875 0.0523583984375 0.25107421875 0.0528298828125 0.19850234375
0 0.1101166015625 0.2109970703125 0.11082392578125 0.2220771484375 0.1171890625 0.2216056640625 0.1174248046875 0.21830517578125 0.12779775390625 0.21830517578125 0.130391015625 0.23834384765625 0.1334556640625 0.23834384765625 0.1329841796875 0.2581466796875 0.11105966796875 0.25531767578125 0.11247412109375 0.24848095703125 0.107994921875 0.24848095703125 0.10516591796875 0.23881533203125 0.0987890625 0.237900390625 0.09666015625 0.2237109375 0.09785771484375 0.22325595703125 0.09809345703125 0.20934677734375 0.1101166015625 0.2109970703125
0 0.098291015625 0.23783203125 0.09691474609375 0.2376365234375 0.09691474609375 0.24800947265625 0.08913505859375 0.24753798828125 0.08866357421875 0.22514189453125 0.09479306640625 0.22443466796875 0.096201171875 0.223896484375 0.098291015625 0.23783203125
0 0.07145400390625 0.26168291015625 0.07168974609375 0.26380458984375 0.07242490234375 0.26380458984375 0.07050107421875 0.2682365234375 0.07073837890625 0.2763048828125 0.07097431640625 0.29022353515625 0.072236328125 0.302041015625 0.0693322265625 0.30199580078125 0.0698037109375 0.31614072265625 0.05094384765625 0.313783203125 0.053065625 0.27064130859375 0.05400859375 0.26851953125 0.05872353515625 0.268048046875 0.05801630859375 0.2609755859375 0.07145400390625 0.26168291015625
0 0.08088388671875 0.26380458984375 0.084184375 0.30223154296875 0.072734375 0.30205078125 0.071462109375 0.29019326171875 0.0712265625 0.2762935546875 0.0709923828125 0.26833115234375 0.0729650390625 0.26380458984375 0.08088388671875 0.26380458984375
0 0.08748486328125 0.273941796875 0.09762197265625 0.27441328125 0.09715048828125 0.27818525390625 0.11624609375 0.27842099609375 0.11931083984375 0.27629921875 0.13604892578125 0.27629921875 0.13675615234375 0.2897369140625 0.11836787109375 0.2897369140625 0.11907509765625 0.3126044921875 0.0867775390625 0.31331171875 0.08889931640625 0.291387109375 0.08772060546875 0.2751205078125 0.08748486328125 0.273941796875
0 0.1135794921875 0.32304765625 0.13220361328125 0.31243896484375 0.13267509765625 0.3086669921875 0.14941318359375 0.298294140625 0.15129921875 0.30206611328125 0.15624990234375 0.2994728515625 0.16473681640625 0.30961005859375 0.1694517578125 0.30961005859375 0.17558125 0.32116171875 0.13904033203125 0.34049296875 0.13361806640625 0.33530654296875 0.123009375 0.34308623046875 0.1135794921875 0.32304765625
0 0.14298115234375 0.35072333984375 0.17362841796875 0.35072333984375 0.175514453125 0.38184208984375 0.1441599609375 0.38113486328125 0.14298115234375 0.35072333984375
0 0.11822763671875 0.37453388671875 0.13543720703125 0.37429814453125 0.1368517578125 0.392922265625 0.121056640625 0.39457255859375 0.11822763671875 0.37453388671875
0 0.1208060546875 0.41224775390625 0.13400791015625 0.41201201171875 0.13377216796875 0.4082400390625 0.13895869140625 0.4075328125 0.14060888671875 0.39833857421875 0.1422591796875 0.39833857421875 0.1422591796875 0.3936236328125 0.15546103515625 0.3926806640625 0.15522529296875 0.3990458984375 0.17408515625 0.399281640625 0.1743208984375 0.432286328125 0.1516890625 0.4329935546875 0.1509818359375 0.42804287109375 0.14650263671875 0.42757138671875 0.14768134765625 0.432286328125 0.1363654296875 0.4325220703125 0.1349509765625 0.44737421875 0.11868427734375 0.44737421875 0.11962734375 0.43558681640625 0.1212775390625 0.430400390625 0.1208060546875 0.41224775390625
0 -0.0 0.36182392578125 0.00905244140625 0.3616392578125 0.0101607421875 0.391932421875 0.0044345703125 0.39304072265625 0.003695703125 0.40190703125 -0.0 0.40350439453125 -0.0 0.36182392578125
0 0.01551748046875 0.34649267578125 0.03251123046875 0.34575380859375 0.03232646484375 0.360900390625 0.04396357421875 0.363855859375 0.044887109375 0.36477939453125 0.043409375 0.403384765625 0.0158869140625 0.40375419921875 0.01607158203125 0.3666265625 0.01551748046875 0.3501869140625 0.01551748046875 0.34649267578125
0 0.04747314453125 0.35388125 0.0646515625 0.35000224609375 0.078874609375 0.35388125 0.07942880859375 0.40227646484375 0.046180078125 0.40079873046875 0.04728837890625 0.382142578125 0.04802724609375 0.3559130859375 0.04747314453125 0.35388125
0 0.01533271484375 0.40800263671875 0.04230107421875 0.4098498046875 0.04230107421875 0.45916865234375 0.02826279296875 0.458983984375 0.02770859375 0.45455078125 0.0158869140625 0.4532578125 0.01533271484375 0.40800263671875
0 -0.0 0.41167841796875 0.0101607421875 0.4126205078125 0.01108427734375 0.45196474609375 -0.0 0.4510412109375 -0.0 0.41167841796875
0 0.04821201171875 0.4083720703125 0.05874072265625 0.4085568359375 0.05947958984375 0.41243583984375 0.0689 0.41225107421875 0.06945419921875 0.42074794921875 0.074626171875 0.4213021484375 0.073333203125 0.44439150390625 0.046180078125 0.44180546875 0.04821201171875 0.4083720703125
0 0.12784267578125 0.45036748046875 0.14293056640625 0.4480099609375 0.1426947265625 0.44188056640625 0.15660390625 0.44258779296875 0.157075390625 0.43645830078125 0.17452080078125 0.43645830078125 0.17428505859375 0.46710556640625 0.1311431640625 0.4642765625 0.12784267578125 0.45036748046875
0 0.12124169921875 0.48195771484375 0.13137890625 0.4713490234375 0.16909853515625 0.47464951171875 0.16650537109375 0.51001171875 0.14458076171875 0.50694697265625 0.14623095703125 0.493980859375 0.1344435546875 0.493980859375 0.134679296875 0.499874609375 0.119119921875 0.4996388671875 0.12124169921875 0.48195771484375
0 0.08710048828125 0.49691044921875 0.08677734375 0.502099609375 0.085146875 0.50973212890625 0.0844068359375 0.51509755859375 0.083203125 0.52373046875 0.07786474609375 0.523509375 0.07786474609375 0.54881533203125 0.0582849609375 0.54807646484375 0.054775390625 0.5399490234375 0.04941865234375 0.53939482421875 0.04904921875 0.51889150390625 0.05218935546875 0.5185220703125 0.0497880859375 0.510579296875 0.05514482421875 0.50984052734375 0.05569892578125 0.5057767578125 0.06918310546875 0.506330859375 0.06936787109375 0.49413974609375 0.08710048828125 0.49691044921875
0 0.10963564453125 0.50171298828125 0.11979501953125 0.50984052734375 0.1251517578125 0.51390419921875 0.12311982421875 0.5312673828125 0.10261650390625 0.5329298828125 0.09781396484375 0.5484458984375 0.08469912109375 0.54807646484375 0.08691572265625 0.52387880859375 0.08369140625 0.52375 0.0848904296875 0.51516474609375 0.085628125 0.50981669921875 0.086826171875 0.50421875 0.09744453125 0.502082421875 0.09762919921875 0.499496484375 0.10963564453125 0.50171298828125
0 0.025928125 0.60738056640625 0.0289369140625 0.5842126953125 0.02622900390625 0.582407421875 0.02863603515625 0.55773525390625 0.04879501953125 0.55713349609375 0.04759150390625 0.55141669921875 0.06173291015625 0.551717578125 0.06173291015625 0.56796513671875 0.05330830078125 0.56856689453125 0.0536091796875 0.584814453125 0.04398095703125 0.58541630859375 0.04217568359375 0.60918583984375 0.025928125 0.60738056640625
0 0.06504267578125 0.565858984375 0.06564443359375 0.5580361328125 0.0782814453125 0.55833701171875 0.07858232421875 0.56315107421875 0.095431640625 0.56254931640625 0.09663515625 0.60136298828125 0.0773787109375 0.60136298828125 0.074369921875 0.5842126953125 0.06805146484375 0.58391181640625 0.0653435546875 0.58391181640625 0.06504267578125 0.565858984375
0 0.0990421875 0.5568326171875 0.11589150390625 0.5568326171875 0.12702412109375 0.5568326171875 0.1243162109375 0.56946953125 0.133342578125 0.56977041015625 0.1267232421875 0.59745146484375 0.11589150390625 0.59745146484375 0.11799765625 0.582407421875 0.1107765625 0.582407421875 0.10987392578125 0.596548828125 0.09994482421875 0.5953453125 0.0990421875 0.5568326171875
0 0.1351478515625 0.57638984375 0.13875849609375 0.5757880859375 0.1384576171875 0.5670625 0.15831572265625 0.5664607421875 0.15771396484375 0.5733810546875 0.16944833984375 0.57488544921875 0.1715544921875 0.60256650390625 0.15801484375 0.60196474609375 0.15711220703125 0.598955859375 0.13454609375 0.5995576171875 0.1351478515625 0.57638984375
0 -0.0 0.00603935546875 0.0175912109375 0.00807919921875 0.01789208984375 0.02703466796875 0.00254716796875 0.02643291015625 -0.0 0.00603935546875
0 0.05279443359375 8.49609375e-06 0.05339599609375 0.02222060546875 0.0365466796875 0.0219197265625 0.03624580078125 0.02793740234375 0.0224052734375 0.02823828125 0.02451083984375 7.91015625e-06 0.05279443359375 8.49609375e-06
0 0.086792578125 9.08203125e-06 0.085590234375 0.0089818359375 0.0732541015625 0.0077783203125 0.07174970703125 0.02853916015625 0.054900390625 0.0288400390625 0.05610361328125 8.49609375e-06 0.086792578125 9.08203125e-06
0 0.14906640625 1.015625e-05 0.142155859375 0.0071765625 0.13403212890625 0.003566015625 0.1201916015625 0.01981357421875 0.1132712890625 0.0146986328125 0.10394404296875 0.02402587890625 0.0907052734375 0.0101853515625 0.090103515625 0.00567216796875 0.09761318359375 9.27734375e-06 0.14906640625 1.015625e-05
0 0.18006611328125 1.0546875e-05 0.179766015625 0.0041677734375 0.168031640625 0.0125923828125 0.1568990234375 0.00446865234375 0.1593005859375 1.025390625e-05 0.18006611328125 1.0546875e-05
0 0.12771357421875 0.0306453125 0.16833251953125 0.01560126953125 0.18066865234375 0.0453884765625 0.14065146484375 0.060131640625 0.1268109375 0.03455673828125 0.12771357421875 0.0306453125
0 0.12771357421875 0.06163603515625 0.1439611328125 0.0631404296875 0.14426201171875 0.0667509765625 0.18247392578125 0.0679544921875 0.18307568359375 0.092025 0.15750078125 0.0914232421875 0.1581025390625 0.09984794921875 0.13704091796875 0.09774169921875 0.139748828125 0.07758271484375 0.12410302734375 0.0784853515625 0.12771357421875 0.06163603515625
0 0.169404296875 0.171865234375 0.1815712890625 0.180483984375 0.16712900390625 0.19974033203125 0.1638193359375 0.19974033203125 0.153890234375 0.21147470703125 0.1593060546875 0.2150853515625 0.1520849609375 0.2271205078125 0.134934765625 0.216890625 0.13613828125 0.20786416015625 0.1319259765625 0.20605888671875 0.125607421875 0.20726240234375 0.11989072265625 0.20064306640625 0.1250056640625 0.19733330078125 0.120793359375 0.1904130859375 0.1262091796875 0.18830693359375 0.12921796875 0.1880060546875 0.130421484375 0.1816875 0.13523564453125 0.17837783203125 0.144169921875 0.171826171875 0.14573935546875 0.17141611328125 0.15540234375 0.17624755859375 0.163874609375 0.17140625 0.169404296875 0.171865234375
0 0.174951953125 0.1362544921875 0.17374833984375 0.15190029296875 0.170438671875 0.15310380859375 0.1698369140625 0.16243115234375 0.1722439453125 0.16273203125 0.1716421875 0.17025400390625 0.16712900390625 0.17025400390625 0.168623046875 0.17130859375 0.1637640625 0.17090712890625 0.1553869140625 0.1756939453125 0.1457935546875 0.170897265625 0.1424955078125 0.17175849609375 0.1250056640625 0.17175849609375 0.12410302734375 0.15611259765625 0.1403505859375 0.1552099609375 0.1398046875 0.140791015625 0.14256064453125 0.13770810546875 0.1592865234375 0.1386041015625 0.167853515625 0.13952197265625 0.17017578125 0.13595703125 0.174951953125 0.1362544921875
0 0.1701953125 0.1350390625 0.1676080078125 0.13900458984375 0.15932568359375 0.1381171875 0.1423529296875 0.1372080078125 0.139775390625 0.140087890625 0.139748828125 0.13926328125 0.1156783203125 0.13956416015625 0.11537744140625 0.119104296875 0.1343330078125 0.11820166015625 0.131625 0.10466201171875 0.1722439453125 0.10345849609375 0.1701953125 0.1350390625
0 0.21858486328125 1.103515625e-05 0.217963671875 0.01579462890625 0.21174716796875 0.01579462890625 0.21174716796875 1.09375e-05 0.21858486328125 1.103515625e-05
0 0.2736009765625 1.162109375e-05 0.27391162109375 0.01952451171875 0.2294640625 0.01828125 0.22853212890625 1.11328125e-05 0.2736009765625 1.162109375e-05
0 0.2257341796875 0.02107861328125 0.230396484375 0.02201103515625 0.23785625 0.0251193359375 0.2456267578125 0.0313357421875 0.24904580078125 0.04097119140625 0.2509107421875 0.054958203125 0.24842421875 0.065526171875 0.2437619140625 0.0732966796875 0.22853154296875 0.0770265625 0.21392294921875 0.07516162109375 0.2042875 0.06583701171875 0.19962509765625 0.05216083984375 0.2005576171875 0.03475478515625 0.20863896484375 0.0251193359375 0.2257341796875 0.02107861328125
0 0.3505 0.713803125 0.36357685546875 0.714004296875 0.36357685546875 0.7252705078125 0.35009755859375 0.7250693359375 0.3505 0.713803125
