0 0.844499609375 0.0042982421875 0.8594927734375 0.0016765625 0.8619970703125 0.01312158203125 0.84675166015625 0.01620654296875 0.844499609375 0.0042982421875
0 0.8822177734375 0.04138427734375 0.893984375 0.0340189453125 0.8993736328125 0.042551953125 0.88793232421875 0.049632421875 0.8822177734375 0.04138427734375
0 0.92901083984375 0.06895498046875 0.93710224609375 0.059869921875 0.9500083984375 0.07058359375 0.9421462890625 0.0792435546875 0.92901083984375 0.06895498046875
4 0.87771484375 0.0495921875 0.88406328125 0.04962001953125 0.88401982421875 0.05541962890625 0.8776001953125 0.05530498046875 0.87771484375 0.0495921875
0 0.97150166015625 0.109991015625 0.98205048828125 0.10681337890625 0.98752958984375 0.12172373046875 0.9771103515625 0.12540634765625 0.97150166015625 0.109991015625
0 0.9139283203125 0.1036966796875 0.9247966796875 0.10396611328125 0.9247966796875 0.1153734375 0.91410791015625 0.11510400390625 0.9139283203125 0.1036966796875
0 0.88033427734375 0.24399228515625 0.88899072265625 0.24272548828125 0.89004638671875 0.2507484375 0.8814603515625 0.251944921875 0.88033427734375 0.24399228515625
0 0.95181142578125 0.3314107421875 0.961030859375 0.3254287109375 0.969476171875 0.33872998046875 0.959790234375 0.3445611328125 0.95181142578125 0.3314107421875
0 0.835668359375 0.31107431640625 0.83426083984375 0.302910546875 0.84200234375 0.301221484375 0.84340986328125 0.3095259765625 0.835668359375 0.31107431640625
2 0.9096091796875 0.3495 0.917977734375 0.3415900390625 0.92451201171875 0.34846826171875 0.91624609375 0.357002734375 0.9096091796875 0.3495
0 0.999135546875 0.43570517578125 0.99325546875 0.43767705078125 0.98442841796875 0.41646923828125 0.999135546875 0.41190712890625 0.999135546875 0.43570517578125
0 0.8211708984375 0.37031630859375 0.83137353515625 0.35827939453125 0.84146162109375 0.36653330078125 0.8311443359375 0.3789140625 0.8211708984375 0.37031630859375
1 0.770537109375 0.307705078125 0.7540935546875 0.314884765625 0.7488263671875 0.30303369140625 0.765126953125 0.2959375 0.770537109375 0.307705078125
1 0.7782345703125 0.30435048828125 0.770986328125 0.307509765625 0.765576171875 0.2957421875 0.7726748046875 0.292645703125 0.7782345703125 0.30435048828125
0 0.68834033203125 0.2344828125 0.70003330078125 0.23058515625 0.70794326171875 0.2545443359375 0.69636494140625 0.2586712890625 0.68834033203125 0.2344828125
4 0.60163525390625 0.346259375 0.6095359375 0.33557880859375 0.61641240234375 0.3235814453125 0.6308970703125 0.33279892578125 0.62489833984375 0.34640576171875 0.61699765625 0.35635478515625 0.60163525390625 0.346259375
0 0.62167841796875 0.18054169921875 0.63610576171875 0.17498193359375 0.63920234375 0.1827234375 0.62491572265625 0.189057421875 0.62167841796875 0.18054169921875
1 0.74023203125 0.13397001953125 0.75582265625 0.1345431640625 0.75524951171875 0.14784111328125 0.73977353515625 0.146809375 0.74023203125 0.13397001953125
0 0.77350625 0.097228515625 0.7715171875 0.0982982421875 0.7675048828125 0.0910876953125 0.77438310546875 0.08684609375 0.777363671875 0.09223408203125 0.78401259765625 0.08856572265625 0.79100546875 0.10220751953125 0.779083203125 0.10805400390625 0.77350625 0.097228515625
0 0.71485654296875 0.10090126953125 0.7218990234375 0.09126640625 0.73416513671875 0.10020810546875 0.72671376953125 0.11006689453125 0.71485654296875 0.10090126953125
0 0.7378666015625 0.07360048828125 0.747725390625 0.067639453125 0.75414501953125 0.0768103515625 0.74428623046875 0.0825421875 0.7378666015625 0.07360048828125
0 0.73725439453125 0.01941474609375 0.75270361328125 0.0195943359375 0.7523443359375 0.03100166015625 0.7368951171875 0.0307322265625 0.73725439453125 0.01941474609375
0 0.58660615234375 0.08911640625 0.59898701171875 0.08418701171875 0.60299931640625 0.09576533203125 0.59084775390625 0.10000693359375 0.58660615234375 0.08911640625
3 0.5923833984375 0.010626171875 0.60947060546875 0.00860478515625 0.61062900390625 0.0230625 0.5941390625 0.024379296875 0.5923833984375 0.010626171875
0 0.68930576171875 0.4433283203125 0.70076943359375 0.4377111328125 0.707418359375 0.45249931640625 0.69607509765625 0.45794384765625 0.68930576171875 0.4433283203125
1 0.8496298828125 0.58268818359375 0.84492978515625 0.5792490234375 0.85192265625 0.56904638671875 0.8661376953125 0.5779880859375 0.8596033203125 0.58876396484375 0.8496298828125 0.58268818359375
0 0.84355419921875 0.60022763671875 0.8496298828125 0.58268818359375 0.8579984375 0.58876396484375 0.85318369140625 0.6030935546875 0.84355419921875 0.60022763671875
0 0.8287361328125 0.62639853515625 0.82961396484375 0.63722548828125 0.81483671875 0.63898115234375 0.8133736328125 0.6283005859375 0.8287361328125 0.62639853515625
0 0.94907841796875 0.72649140625 0.96575771484375 0.71946865234375 0.96956171875 0.72722294921875 0.95273623046875 0.7345384765625 0.94907841796875 0.72649140625
1 0.94470048828125 0.80577275390625 0.9582634765625 0.80505419921875 0.95853291015625 0.8129583984375 0.945149609375 0.81340751953125 0.94470048828125 0.80577275390625
0 0.95878896484375 0.81867197265625 0.9728892578125 0.8190158203125 0.97300390625 0.82841611328125 0.95890361328125 0.82841611328125 0.95878896484375 0.81867197265625
0 0.917180078125 0.81804609375 0.92649912109375 0.8181564453125 0.92649912109375 0.8269240234375 0.9170146484375 0.8269240234375 0.917180078125 0.81804609375
4 0.90631015625 0.887071484375 0.90572490234375 0.870099609375 0.92328203125 0.86966064453125 0.9234283203125 0.88663251953125 0.90631015625 0.887071484375
4 0.9066390625 0.82974130859375 0.912026953125 0.830314453125 0.91110986328125 0.83776591796875 0.90549267578125 0.83719267578125 0.9066390625 0.82974130859375
0 0.86226904296875 0.99900283203125 0.86056298828125 0.9896193359375 0.86021103515625 0.97610693359375 0.88610986328125 0.9726583984375 0.88716552734375 0.9858189453125 0.88885458984375 0.99588291015625 0.8671310546875 0.99900283203125 0.86226904296875 0.99900283203125
0 0.94058818359375 0.9545419921875 0.9502982421875 0.9539818359375 0.9516076171875 0.9701263671875 0.93681943359375 0.971501953125 0.93624619140625 0.96221640625 0.9412509765625 0.9618408203125 0.94058818359375 0.9545419921875
0 0.87371357421875 0.95709794921875 0.875147265625 0.95665673828125 0.876470703125 0.956546484375 0.87773896484375 0.9567119140625 0.87862119140625 0.9570427734375 0.87944833984375 0.9575390625 0.8803255859375 0.95812802734375 0.88093720703125 0.9594138671875 0.88159892578125 0.960902734375 0.8820400390625 0.96283271484375 0.8817091796875 0.9643767578125 0.8806615234375 0.96564501953125 0.87977919921875 0.96652724609375 0.87845576171875 0.966968359375 0.8769669921875 0.96718896484375 0.87575380859375 0.96729921875 0.87409951171875 0.96691328125 0.8726107421875 0.9660861328125 0.87178359375 0.96531416015625 0.87139755859375 0.9641009765625 0.871121875 0.9627224609375 0.87106669921875 0.96161962890625 0.87134248046875 0.96068212890625 0.8719490234375 0.959193359375 0.87272099609375 0.958255859375 0.87371357421875 0.95709794921875
0 0.83507578125 0.98005205078125 0.84742861328125 0.97526630859375 0.85038447265625 0.982655859375 0.8379705078125 0.98744013671875 0.83507578125 0.98005205078125
0 0.82106025390625 0.86772763671875 0.8214443359375 0.88375 0.8084203125 0.88419912109375 0.80797119140625 0.86803134765625 0.82106025390625 0.86772763671875
0 0.7723748046875 0.888649609375 0.7868443359375 0.88869052734375 0.78652568359375 0.89877021484375 0.77242373046875 0.89859052734375 0.7723748046875 0.888649609375
1 0.79226474609375 0.86752783203125 0.80098681640625 0.86742265625 0.8008072265625 0.881434765625 0.79209453125 0.881344921875 0.79226474609375 0.86752783203125
0 0.78889501953125 0.91420126953125 0.8052880859375 0.9156916015625 0.80423671875 0.9271552734375 0.78786328125 0.925091796875 0.78889501953125 0.91420126953125
4 0.7130419921875 0.9028765625 0.73037744140625 0.9007208984375 0.7318146484375 0.91024189453125 0.71420966796875 0.91248740234375 0.7130419921875 0.9028765625
0 0.75115478515625 0.8164267578125 0.76067578125 0.81112724609375 0.768580078125 0.82666630859375 0.75896923828125 0.83133701171875 0.75115478515625 0.8164267578125
0 0.76501982421875 0.86689091796875 0.7787625 0.86392685546875 0.77993017578125 0.8721904296875 0.76609765625 0.87488505859375 0.76501982421875 0.86689091796875
0 0.70697607421875 0.75914052734375 0.7117365234375 0.74315234375 0.72934150390625 0.74809248046875 0.72485048828125 0.76372138671875 0.70697607421875 0.75914052734375
0 0.696382421875 0.7503029296875 0.704807421875 0.75058935546875 0.70472109375 0.756940625 0.69629599609375 0.75663818359375 0.696382421875 0.7503029296875
0 0.631880078125 0.8045283203125 0.6519244140625 0.79911494140625 0.65719150390625 0.81813505859375 0.6375861328125 0.8244263671875 0.631880078125 0.8045283203125
4 0.64285322265625 0.775998046875 0.6533875 0.7702919921875 0.6577767578125 0.777607421875 0.64753515625 0.78375244140625 0.64285322265625 0.775998046875
4 0.6317291015625 0.7871205078125 0.63872197265625 0.78184716796875 0.643766015625 0.7889546875 0.63700244140625 0.79388408203125 0.6317291015625 0.7871205078125
0 0.7217205078125 0.699577734375 0.7336142578125 0.69936943359375 0.733755078125 0.70900830078125 0.72179091796875 0.7091490234375 0.7217205078125 0.699577734375
4 0.7173830078125 0.6891171875 0.7246583984375 0.6893376953125 0.7246583984375 0.6949595703125 0.717201171875 0.6946765625 0.7173830078125 0.6891171875
0 0.7663609375 0.5696357421875 0.7805705078125 0.5696357421875 0.7805705078125 0.58201630859375 0.76607958984375 0.58229765625 0.7663609375 0.5696357421875
0 0.67331064453125 0.59434931640625 0.68004755859375 0.59123994140625 0.6822931640625 0.59564482421875 0.68540244140625 0.60324541015625 0.67806103515625 0.60592294921875 0.67331064453125 0.59434931640625
0 0.8891783203125 0.51043828125 0.89579228515625 0.50911552734375 0.89722529296875 0.5168318359375 0.89072158203125 0.51793408203125 0.8891783203125 0.51043828125
0 0.54719208984375 0.560676953125 0.55358564453125 0.55108671875 0.5658388671875 0.55880302734375 0.5594279296875 0.56839326171875 0.54719208984375 0.560676953125
4 0.8631505859375 0.8390642578125 0.866940234375 0.83500390625 0.8701208984375 0.83811689453125 0.866060546875 0.84197421875 0.8631505859375 0.8390642578125
4 0.2640626953125 0.811300390625 0.27070634765625 0.79998828125 0.27663173828125 0.80411806640625 0.270167578125 0.81471201171875 0.2640626953125 0.811300390625
0 0.16736123046875 0.87556923828125 0.17606962890625 0.870278125 0.1834552734375 0.88284462890625 0.17430595703125 0.88813583984375 0.16736123046875 0.87556923828125
0 0.0502626953125 0.8257484375 0.056734375 0.83728486328125 0.04871513671875 0.8419275390625 0.041962109375 0.83081318359375 0.0502626953125 0.8257484375
0 0.2695943359375 0.62743837890625 0.283473828125 0.61883251953125 0.29030830078125 0.629855859375 0.27674970703125 0.63900517578125 0.2695943359375 0.62743837890625
0 0.320776171875 0.64921044921875 0.3255265625 0.64083251953125 0.337618359375 0.64791494140625 0.33304072265625 0.6561201171875 0.320776171875 0.64921044921875
0 0.2444158203125 0.53419677734375 0.26072724609375 0.52489345703125 0.265946484375 0.53328369140625 0.24993115234375 0.5427966796875 0.2444158203125 0.53419677734375
0 0.30610341796875 0.494821484375 0.30935166015625 0.4905580078125 0.30847197265625 0.48988134765625 0.31199091796875 0.4850087890625 0.3260669921875 0.49617490234375 0.31957041015625 0.50463408203125 0.30610341796875 0.494821484375
4 0.47429033203125 0.43610869140625 0.48145380859375 0.42664638671875 0.49446123046875 0.43568544921875 0.49247705078125 0.4388822265625 0.48787021484375 0.4450216796875 0.48254423828125 0.44158701171875 0.47956787109375 0.44588603515625 0.472541796875 0.441023046875 0.47559951171875 0.43706748046875 0.47429033203125 0.43610869140625
4 0.0001341796875 0.1982109375 0.003640625 0.19535419921875 0.00994560546875 0.203473046875 0.0001341796875 0.21020517578125 0.0001341796875 0.1982109375
4 0.48751005859375 0.44637802734375 0.49332998046875 0.438392578125 0.50036796875 0.44360341796875 0.49339765625 0.4512505859375 0.48751005859375 0.44637802734375
4 0.53394658203125 0.55361884765625 0.54551875 0.55253603515625 0.54619541015625 0.55957412109375 0.53482626953125 0.56072451171875 0.53394658203125 0.55361884765625
4 0.7074087890625 0.017481640625 0.72413291015625 0.01857236328125 0.723405859375 0.03093369140625 0.70631806640625 0.0296611328125 0.7074087890625 0.017481640625
0 0.9570669921875 0.4146921875 0.96727529296875 0.41121201171875 0.9728435546875 0.42675654296875 0.962287109375 0.429888671875 0.9608951171875 0.425596484375 0.955094921875 0.42710458984375 0.9531228515625 0.4197962890625 0.958575 0.41828828125 0.9570669921875 0.4146921875
0 0.96750732421875 0.44288115234375 0.9798037109375 0.43104873046875 0.9881560546875 0.4400970703125 0.97551162109375 0.4515814453125 0.96750732421875 0.44288115234375
