3 0.945577734375 0.98129775390625 0.953202734375 0.97307470703125 0.96396748046875 0.9823443359375 0.9564919921875 0.989819921875 0.945577734375 0.98129775390625
0 0.86048984375 0.95842802734375 0.8648255859375 0.94856025390625 0.875889453125 0.9531951171875 0.87125458984375 0.96246474609375 0.86048984375 0.95842802734375
0 0.73486318359375 0.94409609375 0.73638603515625 0.932030078125 0.75196640625 0.93285009765625 0.750912109375 0.94538466796875 0.73486318359375 0.94409609375
1 0.93897861328125 0.80165302734375 0.94069599609375 0.7953560546875 0.95157255859375 0.796691796875 0.94966435546875 0.80375205078125 0.93897861328125 0.80165302734375
1 0.95136201171875 0.7235501953125 0.95435224609375 0.714430078125 0.9657150390625 0.7171212890625 0.96287431640625 0.7265404296875 0.95136201171875 0.7235501953125
3 0.93693193359375 0.7209234375 0.93798623046875 0.71518330078125 0.94606923828125 0.7169404296875 0.94489775390625 0.72232919921875 0.93693193359375 0.7209234375
1 0.865476171875 0.721095703125 0.87235361328125 0.7071912109375 0.8841650390625 0.7116765625 0.87713798828125 0.7261791015625 0.865476171875 0.721095703125
3 0.84819287109375 0.71011865234375 0.85312666015625 0.70443720703125 0.86179833984375 0.7108662109375 0.85626640625 0.71699619140625 0.84819287109375 0.71011865234375
3 0.88472490234375 0.57997861328125 0.8900677734375 0.56623974609375 0.9062873046875 0.5719642578125 0.90056279296875 0.5862755859375 0.88472490234375 0.57997861328125
1 0.83882548828125 0.5630578125 0.849590234375 0.554834765625 0.85661728515625 0.56470244140625 0.84555341796875 0.5726265625 0.83882548828125 0.5630578125
1 0.84538916015625 0.53724892578125 0.8540607421875 0.5353052734375 0.8558548828125 0.5435283203125 0.847183203125 0.54547197265625 0.84538916015625 0.53724892578125
1 0.91515107421875 0.523905859375 0.91877666015625 0.509212890625 0.93175224609375 0.51207509765625 0.9285083984375 0.52657724609375 0.91515107421875 0.523905859375
3 0.95380361328125 0.5231962890625 0.95514912109375 0.51542177734375 0.96262470703125 0.516468359375 0.9612791015625 0.524093359375 0.95380361328125 0.5231962890625
3 0.9827685546875 0.42489013671875 0.99099169921875 0.417115625 0.99902890625 0.4259701171875 0.99902890625 0.4275724609375 0.99203828125 0.434159765625 0.9827685546875 0.42489013671875
1 0.756892578125 0.5524169921875 0.76705927734375 0.54628701171875 0.77214267578125 0.55495869140625 0.76152744140625 0.5609390625 0.756892578125 0.5524169921875
3 0.75044580078125 0.5445958984375 0.7597154296875 0.53936298828125 0.7633037109375 0.5457919921875 0.7538845703125 0.55087529296875 0.75044580078125 0.5445958984375
1 0.7420779296875 0.488880859375 0.75333623046875 0.47800419921875 0.76154140625 0.4867818359375 0.75028310546875 0.49708603515625 0.7420779296875 0.488880859375
2 0.61263447265625 0.5267232421875 0.6156875 0.51412919921875 0.62770908203125 0.51622822265625 0.62446513671875 0.52901298828125 0.61263447265625 0.5267232421875
3 0.64991015625 0.51352470703125 0.65185380859375 0.503507421875 0.661721484375 0.50575009765625 0.659329296875 0.5168138671875 0.650508203125 0.5151693359375 0.64991015625 0.51352470703125
3 0.43793671875 0.5718716796875 0.44855205078125 0.572170703125 0.44825302734375 0.580991796875 0.437338671875 0.5806927734375 0.43793671875 0.5718716796875
3 0.4032908203125 0.5729251953125 0.4056337890625 0.56109345703125 0.4219169921875 0.56449072265625 0.4195740234375 0.5760880859375 0.4032908203125 0.5729251953125
3 0.32720185546875 0.52663828125 0.33826923828125 0.52072294921875 0.3430396484375 0.53064541015625 0.331972265625 0.53617919921875 0.32720185546875 0.52663828125
3 0.39586845703125 0.952299609375 0.40242861328125 0.9439822265625 0.41226884765625 0.9517138671875 0.40570869140625 0.95956259765625 0.39586845703125 0.952299609375
3 0.3826353515625 0.960305859375 0.39040986328125 0.9558205078125 0.39429716796875 0.96299697265625 0.386373046875 0.9673328125 0.3826353515625 0.960305859375
3 0.3426513671875 0.93979560546875 0.3538646484375 0.93007744140625 0.36403134765625 0.9417392578125 0.35281806640625 0.951457421875 0.3426513671875 0.93979560546875
3 0.828948828125 0.1796189453125 0.845022265625 0.1764529296875 0.8479447265625 0.18960400390625 0.831230078125 0.19240927734375 0.828948828125 0.1796189453125
3 0.64607509765625 0.39224658203125 0.65975126953125 0.38913837890625 0.66223779296875 0.40126044921875 0.649494140625 0.40436865234375 0.64607509765625 0.39224658203125
