1 0.54779521484375 0.39217138671875 0.55497529296875 0.38536923828125 0.565934375 0.39758798828125 0.5583763671875 0.4053978515625 0.54779521484375 0.39217138671875
1 0.68690498046875 0.45084521484375 0.69539296875 0.44304814453125 0.7129611328125 0.46426806640625 0.70259794921875 0.472065234375 0.68690498046875 0.45084521484375
1 0.59327626953125 0.43031826171875 0.6029486328125 0.42410029296875 0.6118314453125 0.43811533203125 0.601665625 0.44314892578125 0.59327626953125 0.43031826171875
4 0.6221099609375 0.5141912109375 0.62767783203125 0.510324609375 0.6350244140625 0.52014580078125 0.628760546875 0.52424443359375 0.6221099609375 0.5141912109375
1 0.511041796875 0.19062236328125 0.52334990234375 0.17936171875 0.54246669921875 0.20319228515625 0.5264923828125 0.21471474609375 0.511041796875 0.19062236328125
0 0.42256455078125 0.23250751953125 0.43108525390625 0.22253994140625 0.44233896484375 0.2345974609375 0.43221064453125 0.24456513671875 0.42256455078125 0.23250751953125
1 0.4351796875 0.25542734375 0.42900732421875 0.25001083984375 0.4394625 0.23842197265625 0.44513095703125 0.2435865234375 0.4351796875 0.25542734375
0 0.52150458984375 0.34892578125 0.538063671875 0.336707421875 0.54610205078125 0.34924736328125 0.5274529296875 0.3621087890625 0.52150458984375 0.34892578125
1 0.40587353515625 0.34625068359375 0.42404033203125 0.33033466796875 0.43198857421875 0.3407845703125 0.41471572265625 0.35605751953125 0.40587353515625 0.34625068359375
0 0.3912845703125 0.35541923828125 0.39745693359375 0.35088447265625 0.40891982421875 0.36486669921875 0.402491796875 0.370573828125 0.3912845703125 0.35541923828125
1 0.37054873046875 0.30145546875 0.3931375 0.28410087890625 0.400401171875 0.29246630859375 0.377395703125 0.3090392578125 0.37054873046875 0.30145546875
1 0.3467806640625 0.3341865234375 0.342751953125 0.33774033203125 0.33305625 0.32632578125 0.3370052734375 0.3231806640625 0.3467806640625 0.3341865234375
1 0.35844912109375 0.318104296875 0.34626953125 0.32884765625 0.336513671875 0.317861328125 0.34954677734375 0.30748310546875 0.35844912109375 0.318104296875
0 0.23130693359375 0.27547109375 0.25059912109375 0.2804548828125 0.2491521484375 0.2949240234375 0.23018154296875 0.28945791015625 0.23130693359375 0.27547109375
0 0.28504990234375 0.42834267578125 0.29651279296875 0.42632724609375 0.3004177734375 0.44459228515625 0.289080859375 0.4462298828125 0.28504990234375 0.42834267578125
1 0.16051123046875 0.12831435546875 0.1669265625 0.12170166015625 0.17659892578125 0.13176875 0.16899921875 0.137690625 0.16051123046875 0.12831435546875
0 0.2624033203125 0.15407587890625 0.26152158203125 0.15407587890625 0.25383759765625 0.14336875 0.2653005859375 0.13480302734375 0.27348837890625 0.14651787109375 0.2624033203125 0.15407587890625
1 0.11547705078125 0.07143251953125 0.12435986328125 0.06353671875 0.13038037109375 0.0710376953125 0.12080673828125 0.0790322265625 0.11547705078125 0.07143251953125
1 0.04322802734375 0.01932705078125 0.06690966796875 0.0066044921875 0.072830078125 0.01705966796875 0.04700703125 0.03003408203125 0.04322802734375 0.01932705078125
1 0.17017578125 0.017373046875 0.15765517578125 0.026351953125 0.15059404296875 0.01677744140625 0.163603515625 0.0074609375 0.17017578125 0.017373046875
1 0.17380439453125 0.03514375 0.190834765625 0.02221708984375 0.20129921875 0.03411787109375 0.18365322265625 0.04807041015625 0.17380439453125 0.03514375
1 0.20319736328125 0.09363212890625 0.22728984375 0.07451533203125 0.24068203125 0.09125693359375 0.2149318359375 0.11036865234375 0.20319736328125 0.09363212890625
0 0.2685013671875 0.03933251953125 0.278075 0.0317328125 0.28912919921875 0.04851142578125 0.27758154296875 0.0558150390625 0.2685013671875 0.03933251953125
1 0.2592712890625 0.02828701171875 0.26972119140625 0.01848017578125 0.27799775390625 0.03150078125 0.266505859375 0.0397015625 0.2592712890625 0.02828701171875
1 0.30640478515625 0.0703994140625 0.2977130859375 0.07531201171875 0.288265625 0.0586845703125 0.2950677734375 0.0533939453125 0.30640478515625 0.0703994140625
0 0.43274755859375 0.08109560546875 0.4430767578125 0.07202607421875 0.4507607421875 0.08071767578125 0.43980166015625 0.08978720703125 0.43274755859375 0.08109560546875
1 0.05881845703125 0.29334267578125 0.0660876953125 0.2852228515625 0.0708048828125 0.2900173828125 0.0636130859375 0.29875595703125 0.05881845703125 0.29334267578125
1 0.05699765625 0.2746626953125 0.06291806640625 0.2698759765625 0.0714837890625 0.281212890625 0.06392578125 0.28524384765625 0.05699765625 0.2746626953125
0 0.654419140625 0.14318486328125 0.66570439453125 0.1360033203125 0.676784375 0.15631669921875 0.66570439453125 0.16267744140625 0.654419140625 0.14318486328125
0 0.39979296875 0.063284765625 0.4095998046875 0.05396025390625 0.42246123046875 0.0679470703125 0.411207421875 0.077432421875 0.39979296875 0.063284765625
0 0.3199595703125 0.073355078125 0.32510419921875 0.068210546875 0.3355541015625 0.079625 0.32751572265625 0.08782421875 0.3199595703125 0.073355078125
0 0.24055771484375 0.14798173828125 0.2462802734375 0.1423365234375 0.25617880859375 0.15432294921875 0.2489095703125 0.1602001953125 0.24055771484375 0.14798173828125
1 0.2407958984375 0.10392744140625 0.25210546875 0.0939099609375 0.26912978515625 0.11308564453125 0.257023828125 0.12334482421875 0.2407958984375 0.10392744140625
1 0.36245068359375 0.1352876953125 0.37450830078125 0.1282138671875 0.38447587890625 0.14509453125 0.37177529296875 0.15184677734375 0.36245068359375 0.1352876953125
4 0.2912865234375 0.03296796875 0.30362373046875 0.0330666015625 0.304709375 0.04214677734375 0.2927669921875 0.04333115234375 0.2912865234375 0.03296796875
4 0.66864677734375 0.49999560546875 0.66856943359375 0.48708115234375 0.6825666015625 0.4875451171875 0.68202529296875 0.49984091796875 0.66864677734375 0.49999560546875
0 0.22709423828125 0.1333650390625 0.23157958984375 0.1399435546875 0.21707705078125 0.1517548828125 0.21240234375 0.146640625 0.22708984375 0.133359375 0.22709423828125 0.1333650390625
0 0.22515068359375 0.127833203125 0.2269140625 0.1328515625 0.211962890625 0.14638671875 0.21005009765625 0.14562490234375 0.20406962890625 0.137850390625 0.2217119140625 0.12349736328125 0.22515068359375 0.127833203125
1 0.119253515625 2.05078125e-06 0.1220841796875 0.00773818359375 0.11502392578125 0.01117294921875 0.11139833984375 0.01136376953125 0.10662919921875 1.953125e-06 0.119253515625 2.05078125e-06
1 0.730409765625 0.05845498046875 0.738801953125 0.0718203125 0.73786953125 0.07368525390625 0.73507216796875 0.08269912109375 0.726369140625 0.0808341796875 0.72916650390625 0.07523935546875 0.7232609375 0.06840126953125 0.72295009765625 0.0628064453125 0.730409765625 0.05845498046875
1 0.79039697265625 0.272095703125 0.79816748046875 0.282663671875 0.79039697265625 0.2882583984375 0.7826263671875 0.27706884765625 0.79039697265625 0.272095703125
4 0.66164716796875 0.02126748046875 0.67490576171875 0.0337611328125 0.668021484375 0.04192021484375 0.6545080078125 0.0294265625 0.66164716796875 0.02126748046875
