0 0.507755859375 0.632926171875 0.54298671875 0.627283203125 0.54344423828125 0.63612900390625 0.5474095703125 0.64573740234375 0.50821337890625 0.65275302734375 0.5065357421875 0.64436474609375 0.5076033203125 0.632926171875 0.507755859375 0.632926171875
0 0.5663134765625 0.66963359375 0.58072236328125 0.66640400390625 0.58246142578125 0.6733599609375 0.56780400390625 0.67658955078125 0.5663134765625 0.66963359375
1 0.867691796875 0.78537255859375 0.9130611328125 0.786838671875 0.912709375 0.79695537109375 0.86738681640625 0.79533662109375 0.867691796875 0.78537255859375
1 0.86194453125 0.74396591796875 0.86194453125 0.74349775390625 0.8737419921875 0.74359130859375 0.8737419921875 0.74284228515625 0.91840380859375 0.74377861328125 0.91831015625 0.7547333984375 0.86175732421875 0.75370341796875 0.86194453125 0.74396591796875
1 0.87074765625 0.71487607421875 0.89657109375 0.71590322265625 0.89708466796875 0.71494951171875 0.918212890625 0.7153896484375 0.9185796875 0.7266140625 0.91183037109375 0.72632060546875 0.91175703125 0.7283013671875 0.9074287109375 0.72815458984375 0.90738818359375 0.729148828125 0.90199990234375 0.72888828125 0.9020732421875 0.726247265625 0.89803837890625 0.72610048828125 0.89803837890625 0.72492666015625 0.88886806640625 0.72463330078125 0.88886806640625 0.72558701171875 0.87052763671875 0.7252201171875 0.87074765625 0.71487607421875
1 0.7973431640625 0.7022083984375 0.80554130859375 0.7014630859375 0.80603818359375 0.708170703125 0.79783994140625 0.708916015625 0.7973431640625 0.7022083984375
1 0.875371875 0.652220703125 0.875371875 0.650730078125 0.9312685546875 0.65420810546875 0.9312685546875 0.66066728515625 0.92704521484375 0.662903125 0.92307041015625 0.65594716796875 0.90940673828125 0.65569873046875 0.91015205078125 0.6584314453125 0.9076677734375 0.6591767578125 0.9059287109375 0.66240625 0.874875 0.66041884765625 0.875371875 0.652220703125
1 0.87867099609375 0.6084333984375 0.92862158203125 0.6101064453125 0.9281435546875 0.62133935546875 0.8783125 0.6193078125 0.87867099609375 0.6084333984375
1 0.76862666015625 0.5773333984375 0.7930044921875 0.578169921875 0.79183388671875 0.61358798828125 0.76671474609375 0.61115166015625 0.76324921875 0.59442177734375 0.76862666015625 0.5773333984375
0 0.43322861328125 0.18926005859375 0.450525 0.18233388671875 0.45480732421875 0.19537548828125 0.4571431640625 0.194596875 0.455001953125 0.1885626953125 0.46629169921875 0.1852537109375 0.4686275390625 0.19148251953125 0.4768029296875 0.18953603515625 0.48361572265625 0.2084171875 0.470184765625 0.21367275390625 0.47135263671875 0.2163978515625 0.463761328125 0.2189283203125 0.462593359375 0.21620322265625 0.4501357421875 0.22068017578125 0.44486474609375 0.20905439453125 0.44059775390625 0.21055830078125 0.43322861328125 0.18926005859375
0 0.45904228515625 0.1586802734375 0.46021611328125 0.1575798828125 0.46146318359375 0.1571396484375 0.4627837890625 0.1567728515625 0.46373740234375 0.15684619140625 0.464837890625 0.157359765625 0.46601171875 0.15816669921875 0.4668919921875 0.15956064453125 0.46747890625 0.161101171875 0.4676990234375 0.162641796875 0.4673322265625 0.164182421875 0.46659853515625 0.1655029296875 0.4653513671875 0.16675009765625 0.4636640625 0.167190234375 0.4616099609375 0.16748369140625 0.45999599609375 0.16675009765625 0.45830869140625 0.1652828125 0.45772177734375 0.1632287109375 0.4577951171875 0.1616880859375 0.45786845703125 0.16007412109375 0.458748828125 0.15897373046875 0.459482421875 0.158093359375 0.45904228515625 0.1586802734375
