0 0.27168408203125 0.20397685546875 0.256978125 0.21790185546875 0.25107314453125 0.21219384765625 0.246357421875 0.202470703125 0.26071142578125 0.190794921875 0.27168408203125 0.20397685546875
1 0.1654283203125 0.198062109375 0.17803359375 0.1846302734375 0.18319970703125 0.18958974609375 0.18588603515625 0.1864900390625 0.206550390625 0.20508798828125 0.21212978515625 0.20446806640625 0.2156427734375 0.2075677734375 0.21171650390625 0.2114939453125 0.2166759765625 0.21542021484375 0.201384375 0.23112509765625 0.1654283203125 0.198062109375
0 0.02295390625 0.0319482421875 0.063569140625 0.00346474609375 0.07833837890625 0.02429990234375 0.06963505859375 0.0306294921875 0.0722724609375 0.0337943359375 0.0609318359375 0.04223388671875 0.058558203125 0.039596484375 0.03877802734375 0.05436572265625 0.02295390625 0.0319482421875
1 0.34615625 0.0758927734375 0.361699609375 0.06245419921875 0.36930947265625 0.07152119140625 0.35408984375 0.084312109375 0.34615625 0.0758927734375
1 0.46436923828125 0.257626953125 0.497782421875 0.22926591796875 0.50967802734375 0.24404306640625 0.476561328125 0.27070830078125 0.46436923828125 0.257626953125
1 0.0078791015625 0.52966025390625 0.031087890625 0.509880078125 0.0387412109375 0.5191341796875 0.03582685546875 0.5214009765625 0.039874609375 0.52609638671875 0.01911494140625 0.543687890625 0.0078791015625 0.52966025390625
1 0.03851162109375 0.53829072265625 0.048153125 0.5306791015625 0.05043662109375 0.533596875 0.0606853515625 0.52541123046875 0.06687275390625 0.5330265625 0.07006953125 0.530270703125 0.07469931640625 0.5361130859375 0.07194345703125 0.53886884765625 0.08716611328125 0.5568125 0.07073447265625 0.5711478515625 0.06616748046875 0.5656927734375 0.06236162109375 0.56861064453125 0.05576484375 0.560618359375 0.05259326171875 0.56315556640625 0.0478994140625 0.557319921875 0.051324609375 0.5544021484375 0.03851162109375 0.53829072265625
1 0.0695857421875 0.59681689453125 0.10842763671875 0.56600546875 0.1063314453125 0.5633111328125 0.11131591796875 0.55926123046875 0.1249396484375 0.57629169921875 0.1233140625 0.5776689453125 0.1262533203125 0.581887890625 0.117405078125 0.58884443359375 0.11508623046875 0.58591533203125 0.08109580078125 0.6122443359375 0.0695857421875 0.59681689453125
1 0.00178681640625 0.5993373046875 0.018151953125 0.58652421875 0.01688330078125 0.58512880859375 0.02576357421875 0.57827822265625 0.0279203125 0.58106923828125 0.02982314453125 0.579546875 0.0427630859375 0.59591201171875 0.0341365234375 0.6027625 0.02766650390625 0.59477021484375 0.0153609375 0.6041580078125 0.01345810546875 0.60187451171875 0.0071150390625 0.606568359375 0.00178681640625 0.5993373046875
1 0.504689453125 0.82991435546875 0.5135697265625 0.8225564453125 0.527905078125 0.84019013671875 0.5190248046875 0.8472943359375 0.504689453125 0.82991435546875
1 0.789883984375 0.386876953125 0.79694130859375 0.3802171875 0.804296875 0.388169140625 0.79714013671875 0.39482890625 0.789883984375 0.386876953125
1 0.83263447265625 0.40872607421875 0.82096318359375 0.4186212890625 0.81398720703125 0.4106443359375 0.82525673828125 0.4007224609375 0.83263447265625 0.40872607421875
1 0.83851123046875 0.38824775390625 0.82501953125 0.40056640625 0.81581435546875 0.38863251953125 0.82903056640625 0.37662099609375 0.83851123046875 0.38824775390625
0 0.22771708984375 0.37264560546875 0.2375576171875 0.36499189453125 0.23894921875 0.36668173828125 0.24511201171875 0.361910546875 0.26340146484375 0.3867603515625 0.25674169921875 0.3921279296875 0.25803388671875 0.39391708984375 0.248193359375 0.40127265625 0.22771708984375 0.37264560546875
1 0.51589775390625 0.22788759765625 0.52617353515625 0.219387890625 0.5320091796875 0.22661904296875 0.521987109375 0.23524560546875 0.51589775390625 0.22788759765625
1 0.999081640625 0.373805859375 0.98816708984375 0.35784892578125 0.99720263671875 0.35176357421875 0.9968501953125 0.3512341796875 0.999081640625 0.349544140625 0.999081640625 0.373805859375
1 0.8416939453125 0.3912064453125 0.84809990234375 0.38551201171875 0.853266015625 0.3915046875 0.84727333984375 0.397083984375 0.8416939453125 0.3912064453125
