1 0.0536076171875 2.24609375e-06 0.0519900390625 0.00666337890625 0.06965537109375 0.01016953125 0.0683068359375 0.0277 0.013692578125 0.01772109375 0.01841025390625 1.5625e-06 0.0536076171875 2.24609375e-06
1 0.01989619140625 0.02476357421875 0.0680009765625 0.03289091796875 0.06602412109375 0.0491455078125 0.04757294921875 0.046729296875 0.04735322265625 0.050902734375 0.0515267578125 0.0511224609375 0.0508677734375 0.057712109375 0.06492578125 0.05924970703125 0.06272919921875 0.072648828125 0.0495498046875 0.07286845703125 0.0495498046875 0.075504296875 0.06338818359375 0.07835986328125 0.06294892578125 0.09066064453125 0.0133064453125 0.08560849609375 0.0196765625 0.0252029296875 0.01989619140625 0.02476357421875
2 7.060546875e-05 0.10443291015625 0.017301953125 0.0910931640625 0.05485263671875 0.12491484375 0.045881640625 0.13388583984375 0.0411158203125 0.13753037109375 0.0313037109375 0.1263166015625 0.02850029296875 0.13052177734375 0.026537890625 0.1279986328125 0.0234541015625 0.1319234375 0.03691064453125 0.1428568359375 0.0234541015625 0.155752734375 7.0703125e-05 0.13248583984375 7.060546875e-05 0.10443291015625
0 7.080078125e-05 0.23788515625 0.01260458984375 0.2374310546875 0.01580107421875 0.2721365234375 7.080078125e-05 0.2730841796875 7.080078125e-05 0.23788515625
0 0.02811142578125 0.21946513671875 0.04256845703125 0.2117203125 0.04652685546875 0.2220466796875 0.04928056640625 0.2203255859375 0.05203427734375 0.2254888671875 0.05943486328125 0.2208419921875 0.06769599609375 0.23598740234375 0.040503125 0.25061640625 0.027423046875 0.21946513671875 0.02811142578125 0.21946513671875
0 0.07174541015625 0.21584990234375 0.07862041015625 0.2105791015625 0.07403701171875 0.205308203125 0.07862041015625 0.2023291015625 0.07243291015625 0.1954541015625 0.08755791015625 0.1858291015625 0.10497451171875 0.2160791015625 0.0935162109375 0.22272490234375 0.0978703125 0.22822490234375 0.0852662109375 0.23670400390625 0.071287109375 0.2167666015625 0.07174541015625 0.21584990234375
2 7.080078125e-05 0.309366796875 0.015725390625 0.30947431640625 0.01618369140625 0.33376591796875 0.01962119140625 0.3326201171875 0.02030869140625 0.35324501953125 0.0200794921875 0.36034921875 7.080078125e-05 0.36143427734375 7.080078125e-05 0.309366796875
2 0.05592021484375 0.34963466796875 0.055627734375 0.352851953125 0.055627734375 0.32682109375 0.0638171875 0.3274060546875 0.06293974609375 0.3203865234375 0.0927728515625 0.31833916015625 0.09248037109375 0.36835341796875 0.07317666015625 0.36835341796875 0.07200673828125 0.34963466796875 0.05592021484375 0.34963466796875
1 0.110002734375 0.36361220703125 0.110002734375 0.36510537109375 0.10515 0.32217724609375 0.12344111328125 0.3195642578125 0.12381435546875 0.335615625 0.14546513671875 0.335615625 0.14733154296875 0.352040234375 0.12792060546875 0.35129375 0.1286671875 0.362865625 0.110002734375 0.36361220703125
0 0.16848935546875 0.32855380859375 0.17788515625 0.32855380859375 0.17742685546875 0.32144970703125 0.19323935546875 0.32076220703125 0.19415595703125 0.32763720703125 0.20813515625 0.3274080078125 0.2083642578125 0.36247041015625 0.19140595703125 0.36361630859375 0.19094765625 0.3514705078125 0.16711435546875 0.351699609375 0.16848935546875 0.32855380859375
3 0.20396064453125 0.29598681640625 0.21507490234375 0.2956943359375 0.21507490234375 0.30446875 0.2048380859375 0.30446875 0.20396064453125 0.29598681640625
1 0.2260970703125 0.313298828125 0.24557626953125 0.311236328125 0.2460345703125 0.329798828125 0.268951171875 0.3286529296875 0.2700970703125 0.35500703125 0.2570345703125 0.3554654296875 0.2556595703125 0.3417154296875 0.24443037109375 0.34263212890625 0.2439720703125 0.36738203125 0.22655546875 0.3671529296875 0.2260970703125 0.313298828125
1 0.29042490234375 0.334305859375 0.31002109375 0.33401337890625 0.31031357421875 0.34483515625 0.31733310546875 0.3430802734375 0.31733310546875 0.33079609375 0.3328345703125 0.33079609375 0.33312705078125 0.36150654296875 0.2883775390625 0.3629689453125 0.28983994140625 0.334305859375 0.29042490234375 0.334305859375
2 0.35164208984375 0.31244306640625 0.3740193359375 0.319718359375 0.3718146484375 0.3255607421875 0.39066455078125 0.332615625 0.3821765625 0.35841015625 0.37412958984375 0.35631572265625 0.37159423828125 0.35973291015625 0.35583095703125 0.35400078125 0.356933203125 0.3491505859375 0.3415005859375 0.343859375 0.35164208984375 0.31244306640625
0 0.4022755859375 0.35823349609375 0.4183140625 0.35654521484375 0.41817333984375 0.359358984375 0.41001337890625 0.36048447265625 0.40987275390625 0.36189140625 0.42211259765625 0.36189140625 0.421971875 0.3668154296875 0.41338994140625 0.36751884765625 0.41381201171875 0.37005126953125 0.42126845703125 0.36878505859375 0.42211259765625 0.3762416015625 0.4153595703125 0.3776484375 0.41521884765625 0.38004013671875 0.424504296875 0.37877392578125 0.42548916015625 0.39790751953125 0.3901763671875 0.401143359375 0.38989501953125 0.3806029296875 0.40269765625 0.378492578125 0.400165234375 0.37188017578125 0.3987583984375 0.37089541015625 0.3987583984375 0.3666748046875 0.40086865234375 0.3659712890625 0.40002451171875 0.35837412109375 0.4022755859375 0.35781142578125 0.4022755859375 0.35823349609375
1 0.3875962890625 0.41640009765625 0.42867724609375 0.41414912109375 0.42867724609375 0.4331419921875 0.4094029296875 0.43412685546875 0.41010634765625 0.441442578125 0.415874609375 0.44158330078125 0.4164373046875 0.45551142578125 0.39223896484375 0.455370703125 0.39223896484375 0.45987275390625 0.37352744140625 0.45987275390625 0.37310537109375 0.43989501953125 0.388158984375 0.43933232421875 0.3876392578125 0.41651982421875 0.3875962890625 0.41640009765625
1 0.3751466796875 0.47007734375 0.40046435546875 0.469538671875 0.400284765625 0.47833701171875 0.42703896484375 0.476002734375 0.42614111328125 0.4935994140625 0.41016044921875 0.4935994140625 0.41016044921875 0.5210994140625 0.3925146484375 0.521328515625 0.39480634765625 0.49039111328125 0.37624384765625 0.4885578125 0.37601474609375 0.47091201171875 0.3751466796875 0.47007734375
1 0.38230146484375 0.528858203125 0.41271943359375 0.5294431640625 0.4106720703125 0.54903935546875 0.4036525390625 0.54903935546875 0.4048224609375 0.56629580078125 0.41593671875 0.5671732421875 0.4153517578125 0.57799501953125 0.3767443359375 0.57741005859375 0.3779142578125 0.56073857421875 0.38464130859375 0.561616015625 0.38639619140625 0.548746875 0.382008984375 0.54962431640625 0.38317890625 0.52915068359375 0.38230146484375 0.528858203125
0 0.37749921875 0.59065986328125 0.41806171875 0.59043076171875 0.41874921875 0.6115140625 0.40614501953125 0.6115140625 0.40591591796875 0.6254931640625 0.38299921875 0.6254931640625 0.38299921875 0.60922236328125 0.3772701171875 0.60922236328125 0.37749921875 0.5908890625 0.37749921875 0.59065986328125
1 0.39000556640625 0.6464240234375 0.41338046875 0.64596572265625 0.4138388671875 0.69088232421875 0.37144306640625 0.68813232421875 0.37175078125 0.67037236328125 0.39435966796875 0.6704865234375 0.3945888671875 0.65971572265625 0.38885966796875 0.65971572265625 0.38931806640625 0.64756982421875 0.38931806640625 0.64596572265625 0.39000556640625 0.6464240234375
0 0.3947349609375 0.73030595703125 0.395319921875 0.7066150390625 0.4181333984375 0.706030078125 0.4169634765625 0.74697734375 0.37777109375 0.7475623046875 0.36928916015625 0.7475623046875 0.36992421875 0.73030595703125 0.3947349609375 0.73030595703125
0 0.3811587890625 0.75891806640625 0.40094306640625 0.7585447265625 0.40131630859375 0.7663837890625 0.42222041015625 0.7663837890625 0.42514228515625 0.7668431640625 0.42628720703125 0.78630654296875 0.4229669921875 0.78803447265625 0.4308060546875 0.7884078125 0.4304328125 0.81192490234375 0.39534375 0.81155166015625 0.394223828125 0.775716015625 0.38120048828125 0.77604755859375 0.3811587890625 0.75891806640625
2 0.7634736328125 0.9337322265625 0.809978125 0.9337322265625 0.8139591796875 0.9383654296875 0.8139591796875 0.99231611328125 0.8093931640625 0.99841318359375 0.76435107421875 0.99807802734375 0.7636029296875 0.93533017578125 0.7634736328125 0.9337322265625
2 0.49597548828125 0.9343021484375 0.66774873046875 0.93448798828125 0.67202001953125 0.9361865234375 0.6726416015625 0.9961751953125 0.66737548828125 0.99832021484375 0.49603642578125 0.997946875 0.49597548828125 0.9343021484375
0 0.13752216796875 0.947226171875 0.14673310546875 0.9393408203125 0.21293828125 0.93902998046875 0.2179595703125 0.94608037109375 0.2179595703125 0.98274697265625 0.19160546875 0.98824697265625 0.19137626953125 0.9818302734375 0.18954296875 0.98068447265625 0.18908466796875 0.9880177734375 0.18014716796875 0.98916357421875 0.18014716796875 0.9797677734375 0.17418876953125 0.9804552734375 0.17373046875 0.98618447265625 0.16295966796875 0.98641357421875 0.1618138671875 0.98022607421875 0.1563138671875 0.97953857421875 0.15402216796875 0.98847607421875 0.13729306640625 0.98618447265625 0.137696484375 0.9475802734375 0.13752216796875 0.947226171875
0 0.04311923828125 0.948323046875 0.05131181640625 0.94070263671875 0.11969267578125 0.9419458984375 0.124244140625 0.94878134765625 0.1230982421875 0.98728125 0.1175982421875 0.98682294921875 0.11713994140625 0.9767396484375 0.1141607421875 0.97651044921875 0.11301494140625 0.98751044921875 0.09697333984375 0.98728125 0.09651494140625 0.97971875 0.094681640625 0.97994794921875 0.08941083984375 0.98659375 0.085744140625 0.9877396484375 0.08322333984375 0.97926044921875 0.080931640625 0.97765625 0.07634833984375 0.97628125 0.0765775390625 0.97994794921875 0.0772650390625 0.98453125 0.07497333984375 0.98682294921875 0.0676400390625 0.98659375 0.0642025390625 0.98613544921875 0.06191083984375 0.98613544921875 0.06168173828125 0.98269794921875 0.06191083984375 0.98063544921875 0.06191083984375 0.97971875 0.06099423828125 0.9794896484375 0.0600775390625 0.97926044921875 0.05961923828125 0.9794896484375 0.05916083984375 0.9822396484375 0.05893173828125 0.98476044921875 0.05893173828125 0.9849896484375 0.04609833984375 0.98476044921875 0.04380673828125 0.9485521484375 0.04311923828125 0.948323046875
1 7.060546875e-05 0.958998046875 0.00130166015625 0.960758203125 0.00314912109375 0.95895625 0.01300322265625 0.97431044921875 0.00658662109375 0.97912294921875 0.0201302734375 0.9990015625 7.05078125e-05 0.999001171875 7.060546875e-05 0.958998046875
0 0.01641396484375 0.8660083984375 0.03149365234375 0.86641904296875 0.03259599609375 0.85440361328125 0.0527685546875 0.8550650390625 0.05287880859375 0.895851171875 0.03017080078125 0.89518974609375 0.0305015625 0.8911111328125 0.0167224609375 0.8918828125 0.01606103515625 0.86586787109375 0.01641396484375 0.8660083984375
1 0.07012744140625 0.87184912109375 0.06563857421875 0.8720287109375 0.06599765625 0.85515029296875 0.08503076171875 0.8558685546875 0.0835943359375 0.8666419921875 0.11214404296875 0.86538505859375 0.11124619140625 0.89249833984375 0.09634287109375 0.89124140625 0.09562470703125 0.89734638671875 0.07964404296875 0.89573037109375 0.0792849609375 0.888009375 0.07066611328125 0.8881888671875 0.07020703125 0.87227421875 0.07012744140625 0.87184912109375
0 0.1193689453125 0.853621484375 0.14055673828125 0.854698828125 0.13929990234375 0.8685248046875 0.14145458984375 0.8696021484375 0.1432501953125 0.85344189453125 0.15689658203125 0.85380107421875 0.15905126953125 0.88594189453125 0.1432501953125 0.886121484375 0.141275 0.89779267578125 0.1236783203125 0.897972265625 0.1240375 0.88450546875 0.1177529296875 0.880734765625 0.11685517578125 0.8647541015625 0.119125390625 0.85378427734375 0.1193689453125 0.853621484375
0 0.229875 0.9030453125 0.2468982421875 0.90248251953125 0.2473203125 0.9114865234375 0.22889013671875 0.912752734375 0.229875 0.9030453125
1 0.2868185546875 0.861809375 0.30356044921875 0.86152802734375 0.30327900390625 0.87067275390625 0.314252734375 0.87067275390625 0.31453408203125 0.85885498046875 0.33352705078125 0.859136328125 0.33352705078125 0.88108369140625 0.31973955078125 0.8813650390625 0.3200208984375 0.89163525390625 0.2861150390625 0.8909318359375 0.2868185546875 0.861809375
1 0.38799306640625 0.853452734375 0.4106173828125 0.832803515625 0.4133107421875 0.8423201171875 0.42426376953125 0.8342400390625 0.43826923828125 0.8504001953125 0.43512158203125 0.8560736328125 0.4204783203125 0.87118544921875 0.41851787109375 0.87086982421875 0.4203134765625 0.8732041015625 0.42857314453125 0.8701515625 0.443296875 0.88702998046875 0.4246228515625 0.9022923828125 0.408103515625 0.88272060546875 0.4046919921875 0.874999609375 0.39337978515625 0.8758974609375 0.38817265625 0.87158798828125 0.38799306640625 0.863148828125 0.383324609375 0.8579416015625 0.38799306640625 0.853452734375
0 0.021351171875 0.74376162109375 0.02070205078125 0.764233203125 0.00832705078125 0.764920703125 0.0090587890625 0.74477900390625 0.021351171875 0.74376162109375
0 7.080078125e-05 0.74458994140625 0.00776806640625 0.74516064453125 0.00802685546875 0.76770810546875 7.080078125e-05 0.76853369140625 7.080078125e-05 0.74458994140625
1 0.03761337890625 0.78766572265625 0.0401271484375 0.7501380859375 0.04300009765625 0.7501380859375 0.042641015625 0.7409806640625 0.05323486328125 0.74133984375 0.05413271484375 0.749419921875 0.07729560546875 0.749419921875 0.0785525390625 0.7691712890625 0.0582625 0.76899169921875 0.05844208984375 0.7880248046875 0.03761337890625 0.78766572265625
1 0.09966455078125 0.78900263671875 0.0976021484375 0.7754818359375 0.09370625 0.7754818359375 0.0921021484375 0.757377734375 0.0962271484375 0.73629443359375 0.10974794921875 0.73491943359375 0.10997705078125 0.7433986328125 0.14733115234375 0.742940234375 0.14870615234375 0.76883603515625 0.11272705078125 0.769752734375 0.11249794921875 0.7878568359375 0.09966455078125 0.78900263671875
0 0.15322763671875 0.74094462890625 0.1523501953125 0.744746875 0.15322763671875 0.73567998046875 0.1947599609375 0.73567998046875 0.19154267578125 0.78657158203125 0.17867353515625 0.78715654296875 0.17604111328125 0.7734099609375 0.1546900390625 0.771655078125 0.15205771484375 0.75556865234375 0.15322763671875 0.74094462890625
0 0.20386748046875 0.749160546875 0.25329677734375 0.75062294921875 0.25446669921875 0.76992666015625 0.23399296875 0.77285146484375 0.2334080078125 0.7754837890625 0.21732158203125 0.77694619140625 0.21673662109375 0.785428125 0.20211259765625 0.78572060546875 0.20386748046875 0.74945302734375 0.20386748046875 0.749160546875
0 0.2079578125 0.7187109375 0.216996875 0.718159765625 0.21765830078125 0.7299546875 0.207406640625 0.730616015625 0.2079578125 0.71882109375 0.2079578125 0.7187109375
0 0.26977080078125 0.73024169921875 0.30714130859375 0.73210810546875 0.3090078125 0.770930078125 0.29220986328125 0.772796484375 0.2918365234375 0.78996767578125 0.27354541015625 0.79108759765625 0.272798828125 0.75898486328125 0.269066015625 0.7597314453125 0.26977080078125 0.73024169921875
0 0.2827177734375 0.6482177734375 0.2868427734375 0.65807197265625 0.2950927734375 0.65738447265625 0.296009375 0.66907197265625 0.31136357421875 0.6681552734375 0.31205107421875 0.683509375 0.26644697265625 0.6839677734375 0.26713447265625 0.6475302734375 0.2827177734375 0.6482177734375
1 0.20840771484375 0.65154345703125 0.227428515625 0.65085595703125 0.22788681640625 0.65864765625 0.23613681640625 0.65864765625 0.235678515625 0.6561267578125 0.2524076171875 0.65521015625 0.2544701171875 0.689355859375 0.2396521484375 0.69198642578125 0.23940859375 0.70586806640625 0.22211748046875 0.70659873046875 0.22211748046875 0.688576953125 0.20863681640625 0.689355859375 0.20840771484375 0.65154345703125
0 0.1474853515625 0.67461064453125 0.15789970703125 0.67514931640625 0.15843837890625 0.687718359375 0.146228515625 0.687718359375 0.1474853515625 0.67461064453125
0 0.1510765625 0.69130947265625 0.16059306640625 0.69077080078125 0.160233984375 0.7112404296875 0.15143564453125 0.71213818359375 0.1510765625 0.69130947265625
2 0.15782802734375 0.66088251953125 0.17273134765625 0.66142119140625 0.173449609375 0.6791974609375 0.19733076171875 0.6797361328125 0.19894677734375 0.6975123046875 0.16249658203125 0.6964349609375 0.163753515625 0.682608984375 0.16465126953125 0.6797361328125 0.161598828125 0.684763671875 0.16357392578125 0.6777609375 0.1601623046875 0.68224990234375 0.15782802734375 0.66088251953125
1 0.0848119140625 0.67941240234375 0.10733291015625 0.6539666015625 0.11669228515625 0.66244853515625 0.10616298828125 0.67561015625 0.10206826171875 0.68233720703125 0.1128900390625 0.6914041015625 0.12575927734375 0.6761951171875 0.13745849609375 0.68409208984375 0.10850283203125 0.71304775390625 0.07983974609375 0.6855544921875 0.0848119140625 0.67941240234375
1 7.080078125e-05 0.63459013671875 0.0205904296875 0.6400255859375 0.0185279296875 0.6441505859375 0.02838203125 0.6455255859375 0.02150703125 0.66477548828125 0.01738212890625 0.66454638671875 0.01554873046875 0.67096298828125 0.01531962890625 0.6727962890625 0.0102779296875 0.67165048828125 0.00981962890625 0.6789837890625 7.080078125e-05 0.67665732421875 7.080078125e-05 0.63459013671875
0 7.080078125e-05 0.577105078125 0.01957109375 0.57804912109375 0.01869365234375 0.59442802734375 0.026590625 0.59559794921875 0.026590625 0.60144755859375 0.01752373046875 0.60437236328125 0.01752373046875 0.6146091796875 7.080078125e-05 0.61742509765625 7.080078125e-05 0.577105078125
2 0.0149849609375 0.45461337890625 0.01911474609375 0.4533564453125 0.0230650390625 0.43540068359375 0.04102080078125 0.437914453125 0.0413798828125 0.4420443359375 0.0641837890625 0.4463537109375 0.062747265625 0.47633984375 0.04515068359375 0.47454423828125 0.04461201171875 0.466105078125 0.02970869140625 0.46574599609375 0.02970869140625 0.47292822265625 0.0149849609375 0.47221005859375 0.0149849609375 0.4558703125 0.0149849609375 0.45461337890625
0 0.0629126953125 0.5001396484375 0.0769517578125 0.49926220703125 0.0792916015625 0.51125390625 0.0617427734375 0.5118388671875 0.06262021484375 0.49984716796875 0.0629126953125 0.5001396484375
0 0.08590419921875 0.45624716796875 0.0851859375 0.44349853515625 0.096498046875 0.44331904296875 0.09613896484375 0.43829140625 0.117147265625 0.43757314453125 0.11750634765625 0.443678125 0.12774111328125 0.443139453125 0.12666376953125 0.4672001953125 0.1194814453125 0.46809794921875 0.1194814453125 0.46576376953125 0.10296220703125 0.46576376953125 0.10475771484375 0.49844326171875 0.08446767578125 0.50005927734375 0.08500634765625 0.46648193359375 0.0808765625 0.46684111328125 0.08159482421875 0.45516982421875 0.08590419921875 0.45624716796875
1 0.13056552734375 0.43771806640625 0.14816220703125 0.438436328125 0.1490599609375 0.45513525390625 0.15408759765625 0.4549556640625 0.15570361328125 0.4463369140625 0.16432236328125 0.44615732421875 0.16270634765625 0.4705771484375 0.128769921875 0.4694998046875 0.130924609375 0.438436328125 0.13056552734375 0.43771806640625
1 0.19761494140625 0.536501171875 0.19967744140625 0.526188671875 0.212281640625 0.5273345703125 0.2118232421875 0.538563671875 0.221219140625 0.532376171875 0.2269482421875 0.540626171875 0.22098994140625 0.548876171875 0.2276357421875 0.55116787109375 0.22717744140625 0.562626171875 0.2248857421875 0.5669802734375 0.2193857421875 0.57064697265625 0.21273994140625 0.570188671875 0.21136494140625 0.568126171875 0.20838583984375 0.566063671875 0.20586494140625 0.567438671875 0.20494833984375 0.57202197265625 0.205406640625 0.5745427734375 0.20311494140625 0.57477197265625 0.198531640625 0.574313671875 0.19463583984375 0.572938671875 0.188219140625 0.5724802734375 0.1879900390625 0.5724802734375 0.18776083984375 0.570876171875 0.1886775390625 0.5669802734375 0.18913583984375 0.56033447265625 0.1893650390625 0.555063671875 0.18982333984375 0.54727197265625 0.18913583984375 0.5438345703125 0.18913583984375 0.5424595703125 0.19348994140625 0.54085537109375 0.19555244140625 0.53810537109375 0.19761494140625 0.536501171875
1 0.26761298828125 0.52824990234375 0.301987890625 0.52962490234375 0.29946708984375 0.539708203125 0.304050390625 0.54772900390625 0.28915458984375 0.54818740234375 0.29030048828125 0.5681248046875 0.29534208984375 0.572708203125 0.2825087890625 0.575458203125 0.2653212890625 0.57179150390625 0.2666962890625 0.528708203125 0.26761298828125 0.52824990234375
1 0.237757421875 0.47830791015625 0.2579150390625 0.45703046875 0.28105888671875 0.479427734375 0.2642609375 0.502944921875 0.255301953125 0.498838671875 0.23327802734375 0.51675654296875 0.2276787109375 0.5096640625 0.22245263671875 0.4936126953125 0.237757421875 0.47830791015625
1 0.2105904296875 0.43172919921875 0.2348541015625 0.43844833984375 0.22552197265625 0.47055107421875 0.22104248046875 0.468311328125 0.218802734375 0.468311328125 0.2135767578125 0.4836162109375 0.19976513671875 0.4806298828125 0.2057376953125 0.46569833984375 0.19976513671875 0.464578515625 0.2105904296875 0.43172919921875
0 0.78007421875 4.8828125e-06 0.78086767578125 0.0095658203125 0.71629169921875 0.00858095703125 0.71643232421875 5.56640625e-06 0.78007421875 4.8828125e-06
0 0.5366921875 0.3034587890625 0.5937916015625 0.3007654296875 0.59450986328125 0.318362109375 0.53848779296875 0.32069638671875 0.5366921875 0.3034587890625
0 0.52323857421875 0.345170703125 0.542653515625 0.34390458984375 0.54507861328125 0.379509765625 0.52534697265625 0.38105302734375 0.52323857421875 0.345170703125
0 0.5494740234375 0.4081171875 0.5694115234375 0.4081171875 0.56849482421875 0.46242958984375 0.54695322265625 0.461512890625 0.5494740234375 0.4081171875
0 0.57174970703125 0.4419931640625 0.583434375 0.4414419921875 0.58504697265625 0.46844833984375 0.57265751953125 0.46826875 0.57174970703125 0.4419931640625
0 0.59382255859375 0.43449228515625 0.61432587890625 0.43416162109375 0.61531796875 0.4727431640625 0.591728125 0.473073828125 0.591176953125 0.43537421875 0.59382255859375 0.43449228515625
0 0.62135927734375 0.44496494140625 0.63787861328125 0.44352841796875 0.6414697265625 0.4869814453125 0.62459130859375 0.48823837890625 0.6215388671875 0.4453240234375 0.62135927734375 0.44496494140625
1 0.65344365234375 0.4561302734375 0.66779384765625 0.44628203125 0.68214404296875 0.46865146484375 0.66709033203125 0.47864033203125 0.65344365234375 0.4561302734375
1 0.67440615234375 0.4554267578125 0.6905853515625 0.443608984375 0.7097189453125 0.469636328125 0.6919921875 0.4814541015625 0.67440615234375 0.4554267578125
0 0.704384765625 0.4564205078125 0.7126853515625 0.4489640625 0.73772783203125 0.48441748046875 0.7284423828125 0.4910298828125 0.7039626953125 0.4562798828125 0.704384765625 0.4564205078125
0 0.75477490234375 0.45908544921875 0.7668052734375 0.4497484375 0.785479296875 0.469679296875 0.77291025390625 0.47937548828125 0.75477490234375 0.45908544921875
1 0.7936677734375 0.44539208984375 0.80273466796875 0.43749501953125 0.8352 0.47230029296875 0.8240857421875 0.48165966796875 0.7930828125 0.44480712890625 0.7936677734375 0.44539208984375
2 0.607185546875 0.32980966796875 0.624630859375 0.31827314453125 0.62955498046875 0.3254482421875 0.6460154296875 0.31419326171875 0.65530087890625 0.32769931640625 0.624630859375 0.35203837890625 0.607185546875 0.32980966796875
0 0.6460154296875 0.33796953125 0.6772482421875 0.3115201171875 0.689066015625 0.32460419921875 0.65783330078125 0.35119423828125 0.6460154296875 0.33796953125
1 0.6786208984375 0.33802763671875 0.71137880859375 0.3114119140625 0.72395546875 0.32457353515625 0.690027734375 0.35206669921875 0.6786208984375 0.33802763671875
1 0.711086328125 0.33861259765625 0.743844140625 0.31111943359375 0.75817568359375 0.32398857421875 0.72658779296875 0.349434375 0.711086328125 0.33861259765625
0 0.74647646484375 0.341244921875 0.774262109375 0.30819462890625 0.792980859375 0.315506640625 0.76051552734375 0.35206669921875 0.74706142578125 0.34095244140625 0.74647646484375 0.341244921875
0 0.7862958984375 0.3272265625 0.8133375 0.30339326171875 0.8257125 0.3176015625 0.79615 0.34258076171875 0.7862958984375 0.3272265625
0 0.65089130859375 0.379934765625 0.688059765625 0.38155078125 0.68823935546875 0.3996861328125 0.6483775390625 0.39789052734375 0.65035263671875 0.3795755859375 0.65089130859375 0.379934765625
0 0.65520068359375 0.4023794921875 0.6885984375 0.40166123046875 0.6885984375 0.4196169921875 0.6532255859375 0.42033525390625 0.65394375 0.4023794921875 0.65520068359375 0.4023794921875
0 0.71015263671875 0.3814283203125 0.7440890625 0.38160791015625 0.743550390625 0.40010234375 0.7081775390625 0.400641015625 0.71015263671875 0.3814283203125
0 0.706741015625 0.402795703125 0.74229345703125 0.40225703125 0.74301171875 0.4203923828125 0.70476591796875 0.42182880859375 0.70422724609375 0.402795703125 0.706741015625 0.402795703125
0 0.769860546875 0.38127119140625 0.7912279296875 0.380912109375 0.79194619140625 0.4193375 0.7686037109375 0.4189783203125 0.7675263671875 0.38127119140625 0.769860546875 0.38127119140625
0 0.99907138671875 0.05891728515625 0.96760400390625 0.058118359375 0.96797734375 0.0317314453125 0.99907138671875 0.0316984375 0.99907138671875 0.05891728515625
0 0.26351376953125 0.25098876953125 0.2651005859375 0.124442578125 0.26867080078125 0.119285546875 0.30119990234375 0.119285546875 0.3015966796875 0.11650869140625 0.33253896484375 0.11849208984375 0.3345224609375 0.1466576171875 0.33174560546875 0.14784765625 0.324605078125 0.14784765625 0.3250017578125 0.17759990234375 0.32381162109375 0.17839326171875 0.3075470703125 0.1787900390625 0.3075470703125 0.2029884765625 0.3223228515625 0.20313955078125 0.32378408203125 0.20581845703125 0.3240275390625 0.2347994140625 0.32695 0.2369912109375 0.3276806640625 0.25501298828125 0.31891328125 0.25476943359375 0.31793916015625 0.2593966796875 0.30357041015625 0.2593966796875 0.3025962890625 0.25501298828125 0.26606572265625 0.2535517578125 0.26351376953125 0.25098876953125
1 0.4242740234375 6.4453125e-06 0.4246611328125 0.0018322265625 0.4314556640625 0.00148076171875 0.4322755859375 0.0030037109375 0.43262705078125 0.0127267578125 0.43204130859375 0.0149525390625 0.40861220703125 0.01624111328125 0.40708935546875 0.0150697265625 0.40662080078125 0.00429228515625 0.3953748046875 0.00487802734375 0.3940861328125 0.00382373046875 0.394016015625 6.34765625e-06 0.4242740234375 6.4453125e-06
2 0.81837255859375 0.26984189453125 0.67762216796875 0.2668041015625 0.67509072265625 0.25262783203125 0.67762216796875 0.22680673828125 0.68319140625 0.225794140625 0.72217626953125 0.226300390625 0.72015107421875 0.1706078125 0.7236951171875 0.16200078125 0.77381845703125 0.16351962890625 0.77533740234375 0.16503857421875 0.77635 0.2283255859375 0.78546328125 0.2283255859375 0.78546328125 0.22528779296875 0.806727734375 0.226300390625 0.80723408203125 0.22984453125 0.8219166015625 0.23085712890625 0.82444814453125 0.23743896484375 0.82242294921875 0.26528525390625 0.81837255859375 0.26984189453125
1 0.7835947265625 0.59806201171875 0.69499287109375 0.5975556640625 0.69549912109375 0.5378126953125 0.6985369140625 0.531230859375 0.78460732421875 0.53274970703125 0.78663251953125 0.53528125 0.7858568359375 0.55501318359375 0.78839853515625 0.55546171875 0.789744140625 0.55680732421875 0.7903421875 0.57026328125 0.78839853515625 0.5723564453125 0.78301611328125 0.57265546875 0.78430771484375 0.5942375 0.78430771484375 0.597227734375 0.7835947265625 0.59806201171875
1 0.99907158203125 0.58695224609375 0.9633388671875 0.58672392578125 0.955138671875 0.587075390625 0.9512728515625 0.58156953125 0.95150712890625 0.5712607421875 0.95619296875 0.56505205078125 0.98102783203125 0.56434912109375 0.98102783203125 0.560834765625 0.98981376953125 0.560717578125 0.98981376953125 0.56388056640625 0.99907158203125 0.56462587890625 0.99907158203125 0.58695224609375
0 0.96208115234375 0.5191869140625 0.98141015625 0.51965546875 0.9830501953125 0.5212955078125 0.98316728515625 0.5432017578125 0.9863302734375 0.5432017578125 0.98597880859375 0.55327626953125 0.9858564453125 0.55686630859375 0.96223369140625 0.55596923828125 0.9584958984375 0.5522314453125 0.958406640625 0.522094921875 0.96208115234375 0.5191869140625
0 0.99907158203125 0.5357783203125 0.98664853515625 0.5303328125 0.9857306640625 0.52895595703125 0.99288994140625 0.51225078125 0.99500107421875 0.512526171875 0.9990716796875 0.51515712890625 0.99907158203125 0.5357783203125
0 0.995316015625 0.9109888671875 0.98926064453125 0.9112908203125 0.98856796875 0.831358984375 0.98990361328125 0.829832421875 0.999071484375 0.8283587890625 0.99907138671875 0.91048857421875 0.995316015625 0.9109888671875
3 0.4728193359375 0.99048642578125 0.472628515625 0.97846494140625 0.47510908203125 0.97770166015625 0.4856041015625 0.97827412109375 0.485794921875 0.99239462890625 0.484268359375 0.99353955078125 0.4739642578125 0.99315791015625 0.4728193359375 0.99048642578125
0 0.351884765625 0.97979599609375 0.35407666015625 0.95057158203125 0.3628439453125 0.94253486328125 0.4285990234375 0.9432654296875 0.4307908203125 0.94423955078125 0.430547265625 0.95057158203125 0.43444384765625 0.9537375 0.4307908203125 0.98880693359375 0.4254330078125 0.9892939453125 0.36040859375 0.98880693359375 0.35578134765625 0.98515380859375 0.3548072265625 0.9812572265625 0.351884765625 0.97979599609375
0 0.23161826171875 0.94062734375 0.34038447265625 0.941772265625 0.3455365234375 0.94539775390625 0.3451548828125 0.95837333984375 0.3485896484375 0.95837333984375 0.348398828125 0.98241640625 0.33752216796875 0.99157568359375 0.32454658203125 0.99157568359375 0.32302001953125 0.98947666015625 0.2976412109375 0.98909501953125 0.2976412109375 0.984324609375 0.29554228515625 0.98470625 0.29458818359375 0.98985830078125 0.253371484375 0.986614453125 0.25031845703125 0.98985830078125 0.24726533203125 0.99176650390625 0.23677041015625 0.99043076171875 0.2287560546875 0.97802763671875 0.2295193359375 0.96295302734375 0.23161826171875 0.94062734375
0 0.00944111328125 0.93463515625 0.0101439453125 0.92573212890625 0.02385 0.92608359375 0.02619296875 0.927137890625 0.02584150390625 0.93381513671875 0.0234986328125 0.93498662109375 0.00944111328125 0.93463515625
0 0.00020576171875 0.91577001953125 0.0006373046875 0.9138283203125 0.0152365234375 0.91404404296875 0.01681865234375 0.9165611328125 0.01609951171875 0.923465234375 7.060546875e-05 0.92296396484375 7.060546875e-05 0.9204935546875 0.00020576171875 0.91577001953125
1 0.17481123046875 0.88134892578125 0.1749607421875 0.87312587890625 0.19080888671875 0.8729763671875 0.1915564453125 0.88284404296875 0.2051619140625 0.88284404296875 0.20531142578125 0.86744443359375 0.21667421875 0.8675939453125 0.2163751953125 0.88493720703125 0.192453515625 0.88523623046875 0.19110791015625 0.89644951171875 0.1897623046875 0.89764560546875 0.1731666015625 0.8977951171875 0.17331611328125 0.8829935546875 0.17481123046875 0.88134892578125
0 0.25045986328125 0.8854720703125 0.2327451171875 0.88648173828125 0.2323779296875 0.8855638671875 0.2252185546875 0.8855638671875 0.22485146484375 0.87757841796875 0.226870703125 0.877394921875 0.23320400390625 0.877027734375 0.2321025390625 0.85509072265625 0.2740490234375 0.85389755859375 0.2777205078125 0.856283984375 0.2782712890625 0.870051953125 0.2813001953125 0.8705109375 0.28212626953125 0.87464130859375 0.28056591796875 0.87840458984375 0.2640443359375 0.87978134765625 0.2636771484375 0.88069921875 0.262116796875 0.8823513671875 0.258904296875 0.8825349609375 0.25302998046875 0.8826267578125 0.25302998046875 0.88482958984375 0.25045986328125 0.8854720703125
1 0.10016640625 0.61406904296875 0.08880361328125 0.62154453125 0.084766796875 0.63948583984375 0.05979853515625 0.63440244140625 0.05561220703125 0.62991708984375 0.0584529296875 0.61317197265625 0.06278876953125 0.6106302734375 0.0817765625 0.60898564453125 0.0928404296875 0.602556640625 0.10016640625 0.61406904296875
0 0.08473681640625 0.5512748046875 0.10133798828125 0.552610546875 0.1070625 0.55738095703125 0.108970703125 0.56978408203125 0.1064900390625 0.5764626953125 0.108970703125 0.5806607421875 0.108970703125 0.58657607421875 0.10038388671875 0.597452734375 0.0952318359375 0.59554453125 0.080348046875 0.55509111328125 0.08473681640625 0.5512748046875
0 7.080078125e-05 0.6947095703125 0.00015205078125 0.6966794921875 0.00374033203125 0.69638046875 0.00463740234375 0.69832412109375 0.00523544921875 0.73405712890625 0.00045107421875 0.73435615234375 7.080078125e-05 0.7363798828125 7.080078125e-05 0.6947095703125
