2 0.33799189453125 0.551640234375 0.3622359375 0.545423828125 0.3665875 0.56096494140625 0.340167578125 0.56718134765625 0.33799189453125 0.551640234375
2 0.40015625 0.5715328125 0.43186015625 0.56127568359375 0.43590078125 0.56935712890625 0.44771201171875 0.5646947265625 0.4548609375 0.5920470703125 0.447401171875 0.59297958984375 0.447401171875 0.5963986328125 0.4365224609375 0.6016826171875 0.43838740234375 0.6047908203125 0.413832421875 0.61162890625 0.4144541015625 0.608520703125 0.4085484375 0.6110072265625 0.407616015625 0.60665576171875 0.40419697265625 0.60820986328125 0.40108876953125 0.60292587890625 0.3902099609375 0.6054125 0.39145322265625 0.5995068359375 0.392696484375 0.59826357421875 0.38927744140625 0.5867630859375 0.38772333984375 0.5796142578125 0.39829130859375 0.5752626953125 0.40015625 0.5715328125
2 0.57786435546875 0.62097353515625 0.59675537109375 0.630514453125 0.589504296875 0.643680859375 0.57061328125 0.63471240234375 0.57786435546875 0.62097353515625
2 0.66039619140625 0.66112861328125 0.67948779296875 0.66911396484375 0.67214482421875 0.6839833984375 0.6519517578125 0.675447265625 0.66039619140625 0.66112861328125
2 0.7302927734375 0.5897541015625 0.76974580078125 0.6058275390625 0.765362109375 0.61873505859375 0.76219619140625 0.6170302734375 0.7597607421875 0.6245798828125 0.7227431640625 0.609237109375 0.7302927734375 0.5897541015625
2 0.6952234375 0.53690654296875 0.702773046875 0.5400724609375 0.70447783203125 0.54250791015625 0.70496494140625 0.5464044921875 0.68280302734375 0.58999765625 0.67476630859375 0.5870751953125 0.67160029296875 0.5819609375 0.6952234375 0.53690654296875
2 0.61662548828125 0.52265400390625 0.6339166015625 0.53215205078125 0.6210091796875 0.5552880859375 0.60371806640625 0.546520703125 0.61662548828125 0.52265400390625
2 0.21533984375 0.6857654296875 0.226111328125 0.65775966796875 0.23244326171875 0.66043857421875 0.2317126953125 0.6645787109375 0.24145419921875 0.6699365234375 0.2451072265625 0.67066708984375 0.240531640625 0.6863205078125 0.21533984375 0.6857654296875
2 0.24583779296875 0.64680048828125 0.27067861328125 0.6565419921875 0.26775615234375 0.66603994140625 0.24388955078125 0.65361953125 0.24583779296875 0.64680048828125
2 0.33137490234375 0.61445322265625 0.3415416015625 0.6166958984375 0.3385513671875 0.62955380859375 0.32823515625 0.62656357421875 0.33137490234375 0.61445322265625
3 0.68107509765625 0.4037109375 0.66475810546875 0.4343966796875 0.64576220703125 0.42441162109375 0.66207919921875 0.3929953125 0.68107509765625 0.4037109375
2 0.90004638671875 0.21291484375 0.933304296875 0.22317197265625 0.929263671875 0.2387130859375 0.92584462890625 0.23778056640625 0.92304716796875 0.2471052734375 0.9012896484375 0.24244296875 0.90004638671875 0.23467236328125 0.89538408203125 0.23249658203125 0.90004638671875 0.21291484375
3 0.88992255859375 0.148674609375 0.89882568359375 0.15148603515625 0.8892197265625 0.1776095703125 0.879848046875 0.1742123046875 0.88992255859375 0.148674609375
2 0.91521767578125 0.6565099609375 0.9473625 0.65052958984375 0.95723017578125 0.6873091796875 0.9386908203125 0.692392578125 0.9334580078125 0.67699296875 0.92030107421875 0.68013271484375 0.91521767578125 0.6565099609375
