2 -0.0 0.92362236328125 0.011741015625 0.92656298828125 0.025359765625 0.91799638671875 0.03348701171875 0.92656298828125 0.0332673828125 0.96039013671875 0.01745205078125 0.9601705078125 0.01679306640625 0.9663208984375 0.01371787109375 0.966101171875 0.01371787109375 0.97269091796875 0.00427265625 0.97269091796875 0.00449228515625 0.96544228515625 -0.0 0.97099716796875 -0.0 0.92362236328125
2 -0.0 0.97353134765625 0.0018564453125 0.97309208984375 0.00229580078125 0.9777048828125 0.0222845703125 0.976826171875 0.0216255859375 0.995936328125 -0.0 0.991762890625 -0.0 0.97353134765625
2 0.0497416015625 0.991762890625 0.0438109375 0.98451416015625 0.0400767578125 0.97177412109375 0.04337158203125 0.96057158203125 0.05699033203125 0.95464091796875 0.05677060546875 0.94849052734375 0.09674814453125 0.95090673828125 0.0971875 0.9585947265625 0.1167369140625 0.959033984375 0.1180548828125 0.97902275390625 0.1002626953125 0.978144140625 0.10004296875 0.98451416015625 0.08225078125 0.98780908203125 0.082909765625 0.995936328125 0.0504005859375 0.995936328125 0.0497416015625 0.991762890625
2 0.14155810546875 0.9621091796875 0.14177783203125 0.9353111328125 0.151223046875 0.9326751953125 0.15188203125 0.936409375 0.1556162109375 0.93179658203125 0.16572041015625 0.9313572265625 0.1665990234375 0.93509140625 0.1793390625 0.93728798828125 0.1861484375 0.9320162109375 0.19098095703125 0.93794697265625 0.1918595703125 0.942559765625 0.1929578125 0.942559765625 0.194934765625 0.95881435546875 0.181316015625 0.95749638671875 0.1830732421875 0.96935791015625 0.1659400390625 0.9708955078125 0.16681865234375 0.96386650390625 0.16198623046875 0.9627681640625 0.14155810546875 0.9621091796875
2 0.20481923828125 0.96694169921875 0.20503896484375 0.934432421875 0.2193166015625 0.93377353515625 0.21887734375 0.9375076171875 0.2254669921875 0.93926494140625 0.22656533203125 0.943877734375 0.23073876953125 0.943877734375 0.229201171875 0.93684873046875 0.241501953125 0.937068359375 0.24128232421875 0.94343837890625 0.25446171875 0.94212041015625 0.25424208984375 0.95442119140625 0.2421609375 0.954860546875 0.2426001953125 0.9750689453125 0.23007978515625 0.9746296875 0.22832255859375 0.9640861328125 0.222391796875 0.9614501953125 0.21733974609375 0.9708955078125 0.20481923828125 0.96694169921875
2 0.299912109375 0.94396484375 0.2986126953125 0.97858349609375 0.28675126953125 0.978803125 0.27686669921875 0.9746296875 0.2678607421875 0.96935791015625 0.26390693359375 0.96803994140625 0.2636873046875 0.94914951171875 0.26939833984375 0.94914951171875 0.26939833984375 0.94212041015625 0.2911443359375 0.9405828125 0.29107421875 0.93998046875 0.299912109375 0.94396484375
2 0.3170638671875 0.9381666015625 0.299931640625 0.9434375 0.291005859375 0.9394140625 0.289387109375 0.9252068359375 0.30783828125 0.92081376953125 0.31245107421875 0.9203744140625 0.3170638671875 0.9381666015625
2 0.3196998046875 0.979462109375 0.31882109375 0.93618974609375 0.3348560546875 0.935750390625 0.3348560546875 0.9278427734375 0.3642900390625 0.9278427734375 0.36670634765625 0.95705712890625 0.3519892578125 0.95749638671875 0.35286796875 0.97528857421875 0.3196998046875 0.979462109375
2 0.370001171875 0.97111513671875 0.36890283203125 0.9346521484375 0.4154701171875 0.9353111328125 0.41525048828125 0.9689185546875 0.4154701171875 0.97199375 0.370001171875 0.97111513671875
2 0.42271875 0.97550830078125 0.42008291015625 0.94234013671875 0.47104326171875 0.9405828125 0.471262890625 0.96079130859375 0.46247666015625 0.9610109375 0.4626962890625 0.97748515625 0.42271875 0.97550830078125
2 0.48576025390625 0.98165869140625 0.4879568359375 0.9401435546875 0.51233876953125 0.9414615234375 0.5118994140625 0.94871015625 0.52090537109375 0.94783154296875 0.52134462890625 0.93684873046875 0.53078984375 0.93772734375 0.53078984375 0.9689185546875 0.519148046875 0.96803994140625 0.5180498046875 0.978803125 0.48576025390625 0.98165869140625
2 0.53628134765625 0.97858349609375 0.539576171875 0.93970419921875 0.54902138671875 0.94036318359375 0.5481427734375 0.94717255859375 0.5652759765625 0.94475634765625 0.5665939453125 0.93069833984375 0.57911435546875 0.92740341796875 0.59317236328125 0.9326751953125 0.58943828125 0.96057158203125 0.57230498046875 0.9585947265625 0.57054775390625 0.98165869140625 0.53979580078125 0.9825373046875 0.53628134765625 0.97858349609375
2 0.58899892578125 0.978803125 0.587461328125 0.967161328125 0.594270703125 0.9572767578125 0.60547314453125 0.95529990234375 0.623045703125 0.9634271484375 0.628537109375 0.9524443359375 0.6472080078125 0.96013232421875 0.63754306640625 0.98758935546875 0.62326533203125 0.9831962890625 0.6144791015625 0.998572265625 0.58658271484375 0.98956630859375 0.58899892578125 0.978803125
2 0.64361572265625 0.99901220703125 0.64545068359375 0.9829765625 0.65467626953125 0.984953515625 0.65731220703125 0.97726552734375 0.6801564453125 0.98275693359375 0.68491904296875 0.9990119140625 0.64361572265625 0.99901220703125
2 0.68972529296875 0.9990119140625 0.683231640625 0.98231767578125 0.712665625 0.98341591796875 0.71617734375 0.99901171875 0.68972529296875 0.9990119140625
2 0.72650400390625 0.98846806640625 0.71991435546875 0.97353134765625 0.71376396484375 0.973970703125 0.709151171875 0.95288359375 0.740562109375 0.948051171875 0.739903125 0.9436580078125 0.75901328125 0.93970419921875 0.75637734375 0.930258984375 0.76911748046875 0.9278427734375 0.774828515625 0.9621091796875 0.75505947265625 0.9695775390625 0.74209970703125 0.9744099609375 0.744735546875 0.98341591796875 0.72650400390625 0.98846806640625
2 0.7796609375 0.98034072265625 0.7779037109375 0.9473921875 0.80601982421875 0.94541533203125 0.8134880859375 0.94892978515625 0.8229333984375 0.95200498046875 0.82447099609375 0.973970703125 0.7796609375 0.98034072265625
2 0.830841015625 0.979462109375 0.83018203125 0.94958876953125 0.8448990234375 0.94849052734375 0.84533837890625 0.95266396484375 0.85763916015625 0.95266396484375 0.8578587890625 0.9394845703125 0.870598828125 0.9405828125 0.8756509765625 0.9405828125 0.8756509765625 0.972652734375 0.86247158203125 0.972652734375 0.86313056640625 0.97902275390625 0.858298046875 0.97902275390625 0.85566220703125 0.9860517578125 0.83962724609375 0.986271484375 0.830841015625 0.979462109375
2 0.88355859375 0.95551953125 0.91496953125 0.95266396484375 0.91518916015625 0.9414615234375 0.92814892578125 0.941241796875 0.927929296875 0.97221337890625 0.91540888671875 0.9708955078125 0.91474990234375 0.98012109375 0.88465693359375 0.9812193359375 0.88355859375 0.95551953125
2 0.93276171875 0.98012109375 0.93254208984375 0.9504673828125 0.967687109375 0.9511263671875 0.96746748046875 0.961669921875 0.98416142578125 0.96123056640625 0.9850400390625 0.9825373046875 0.93276171875 0.98012109375
2 -0.0 0.40979990234375 0.002915234375 0.41021943359375 0.002915234375 0.414130078125 0.0112759765625 0.41399521484375 0.01019716796875 0.43826826171875 0.00493798828125 0.438403125 0.0050728515625 0.44528046875 -0.0 0.4467845703125 -0.0 0.40979990234375
2 0.0131638671875 0.43017724609375 0.0126244140625 0.40334208984375 0.029750390625 0.4032072265625 0.03055947265625 0.40967998046875 0.0480900390625 0.4088708984375 0.04889912109375 0.43543642578125 0.032177734375 0.434762109375 0.032177734375 0.43907734375 0.02422158203125 0.4393470703125 0.02449130859375 0.43422275390625 0.0131638671875 0.434087890625 0.0131638671875 0.43017724609375
2 0.0542931640625 0.44770771484375 0.05321435546875 0.40657841796875 0.0654857421875 0.4064435546875 0.06535087890625 0.4045556640625 0.08031923828125 0.40374658203125 0.0804541015625 0.4069830078125 0.08692685546875 0.4069830078125 0.087601171875 0.43732431640625 0.075194921875 0.43732431640625 0.07506005859375 0.44838203125 0.0542931640625 0.44770771484375
2 0.09218603515625 0.43867275390625 0.0923208984375 0.4032072265625 0.108233203125 0.40374658203125 0.10863779296875 0.41709677734375 0.11025595703125 0.41709677734375 0.11012109375 0.41332099609375 0.12711220703125 0.4119724609375 0.12805625 0.438403125 0.11200908203125 0.438403125 0.11187421875 0.4300423828125 0.109446875 0.4300423828125 0.10931201171875 0.4493259765625 0.09178154296875 0.4493259765625 0.09218603515625 0.43867275390625
2 0.131292578125 0.45512451171875 0.13169716796875 0.4076572265625 0.14599130859375 0.40752236328125 0.1458564453125 0.411702734375 0.1524640625 0.41089365234375 0.1527337890625 0.41372548828125 0.1633869140625 0.413590625 0.1633869140625 0.42451357421875 0.1689158203125 0.42451357421875 0.1689158203125 0.4388076171875 0.17404013671875 0.4393470703125 0.17404013671875 0.45445029296875 0.131292578125 0.45512451171875
2 0.07724033203125 0.31576962890625 0.09927001953125 0.3162859375 0.09909794921875 0.32144912109375 0.109596484375 0.3219654296875 0.10942431640625 0.3248912109375 0.11562021484375 0.3255796875 0.11630859375 0.34588828125 0.07982197265625 0.3448556640625 0.07810087890625 0.3393482421875 0.07724033203125 0.31576962890625
2 0.0767240234375 0.3100900390625 0.07620771484375 0.295116796875 0.08240361328125 0.295116796875 0.08240361328125 0.29219091796875 0.082919921875 0.2768734375 0.12198818359375 0.2770455078125 0.12216025390625 0.2915025390625 0.12112763671875 0.29305146484375 0.12043916015625 0.310778515625 0.11200595703125 0.31043427734375 0.1114896484375 0.31284375 0.0767240234375 0.3100900390625
2 0.06983974609375 0.2749802734375 0.07242138671875 0.2575974609375 0.07620771484375 0.2584580078125 0.076551953125 0.24950849609375 0.07999404296875 0.249336328125 0.0801662109375 0.23694462890625 0.10839169921875 0.23677255859375 0.1087359375 0.2631048828125 0.1013353515625 0.2629328125 0.10185166015625 0.274808203125 0.09927001953125 0.274808203125 0.06983974609375 0.2749802734375
2 0.06502080078125 0.23315830078125 0.06157861328125 0.19890908203125 0.08515732421875 0.1992533203125 0.08550146484375 0.2047607421875 0.10374482421875 0.20286748046875 0.10649853515625 0.23023251953125 0.06502080078125 0.23315830078125
2 0.0509080078125 0.19512275390625 0.0509080078125 0.18324736328125 0.0564154296875 0.18410791015625 0.0553828125 0.16225029296875 0.0720771484375 0.15966875 0.09359052734375 0.1627666015625 0.09272998046875 0.17773994140625 0.0873947265625 0.17773994140625 0.0873947265625 0.1966716796875 0.0509080078125 0.19512275390625
2 0.04316318359375 0.15760341796875 0.04109794921875 0.14056484375 0.045228515625 0.14090908203125 0.045228515625 0.1360900390625 0.04746591796875 0.13591796875 0.04781015625 0.13006630859375 0.05211279296875 0.1305826171875 0.05245703125 0.1221494140625 0.08791103515625 0.12335419921875 0.08808310546875 0.148998046875 0.0786171875 0.148998046875 0.07913359375 0.15846396484375 0.04316318359375 0.15760341796875
2 0.0424748046875 0.12077255859375 0.04281904296875 0.103733984375 0.046949609375 0.10407822265625 0.04729375 0.09667763671875 0.0509080078125 0.09684970703125 0.0507359375 0.0835974609375 0.0786171875 0.0832533203125 0.07913359375 0.11061826171875 0.07156083984375 0.1099298828125 0.0717330078125 0.12146103515625 0.0424748046875 0.12077255859375
2 0.045228515625 0.0823927734375 0.0445400390625 0.0467666015625 0.06588134765625 0.0464224609375 0.06588134765625 0.05640458984375 0.0729376953125 0.0557162109375 0.0737982421875 0.080499609375 0.0708724609375 0.0806716796875 0.045228515625 0.0823927734375
2 0.04385166015625 0.0438408203125 0.04281904296875 0.02594169921875 0.04953115234375 0.0262859375 0.05108017578125 0.0070099609375 0.089287890625 0.0070099609375 0.08894365234375 0.03867763671875 0.07689619140625 0.039021875 0.07706826171875 0.034375 0.0564154296875 0.03506337890625 0.056243359375 0.0391939453125 0.049875390625 0.0391939453125 0.0497033203125 0.0438408203125 0.04385166015625 0.0438408203125
2 0.06588134765625 8.69140625e-06 0.06588134765625 0.00563310546875 0.04677744140625 0.00632158203125 0.04677744140625 8.30078125e-06 0.06588134765625 8.69140625e-06
2 0.19989697265625 0.01026328125 0.21091181640625 0.00682109375 0.2243361328125 0.00991904296875 0.2226150390625 0.04313564453125 0.19903642578125 0.04210302734375 0.19989697265625 0.01026328125
2 0.194905859375 0.04468466796875 0.23053203125 0.047094140625 0.23053203125 0.06585380859375 0.22175458984375 0.0646490234375 0.22175458984375 0.0823759765625 0.19817587890625 0.0832365234375 0.194905859375 0.04468466796875
2 0.194905859375 0.08719501953125 0.229671484375 0.08426923828125 0.23173671875 0.10182412109375 0.2167634765625 0.1032009765625 0.218656640625 0.121960546875 0.19903642578125 0.123681640625 0.194905859375 0.08719501953125
2 0.1985201171875 0.132975390625 0.22949931640625 0.1235095703125 0.238965234375 0.15982412109375 0.2069533203125 0.16257783203125 0.1985201171875 0.132975390625
2 0.2048880859375 0.17101103515625 0.23225302734375 0.16274990234375 0.24481689453125 0.19682705078125 0.2129771484375 0.20405556640625 0.2112560546875 0.1928685546875 0.20437177734375 0.1937291015625 0.2002412109375 0.17944423828125 0.20919072265625 0.17755107421875 0.2048880859375 0.17101103515625
2 0.20833017578125 0.21059560546875 0.2434400390625 0.199925 0.2480869140625 0.21420986328125 0.24292373046875 0.2157587890625 0.248258984375 0.23469052734375 0.22571298828125 0.24209111328125 0.22020556640625 0.22556884765625 0.21383759765625 0.22711787109375 0.20833017578125 0.21059560546875
2 0.2260572265625 0.24691015625 0.2520453125 0.2395095703125 0.25892958984375 0.261711328125 0.2666744140625 0.2589576171875 0.2704607421875 0.271865625 0.23672783203125 0.281159375 0.23311357421875 0.2699724609375 0.23982578125 0.268079296875 0.2260572265625 0.24691015625
2 0.2391373046875 0.28253623046875 0.27252607421875 0.2728982421875 0.2776892578125 0.2892484375 0.26805126953125 0.2923462890625 0.27459130859375 0.3071474609375 0.24395634765625 0.31575283203125 0.238965234375 0.3012958984375 0.24602158203125 0.2987142578125 0.2391373046875 0.28253623046875
2 0.2741806640625 0.39640234375 0.261565234375 0.3616396484375 0.28847822265625 0.35182763671875 0.30529892578125 0.3863099609375 0.2741806640625 0.39640234375
2 0.2839927734375 0.43200595703125 0.27137724609375 0.39836474609375 0.287917578125 0.3941595703125 0.29997236328125 0.42499736328125 0.2839927734375 0.43200595703125
2 0.2899875 0.04436630859375 0.289448046875 0.04274814453125 0.2809525390625 0.0432875 0.28054794921875 0.02535244140625 0.28958291015625 0.02589189453125 0.288773828125 0.02225087890625 0.305630078125 0.01820537109375 0.30482099609375 0.00970986328125 0.321812109375 0.0098447265625 0.324239453125 0.04881640625 0.2913359375 0.0504345703125 0.2899875 0.04436630859375
2 0.32477880859375 0.00890068359375 0.325587890625 0.01105830078125 0.32356513671875 0.005259765625 0.3454109375 0.005259765625 0.3451412109375 0.00795673828125 0.3489169921875 0.00782197265625 0.34878212890625 0.01132802734375 0.35808681640625 0.0105189453125 0.35930048828125 0.0404556640625 0.35242314453125 0.04032080078125 0.3526927734375 0.0485466796875 0.334892578125 0.0492208984375 0.3332744140625 0.03951171875 0.3268015625 0.0397814453125 0.32477880859375 0.00890068359375
2 0.36593681640625 0.0397919921875 0.3614513671875 0.00446865234375 0.375748828125 0.0019455078125 0.37771123046875 0.01372001953125 0.38135576171875 0.01287900390625 0.38051474609375 0.00615068359375 0.3956533203125 0.00362763671875 0.40069951171875 0.0344654296875 0.36593681640625 0.0397919921875
2 0.40658671875 0.0406330078125 0.40126015625 0.00530966796875 0.4138755859375 0.0019455078125 0.41527734375 0.01315927734375 0.436303125 0.01007548828125 0.43798515625 0.0257748046875 0.41808076171875 0.02633544921875 0.41864150390625 0.03754921875 0.40658671875 0.0406330078125
2 0.452846484375 1.259765625e-05 0.45452548828125 0.00699169921875 0.47134609375 0.00446865234375 0.474149609375 0.02633544921875 0.44275107421875 0.02773720703125 0.4402291015625 1.259765625e-05 0.452846484375 1.259765625e-05
2 0.511997265625 1.26953125e-05 0.51423876953125 0.0229712890625 0.4789154296875 0.02549443359375 0.4763935546875 1.26953125e-05 0.511997265625 1.26953125e-05
2 0.55320859375 1.259765625e-05 0.55657060546875 0.02032490234375 0.51872421875 0.02312841796875 0.51704306640625 1.26953125e-05 0.55320859375 1.259765625e-05
2 0.57087109375 1.259765625e-05 0.57339130859375 0.01079326171875 0.55657060546875 0.01303603515625 0.5541890625 1.259765625e-05 0.57087109375 1.259765625e-05
2 0.627498828125 1.23046875e-05 0.63030107421875 0.02957626953125 0.6174052734375 0.03041728515625 0.6182462890625 0.03406181640625 0.59946328125 0.03658486328125 0.598622265625 0.0337814453125 0.595259375 1.25e-05 0.627498828125 1.23046875e-05
2 0.6661744140625 1.2109375e-05 0.6586158203125 0.00855048828125 0.6448986328125 1.220703125e-05 0.6661744140625 1.2109375e-05
2 0.64039345703125 0.01780185546875 0.646000390625 0.012194921875 0.6532892578125 0.0197642578125 0.647682421875 0.02537109375 0.64039345703125 0.01780185546875
2 0.8192533203125 1.044921875e-05 0.81981357421875 0.01135390625 0.78589189453125 0.0144376953125 0.7852611328125 1.09375e-05 0.8192533203125 1.044921875e-05
2 0.76528828125 0.08222705078125 0.7423892578125 0.06362158203125 0.76421484375 0.03821787109375 0.78639833984375 0.0568234375 0.76528828125 0.08222705078125
2 0.79069189453125 0.05575 0.78711396484375 0.02963076171875 0.81860009765625 0.02426376953125 0.822178125 0.045373828125 0.8085818359375 0.04787841796875 0.80965517578125 0.0561078125 0.79069189453125 0.05575
2 0.831838671875 0.065052734375 0.8275451171875 0.03964912109375 0.84364599609375 0.03750234375 0.84149921875 0.03070419921875 0.8604625 0.028557421875 0.86797626953125 0.06254814453125 0.831838671875 0.065052734375
2 0.87262763671875 0.06684169921875 0.868691796875 0.03607109375 0.87799453125 0.03571337890625 0.87727900390625 0.028199609375 0.90053583984375 0.02569501953125 0.90339814453125 0.0500251953125 0.8844349609375 0.0518142578125 0.88658173828125 0.06362158203125 0.87262763671875 0.06684169921875
2 0.90697666015625 0.05396103515625 0.9055455078125 0.028199609375 0.938462890625 0.02533720703125 0.94096748046875 0.05897021484375 0.92593994140625 0.05932802734375 0.92629775390625 0.0500251953125 0.90697666015625 0.05396103515625
2 0.94705 0.056465625 0.94454541015625 0.027841796875 0.9610041015625 0.026410546875 0.95993076171875 0.02032802734375 0.975673828125 0.01818125 0.9803251953125 0.0510986328125 0.94705 0.056465625
2 0.9984755859375 0.04541015625 0.9849765625 0.045731640625 0.9842609375 0.0239060546875 0.99847568359375 0.023259765625 0.9984755859375 0.04541015625
2 0.294796875 0.1245609375 0.29342001953125 0.09186064453125 0.32525986328125 0.0887626953125 0.3285298828125 0.1226677734375 0.294796875 0.1245609375
2 0.33248828125 0.11216923828125 0.3285298828125 0.08256689453125 0.33937255859375 0.0803294921875 0.34109365234375 0.076715234375 0.3619185546875 0.07533837890625 0.3674259765625 0.117332421875 0.35142001953125 0.1192255859375 0.3509037109375 0.11302978515625 0.33300458984375 0.11509501953125 0.33248828125 0.11216923828125
2 0.3708681640625 0.10459658203125 0.3682865234375 0.0823947265625 0.3885951171875 0.08015732421875 0.38721826171875 0.07327314453125 0.39341416015625 0.07241259765625 0.39513515625 0.0811900390625 0.4002984375 0.07998525390625 0.40546162109375 0.1106203125 0.3894556640625 0.11302978515625 0.38825087890625 0.107178125 0.38343193359375 0.10752236328125 0.38446455078125 0.105112890625 0.3708681640625 0.10459658203125
2 0.408731640625 0.10580126953125 0.40460107421875 0.07826416015625 0.44039931640625 0.07447783203125 0.44418564453125 0.11027607421875 0.42938447265625 0.11148076171875 0.4281796875 0.10029384765625 0.408731640625 0.10580126953125
2 0.44728359375 0.10838291015625 0.44435771484375 0.07258466796875 0.47671376953125 0.06965888671875 0.4787791015625 0.0932375 0.46242890625 0.09478642578125 0.46260107421875 0.10683388671875 0.44728359375 0.10838291015625
2 0.48290966796875 0.0760267578125 0.50235771484375 0.07155205078125 0.50304619140625 0.068626171875 0.51406103515625 0.06724931640625 0.518363671875 0.100466015625 0.50218564453125 0.10304755859375 0.5020134765625 0.09616328125 0.5008087890625 0.087730078125 0.4842865234375 0.0897953125 0.48290966796875 0.0760267578125
2 0.52352685546875 0.0980564453125 0.51991259765625 0.0667330078125 0.55312919921875 0.06346298828125 0.55777607421875 0.09840068359375 0.5414259765625 0.097884375 0.54090966796875 0.0866974609375 0.53901650390625 0.09650751953125 0.52352685546875 0.0980564453125
2 0.5596693359375 0.08893486328125 0.556915625 0.05967666015625 0.5892716796875 0.05589033203125 0.59271376953125 0.0870416015625 0.5596693359375 0.08893486328125
2 0.603384375 0.0658724609375 0.6014912109375 0.04487548828125 0.63229833984375 0.04143330078125 0.63608466796875 0.0760267578125 0.621627734375 0.07740361328125 0.6205951171875 0.067421484375 0.603384375 0.0658724609375
2 0.6526896484375 0.07602568359375 0.679194140625 0.06105234375 0.68883212890625 0.07877939453125 0.6941673828125 0.075853515625 0.7013958984375 0.0913431640625 0.66404873046875 0.11113544921875 0.65389443359375 0.09444111328125 0.660090234375 0.091515234375 0.6526896484375 0.07602568359375
2 0.315983984375 0.213426171875 0.313342578125 0.190392578125 0.33320634765625 0.18838505859375 0.3321498046875 0.177819140625 0.34461748046875 0.17686826171875 0.3477873046875 0.21004501953125 0.315983984375 0.213426171875
2 0.34831552734375 0.17317021484375 0.36384736328125 0.1711626953125 0.36490400390625 0.18310205078125 0.36691142578125 0.1828908203125 0.3660662109375 0.17591728515625 0.38402822265625 0.17496640625 0.38698662109375 0.2048677734375 0.3510626953125 0.208248828125 0.34831552734375 0.17317021484375
2 0.385930078125 0.16862685546875 0.401144921875 0.1672533203125 0.40209580078125 0.17211357421875 0.4183671875 0.1697890625 0.42174833984375 0.1974716796875 0.3897337890625 0.2009583984375 0.385930078125 0.16862685546875
2 0.42354453125 0.1659853515625 0.42438974609375 0.16503447265625 0.43643486328125 0.1666193359375 0.43833671875 0.1736984375 0.4458384765625 0.17264189453125 0.446366796875 0.1772908203125 0.45872880859375 0.17549462890625 0.4613703125 0.19472451171875 0.42893310546875 0.19905654296875 0.42354453125 0.1659853515625
2 0.461581640625 0.1624986328125 0.47774736328125 0.159117578125 0.4795435546875 0.16809853515625 0.48831328125 0.1670419921875 0.4873623046875 0.159540234375 0.4951810546875 0.1588005859375 0.49961875 0.193456640625 0.465491015625 0.1978943359375 0.461581640625 0.1624986328125
2 0.5038451171875 0.1896529296875 0.50109794921875 0.159117578125 0.5073318359375 0.1559478515625 0.51589013671875 0.1585892578125 0.51662978515625 0.1620759765625 0.5225466796875 0.16112509765625 0.5219126953125 0.155208203125 0.53533134765625 0.15415166015625 0.5377615234375 0.1854265625 0.5307880859375 0.1865888671875 0.50395078125 0.189969921875 0.5038451171875 0.1896529296875
2 0.5418822265625 0.1855322265625 0.53850107421875 0.1544685546875 0.5536103515625 0.15267236328125 0.55445556640625 0.16154775390625 0.57051572265625 0.1598572265625 0.57442509765625 0.18394736328125 0.55466689453125 0.1863775390625 0.5557234375 0.194301953125 0.54642548828125 0.19535849609375 0.54631982421875 0.186483203125 0.5414595703125 0.18711708984375 0.5418822265625 0.1855322265625
2 0.58065888671875 0.1888076171875 0.5753759765625 0.154996875 0.593971875 0.15330634765625 0.595451171875 0.1670419921875 0.6104546875 0.16503447265625 0.6142583984375 0.19018125 0.59597939453125 0.19092080078125 0.58065888671875 0.19102646484375 0.58065888671875 0.1888076171875
2 0.636763671875 0.19556982421875 0.62746572265625 0.1789814453125 0.6345517578125 0.1751255859375 0.627262890625 0.16615458984375 0.64015869140625 0.151016015625 0.65978271484375 0.17064013671875 0.6653896484375 0.1821341796875 0.63847666015625 0.19923515625 0.636763671875 0.19556982421875
2 0.6504318359375 0.14538486328125 0.65645439453125 0.13323408203125 0.66268828125 0.13608681640625 0.66448447265625 0.13260009765625 0.658144921875 0.12890205078125 0.665541015625 0.11495517578125 0.6973443359375 0.1306982421875 0.68339736328125 0.16334677734375 0.6504318359375 0.14538486328125
2 0.73182138671875 0.12934521484375 0.72889560546875 0.11471611328125 0.7175365234375 0.11574873046875 0.7154712890625 0.09612861328125 0.75281845703125 0.09371904296875 0.75453955078125 0.1049060546875 0.74782734375 0.10542236328125 0.750753125 0.127968359375 0.73182138671875 0.12934521484375
2 0.7772576171875 0.1629060546875 0.76107958984375 0.1503421875 0.7726107421875 0.1336478515625 0.78964931640625 0.14517900390625 0.7781181640625 0.16238974609375 0.7772576171875 0.1629060546875
2 0.80445048828125 0.17564189453125 0.80083623046875 0.14328583984375 0.81563740234375 0.14156474609375 0.81667001953125 0.15171904296875 0.8352576171875 0.1493095703125 0.8381833984375 0.17357666015625 0.80445048828125 0.17564189453125
2 0.8400765625 0.15412861328125 0.8369787109375 0.12504248046875 0.8683021484375 0.1217724609375 0.87363740234375 0.14879326171875 0.87449794921875 0.15671015625 0.85436142578125 0.15963603515625 0.8540171875 0.152923828125 0.8400765625 0.15412861328125
2 0.8796611328125 0.149998046875 0.87639111328125 0.12073984375 0.8923970703125 0.11678134765625 0.89377392578125 0.123321484375 0.909951953125 0.12108408203125 0.9144267578125 0.1463837890625 0.8796611328125 0.149998046875
2 0.91718046875 0.14586748046875 0.9120171875 0.1171255859375 0.94540595703125 0.11368349609375 0.95091337890625 0.14345791015625 0.91718046875 0.14586748046875
2 0.95487177734375 0.1374341796875 0.9524623046875 0.116953515625 0.9700171875 0.11557666015625 0.96950087890625 0.10989716796875 0.982753125 0.10748759765625 0.9892931640625 0.13863896484375 0.97483623046875 0.1410484375 0.97483623046875 0.13571318359375 0.95487177734375 0.1374341796875
2 0.998475390625 0.1378130859375 0.992429296875 0.13795048828125 0.9896755859375 0.10920869140625 0.99604345703125 0.1095529296875 0.99587138671875 0.10679921875 0.99847548828125 0.106690625 0.998475390625 0.1378130859375
2 0.3275775390625 0.2573626953125 0.34910390625 0.2545072265625 0.35064150390625 0.26527041015625 0.36030634765625 0.2641720703125 0.3644798828125 0.28481982421875 0.3508611328125 0.28657705078125 0.34932353515625 0.2744958984375 0.33087236328125 0.2771318359375 0.3275775390625 0.2573626953125
2 0.37568232421875 0.27932841796875 0.3719482421875 0.25209091796875 0.3903994140625 0.2501140625 0.3890814453125 0.2444029296875 0.40094287109375 0.242645703125 0.4020412109375 0.25165166015625 0.40841123046875 0.24967470703125 0.409948828125 0.2641720703125 0.38205244140625 0.26878486328125 0.38205244140625 0.2696634765625 0.38315068359375 0.27910869140625 0.37568232421875 0.27932841796875
2 0.41565986328125 0.27251904296875 0.40907021484375 0.2321021484375 0.44157939453125 0.22814833984375 0.4486083984375 0.274056640625 0.4171974609375 0.27866943359375 0.41565986328125 0.27251904296875
2 0.45497841796875 0.2722994140625 0.450365625 0.24418330078125 0.45695537109375 0.24308505859375 0.4554177734375 0.235836328125 0.46925615234375 0.23320048828125 0.47211171875 0.24550126953125 0.4896841796875 0.24286533203125 0.4929791015625 0.26746689453125 0.47672451171875 0.2709814453125 0.4787013671875 0.2771318359375 0.46310576171875 0.2788890625 0.4622271484375 0.27251904296875 0.45497841796875 0.2722994140625
2 0.4958345703125 0.27010283203125 0.4923201171875 0.23627568359375 0.50352255859375 0.2347380859375 0.50989267578125 0.268565234375 0.4958345703125 0.27010283203125
2 0.507037109375 0.23429873046875 0.52504892578125 0.2327611328125 0.5292224609375 0.25274990234375 0.50967294921875 0.25538583984375 0.507037109375 0.23429873046875
2 0.53076005859375 0.23693466796875 0.53625146484375 0.23627568359375 0.535153125 0.231662890625 0.54965048828125 0.2299056640625 0.55096845703125 0.2353970703125 0.563049609375 0.23385947265625 0.565905078125 0.2545072265625 0.53251728515625 0.25780205078125 0.53076005859375 0.23693466796875
2 0.57381279296875 0.2641720703125 0.57117685546875 0.2422064453125 0.5819400390625 0.24176708984375 0.5801828125 0.2321021484375 0.601489453125 0.229026953125 0.60390576171875 0.23803291015625 0.60632197265625 0.2518712890625 0.5894083984375 0.2545072265625 0.58918876953125 0.2637328125 0.57381279296875 0.2654900390625 0.57381279296875 0.2641720703125
2 0.6146689453125 0.2567037109375 0.61049541015625 0.22880732421875 0.6256517578125 0.2272697265625 0.62411416015625 0.21892275390625 0.64256533203125 0.2162869140625 0.6447619140625 0.22705009765625 0.64849599609375 0.2512123046875 0.64629951171875 0.254946484375 0.6146689453125 0.2567037109375
2 0.6502533203125 0.22331591796875 0.680785546875 0.218044140625 0.68671630859375 0.2518712890625 0.67090107421875 0.2531892578125 0.66914375 0.23803291015625 0.6489353515625 0.24066884765625 0.6502533203125 0.22331591796875
2 0.68979150390625 0.22155869140625 0.72471689453125 0.21716552734375 0.7295494140625 0.21716552734375 0.73042802734375 0.231662890625 0.718346875 0.232980859375 0.7179076171875 0.2364953125 0.7056068359375 0.2389115234375 0.70714443359375 0.25033369140625 0.6913291015625 0.250773046875 0.68979150390625 0.22155869140625
2 0.73284423828125 0.23913125 0.73152626953125 0.21914248046875 0.7418501953125 0.2176048828125 0.740971484375 0.212552734375 0.7638158203125 0.2107955078125 0.76711064453125 0.23385947265625 0.7473416015625 0.235836328125 0.747780859375 0.24044912109375 0.7337228515625 0.242645703125 0.73284423828125 0.23913125
2 0.769526953125 0.23144326171875 0.76667138671875 0.20925791015625 0.7853421875 0.207061328125 0.78402421875 0.1971767578125 0.79983955078125 0.1967375 0.80401298828125 0.24000986328125 0.78753876953125 0.2422064453125 0.7853421875 0.2296859375 0.769526953125 0.23144326171875
2 0.810602734375 0.2389115234375 0.8062095703125 0.196078515625 0.8411349609375 0.19278359375 0.84574775390625 0.2230962890625 0.82641796875 0.224853515625 0.82817529296875 0.23781328125 0.810602734375 0.2389115234375
2 0.88462705078125 0.19761611328125 0.915159375 0.19519990234375 0.91977216796875 0.22814833984375 0.9057140625 0.2299056640625 0.90483544921875 0.21606728515625 0.8848466796875 0.21716552734375 0.88462705078125 0.19761611328125
2 0.92702080078125 0.22507314453125 0.92218837890625 0.1984947265625 0.9340498046875 0.1967375 0.932292578125 0.19014775390625 0.95403857421875 0.186633203125 0.9593103515625 0.213870703125 0.94261640625 0.21672626953125 0.94283603515625 0.226171484375 0.92702080078125 0.22507314453125
2 0.9648017578125 0.22155869140625 0.959749609375 0.17674873046875 0.9757845703125 0.176968359375 0.97666318359375 0.18641357421875 0.991160546875 0.1842169921875 0.9955537109375 0.20552373046875 0.98039736328125 0.20728095703125 0.98083671875 0.21848349609375 0.9648017578125 0.22155869140625
2 0.3928685546875 0.38934189453125 0.37841162109375 0.39020244140625 0.37755107421875 0.3803923828125 0.36085673828125 0.38022021484375 0.35930771484375 0.35715791015625 0.3742810546875 0.355608984375 0.3742810546875 0.34424990234375 0.389770703125 0.3427009765625 0.3928685546875 0.38934189453125
2 0.40319501953125 0.3821134765625 0.3975154296875 0.3401193359375 0.4140376953125 0.3380541015625 0.41524248046875 0.3511341796875 0.4312484375 0.34941318359375 0.4352068359375 0.37264755859375 0.41696357421875 0.37522919921875 0.4174798828125 0.38090869140625 0.40319501953125 0.3821134765625
2 0.44209111328125 0.3766060546875 0.4331416015625 0.33857041015625 0.46773505859375 0.3354724609375 0.47324248046875 0.36455849609375 0.46033447265625 0.36610751953125 0.46050654296875 0.3748849609375 0.44209111328125 0.3766060546875
2 0.50009111328125 0.35646953125 0.479094140625 0.358190625 0.47444716796875 0.3342677734375 0.5088685546875 0.32858818359375 0.51213857421875 0.34941318359375 0.49819794921875 0.350962109375 0.50009111328125 0.35646953125
2 0.51644130859375 0.3593953125 0.51093388671875 0.3296208984375 0.5444947265625 0.3244576171875 0.549313671875 0.35612529296875 0.51644130859375 0.3593953125
2 0.5512068359375 0.33684931640625 0.55912373046875 0.3354724609375 0.55809111328125 0.33409560546875 0.5677291015625 0.332374609375 0.5668685546875 0.32514609375 0.582358203125 0.323425 0.5863166015625 0.355608984375 0.55361630859375 0.35801845703125 0.5512068359375 0.33684931640625
2 0.5964708984375 0.35165048828125 0.59044716796875 0.35130634765625 0.58769345703125 0.32204814453125 0.61247685546875 0.318778125 0.6129931640625 0.33048134765625 0.61815634765625 0.3296208984375 0.6219427734375 0.35681376953125 0.5961267578125 0.35784638671875 0.5964708984375 0.35165048828125
2 0.640358203125 0.338226171875 0.62676171875 0.337365625 0.625901171875 0.31757333984375 0.65756884765625 0.31705703125 0.660666796875 0.33908671875 0.64104658203125 0.34149619140625 0.640358203125 0.338226171875
2 0.66875576171875 0.35319951171875 0.6634205078125 0.3177455078125 0.69818603515625 0.3168849609375 0.69870234375 0.33581669921875 0.687343359375 0.33684931640625 0.68820390625 0.35044580078125 0.66875576171875 0.35319951171875
2 0.7023166015625 0.3096564453125 0.7196994140625 0.30724697265625 0.719871484375 0.31481962890625 0.7281326171875 0.3143033203125 0.727960546875 0.3198107421875 0.73570537109375 0.31912236328125 0.73639375 0.32635087890625 0.73312373046875 0.32635087890625 0.734328515625 0.3363330078125 0.7050703125 0.3371935546875 0.7023166015625 0.3096564453125
2 0.7400080078125 0.306902734375 0.7747736328125 0.303976953125 0.77649462890625 0.33323505859375 0.74413857421875 0.33443984375 0.7400080078125 0.306902734375
2 0.779592578125 0.30914013671875 0.79491005859375 0.30449326171875 0.79370537109375 0.30001845703125 0.81126025390625 0.29846953125 0.81401396484375 0.32755556640625 0.78165791015625 0.33013720703125 0.779592578125 0.30914013671875
2 0.81762822265625 0.29881376953125 0.85015634765625 0.297608984375 0.8542869140625 0.32480185546875 0.81934921875 0.328071875 0.81762822265625 0.29881376953125
2 0.85566376953125 0.29451103515625 0.870637109375 0.29347841796875 0.87218603515625 0.3029443359375 0.87838193359375 0.30191162109375 0.87941455078125 0.306902734375 0.89042939453125 0.3048375 0.89335517578125 0.3222203125 0.85945009765625 0.326006640625 0.85566376953125 0.29451103515625
2 0.89679736328125 0.3198107421875 0.89146201171875 0.2957158203125 0.91211484375 0.29451103515625 0.91194267578125 0.29038046875 0.92553916015625 0.28917578125 0.928637109375 0.317917578125 0.89679736328125 0.3198107421875
2 0.9317349609375 0.3020837890625 0.93104658203125 0.28865947265625 0.965812109375 0.2855615234375 0.96994267578125 0.3143033203125 0.93104658203125 0.31757333984375 0.9317349609375 0.3020837890625
2 0.9984751953125 0.30889423828125 0.97596640625 0.310344921875 0.9711474609375 0.2826357421875 0.98267861328125 0.28125888671875 0.98371123046875 0.28711044921875 0.9984751953125 0.28399052734375 0.9984751953125 0.30889423828125
2 0.4086099609375 0.52656455078125 0.42951171875 0.5192826171875 0.43045576171875 0.52292353515625 0.43989521484375 0.519012890625 0.44987412109375 0.5473314453125 0.41885859375 0.5567708984375 0.4086099609375 0.52656455078125
2 0.47630859375 0.510322265625 0.48358671875 0.53330703125 0.45567265625 0.54261171875 0.447446875 0.51955224609375 0.44946962890625 0.51887802734375 0.44731201171875 0.51361884765625 0.4676744140625 0.50916884765625 0.4673046875 0.507431640625 0.47630859375 0.510322265625
2 0.48560947265625 0.505258203125 0.4759001953125 0.509033984375 0.4761328125 0.509755859375 0.4671875 0.506884765625 0.4645728515625 0.4944701171875 0.4808896484375 0.490424609375 0.48560947265625 0.505258203125
2 0.49194736328125 0.5006732421875 0.5073203125 0.49865048828125 0.5063763671875 0.4925822265625 0.522828125 0.49028984375 0.52862666015625 0.5204962890625 0.52579482421875 0.5204962890625 0.52768271484375 0.5306099609375 0.51675986328125 0.53290244140625 0.5156810546875 0.527778125 0.49370048828125 0.53074482421875 0.49194736328125 0.5006732421875
2 0.5306494140625 0.5264296875 0.5282220703125 0.50485361328125 0.54076318359375 0.50417939453125 0.54575263671875 0.49554892578125 0.543999609375 0.48246845703125 0.5605861328125 0.4819291015625 0.5655755859375 0.5192826171875 0.54359501953125 0.521440234375 0.544134375 0.52575537109375 0.5306494140625 0.5264296875
2 0.568407421875 0.5273736328125 0.56517109375 0.49797626953125 0.6005017578125 0.4944701171875 0.6044125 0.5268341796875 0.568407421875 0.5273736328125
2 0.61061552734375 0.521440234375 0.60562607421875 0.48651396484375 0.63731591796875 0.4819291015625 0.64230537109375 0.51941748046875 0.61061552734375 0.521440234375
2 0.67911943359375 0.51779921875 0.64796904296875 0.52009169921875 0.64608115234375 0.50296572265625 0.65632978515625 0.502156640625 0.6559251953125 0.492177734375 0.67439970703125 0.489076171875 0.67911943359375 0.51779921875
2 0.68667109375 0.51645078125 0.683030078125 0.499055078125 0.68667109375 0.49918994140625 0.68410888671875 0.480445703125 0.71431533203125 0.47586083984375 0.7213275390625 0.51294462890625 0.68667109375 0.51645078125
2 0.7244291015625 0.509708203125 0.721597265625 0.48017607421875 0.7549052734375 0.47842294921875 0.7582765625 0.50458388671875 0.75814169921875 0.50674150390625 0.7244291015625 0.509708203125
2 0.76205234375 0.50701123046875 0.7605689453125 0.4785578125 0.79158447265625 0.4769396484375 0.79576484375 0.5037748046875 0.79562998046875 0.5056626953125 0.76205234375 0.50701123046875
2 0.80237255859375 0.4894806640625 0.80156337890625 0.47397294921875 0.82758955078125 0.47302900390625 0.83055625 0.4937958984375 0.80088916015625 0.49460498046875 0.80237255859375 0.4894806640625
2 0.85294130859375 0.49109892578125 0.83824267578125 0.49177314453125 0.83743359375 0.469118359375 0.86939306640625 0.4683091796875 0.8702021484375 0.48098515625 0.86629150390625 0.4812548828125 0.86669609375 0.5012126953125 0.855503515625 0.4999990234375 0.85294130859375 0.49109892578125
2 0.87438251953125 0.4669607421875 0.90337529296875 0.4657470703125 0.904723828125 0.48610947265625 0.901622265625 0.48610947265625 0.902296484375 0.4987853515625 0.890969140625 0.499055078125 0.89123876953125 0.4878625 0.87438251953125 0.48840185546875 0.87438251953125 0.4669607421875
2 0.9125451171875 0.48233369140625 0.90769052734375 0.44996962890625 0.94194248046875 0.44875595703125 0.94976376953125 0.49163828125 0.93169384765625 0.493526171875 0.9299408203125 0.4813896484375 0.9125451171875 0.48233369140625
2 0.94962890625 0.45415 0.97592470703125 0.45064384765625 0.979430859375 0.47248955078125 0.9592033203125 0.47586083984375 0.958259375 0.472219921875 0.95097744140625 0.4723546875 0.94962890625 0.45415
2 0.99847509765625 0.47527080078125 0.98873544921875 0.476669921875 0.986308203125 0.4526666015625 0.99847509765625 0.4521873046875 0.99847509765625 0.47527080078125
2 0.94250966796875 0.58424638671875 0.94342294921875 0.55410751953125 0.96214560546875 0.549084375 0.982694921875 0.55502080078125 0.97949833984375 0.58333310546875 0.94250966796875 0.58424638671875
2 0.51139921875 0.90658095703125 0.4967701171875 0.89384501953125 0.511743359375 0.8797322265625 0.52413505859375 0.8933287109375 0.51139921875 0.90658095703125
2 0.53411728515625 0.8979755859375 0.527405078125 0.89659873046875 0.52964248046875 0.866480078125 0.5484021484375 0.8692337890625 0.54771376953125 0.8823138671875 0.55907275390625 0.88300234375 0.5556306640625 0.899008203125 0.53411728515625 0.8979755859375
2 0.56062177734375 0.87284794921875 0.57094814453125 0.87181533203125 0.57060390625 0.885928125 0.5776603515625 0.885067578125 0.57869296875 0.8712990234375 0.591773046875 0.87026640625 0.5909125 0.89935244140625 0.56062177734375 0.90038505859375 0.56062177734375 0.87284794921875
2 0.60141103515625 0.86062841796875 0.632906640625 0.85787470703125 0.63325078125 0.86596376953125 0.62877607421875 0.86596376953125 0.62998076171875 0.89745927734375 0.60244365234375 0.89728720703125 0.60141103515625 0.86062841796875
2 0.65132197265625 0.8793880859375 0.63996298828125 0.87956015625 0.6403072265625 0.85787470703125 0.67231904296875 0.85718623046875 0.6716306640625 0.89126337890625 0.65132197265625 0.89126337890625 0.65132197265625 0.8793880859375
2 0.67885908203125 0.89849189453125 0.6771380859375 0.8628658203125 0.6872923828125 0.8620052734375 0.68798076171875 0.86716845703125 0.69366025390625 0.86716845703125 0.6927998046875 0.86166103515625 0.7088056640625 0.86148896484375 0.7103546875 0.9009013671875 0.67885908203125 0.89849189453125
2 0.717066796875 0.8959103515625 0.71620625 0.86062841796875 0.73014697265625 0.8590794921875 0.73221220703125 0.87164326171875 0.7335890625 0.8719875 0.7334169921875 0.8640705078125 0.74701337890625 0.8638984375 0.7475296875 0.89384501953125 0.717066796875 0.8959103515625
2 0.75510244140625 0.897803515625 0.75355341796875 0.86544736328125 0.7656009765625 0.864758984375 0.76990361328125 0.8602841796875 0.783155859375 0.85976787109375 0.78659794921875 0.8986640625 0.75510244140625 0.897803515625
2 0.79004013671875 0.8898865234375 0.79090068359375 0.86716845703125 0.8101765625 0.8675126953125 0.81069296875 0.86217734375 0.82446142578125 0.8620052734375 0.8263546875 0.8907470703125 0.79004013671875 0.8898865234375
2 0.8337552734375 0.90950673828125 0.834787890625 0.87560166015625 0.83048525390625 0.8750853515625 0.8320341796875 0.8628658203125 0.839434765625 0.86097265625 0.847007421875 0.86252158203125 0.84717958984375 0.86424267578125 0.8578501953125 0.8637263671875 0.85733388671875 0.86682421875 0.862325 0.8666521484375 0.8633576171875 0.90021298828125 0.84735166015625 0.90038505859375 0.847007421875 0.9136373046875 0.8337552734375 0.90950673828125
2 0.86938134765625 0.90468779296875 0.86748818359375 0.87147109375 0.87299560546875 0.86888955078125 0.88228935546875 0.87147109375 0.88246142578125 0.8824859375 0.88504306640625 0.88283017578125 0.88401044921875 0.87887177734375 0.89158310546875 0.87491328125 0.89726259765625 0.877494921875 0.89881162109375 0.90658095703125 0.86938134765625 0.90468779296875
2 0.92376708984375 0.91053935546875 0.91636650390625 0.87887177734375 0.94235458984375 0.8721595703125 0.95319736328125 0.90675302734375 0.92376708984375 0.91053935546875
2 0.95113203125 0.85787470703125 0.95027158203125 0.8556373046875 0.9547462890625 0.84049189453125 0.96042587890625 0.84221298828125 0.9657611328125 0.8234533203125 0.9869302734375 0.83188662109375 0.97333388671875 0.866480078125 0.95113203125 0.85787470703125
2 0.9523283203125 0.81639697265625 0.95215625 0.80985693359375 0.9428625 0.8095126953125 0.9438951171875 0.7984978515625 0.95181201171875 0.799186328125 0.9519841796875 0.7959162109375 0.9394203125 0.7959162109375 0.93993671875 0.7807708984375 0.97194853515625 0.78163134765625 0.97108798828125 0.81639697265625 0.9523283203125 0.81639697265625
2 0.94114140625 0.77767294921875 0.93959248046875 0.7432515625 0.9528447265625 0.74015361328125 0.96661318359375 0.7439400390625 0.9667853515625 0.77767294921875 0.940280859375 0.77853349609375 0.94114140625 0.77767294921875
2 0.9447556640625 0.737744140625 0.932708203125 0.71623076171875 0.9612779296875 0.7036669921875 0.97005537109375 0.72414775390625 0.9447556640625 0.737744140625
2 0.935633984375 0.69936435546875 0.9354619140625 0.66821298828125 0.9523283203125 0.66425458984375 0.9667853515625 0.667524609375 0.96730166015625 0.68731689453125 0.965752734375 0.68697265625 0.965236328125 0.70091328125 0.935633984375 0.69936435546875
2 0.94337880859375 0.6604681640625 0.94337880859375 0.6448064453125 0.94596044921875 0.64429013671875 0.94045302734375 0.64411806640625 0.94062509765625 0.63224267578125 0.96145 0.6262189453125 0.97831650390625 0.6291447265625 0.98038173828125 0.64325751953125 0.9705716796875 0.642052734375 0.9722927734375 0.658575 0.9769396484375 0.6584029296875 0.97573486328125 0.6630498046875 0.94337880859375 0.6604681640625
2 0.9414662109375 0.59155732421875 0.95470908203125 0.5874474609375 0.96795185546875 0.5883607421875 0.96840859375 0.6212396484375 0.9428361328125 0.62534951171875 0.9414662109375 0.59155732421875
2 0.486999609375 0.86750810546875 0.47971767578125 0.84377451171875 0.49616943359375 0.83473955078125 0.50763173828125 0.8355486328125 0.51140751953125 0.84782001953125 0.516936328125 0.8460669921875 0.52394853515625 0.86454140625 0.510058984375 0.86804755859375 0.50857568359375 0.86764296875 0.5084408203125 0.862653515625 0.486999609375 0.86750810546875
2 0.495090625 0.82786220703125 0.4948208984375 0.81545595703125 0.490101171875 0.8155908203125 0.49091025390625 0.7913177734375 0.50399072265625 0.7899693359375 0.51437421875 0.794149609375 0.51396962890625 0.82813193359375 0.495090625 0.82786220703125
2 0.5015634765625 0.78767685546875 0.499405859375 0.76866298828125 0.51680146484375 0.76192041015625 0.52502734375 0.76461748046875 0.5271849609375 0.785923828125 0.5015634765625 0.78767685546875
2 0.50021494140625 0.751806640625 0.48821328125 0.71701533203125 0.51423935546875 0.70892431640625 0.52678046875 0.74250205078125 0.50021494140625 0.751806640625
2 0.473244921875 0.7209259765625 0.4592205078125 0.68330283203125 0.49306787109375 0.6729193359375 0.50021494140625 0.6897755859375 0.50898017578125 0.686404296875 0.51612724609375 0.7066318359375 0.473244921875 0.7209259765625
2 0.4664453125 0.668115234375 0.465828125 0.668334375 0.4686599609375 0.67925732421875 0.45436591796875 0.6822240234375 0.44910673828125 0.66280556640625 0.4634375 0.660595703125 0.4664453125 0.668115234375
2 0.491220703125 0.631220703125 0.50210283203125 0.6629404296875 0.47648134765625 0.6710314453125 0.47405400390625 0.66536767578125 0.4660546875 0.63775390625 0.4768376953125 0.630054296875 0.491220703125 0.631220703125
2 0.48848955078125 0.62326630859375 0.47669169921875 0.62326630859375 0.46435546875 0.631865234375 0.457703515625 0.60891474609375 0.46971630859375 0.6006166015625 0.48067529296875 0.6004998046875 0.48848955078125 0.62326630859375
2 0.581708984375 0.633427734375 0.569326171875 0.63533203125 0.56937822265625 0.6267765625 0.549959765625 0.62893408203125 0.546858203125 0.6290689453125 0.5440263671875 0.59926708984375 0.55859013671875 0.5984580078125 0.5589947265625 0.605065625 0.56290537109375 0.6041216796875 0.56250078125 0.592524609375 0.57841318359375 0.5917154296875 0.581708984375 0.633427734375
2 0.58353740234375 0.5929291015625 0.59904521484375 0.59063671875 0.599180078125 0.59818828125 0.61832880859375 0.5975140625 0.6207560546875 0.6277205078125 0.58556015625 0.63163115234375 0.58353740234375 0.5929291015625
2 0.62170009765625 0.589423046875 0.6512322265625 0.58402900390625 0.65446865234375 0.61261728515625 0.62547587890625 0.61585361328125 0.62170009765625 0.589423046875
2 0.66660517578125 0.62232646484375 0.66417783203125 0.59832314453125 0.661480859375 0.59899736328125 0.660806640625 0.58268046875 0.67604462890625 0.58146689453125 0.67658408203125 0.583894140625 0.6985646484375 0.58052294921875 0.70746474609375 0.6234052734375 0.67537041015625 0.6283947265625 0.674561328125 0.62070830078125 0.66660517578125 0.62232646484375
2 0.7365923828125 0.58119716796875 0.75452744140625 0.580792578125 0.75385322265625 0.57310615234375 0.76909130859375 0.5722970703125 0.7713837890625 0.6029080078125 0.73821064453125 0.603177734375 0.7365923828125 0.58119716796875
2 0.78689150390625 0.6196294921875 0.78095810546875 0.5841638671875 0.77718232421875 0.5848380859375 0.7758337890625 0.57202734375 0.786756640625 0.56933037109375 0.796061328125 0.57094853515625 0.79619619140625 0.57566826171875 0.80711904296875 0.5748591796875 0.81453583984375 0.61396572265625 0.78689150390625 0.6196294921875
2 0.81574951171875 0.5903669921875 0.81332216796875 0.5691955078125 0.83206630859375 0.56663330078125 0.83327998046875 0.5736455078125 0.8474392578125 0.5727015625 0.84973173828125 0.5896927734375 0.81574951171875 0.5903669921875
2 0.850810546875 0.596300390625 0.8500013671875 0.5785001953125 0.854046875 0.5786349609375 0.85350751953125 0.56568935546875 0.8829048828125 0.56515 0.88398369140625 0.579444140625 0.88748974609375 0.579444140625 0.8904564453125 0.60236865234375 0.8579576171875 0.60425654296875 0.85687880859375 0.595626171875 0.850810546875 0.596300390625
2 0.8466837890625 0.65558330078125 0.8466837890625 0.626147265625 0.86266337890625 0.62110107421875 0.8842498046875 0.62726865234375 0.88537119140625 0.65614404296875 0.88201630859375 0.6592888671875 0.85447919921875 0.66135419921875 0.8548234375 0.65653515625 0.8466837890625 0.65558330078125
2 0.846734375 0.70111083984375 0.84604599609375 0.66789423828125 0.85310234375 0.66875478515625 0.85310234375 0.666689453125 0.86635458984375 0.66083779296875 0.877197265625 0.66169833984375 0.87685302734375 0.69766865234375 0.846734375 0.70111083984375
2 0.844152734375 0.7042087890625 0.86463349609375 0.7036923828125 0.8641171875 0.72245205078125 0.88683525390625 0.72159150390625 0.88666318359375 0.7367369140625 0.86274033203125 0.73811376953125 0.86291240234375 0.74654697265625 0.84449697265625 0.7460306640625 0.844152734375 0.7042087890625
2 0.852748828125 0.775164453125 0.856922265625 0.7481466796875 0.86291240234375 0.74654697265625 0.86417099609375 0.74023896484375 0.87273759765625 0.73957998046875 0.8722982421875 0.7510021484375 0.8771306640625 0.75078251953125 0.87405546875 0.7762626953125 0.852748828125 0.775164453125
2 0.8441822265625 0.8118470703125 0.843303515625 0.7804361328125 0.8593384765625 0.7773609375 0.87998623046875 0.7775806640625 0.8797666015625 0.79207802734375 0.8764716796875 0.79207802734375 0.877350390625 0.8118470703125 0.8441822265625 0.8118470703125
2 0.795418359375 0.8021822265625 0.79278251953125 0.76923369140625 0.8224361328125 0.76989267578125 0.82177724609375 0.802621484375 0.795418359375 0.8021822265625
2 0.7567587890625 0.79625146484375 0.755660546875 0.7707712890625 0.78663212890625 0.7714302734375 0.7864125 0.7960318359375 0.7567587890625 0.79625146484375
2 0.720076171875 0.76615849609375 0.74841181640625 0.76725673828125 0.74797255859375 0.7927369140625 0.72029580078125 0.79185830078125 0.720076171875 0.76615849609375
2 0.68207548828125 0.7720892578125 0.71216845703125 0.77055166015625 0.71348642578125 0.791638671875 0.7007462890625 0.7933958984375 0.69569423828125 0.7927369140625 0.69569423828125 0.80481806640625 0.681855859375 0.80328046875 0.68207548828125 0.7720892578125
2 0.6480287109375 0.7639619140625 0.67900029296875 0.7633029296875 0.67900029296875 0.78812412109375 0.66120810546875 0.78834384765625 0.66076884765625 0.7927369140625 0.65791328125 0.79185830078125 0.65769365234375 0.80371982421875 0.64583212890625 0.803939453125 0.64429453125 0.78834384765625 0.6497859375 0.78878310546875 0.6480287109375 0.7639619140625
2 0.6254041015625 0.77099091796875 0.625184375 0.80745390625 0.625184375 0.80965048828125 0.59047861328125 0.80987021484375 0.58981962890625 0.7742857421875 0.6254041015625 0.77099091796875
2 0.58322998046875 0.7417765625 0.5922359375 0.7400193359375 0.59069833984375 0.73650478515625 0.60914951171875 0.7349671875 0.61288359375 0.7455107421875 0.620351953125 0.74353388671875 0.622987890625 0.7584705078125 0.616178515625 0.760227734375 0.6166177734375 0.7701123046875 0.598386328125 0.77296787109375 0.59618974609375 0.7626439453125 0.59377353515625 0.76242431640625 0.5920162109375 0.7571525390625 0.5922359375 0.7558345703125 0.5858658203125 0.75451669921875 0.58322998046875 0.7417765625
2 0.58696416015625 0.7332099609375 0.573784765625 0.69411103515625 0.5854265625 0.6894982421875 0.6008025390625 0.6914751953125 0.608051171875 0.724643359375 0.59684873046875 0.7257416015625 0.58696416015625 0.7332099609375
2 0.56719501953125 0.66665400390625 0.5797154296875 0.6565498046875 0.59487177734375 0.6545728515625 0.60607431640625 0.68005302734375 0.57576162109375 0.69301279296875 0.56719501953125 0.66665400390625
2 0.64240693359375 0.65359873046875 0.6577244140625 0.64895185546875 0.6704603515625 0.650156640625 0.67734462890625 0.67941474609375 0.645676953125 0.68061953125 0.64240693359375 0.65359873046875
2 0.66357607421875 0.710221875 0.6666740234375 0.6964533203125 0.67390244140625 0.6897412109375 0.68835947265625 0.70230498046875 0.69472734375 0.69628125 0.70281640625 0.709361328125 0.68887578125 0.7222693359375 0.66357607421875 0.710221875
2 0.706602734375 0.7276046875 0.70797958984375 0.712287109375 0.712970703125 0.7074681640625 0.739647265625 0.712287109375 0.7331072265625 0.73844736328125 0.706602734375 0.7276046875
2 0.77716650390625 0.71899931640625 0.7597837890625 0.70505869140625 0.77510126953125 0.6816521484375 0.78818134765625 0.68492216796875 0.79437724609375 0.6935275390625 0.77716650390625 0.71899931640625
2 0.77014443359375 0.67132109375 0.76838720703125 0.65682373046875 0.7703640625 0.65682373046875 0.7686068359375 0.64474267578125 0.77190166015625 0.64474267578125 0.77080341796875 0.63837255859375 0.78793662109375 0.6306845703125 0.8055091796875 0.63310087890625 0.807925390625 0.6647314453125 0.78815625 0.6653904296875 0.7883759765625 0.66978349609375 0.77014443359375 0.67132109375
2 0.278644921875 0.727398046875 0.2772431640625 0.701045703125 0.30639892578125 0.70132607421875 0.30611865234375 0.71562353515625 0.2904193359375 0.7164646484375 0.28985869140625 0.72627666015625 0.278644921875 0.727398046875
2 0.28285009765625 0.64301455078125 0.2949048828125 0.641332421875 0.29602626953125 0.65422822265625 0.28200908203125 0.65422822265625 0.28285009765625 0.64301455078125
2 0.25173193359375 0.6225494140625 0.26266533203125 0.62058701171875 0.26350634765625 0.6278759765625 0.252292578125 0.6303990234375 0.25201220703125 0.6233904296875 0.25173193359375 0.6225494140625
2 0.20968037109375 0.62899736328125 0.22061376953125 0.6225494140625 0.232948828125 0.6489017578125 0.22089404296875 0.65478896484375 0.20968037109375 0.62899736328125
2 0.23631298828125 0.7383314453125 0.266309765625 0.7374904296875 0.26827216796875 0.74898447265625 0.23547197265625 0.74982548828125 0.23631298828125 0.7383314453125
2 0.8525740234375 0.60708486328125 0.85985595703125 0.60627578125 0.8606650390625 0.61369248046875 0.85365283203125 0.6140970703125 0.8525740234375 0.60708486328125
2 0.72245634765625 0.47891357421875 0.7220517578125 0.47176650390625 0.72865947265625 0.47082255859375 0.7294685546875 0.47985751953125 0.721597265625 0.48017607421875 0.72245634765625 0.47891357421875
2 0.43796044921875 0.5075123046875 0.4321619140625 0.50953505859375 0.42892548828125 0.50144404296875 0.43539833984375 0.49901669921875 0.43796044921875 0.5075123046875
2 0.5708611328125 0.22353603515625 0.569377734375 0.222726953125 0.56924296875 0.21045556640625 0.57746875 0.2118041015625 0.57665966796875 0.2231314453125 0.5708611328125 0.22353603515625
2 0.6098328125 0.21881630859375 0.60781005859375 0.2081630859375 0.61671015625 0.20802822265625 0.617249609375 0.21881630859375 0.6098328125 0.21881630859375
2 -0.0 0.3170509765625 0.01396162109375 0.3158404296875 0.0176025390625 0.35319384765625 0.00627509765625 0.35400302734375 0.0051962890625 0.34995751953125 -0.0 0.35004912109375 -0.0 0.3170509765625
2 -0.0 0.274384765625 0.01652373046875 0.27444140625 0.0173328125 0.30923271484375 -0.0 0.3052677734375 -0.0 0.274384765625
