4 0.4299951171875 0.15579462890625 0.4534642578125 0.13165126953125 0.47103984375 0.1482701171875 0.4468396484375 0.17363232421875 0.432986328125 0.1659185546875 0.4299951171875 0.15579462890625
4 0.50716748046875 0.0715685546875 0.5173134765625 0.08310205078125 0.49788857421875 0.100532421875 0.490604296875 0.094115234375 0.487222265625 0.08717783203125 0.50716748046875 0.0715685546875
4 0.1067974609375 0.40753828125 0.1439353515625 0.4042931640625 0.1445994140625 0.40898046875 0.1501470703125 0.40814873046875 0.152769140625 0.42395634765625 0.1098623046875 0.428811328125 0.1067974609375 0.40753828125
4 0.056344921875 0.40555751953125 0.09557685546875 0.4002388671875 0.1021326171875 0.40159287109375 0.10393974609375 0.41951318359375 0.099084765625 0.4236443359375 0.08138291015625 0.4247228515625 0.0816546875 0.427876171875 0.07590859375 0.4281775390625 0.07564130859375 0.4251798828125 0.0726857421875 0.425447265625 0.07295302734375 0.4291689453125 0.06414169921875 0.43002568359375 0.063733984375 0.426887890625 0.0566275390625 0.42694501953125 0.0533537109375 0.41476103515625 0.056344921875 0.40555751953125
4 0.02407109375 0.48886015625 0.091135546875 0.48102587890625 0.0937701171875 0.50167607421875 0.07718427734375 0.50342177734375 0.07772509765625 0.511173828125 0.0312126953125 0.516000390625 0.030311328125 0.50901044921875 0.02444189453125 0.5096654296875 0.021673828125 0.49927529296875 0.02407109375 0.48886015625
4 0.1607720703125 0.46988720703125 0.21623837890625 0.46426865234375 0.2160984375 0.461427734375 0.22551005859375 0.45900986328125 0.2372650390625 0.458248046875 0.24044482421875 0.48642509765625 0.16305986328125 0.496438671875 0.15962197265625 0.48333173828125 0.1607720703125 0.46988720703125
4 0.32921083984375 0.71072783203125 0.3713046875 0.7062076171875 0.3754234375 0.706076171875 0.3772150390625 0.72326728515625 0.3716962890625 0.72567841796875 0.35255 0.72778740234375 0.35353876953125 0.73787099609375 0.3415 0.73927373046875 0.34020634765625 0.7304265625 0.33231845703125 0.73144755859375 0.32836328125 0.72216943359375 0.32921083984375 0.71072783203125
4 0.35524345703125 0.74469111328125 0.36996767578125 0.74265263671875 0.3717595703125 0.75669599609375 0.356762109375 0.7587091796875 0.35524345703125 0.74469111328125
4 0.35970966796875 0.7726189453125 0.36457197265625 0.77127255859375 0.3727037109375 0.77151904296875 0.37353134765625 0.7798439453125 0.3660263671875 0.7803994140625 0.36035625 0.78138681640625 0.35970966796875 0.7726189453125
4 0.4495521484375 0.7739318359375 0.4473462890625 0.7698697265625 0.44778134765625 0.76736689453125 0.4537578125 0.76637080078125 0.4572263671875 0.76659140625 0.45763154296875 0.77267939453125 0.4495521484375 0.7739318359375
4 0.46603125 0.70523564453125 0.4622453125 0.69934345703125 0.46311826171875 0.69440634765625 0.47221435546875 0.6924642578125 0.47168955078125 0.68709697265625 0.48009150390625 0.68603447265625 0.4807556640625 0.690522265625 0.50773310546875 0.6852439453125 0.5102 0.6951970703125 0.508466796875 0.6983439453125 0.48629228515625 0.70224052734375 0.48694384765625 0.70763642578125 0.4764875 0.7097998046875 0.47515595703125 0.7038630859375 0.46603125 0.70523564453125
4 0.537978125 0.72006923828125 0.54376416015625 0.7175427734375 0.54743681640625 0.72418173828125 0.5519515625 0.72261181640625 0.55748193359375 0.7335564453125 0.56129580078125 0.73238525390625 0.56438740234375 0.73858974609375 0.55802021484375 0.7417599609375 0.56316259765625 0.75089501953125 0.55393447265625 0.75554033203125 0.54927314453125 0.7470650390625 0.53811396484375 0.75299775390625 0.5287912109375 0.7371771484375 0.5301072265625 0.73075361328125 0.5414048828125 0.72640966796875 0.537978125 0.72006923828125
