0 0.694156640625 0.00441533203125 0.69455126953125 0.01921181640625 0.67008779296875 0.0188171875 0.659434375 0.0188171875 0.658842578125 0.00224521484375 0.694156640625 0.00441533203125
0 0.69297294921875 0.0203955078125 0.693367578125 0.034008203125 0.65903984375 0.03321904296875 0.659434375 0.0188171875 0.69297294921875 0.0203955078125
0 0.673472265625 0.03458154296875 0.693367578125 0.034008203125 0.69418583984375 0.05390380859375 0.65677783203125 0.05251259765625 0.6577052734375 0.04030087890625 0.66126064453125 0.0393734375 0.6611060546875 0.03396318359375 0.673472265625 0.03458154296875
0 0.6943404296875 0.055449609375 0.69304638671875 0.064574609375 0.69310380859375 0.06936171875 0.6926400390625 0.0701345703125 0.65971484375 0.069825390625 0.6594056640625 0.05699541015625 0.6799646484375 0.056531640625 0.67981005859375 0.0546767578125 0.6943404296875 0.055449609375
0 0.65099716796875 0.070617578125 0.61725703125 0.0708693359375 0.617177734375 0.05990234375 0.650869140625 0.0585546875 0.65099716796875 0.070617578125
0 0.650810546875 0.05337890625 0.6171484375 0.05583984375 0.6169921875 0.033681640625 0.6505859375 0.03216796875 0.650810546875 0.05337890625
0 0.650576171875 0.0316796875 0.6169921875 0.033193359375 0.61689453125 0.01982421875 0.6504296875 0.017666015625 0.650576171875 0.0316796875
0 0.6504296875 0.017177734375 0.61689453125 0.0193359375 0.616796875 0.00556640625 0.65029296875 0.004443359375 0.6504296875 0.017177734375
0 0.28527705078125 0.16339794921875 0.2875 0.234722265625 0.27916669921875 0.234722265625 0.2763888671875 0.34166669921875 0.29583330078125 0.340277734375 0.33055556640625 0.45694443359375 0.3388888671875 0.4611111328125 0.375 0.59305556640625 0.38194443359375 0.72916669921875 0.2861111328125 0.727777734375 0.14166669921875 0.6611111328125 0.14446689453125 0.4654330078125 0.0696125 0.4659564453125 0.06804208984375 0.16392138671875 0.28527705078125 0.16339794921875
0 0.961351953125 6.8359375e-06 0.962315625 0.01835107421875 0.93692841796875 0.01899375 0.93564345703125 7.32421875e-06 0.961351953125 6.8359375e-06
0 0.96113359375 0.02091982421875 0.96270810546875 0.0363015625 0.95846904296875 0.0369072265625 0.9581056640625 0.03860283203125 0.93654697265625 0.038360546875 0.9366681640625 0.0226154296875 0.94599404296875 0.0222521484375 0.9473263671875 0.02067763671875 0.96113359375 0.02091982421875
0 0.96293662109375 0.0393294921875 0.96234658203125 0.05227490234375 0.9573107421875 0.05252666015625 0.9590732421875 0.0560517578125 0.9371861328125 0.05657412109375 0.93672001953125 0.0389216796875 0.9622375 0.03868857421875 0.96293662109375 0.0393294921875
0 0.88986103515625 0.07065576171875 0.864150390625 0.07107421875 0.864091796875 0.054453125 0.890166015625 0.05376953125 0.88986103515625 0.07065576171875
0 0.890498046875 0.035859375 0.89017578125 0.05328125 0.864091796875 0.05396484375 0.864033203125 0.035673828125 0.890498046875 0.035859375
0 0.8905078125 0.03537109375 0.864033203125 0.035185546875 0.863974609375 0.018466796875 0.890830078125 0.01810546875 0.8905078125 0.03537109375
0 0.89083984375 0.0176171875 0.863974609375 0.017978515625 0.86392646484375 0.00216826171875 0.89112001953125 0.00216826171875 0.89083984375 0.0176171875
0 0.6129650390625 0.059187109375 0.61283310546875 0.0697322265625 0.57756083984375 0.07137275390625 0.5774083984375 0.05818125 0.6129650390625 0.059187109375
0 0.612861328125 0.0355078125 0.612607421875 0.05625 0.57966796875 0.05470703125 0.579091796875 0.034150390625 0.612861328125 0.0355078125
0 0.613056640625 0.018974609375 0.612861328125 0.03501953125 0.576708984375 0.033564453125 0.576533203125 0.01861328125 0.613056640625 0.018974609375
0 0.61306640625 0.018486328125 0.5765234375 0.018125 0.57634384765625 0.00326220703125 0.61325673828125 0.00285205078125 0.61306640625 0.018486328125
0 0.566929296875 0.00357421875 0.5680544921875 0.01677060546875 0.5562173828125 0.01696796875 0.55542822265625 0.01834892578125 0.53392412109375 0.01834892578125 0.53523427734375 0.0042123046875 0.566929296875 0.00357421875
0 0.56622001953125 0.0176837890625 0.568538671875 0.031750390625 0.55570869140625 0.0325232421875 0.55509033203125 0.033914453125 0.5339130859375 0.03375986328125 0.53392412109375 0.01834892578125 0.55542822265625 0.01834892578125 0.5577181640625 0.01783828125 0.56622001953125 0.0176837890625
0 0.56807490234375 0.03406904296875 0.5671474609375 0.05323681640625 0.534222265625 0.053855078125 0.53236728515625 0.03468740234375 0.55509033203125 0.033914453125 0.55570869140625 0.0325232421875 0.56807490234375 0.03406904296875
0 0.56617587890625 0.054110546875 0.56799912109375 0.06758603515625 0.53466982421875 0.06730126953125 0.534222265625 0.053855078125 0.56617587890625 0.054110546875
0 0.5122328125 0.05106708984375 0.52904296875 0.05193359375 0.52911044921875 0.07147001953125 0.497490234375 0.070986328125 0.49458232421875 0.0635546875 0.4927734375 0.06064453125 0.492705078125 0.050859375 0.5122328125 0.05106708984375
0 0.529033203125 0.051435546875 0.51224794921875 0.05057900390625 0.492705078125 0.05037109375 0.4926171875 0.03814453125 0.500411328125 0.03797392578125 0.50041015625 0.0379296875 0.528984375 0.03673828125 0.529033203125 0.051435546875
0 0.507935546875 0.021102734375 0.51727099609375 0.02185966796875 0.528935546875 0.021416015625 0.528984375 0.03625 0.49947353515625 0.037482421875 0.492578125 0.032490234375 0.4925 0.02171875 0.493173828125 0.0193359375 0.507935546875 0.021102734375
0 0.528876953125 0.00623046875 0.52892578125 0.020927734375 0.51728154296875 0.021370703125 0.50798427734375 0.020616796875 0.493310546875 0.0188671875 0.49383876953125 0.01701669921875 0.4942455078125 0.00523662109375 0.528876953125 0.00623046875
0 0.528876953125 0.005732421875 0.49702802734375 0.00475712890625 0.49442685546875 1.142578125e-05 0.52885869140625 1.142578125e-05 0.528876953125 0.005732421875
0 0.4037681640625 1.123046875e-05 0.40226103515625 0.00473232421875 0.37934794921875 0.0037251953125 0.37784169921875 1.11328125e-05 0.4037681640625 1.123046875e-05
0 0.36832607421875 0.0047818359375 0.372654296875 0.0026177734375 0.3779099609375 0.0026177734375 0.37934794921875 0.0037251953125 0.38625712890625 0.0041634765625 0.40226103515625 0.00473232421875 0.40233330078125 0.02147626953125 0.40202412109375 0.02333125 0.4010966796875 0.02394951171875 0.36647109375 0.02317666015625 0.36832607421875 0.0047818359375
0 0.40277744140625 0.0258162109375 0.40254765625 0.04317177734375 0.37977216796875 0.0423177734375 0.3786333984375 0.041273828125 0.367055859375 0.04184326171875 0.3671791015625 0.02447783203125 0.3865857421875 0.0251470703125 0.40277744140625 0.0258162109375
0 0.43000615234375 0.0124345703125 0.442738671875 0.01252392578125 0.442738671875 0.0238544921875 0.444501171875 0.0238544921875 0.444501171875 0.03317080078125 0.43367412109375 0.032163671875 0.43044755859375 0.03254326171875 0.43044755859375 0.03652900390625 0.41830068359375 0.03776259765625 0.413669921875 0.0361494140625 0.411287890625 0.03313876953125 0.41131396484375 0.01209755859375 0.43000615234375 0.0124345703125
0 0.4455123046875 0.04133193359375 0.44638525390625 0.06959775390625 0.43119423828125 0.07018955078125 0.42361923828125 0.0688625 0.42172451171875 0.0480935546875 0.43060234375 0.04631796875 0.43337001953125 0.04200751953125 0.4455123046875 0.04133193359375
0 0.40132509765625 0.04521552734375 0.4045712890625 0.0470705078125 0.4037984375 0.05742724609375 0.4024072265625 0.05943681640625 0.401016015625 0.062219140625 0.367781640625 0.061137109375 0.36839990234375 0.04583388671875 0.37365556640625 0.044597265625 0.37458310546875 0.0442880859375 0.39004091796875 0.04382431640625 0.40132509765625 0.04521552734375
0 0.42871357421875 1.1328125e-05 0.42917548828125 0.002782421875 0.4129447265625 0.0030916015625 0.41309873046875 1.1328125e-05 0.42871357421875 1.1328125e-05
0 0.44552333984375 1.142578125e-05 0.44602451171875 0.0044828125 0.44494248046875 0.0044828125 0.43103037109375 0.00463740234375 0.43103037109375 1.1328125e-05 0.44552333984375 1.142578125e-05
0 0.4620998046875 1.142578125e-05 0.46179150390625 0.0041736328125 0.4483431640625 0.003864453125 0.44788076171875 1.142578125e-05 0.4620998046875 1.142578125e-05
0 0.48522431640625 0.07112607421875 0.45352041015625 0.06957197265625 0.45196630859375 0.0630447265625 0.45196630859375 0.05123349609375 0.45569619140625 0.03538154296875 0.4703048828125 0.03444912109375 0.483359375 0.03507080078125 0.48522431640625 0.07112607421875
0 0.48439560546875 0.0332283203125 0.45474853515625 0.0336873046875 0.4533716796875 0.02515107421875 0.45961318359375 0.02010283203125 0.4606228515625 0.0179 0.46310107421875 0.0123009765625 0.4781541015625 0.0123009765625 0.483477734375 0.0191849609375 0.48423857421875 0.0329984375 0.48439560546875 0.0332283203125
0 0.5668302734375 1.1328125e-05 0.5668302734375 0.00034130859375 0.55651396484375 0.00064033203125 0.5561828125 0.0018345703125 0.54000146484375 0.00176259765625 0.5398576171875 0.00104345703125 0.53446376953125 0.00133115234375 0.5335369140625 1.142578125e-05 0.5668302734375 1.1328125e-05
