2 0.15391474609375 0.10364580078125 0.15673759765625 0.11080380859375 0.2211732421875 0.11160625 0.22246845703125 0.10699794921875 0.244473828125 0.108804296875 0.2390837890625 0.2470978515625 0.3072953125 0.2503078125 0.3119890625 0.1891611328125 0.328546484375 0.1900326171875 0.32723935546875 0.2026685546875 0.34771826171875 0.203104296875 0.34771826171875 0.1882896484375 0.3821404296875 0.19046826171875 0.37952607421875 0.22924765625 0.3472826171875 0.22924765625 0.345975390625 0.21835458984375 0.328546484375 0.21661171875 0.327675 0.23229765625 0.3320322265625 0.2327333984375 0.330791015625 0.256787109375 0.328642578125 0.26184072265625 0.3259626953125 0.32508603515625 0.326953125 0.326767578125 0.32680361328125 0.326849609375 0.3241892578125 0.37260048828125 0.31983203125 0.3830578125 0.2082869140625 0.37652197265625 0.20741552734375 0.322928125 0.218771484375 0.1301509765625 0.1818083984375 0.128884375 0.15405537109375 0.12658525390625 0.1543837890625 0.13003388671875 0.13796181640625 0.1287201171875 0.13746923828125 0.1254357421875 0.13467744140625 0.1237935546875 0.134184765625 0.11574677734375 0.13536455078125 0.10908994140625 0.14292578125 0.10858583984375 0.14312744140625 0.10344423828125 0.15391474609375 0.10364580078125
2 0.3686330078125 0.322928125 0.34336103515625 0.3176994140625 0.3427734375 0.31802734375 0.34196884765625 0.26325166015625 0.3449609375 0.245751953125 0.3677615234375 0.24536943359375 0.3686330078125 0.322928125
2 0.12207138671875 0.7167568359375 0.1219314453125 0.7159458984375 0.12060390625 0.65582958984375 0.16898388671875 0.6560869140625 0.1698158203125 0.64642890625 0.18213232421875 0.64593623046875 0.1824607421875 0.61259970703125 0.22794951171875 0.61358505859375 0.2282779296875 0.62343818359375 0.23386142578125 0.6237666015625 0.2335669921875 0.66601298828125 0.2352091796875 0.677344140625 0.2237138671875 0.6963935546875 0.212546875 0.70887421875 0.199409375 0.71609990234375 0.1852865234375 0.7175779296875 0.17247734375 0.71856318359375 0.17214892578125 0.72053388671875 0.159979296875 0.7206783203125 0.1591078125 0.7167568359375 0.12207138671875 0.7167568359375
2 0.1175580078125 0.65936328125 0.0968421875 0.658333984375 0.09645615234375 0.64237880859375 0.164042578125 0.6436611328125 0.164042578125 0.65395478515625 0.1190080078125 0.6547267578125 0.1175580078125 0.65936328125
2 0.085287890625 0.61480693359375 0.12080087890625 0.61557890625 0.1217015625 0.6297326171875 0.085287890625 0.62754521484375 0.085287890625 0.62510048828125 0.07435087890625 0.6241998046875 0.07615234375 0.61828095703125 0.0864458984375 0.61815234375 0.085287890625 0.61480693359375
2 0.12543828125 0.61622890625 0.174590234375 0.6157142578125 0.17381826171875 0.63282734375 0.12440888671875 0.6303826171875 0.12543828125 0.61622890625
2 -0.0 0.4310443359375 0.0189099609375 0.43158203125 0.01879462890625 0.43561748046875 0.0174111328125 0.435848046875 0.0174111328125 0.4563708984375 0.01279921875 0.4563708984375 0.01268388671875 0.4526814453125 -0.0 0.4518662109375 -0.0 0.4310443359375
2 0.0820498046875 0.45092216796875 0.08241123046875 0.4338482421875 0.09451650390625 0.43375791015625 0.09397451171875 0.44992841796875 0.09108369140625 0.45155458984375 0.08512138671875 0.45019951171875 0.08277255859375 0.4518255859375 0.0820498046875 0.45092216796875
3 0.28984375 0.47763671875 0.27818134765625 0.47768515625 0.27854267578125 0.4616048828125 0.289501953125 0.461337890625 0.28984375 0.47763671875
3 0.30094658203125 0.47759482421875 0.29033203125 0.47763671875 0.289990234375 0.461318359375 0.30049482421875 0.461062890625 0.30094658203125 0.47759482421875
2 0.784821484375 0.9990109375 0.7740373046875 0.9773353515625 0.79499990234375 0.9682490234375 0.80650517578125 0.9946154296875 0.80251455078125 0.9990107421875 0.784821484375 0.9990109375
2 0.763180078125 0.94998408203125 0.7573580078125 0.940781640625 0.7552921875 0.93965478515625 0.7522873046875 0.9419083984375 0.75547998046875 0.94754267578125 0.73838955078125 0.95449150390625 0.7269333984375 0.92782294921875 0.7348212890625 0.92124970703125 0.741206640625 0.9204984375 0.74552626953125 0.93007666015625 0.75191162109375 0.92876201171875 0.75191162109375 0.925005859375 0.76167763671875 0.91636669921875 0.77163134765625 0.91561552734375 0.78252412109375 0.9434109375 0.78252412109375 0.9454767578125 0.786655859375 0.95749638671875 0.77294599609375 0.96406962890625 0.7688142578125 0.9646330078125 0.763180078125 0.94998408203125
2 0.74571884765625 0.9152439453125 0.7328703125 0.88495810546875 0.7099265625 0.89199423828125 0.7028904296875 0.8742509765625 0.7191041015625 0.87027412109375 0.7243046875 0.8803693359375 0.7319525390625 0.8782279296875 0.73103486328125 0.8721095703125 0.75367275390625 0.8659912109375 0.76713310546875 0.89413564453125 0.7616265625 0.8968888671875 0.76621533203125 0.9072900390625 0.74571884765625 0.9152439453125
2 0.71338837890625 0.86686357421875 0.71221220703125 0.86671708984375 0.70808046875 0.8486876953125 0.7189732421875 0.84493154296875 0.71840986328125 0.83892177734375 0.702821875 0.83929736328125 0.69869013671875 0.81600927734375 0.71615615234375 0.8137556640625 0.71855126953125 0.8292912109375 0.741380078125 0.82594765625 0.74959169921875 0.859945703125 0.71338837890625 0.86686357421875
2 0.72941484375 0.80843818359375 0.7271611328125 0.8086259765625 0.72753671875 0.77162802734375 0.74218564453125 0.7674962890625 0.7558955078125 0.77200361328125 0.755519921875 0.801113671875 0.746880859375 0.802991796875 0.7455662109375 0.81144306640625 0.72941484375 0.80843818359375
2 0.72304404296875 0.72950078125 0.72135380859375 0.72912509765625 0.71947578125 0.7127859375 0.7373173828125 0.71353720703125 0.73712958984375 0.72311533203125 0.74670771484375 0.7242421875 0.75628583984375 0.72273974609375 0.769995703125 0.72762265625 0.7653005859375 0.7612400390625 0.73675400390625 0.75504248046875 0.73919541015625 0.739830078125 0.7346880859375 0.73569833984375 0.73318564453125 0.7306275390625 0.72304404296875 0.72950078125
2 0.73854501953125 0.68198017578125 0.72877900390625 0.68122890625 0.7291546875 0.66920927734375 0.7592037109375 0.67052392578125 0.75939150390625 0.67634599609375 0.77310146484375 0.6778484375 0.7687818359375 0.714470703125 0.75356953125 0.71390732421875 0.75544755859375 0.68310703125 0.73854501953125 0.68198017578125
3 0.73309775390625 0.6654251953125 0.73501904296875 0.6501498046875 0.76400791015625 0.65029697265625 0.77074033203125 0.62130283203125 0.78215478515625 0.62337822265625 0.7757716796875 0.6623349609375 0.76488251953125 0.66630810546875 0.74854873046875 0.6608634765625 0.7466357421875 0.66733818359375 0.73309775390625 0.6654251953125
2 0.84113740234375 0.69140849609375 0.841141015625 0.66407431640625 0.85011728515625 0.66363291015625 0.85055869140625 0.64729912109375 0.86197421875 0.64805029296875 0.86141083984375 0.63753310546875 0.8756841796875 0.64354296875 0.87493291015625 0.649552734375 0.881318359375 0.65030400390625 0.882257421875 0.6439185546875 0.89446484375 0.64448203125 0.891835546875 0.6658919921875 0.868171875 0.66645537109375 0.867420703125 0.6735919921875 0.85803037109375 0.67415546875 0.8563400390625 0.69143369140625 0.84113740234375 0.69140849609375
3 0.85702822265625 0.7235619140625 0.8560892578125 0.7051568359375 0.8709259765625 0.70590810546875 0.87242841796875 0.71248134765625 0.8827578125 0.711730078125 0.8827578125 0.69858359375 0.900975 0.6998982421875 0.89853349609375 0.72018134765625 0.872991796875 0.7192423828125 0.872991796875 0.72243505859375 0.85702822265625 0.7235619140625
3 0.8981142578125 0.76811142578125 0.8964240234375 0.7626650390625 0.9007435546875 0.7495185546875 0.91050947265625 0.749894140625 0.91971201171875 0.7534625 0.91764619140625 0.76379189453125 0.92985361328125 0.77036513671875 0.91144853515625 0.81318505859375 0.88477998046875 0.80435810546875 0.89041416015625 0.7880189453125 0.89924111328125 0.79215068359375 0.90280947265625 0.78839453125 0.90712900390625 0.78989697265625 0.9076923828125 0.78595302734375 0.9046875 0.781445703125 0.908255859375 0.7722431640625 0.90018017578125 0.7679236328125 0.8981142578125 0.76811142578125
2 0.90697138671875 0.886074609375 0.9062421875 0.88613310546875 0.88875966796875 0.855290625 0.89452451171875 0.851831640625 0.89463984375 0.84941044921875 0.90605419921875 0.847450390625 0.91643095703125 0.84041728515625 0.92983876953125 0.8634244140625 0.9290875 0.86793173828125 0.930777734375 0.87243916015625 0.90697138671875 0.886074609375
3 0.92868671875 0.918043359375 0.9398703125 0.9183376953125 0.941783203125 0.915100390625 0.94325478515625 0.8900845703125 0.94869931640625 0.89037890625 0.9501708984375 0.8856701171875 0.95855849609375 0.88625869140625 0.95929423828125 0.882285546875 0.9728322265625 0.882285546875 0.97445087890625 0.8899375 0.9803369140625 0.89199755859375 0.980042578125 0.9178962890625 0.967534765625 0.91186298828125 0.95443828125 0.9137759765625 0.9551740234375 0.92363515625 0.94281328125 0.9379087890625 0.9279509765625 0.93555439453125 0.92868671875 0.918043359375
3 0.928193359375 0.948418359375 0.927298046875 0.94860107421875 0.92734150390625 0.9373029296875 0.94163798828125 0.9381720703125 0.94421962890625 0.94127001953125 0.94133720703125 0.944037109375 0.9407607421875 0.94715009765625 0.94779384765625 0.9461125 0.95528818359375 0.9616775390625 0.93545712890625 0.9703248046875 0.9284240234375 0.95314560546875 0.93614892578125 0.948994921875 0.928193359375 0.948418359375
2 0.885271875 0.99900947265625 0.8814677734375 0.98751083984375 0.904755859375 0.9764302734375 0.9034412109375 0.9694814453125 0.92560234375 0.96215693359375 0.93555615234375 0.98657177734375 0.91452177734375 0.9955865234375 0.91626943359375 0.999008984375 0.885271875 0.99900947265625
2 0.9011875 0.96779111328125 0.87999765625 0.97588447265625 0.86837275390625 0.9480728515625 0.87749609375 0.942333984375 0.8877966796875 0.94218681640625 0.8873552734375 0.93688935546875 0.89500712890625 0.935270703125 0.8923583984375 0.9260001953125 0.90810361328125 0.9204083984375 0.91325390625 0.93733076171875 0.89250556640625 0.9451298828125 0.9011875 0.96779111328125
2 0.85983662109375 0.940237109375 0.84467998046875 0.90212490234375 0.847181640625 0.90094765625 0.8533619140625 0.89462021484375 0.873816015625 0.89300146484375 0.87013720703125 0.8800521484375 0.8855880859375 0.8747546875 0.8926513671875 0.8941787109375 0.881320703125 0.9002119140625 0.88323369140625 0.92508046875 0.883380859375 0.9296421875 0.85983662109375 0.940237109375
3 0.83895068359375 0.8908478515625 0.8270314453125 0.861858984375 0.8519 0.85067548828125 0.854990234375 0.8555314453125 0.85734462890625 0.85450146484375 0.855431640625 0.83905048828125 0.87470849609375 0.83905048828125 0.876621484375 0.85523720703125 0.86793955078125 0.86200615234375 0.86367216796875 0.8603875 0.85896328125 0.86303623046875 0.86234775390625 0.87230673828125 0.8571974609375 0.87480830078125 0.86014052734375 0.88113583984375 0.8571974609375 0.887610546875 0.83895068359375 0.8908478515625
2 0.9984703125 0.86721767578125 0.98280810546875 0.855533203125 0.99847021484375 0.838502734375 0.9984703125 0.86721767578125
2 0.8997994140625 0.6618060546875 0.898986328125 0.6471712890625 0.90115439453125 0.6465388671875 0.90424033203125 0.64041435546875 0.93701962890625 0.6400974609375 0.938730078125 0.67129931640625 0.90768115234375 0.67100498046875 0.9047380859375 0.664383203125 0.90370810546875 0.662323046875 0.8997994140625 0.6618060546875
3 0.760596484375 0.5987435546875 0.77099931640625 0.573433984375 0.78306572265625 0.568430859375 0.80145966796875 0.5747583984375 0.78340498046875 0.6103685546875 0.760596484375 0.5987435546875
2 0.7988880859375 0.56741455078125 0.7898734375 0.53717763671875 0.81334921875 0.530041015625 0.8330865234375 0.52521318359375 0.8434931640625 0.5525375 0.7988880859375 0.56741455078125
2 0.858505859375 0.564733203125 0.855869140625 0.5575423828125 0.85634853515625 0.5462767578125 0.894699609375 0.5462767578125 0.89589814453125 0.5513103515625 0.897815625 0.5668904296875 0.887269140625 0.559699609375 0.8863103515625 0.56449345703125 0.858505859375 0.564733203125
2 0.9006919921875 0.56641103515625 0.900931640625 0.5450783203125 0.93928271484375 0.5443591796875 0.93880341796875 0.558501171875 0.92346298828125 0.5587408203125 0.9157927734375 0.5537072265625 0.9100400390625 0.55802177734375 0.91051943359375 0.5668904296875 0.9006919921875 0.56641103515625
2 0.76505205078125 0.508797265625 0.7665544921875 0.47743359375 0.7789498046875 0.47743359375 0.78045224609375 0.460906640625 0.80186220703125 0.460906640625 0.80054755859375 0.49828017578125 0.780264453125 0.49640205078125 0.77988876953125 0.50954853515625 0.76505205078125 0.508797265625
2 0.820007421875 0.47244287109375 0.81941884765625 0.46788115234375 0.8235390625 0.4680283203125 0.8263349609375 0.46685107421875 0.82559921875 0.4594935546875 0.85635390625 0.45713916015625 0.858266796875 0.4903953125 0.83045517578125 0.4927498046875 0.8288365234375 0.4871580078125 0.8198603515625 0.4886294921875 0.820007421875 0.47244287109375
2 0.86804296875 0.4888412109375 0.86789580078125 0.46603271484375 0.89909189453125 0.46559130859375 0.89909189453125 0.499141796875 0.87216318359375 0.498700390625 0.8726046875 0.48972412109375 0.86804296875 0.4888412109375
2 0.9098365234375 0.4892416015625 0.90939501953125 0.4595169921875 0.9400025390625 0.45878125 0.9400025390625 0.485415625 0.95545341796875 0.48512138671875 0.95546103515625 0.50888408203125 0.9378072265625 0.508320703125 0.93668037109375 0.49104248046875 0.912077734375 0.4919814453125 0.9098365234375 0.4892416015625
2 0.99847001953125 0.4973486328125 0.987750390625 0.4975583984375 0.9836755859375 0.4587279296875 0.99847001953125 0.459596875 0.99847001953125 0.4973486328125
2 0.80362626953125 0.358966015625 0.833498046875 0.35734736328125 0.8417384765625 0.38148017578125 0.826434765625 0.38501181640625 0.82172587890625 0.37162099609375 0.80318486328125 0.37220966796875 0.80362626953125 0.358966015625
2 0.89796435546875 0.2830935546875 0.8964619140625 0.31182802734375 0.87955927734375 0.31239140625 0.879371484375 0.3189646484375 0.87354951171875 0.3185890625 0.8720470703125 0.3199037109375 0.87129580078125 0.33567939453125 0.86340791015625 0.34018681640625 0.86265673828125 0.36103330078125 0.88669599609375 0.36328701171875 0.88143740234375 0.39465068359375 0.85120048828125 0.39089462890625 0.84917373046875 0.38487529296875 0.853078125 0.36964833984375 0.8444884765625 0.3680865234375 0.84487890625 0.3362689453125 0.85356083984375 0.3356802734375 0.8532666015625 0.32022939453125 0.862275390625 0.319091796875 0.86384208984375 0.32107275390625 0.86533740234375 0.3190265625 0.8642767578125 0.3150578125 0.8637109375 0.31462890625 0.86372431640625 0.28164453125 0.89796435546875 0.2830935546875
2 0.7947408203125 0.35585693359375 0.79586630859375 0.3384115234375 0.81457783203125 0.337989453125 0.81542197265625 0.3557162109375 0.7947408203125 0.35585693359375
2 0.7985916015625 0.33185859375 0.7985916015625 0.31604609375 0.81004990234375 0.3158169921875 0.80936240234375 0.2917544921875 0.84671650390625 0.28923369140625 0.84671650390625 0.31215029296875 0.827695703125 0.31421279296875 0.82861240234375 0.33208779296875 0.7985916015625 0.33185859375
2 0.82464384765625 0.1963201171875 0.84458134765625 0.18096591796875 0.8436646484375 0.15804931640625 0.86337294921875 0.15736181640625 0.86062294921875 0.19884091796875 0.83839384765625 0.2141951171875 0.82464384765625 0.1963201171875
2 0.84061201171875 0.1402150390625 0.840832421875 0.12125078125 0.88209111328125 0.12170908203125 0.88163271484375 0.1388400390625 0.89469521484375 0.1388400390625 0.8976744140625 0.16129833984375 0.87819521484375 0.163131640625 0.8784244140625 0.14892333984375 0.87865361328125 0.1402150390625 0.84061201171875 0.1402150390625
2 0.90392294921875 0.1396357421875 0.9030251953125 0.11665234375 0.91613291015625 0.1143181640625 0.91828759765625 0.10354462890625 0.94558037109375 0.10444248046875 0.947016796875 0.12868271484375 0.9462986328125 0.1374810546875 0.94558037109375 0.14987060546875 0.9608427734375 0.15005009765625 0.96174052734375 0.1619009765625 0.93049755859375 0.16064404296875 0.92906103515625 0.142149609375 0.935166015625 0.14179052734375 0.93480693359375 0.13658330078125 0.924392578125 0.13604462890625 0.91882626953125 0.14089267578125 0.90392294921875 0.1396357421875
2 0.91107783203125 0.18247890625 0.94273271484375 0.18219755859375 0.94712021484375 0.187796875 0.9474935546875 0.21318037109375 0.9142708984375 0.21168720703125 0.90979150390625 0.20048857421875 0.910911328125 0.184810546875 0.91107783203125 0.18247890625
2 0.87120498046875 0.211952734375 0.86474091796875 0.18717373046875 0.86833212890625 0.18609638671875 0.87120498046875 0.181607421875 0.87748955078125 0.181607421875 0.87695087890625 0.19022626953125 0.8805419921875 0.1895080078125 0.88126025390625 0.1835826171875 0.88503095703125 0.1835826171875 0.88790390625 0.181607421875 0.89023818359375 0.18178701171875 0.89023818359375 0.18609638671875 0.9022685546875 0.18645546875 0.90262763671875 0.1970494140625 0.888442578125 0.1975880859375 0.88826298828125 0.2067455078125 0.8868265625 0.20961845703125 0.87120498046875 0.211952734375
2 0.89471083984375 9.375e-06 0.89499189453125 0.00819228515625 0.90076015625 0.0076294921875 0.901604296875 0.0319685546875 0.89541396484375 0.03295341796875 0.89456982421875 0.02774794921875 0.87135634765625 0.02915478515625 0.87093427734375 0.0128349609375 0.86446259765625 0.0136791015625 0.86375966796875 9.86328125e-06 0.89471083984375 9.375e-06
2 0.918201953125 0.003451953125 0.9395865234375 0.00288916015625 0.941696875 0.01245595703125 0.94662099609375 0.01287802734375 0.94844990234375 0.026946875 0.9194681640625 0.02891650390625 0.918201953125 0.003451953125
2 0.93631474609375 0.312030078125 0.9056103515625 0.31220966796875 0.9056103515625 0.3017953125 0.905430859375 0.28976494140625 0.920053125 0.28033134765625 0.92853232421875 0.27895634765625 0.933803125 0.28445634765625 0.94228232421875 0.283998046875 0.94319892578125 0.3351021484375 0.92578232421875 0.33533125 0.924178125 0.32020634765625 0.93609482421875 0.32020634765625 0.93631474609375 0.312030078125
2 0.9244587890625 0.340794140625 0.942594140625 0.3400759765625 0.942594140625 0.34582177734375 0.9438509765625 0.34833564453125 0.9460056640625 0.3481560546875 0.946903515625 0.3438466796875 0.9560609375 0.3443853515625 0.9560609375 0.3573134765625 0.925176953125 0.3573134765625 0.9244587890625 0.340794140625
2 0.90829853515625 0.36826650390625 0.9460056640625 0.36665048828125 0.94510791015625 0.3887361328125 0.9217654296875 0.3908908203125 0.90829853515625 0.38532451171875 0.90829853515625 0.36826650390625
2 0.99847001953125 0.3948490234375 0.99174033203125 0.3937498046875 0.9910220703125 0.37040732421875 0.99847001953125 0.37021318359375 0.99847001953125 0.3948490234375
2 0.99847001953125 0.36206435546875 0.99197919921875 0.3615080078125 0.99129169921875 0.34294560546875 0.99847001953125 0.34313447265625 0.99847001953125 0.36206435546875
2 0.99847001953125 0.3397189453125 0.994078125 0.33928505859375 0.990568359375 0.32583095703125 0.99144580078125 0.310914453125 0.991455078125 0.3105078125 0.9984701171875 0.31042763671875 0.99847001953125 0.3397189453125
2 0.9984701171875 0.30993935546875 0.991455078125 0.31001953125 0.99173828125 0.28429873046875 0.9984701171875 0.2814388671875 0.9984701171875 0.30993935546875
3 0.90954189453125 0.73807978515625 0.9102884765625 0.73658662109375 0.92036728515625 0.72090859375 0.95082548828125 0.745172265625 0.93828505859375 0.76234345703125 0.916634375 0.74815859375 0.90954189453125 0.73807978515625
