1 0.0252556640625 0.90190341796875 0.0282958984375 0.895662890625 0.0535783203125 0.87646103515625 0.0723 0.9003033203125 0.07254384765625 0.90129990234375 0.0668595703125 0.90638388671875 0.06446533203125 0.90349140625 0.05663681640625 0.91053818359375 0.0583787109375 0.9131044921875 0.05277822265625 0.9175849609375 0.05021796875 0.91438466796875 0.04189716796875 0.92094521484375 0.03133623046875 0.90574384765625 0.0283861328125 0.90755341796875 0.0252556640625 0.90190341796875
1 0.03518271484375 0.9348423828125 0.044178125 0.9285671875 0.04193798828125 0.9252068359375 0.052002734375 0.91794111328125 0.06289990234375 0.9320875 0.04449814453125 0.94680888671875 0.03518271484375 0.9348423828125
1 0.0569392578125 0.9238853515625 0.061703515625 0.91987333984375 0.0569392578125 0.9143568359375 0.06500302734375 0.90740400390625 0.0763724609375 0.9211271484375 0.06338203125 0.93184638671875 0.0569392578125 0.9238853515625
1 0.0724916015625 0.901254296875 0.0778673828125 0.8960166015625 0.0899732421875 0.91005390625 0.07661357421875 0.92096640625 0.07088330078125 0.91390830078125 0.076704296875 0.9087703125 0.07131884765625 0.902281640625 0.0724916015625 0.901254296875
1 0.10446826171875 0.89925849609375 0.08989404296875 0.90969111328125 0.082748828125 0.90154169921875 0.08834423828125 0.89735087890625 0.08484091796875 0.89287001953125 0.0848046875 0.892900390625 0.085546875 0.890048828125 0.09207607421875 0.8846341796875 0.10446826171875 0.89925849609375
1 0.085078125 0.889951171875 0.084189453125 0.893310546875 0.07965693359375 0.89637333984375 0.07657177734375 0.8922232421875 0.08303095703125 0.88753212890625 0.085078125 0.889951171875
1 8.623046875e-05 0.92342236328125 0.00737939453125 0.91756904296875 0.02963984375 0.941667578125 0.02106240234375 0.94718154296875 0.0259638671875 0.953716796875 0.01799912109375 0.95943505859375 8.623046875e-05 0.93809423828125 8.623046875e-05 0.92342236328125
1 0.0226611328125 0.96606328125 0.02752529296875 0.962625 0.02428349609375 0.95889208984375 0.0337140625 0.9512296875 0.0621650390625 0.9863130859375 0.05432431640625 0.9928736328125 0.05080390625 0.9880732421875 0.04392333984375 0.99351376953125 0.0226611328125 0.96606328125
1 8.623046875e-05 0.9400287109375 0.0120927734375 0.95533994140625 0.007328515625 0.95947734375 0.0087076171875 0.9612326171875 8.623046875e-05 0.96818408203125 8.623046875e-05 0.9400287109375
1 8.623046875e-05 0.968184375 0.00764287109375 0.962112109375 0.01309580078125 0.96875517578125 0.00368232421875 0.97582021484375 8.623046875e-05 0.97142421875 8.623046875e-05 0.968184375
1 0.02072138671875 0.99900107421875 0.0041693359375 0.97687978515625 0.008667578125 0.97321181640625 0.01282802734375 0.97841943359375 0.02386904296875 0.96945859375 0.04227080078125 0.9944208984375 0.03609638671875 0.99900126953125 0.03395341796875 0.999001171875 0.02978955078125 0.993780859375 0.0228052734375 0.99900107421875 0.02072138671875 0.99900107421875
1 0.10595546875 0.95022568359375 0.1088650390625 0.9478818359375 0.1070630859375 0.94566005859375 0.11202353515625 0.94101962890625 0.11343115234375 0.9422943359375 0.1145837890625 0.9411796875 0.1331455078125 0.95974140625 0.12342734375 0.9695609375 0.10595546875 0.95022568359375
1 0.113089453125 0.9745591796875 0.117758984375 0.96968662109375 0.12141328125 0.97300263671875 0.1168115234375 0.9782134765625 0.113089453125 0.9745591796875
1 0.10876953125 0.9701953125 0.096513671875 0.98197265625 0.08432939453125 0.96916875 0.09623857421875 0.9578107421875 0.10876953125 0.9701953125
1 0.0720255859375 0.9820755859375 0.084041015625 0.97127275390625 0.09605634765625 0.9846109375 0.08448193359375 0.995193359375 0.0720255859375 0.9820755859375
0 0.000148046875 0.67849052734375 0.00943349609375 0.67230029296875 0.03232109375 0.70506103515625 0.02308017578125 0.71183369140625 0.00127353515625 0.67975673828125 0.000148046875 0.67849052734375
0 0.01524541015625 0.67840439453125 0.02539619140625 0.671281640625 0.04397216796875 0.6971818359375 0.03386689453125 0.70370576171875 0.01524541015625 0.67840439453125
0 8.642578125e-05 0.58703212890625 0.01192158203125 0.60259990234375 8.642578125e-05 0.61165458984375 8.642578125e-05 0.58703212890625
0 0.02651162109375 0.71038486328125 0.0332162109375 0.70579306640625 0.04694833984375 0.7227837890625 0.04102587890625 0.72768525390625 0.02651162109375 0.71038486328125
0 0.01529677734375 0.66458115234375 0.0210640625 0.661070703125 0.02495078125 0.6659603515625 0.01880732421875 0.67009775390625 0.01529677734375 0.66458115234375
0 0.00287685546875 0.609475 0.01192158203125 0.60259990234375 0.01954453125 0.6115341796875 0.0100517578125 0.61895654296875 0.00287685546875 0.609475
4 0.1196013671875 0.59833427734375 0.14158212890625 0.58119599609375 0.1558865234375 0.59915966796875 0.127277734375 0.62111513671875 0.122460546875 0.61431455078125 0.1286083984375 0.60931201171875 0.1196013671875 0.59833427734375
0 0.08475849609375 0.69202431640625 0.086261328125 0.69036630859375 0.08315830078125 0.6870638671875 0.08733720703125 0.68364326171875 0.0908390625 0.68754384765625 0.09355927734375 0.685463671875 0.09643955078125 0.6888240234375 0.1041203125 0.681943359375 0.10972080078125 0.68866396484375 0.09355927734375 0.702265234375 0.08475849609375 0.69202431640625
0 0.2000796875 0.8236125 0.20293017578125 0.82107099609375 0.200100390625 0.8174876953125 0.2058234375 0.81285576171875 0.20454892578125 0.81125556640625 0.21260556640625 0.80522646484375 0.21556650390625 0.8085796875 0.21726123046875 0.80686923828125 0.22216259765625 0.8125875 0.21991611328125 0.8146296875 0.22645126953125 0.8219818359375 0.22869775390625 0.82014375 0.234416015625 0.82647470703125 0.23094423828125 0.82974228515625 0.240951171875 0.839953515625 0.23275859375 0.84757646484375 0.23094423828125 0.8460802734375 0.22905 0.84692431640625 0.22925302734375 0.84908984375 0.22481748046875 0.85179853515625 0.2000796875 0.8236125
0 0.2585271484375 0.7802939453125 0.26150693359375 0.778037890625 0.267670703125 0.78504189453125 0.2394876953125 0.8064853515625 0.23537109375 0.801591796875 0.23773125 0.79800029296875 0.232958984375 0.791689453125 0.25419189453125 0.7752390625 0.2585271484375 0.7802939453125
1 0.40408203125 0.93890625 0.38865439453125 0.9512572265625 0.3903857421875 0.953912109375 0.37297197265625 0.9675486328125 0.36637041015625 0.9610126953125 0.36950771484375 0.957875390625 0.3651916015625 0.95254638671875 0.394345703125 0.928173828125 0.40408203125 0.93890625
0 0.28498564453125 0.822587109375 0.31071787109375 0.80420693359375 0.31684462890625 0.81258017578125 0.310513671875 0.817073046875 0.31623193359375 0.82401669921875 0.2968306640625 0.83769970703125 0.28498564453125 0.822587109375
0 0.27590703125 0.82908515625 0.28448447265625 0.82275419921875 0.2963294921875 0.837866796875 0.28909892578125 0.84469150390625 0.27590703125 0.82908515625
0 0.33787353515625 0.88214560546875 0.35974814453125 0.866061328125 0.36407353515625 0.87126435546875 0.36743232421875 0.8687931640625 0.37421904296875 0.8770283203125 0.3486755859375 0.8963162109375 0.33787353515625 0.88214560546875
0 0.3417869140625 0.85589384765625 0.352566015625 0.867493359375 0.33547998046875 0.8823748046875 0.32920087890625 0.87609990234375 0.3186142578125 0.88435908203125 0.31150283203125 0.87516767578125 0.325644140625 0.86412919921875 0.32763662109375 0.86649296875 0.3417869140625 0.85589384765625
0 0.31426259765625 0.86143056640625 0.308100390625 0.865996875 0.311007421875 0.8689279296875 0.3029865234375 0.8751154296875 0.293917578125 0.86338486328125 0.30708984375 0.853359375 0.31426259765625 0.86143056640625
0 0.33393779296875 0.84490908203125 0.34109375 0.839541015625 0.348349609375 0.848984375 0.32934072265625 0.8627404296875 0.328056640625 0.861455078125 0.32300830078125 0.8543248046875 0.3208947265625 0.8556255859375 0.3248046875 0.86140625 0.31919921875 0.865830078125 0.30748046875 0.85306640625 0.311885546875 0.84971591796875 0.31177529296875 0.8467396484375 0.32687724609375 0.8358265625 0.33393779296875 0.84490908203125
1 0.5437423828125 0.99900400390625 0.56463017578125 0.98311455078125 0.57015791015625 0.989937890625 0.57534013671875 0.9864830078125 0.58248369140625 0.99588564453125 0.57738466796875 0.99900390625 0.57564326171875 0.99900390625 0.57427978515625 0.998152734375 0.57313798828125 0.99900390625 0.5437423828125 0.99900400390625
1 0.52444755859375 0.98656455078125 0.55234521484375 0.96644033203125 0.5608958984375 0.978273046875 0.53351640625 0.9983109375 0.52444755859375 0.98656455078125
1 0.4592619140625 0.96497822265625 0.47075361328125 0.95653896484375 0.47021494140625 0.95600029296875 0.4849591796875 0.94639814453125 0.48404091796875 0.94522685546875 0.48996484375 0.94106884765625 0.4976873046875 0.950433984375 0.466105859375 0.9728525390625 0.4592619140625 0.96497822265625
1 0.4592619140625 0.96497822265625 0.46054873046875 0.960559375 0.4684083984375 0.9546861328125 0.46849482421875 0.9538224609375 0.48248681640625 0.94527177734375 0.48210302734375 0.94441787109375 0.48870546875 0.93974404296875 0.48996484375 0.94106884765625 0.48404091796875 0.94522685546875 0.4849591796875 0.94639814453125 0.47021494140625 0.95600029296875 0.47075361328125 0.95653896484375 0.4592619140625 0.96497822265625
1 0.47288310546875 0.96811640625 0.4976873046875 0.950433984375 0.50463857421875 0.95865791015625 0.47149970703125 0.98280927734375 0.46521201171875 0.97382490234375 0.47288310546875 0.96811640625
1 0.6052267578125 0.99900390625 0.6003244140625 0.9939126953125 0.60582275390625 0.98925283203125 0.61076298828125 0.9849216796875 0.60981552734375 0.9836359375 0.63667431640625 0.96104375 0.64689560546875 0.97301484375 0.64425634765625 0.975248046875 0.645271484375 0.97639853515625 0.62998125 0.988583203125 0.63125625 0.990056640625 0.6192962890625 0.99900380859375 0.6052267578125 0.99900390625
0 0.41829638671875 0.82127060546875 0.42559208984375 0.81538310546875 0.4477861328125 0.7992466796875 0.46197109375 0.815298046875 0.4269505859375 0.8425705078125 0.41866962890625 0.832842578125 0.4242689453125 0.82761650390625 0.41829638671875 0.82127060546875
0 0.41096240234375 0.74408876953125 0.42076982421875 0.75674716796875 0.3959640625 0.77748369140625 0.3859314453125 0.76476142578125 0.41096240234375 0.74408876953125
0 0.40701220703125 0.79001328125 0.4226453125 0.77913056640625 0.43340859375 0.79459658203125 0.4183267578125 0.80616455078125 0.40701220703125 0.79001328125
0 0.37988408203125 0.78522578125 0.3859447265625 0.78007421875 0.3871568359375 0.7811853515625 0.3925103515625 0.7770439453125 0.39756083984375 0.78259951171875 0.38584365234375 0.79249853515625 0.37988408203125 0.78522578125
0 0.3779228515625 0.75221767578125 0.3866892578125 0.7635625 0.3816615234375 0.768590234375 0.38488447265625 0.7750361328125 0.38050126953125 0.77761455078125 0.38114580078125 0.78277119140625 0.37469990234375 0.78715439453125 0.35871416015625 0.7662697265625 0.3779228515625 0.75221767578125
0 0.3798572265625 0.793355859375 0.38768203125 0.8030822265625 0.37142216796875 0.813745703125 0.36381611328125 0.80400068359375 0.3798572265625 0.793355859375
0 0.35207109375 0.82944013671875 0.3643943359375 0.82135927734375 0.36338427734375 0.8197431640625 0.37893984375 0.8099451171875 0.38500048828125 0.80550068359375 0.3876267578125 0.8093390625 0.3825513671875 0.8128642578125 0.385303515625 0.81661181640625 0.3915662109375 0.81236943359375 0.39601064453125 0.81822802734375 0.36116201171875 0.84267255859375 0.3585357421875 0.83863212890625 0.3624751953125 0.836005859375 0.3607580078125 0.8336826171875 0.35631357421875 0.83651083984375 0.35207109375 0.82944013671875
0 0.50399912109375 0.832881640625 0.50704443359375 0.83098671875 0.5060154296875 0.82908349609375 0.51381181640625 0.8238810546875 0.5129521484375 0.822623828125 0.52787900390625 0.812508984375 0.530251953125 0.8154509765625 0.53459287109375 0.81269169921875 0.5408720703125 0.8210009765625 0.5114271484375 0.84197998046875 0.50399912109375 0.832881640625
0 0.502767578125 0.8041033203125 0.50096083984375 0.80142041015625 0.5077138671875 0.79663701171875 0.50926142578125 0.79888798828125 0.51517041015625 0.7946673828125 0.525440625 0.81014306640625 0.50096083984375 0.82660361328125 0.4911224609375 0.811668359375 0.502767578125 0.8041033203125
0 0.52222119140625 0.8597634765625 0.543937109375 0.84333876953125 0.549558984375 0.8508345703125 0.54680322265625 0.85348017578125 0.55231484375 0.85998388671875 0.53646953125 0.87326826171875 0.5309578125 0.8663236328125 0.52623525390625 0.869928515625 0.5194681640625 0.86186171875 0.52222119140625 0.8597634765625
0 0.53479951171875 0.82648330078125 0.5455892578125 0.841185546875 0.53279150390625 0.85102333984375 0.5272798828125 0.844960546875 0.51691796875 0.8522359375 0.510634765625 0.84363779296875 0.53479951171875 0.82648330078125
0 0.57825732421875 0.75936787109375 0.57894482421875 0.7575345703125 0.58111220703125 0.75470322265625 0.586278125 0.75455537109375 0.596590625 0.74882626953125 0.604153125 0.7609720703125 0.60186142578125 0.762576171875 0.604840625 0.766701171875 0.6064447265625 0.766013671875 0.6098822265625 0.771513671875 0.62271552734375 0.78915947265625 0.60186142578125 0.805201171875 0.57550732421875 0.76830537109375 0.581465625 0.763951171875 0.57825732421875 0.75936787109375
0 0.6143123046875 0.72798740234375 0.61731640625 0.72617783203125 0.61086455078125 0.71839931640625 0.6189771484375 0.71251943359375 0.65972607421875 0.76449287109375 0.6494892578125 0.77238984375 0.6143123046875 0.72798740234375
0 0.64405185546875 0.6986658203125 0.6525310546875 0.69179091796875 0.6607810546875 0.70095751953125 0.66238525390625 0.70095751953125 0.66729599609375 0.70514775390625 0.6669685546875 0.70920751953125 0.66994765625 0.7131033203125 0.67201015625 0.71149921875 0.68873935546875 0.73052001953125 0.68232265625 0.736019921875 0.68461435546875 0.738769921875 0.67751015625 0.74587412109375 0.64405185546875 0.70737421875 0.6484060546875 0.7034783203125 0.64405185546875 0.6986658203125
0 0.536081640625 0.68070009765625 0.54433154296875 0.674054296875 0.57297734375 0.71117919921875 0.5644982421875 0.71828330078125 0.53951904296875 0.68505419921875 0.536081640625 0.68070009765625
0 0.53817314453125 0.70731962890625 0.55011328125 0.699196484375 0.56562578125 0.71973486328125 0.56124609375 0.7230767578125 0.56321572265625 0.72560908203125 0.56152744140625 0.72645322265625 0.56335634765625 0.728844921875 0.55730673828125 0.733065625 0.53817314453125 0.70731962890625
0 0.493036328125 0.7280138671875 0.494865234375 0.7263255859375 0.49373974609375 0.7254814453125 0.49894521484375 0.72182353515625 0.4969755859375 0.7192912109375 0.5035208984375 0.71484677734375 0.50583896484375 0.7167587890625 0.50724580078125 0.71661806640625 0.51034091796875 0.72083876953125 0.5117478515625 0.7194318359375 0.52064794921875 0.73139462890625 0.5049431640625 0.7425884765625 0.493036328125 0.7280138671875
1 0.782043359375 0.86906328125 0.79211474609375 0.8601376953125 0.832788671875 0.89951435546875 0.82564091796875 0.9042427734375 0.818697265625 0.90465126953125 0.81297900390625 0.8999541015625 0.80807763671875 0.8979119140625 0.782043359375 0.86906328125
1 0.77740166015625 0.89851689453125 0.785082421875 0.888257421875 0.7879626953125 0.89049765625 0.7892427734375 0.88857744140625 0.795643359375 0.8933779296875 0.79708349609375 0.89193779296875 0.832446875 0.92314072265625 0.83356689453125 0.92154052734375 0.8546888671875 0.94458271484375 0.85308876953125 0.94746298828125 0.84444794921875 0.9487431640625 0.83500703125 0.93994228515625 0.83404697265625 0.93594189453125 0.8286064453125 0.9385021484375 0.77588271484375 0.90040009765625 0.77740166015625 0.89851689453125
0 0.8010326171875 0.92899267578125 0.82529677734375 0.94706796875 0.8289314453125 0.94274560546875 0.834334375 0.9469697265625 0.82254619140625 0.95974033203125 0.8154732421875 0.955614453125 0.81429443359375 0.95718623046875 0.81144560546875 0.9551232421875 0.81105263671875 0.95139033203125 0.8063373046875 0.94805029296875 0.80260439453125 0.94844326171875 0.800737890625 0.94353154296875 0.79160205078125 0.93704794921875 0.7924861328125 0.9361638671875 0.795826171875 0.9361638671875 0.8010326171875 0.92899267578125
0 0.50417236328125 0.75438271484375 0.5082 0.75163212890625 0.51458525390625 0.760571484375 0.5107541015625 0.763616796875 0.50417236328125 0.75438271484375
0 0.48721142578125 0.76804990234375 0.49436962890625 0.76289296875 0.5076083984375 0.78144267578125 0.5001423828125 0.78667666015625 0.48721142578125 0.76804990234375
0 0.49138125 0.758484375 0.48800009765625 0.76146181640625 0.459163671875 0.7810205078125 0.4520171875 0.7704888671875 0.45302021484375 0.76685302734375 0.4501365234375 0.762590234375 0.45164111328125 0.7603333984375 0.44976044921875 0.7577005859375 0.44950966796875 0.7509302734375 0.46956982421875 0.73789111328125 0.4738326171875 0.738643359375 0.47693232421875 0.7432267578125 0.47863388671875 0.742572265625 0.49138125 0.758484375
0 0.42024619140625 0.732408984375 0.4400884765625 0.7163978515625 0.439990234375 0.71551376953125 0.4457861328125 0.710994921875 0.46012841796875 0.72887373046875 0.45786904296875 0.7312314453125 0.4571814453125 0.73054375 0.45256435546875 0.73466962890625 0.45610078125 0.7389919921875 0.451385546875 0.7424302734375 0.45197490234375 0.7448861328125 0.44687958984375 0.74882119140625 0.4427212890625 0.74362333984375 0.43924951171875 0.746203515625 0.43768154296875 0.74415302734375 0.4327275390625 0.74768818359375 0.42024619140625 0.732408984375
0 0.3679564453125 0.6661037109375 0.383126953125 0.6526884765625 0.38575986328125 0.65306455078125 0.39202861328125 0.647171875 0.3950376953125 0.65055703125 0.39378388671875 0.65193623046875 0.4068298828125 0.66683564453125 0.38823232421875 0.68129677734375 0.38396953125 0.677033984375 0.38020830078125 0.680419140625 0.3679564453125 0.6661037109375
0 0.35088837890625 0.6388296875 0.35949208984375 0.63222822265625 0.3603697265625 0.63348203125 0.36764150390625 0.6278400390625 0.36927138671875 0.62921923828125 0.37240576171875 0.626586328125 0.39071064453125 0.646144921875 0.38732548828125 0.6482763671875 0.38569560546875 0.646897265625 0.3666384765625 0.6611900390625 0.361247265625 0.659936328125 0.35547998046875 0.6511599609375 0.3563576171875 0.64965546875 0.35736064453125 0.64990625 0.35736064453125 0.646771875 0.35088837890625 0.6388296875
4 0.09418359375 0.80151103515625 0.1009482421875 0.79522314453125 0.10842490234375 0.8031111328125 0.10166728515625 0.80927294921875 0.09418359375 0.80151103515625
0 0.308888671875 0.5965431640625 0.3305154296875 0.5808796875 0.3429505859375 0.598643359375 0.32797646484375 0.6096677734375 0.32425986328125 0.60538056640625 0.31904697265625 0.609290234375 0.308888671875 0.5965431640625
0 0.3634326171875 0.6151521484375 0.357305859375 0.62107470703125 0.352812109375 0.619844921875 0.34627685546875 0.62464375 0.342333984375 0.62140625 0.330947265625 0.608359375 0.343605078125 0.59903603515625 0.34700419921875 0.59658330078125 0.3634326171875 0.6151521484375
0 0.272314453125 0.520107421875 0.25580078125 0.531005859375 0.24893251953125 0.51990068359375 0.26560751953125 0.509619921875 0.272314453125 0.520107421875
0 0.26279970703125 0.50167998046875 0.2613595703125 0.50296005859375 0.26279970703125 0.504240234375 0.26455986328125 0.503280078125 0.26760009765625 0.5071205078125 0.246585546875 0.52083916015625 0.238828125 0.50958984375 0.243046875 0.505205078125 0.24663818359375 0.5021599609375 0.24496708984375 0.4990287109375 0.2538388671875 0.490958984375 0.26279970703125 0.50167998046875
0 0.1517880859375 0.45384697265625 0.15934443359375 0.44874140625 0.15873173828125 0.44772021484375 0.16404150390625 0.4442484375 0.1885484375 0.476107421875 0.173231640625 0.487135546875 0.15362607421875 0.4581357421875 0.1517880859375 0.45384697265625
0 0.20825703125 0.53718427734375 0.22761884765625 0.5226228515625 0.2421802734375 0.54086455078125 0.22153828125 0.55654609375 0.20825703125 0.53718427734375
0 0.180951171875 0.5124205078125 0.1925919921875 0.50445576171875 0.19606376953125 0.509765625 0.2101552734375 0.49975859375 0.22761884765625 0.5226228515625 0.20825703125 0.53718427734375 0.20096513671875 0.5422373046875 0.18135966796875 0.51446279296875 0.180951171875 0.5124205078125
0 0.16947529296875 0.49940537109375 0.18627568359375 0.488246875 0.19053837890625 0.49413955078125 0.19605498046875 0.4905037109375 0.2000978515625 0.49623818359375 0.19630576171875 0.49614560546875 0.19567880859375 0.49752470703125 0.19605498046875 0.498527734375 0.191666796875 0.50078447265625 0.1902876953125 0.4999068359375 0.188532421875 0.5005337890625 0.18903388671875 0.50128603515625 0.175821875 0.50935771484375 0.16947529296875 0.49940537109375
0 0.1359759765625 0.4652544921875 0.14738515625 0.45622744140625 0.15352861328125 0.46400078125 0.14199404296875 0.47277705078125 0.1359759765625 0.4652544921875
4 0.17159833984375 0.553883203125 0.1823193359375 0.54556240234375 0.19784072265625 0.56508427734375 0.1864796875 0.5730849609375 0.17159833984375 0.553883203125
4 0.93548349609375 0.786069921875 0.93977216796875 0.78116845703125 0.93589189453125 0.7776966796875 0.940793359375 0.77259111328125 0.943856640625 0.7756544921875 0.95018759765625 0.768506640625 0.9753072265625 0.79546416015625 0.96897626953125 0.8024078125 0.96775087890625 0.80199931640625 0.9632580078125 0.805675390625 0.9632580078125 0.80812607421875 0.95733544921875 0.80975986328125 0.95611015625 0.8085345703125 0.95733544921875 0.80587958984375 0.93548349609375 0.786069921875
0 0.92550341796875 0.78058671875 0.94832177734375 0.80152451171875 0.94819638671875 0.80478427734375 0.9598564453125 0.8155666015625 0.9476865234375 0.82946142578125 0.9407908203125 0.823694140625 0.94179384765625 0.820434375 0.93815791015625 0.81792685546875 0.93188916015625 0.8250732421875 0.9193515625 0.81278642578125 0.91985302734375 0.81140732421875 0.91308271484375 0.80476240234375 0.91596640625 0.8017533203125 0.909321484375 0.7954845703125 0.9204798828125 0.78495302734375 0.9206052734375 0.78332314453125 0.92474267578125 0.7790603515625 0.92550341796875 0.78058671875
0 0.63805771484375 0.541484375 0.65056875 0.53001591796875 0.6560423828125 0.53522880859375 0.6630798828125 0.5289732421875 0.67466708984375 0.5405193359375 0.65520107421875 0.559190234375 0.63805771484375 0.541484375
0 0.83352578125 0.74917373046875 0.84806552734375 0.76391513671875 0.835662109375 0.77323466796875 0.835912890625 0.77461376953125 0.8258828125 0.782637890625 0.82625888671875 0.7843931640625 0.8123658203125 0.79473359375 0.79744609375 0.78194521484375 0.80283720703125 0.77743173828125 0.8022103515625 0.77592724609375 0.83117216796875 0.75085205078125 0.83352578125 0.74917373046875
4 0.93988662109375 0.633244921875 0.94301435546875 0.62672880859375 0.94092919921875 0.6246435546875 0.9487486328125 0.61812734375 0.96412685546875 0.62725009765625 0.9557861328125 0.6418462890625 0.93988662109375 0.633244921875
0 0.813020703125 0.71724521484375 0.826808203125 0.726952734375 0.81738212890625 0.73989609375 0.8030318359375 0.72892236328125 0.813020703125 0.71724521484375
0 0.734773046875 0.58263515625 0.743669921875 0.59211513671875 0.748523046875 0.58813515625 0.75585634765625 0.59684345703125 0.730648046875 0.61678095703125 0.7201064453125 0.62457255859375 0.71093974609375 0.61151005859375 0.710710546875 0.6083017578125 0.7077314453125 0.60371845703125 0.7139189453125 0.59913515625 0.71231474609375 0.59776015625 0.721710546875 0.59088515625 0.72262724609375 0.59226015625 0.734773046875 0.58263515625
0 0.7030412109375 0.58382109375 0.7147498046875 0.57227197265625 0.7139927734375 0.5713533203125 0.72287822265625 0.56299921875 0.732163671875 0.572566015625 0.7292091796875 0.57537978515625 0.73103818359375 0.57706806640625 0.7109197265625 0.59493544921875 0.70937216796875 0.59324716796875 0.7052921875 0.59718642578125 0.69755439453125 0.58888583984375 0.7030412109375 0.58382109375
0 0.6883396484375 0.55618212890625 0.69932734375 0.54784677734375 0.7067015625 0.55721533203125 0.69559482421875 0.565596484375 0.6883396484375 0.55618212890625
0 0.7143677734375 0.55497255859375 0.72292314453125 0.56298310546875 0.7136470703125 0.57146748046875 0.714371484375 0.572255859375 0.7042677734375 0.582437109375 0.69706318359375 0.5743875 0.699876953125 0.57157373046875 0.69565625 0.56749375 0.70086171875 0.56186630859375 0.70695419921875 0.55719921875 0.71155400390625 0.5600373046875 0.7143677734375 0.55497255859375
0 0.64834375 0.56630625 0.6774662109375 0.542811328125 0.69026884765625 0.5588498046875 0.661427734375 0.58290751953125 0.64834375 0.56630625
4 0.827650390625 0.59695595703125 0.83556904296875 0.59037978515625 0.842133203125 0.598066796875 0.8337552734375 0.6048900390625 0.827650390625 0.59695595703125
0 0.6276970703125 0.511609375 0.64978515625 0.5172369140625 0.648096875 0.52497470703125 0.6248833984375 0.519487890625 0.6276970703125 0.511609375
0 0.53059833984375 0.56920439453125 0.5429673828125 0.5591287109375 0.5532021484375 0.57169775390625 0.5413513671875 0.58175302734375 0.53059833984375 0.56920439453125
0 0.593858984375 0.57105517578125 0.60519267578125 0.58533115234375 0.59070537109375 0.59754453125 0.579213671875 0.58353896484375 0.593858984375 0.57105517578125
0 0.6009263671875 0.59013251953125 0.60725732421875 0.59590068359375 0.60374013671875 0.5991365234375 0.60796083984375 0.60307578125 0.5990974609375 0.6120798828125 0.5920630859375 0.6051861328125 0.5943140625 0.6025130859375 0.5913595703125 0.59955859375 0.6009263671875 0.59013251953125
0 0.50052685546875 0.56366806640625 0.5204642578125 0.5455638671875 0.5328392578125 0.55908466796875 0.51244345703125 0.57741796875 0.50052685546875 0.56366806640625
0 8.6328125e-05 0.20949453125 0.01459501953125 0.196642578125 0.04741513671875 0.2410619140625 0.00641318359375 0.2676396484375 8.642578125e-05 0.25859150390625 8.6328125e-05 0.20949453125
0 0.23438115234375 0.3065876953125 0.20836748046875 0.32627138671875 0.17720087890625 0.285708984375 0.1850392578125 0.28059189453125 0.18492900390625 0.278276953125 0.18470859375 0.27640302734375 0.18492900390625 0.27474951171875 0.18603134765625 0.2734267578125 0.18856669921875 0.2717732421875 0.18999970703125 0.2705607421875 0.19418857421875 0.26967880859375 0.19551142578125 0.26989931640625 0.19705458984375 0.2701197265625 0.1982671875 0.27166298828125 0.19947978515625 0.27320625 0.2002513671875 0.27430859375 0.20157421875 0.27607236328125 0.2031986328125 0.27494677734375 0.20709443359375 0.27278037109375 0.23438115234375 0.3065876953125
0 0.10750205078125 0.2696724609375 0.09090078125 0.2826158203125 0.07951171875 0.267822265625 0.097041015625 0.25666015625 0.10750205078125 0.2696724609375
0 0.09371455078125 0.2471623046875 0.09638759765625 0.24505205078125 0.09976416015625 0.24997607421875 0.0948400390625 0.2539154296875 0.09673828125 0.256279296875 0.079208984375 0.267431640625 0.07021962890625 0.2557443359375 0.06768193359375 0.25272216796875 0.0869615234375 0.23815830078125 0.09371455078125 0.2471623046875
4 0.42273544921875 0.3118119140625 0.43069404296875 0.30713837890625 0.43652685546875 0.31645078125 0.439159765625 0.31457021484375 0.4421544921875 0.3188615234375 0.43742626953125 0.322211328125 0.435319140625 0.31922333984375 0.42988193359375 0.32297041015625 0.42273544921875 0.3118119140625
4 0.435319140625 0.31922333984375 0.43742626953125 0.322211328125 0.43897783203125 0.3248453125 0.433245703125 0.32892392578125 0.42988193359375 0.32297041015625 0.435319140625 0.31922333984375
4 0.302758203125 0.3443697265625 0.311915625 0.33503271484375 0.321073046875 0.34419013671875 0.31012001953125 0.35478408203125 0.302758203125 0.3443697265625
0 0.37787421875 0.28118798828125 0.38370673828125 0.276643359375 0.3906212890625 0.28577265625 0.3854802734375 0.290006640625 0.37787421875 0.28118798828125
0 0.3874466796875 0.2819396484375 0.39385791015625 0.27699912109375 0.39826728515625 0.28295166015625 0.39203427734375 0.28760146484375 0.3874466796875 0.2819396484375
0 0.34659716796875 0.293912109375 0.36149296875 0.28342265625 0.3673150390625 0.29260966796875 0.3521900390625 0.30338046875 0.34659716796875 0.293912109375
0 0.38117421875 0.27057919921875 0.386034765625 0.26679599609375 0.39178056640625 0.2743375 0.3865734375 0.27792861328125 0.38117421875 0.27057919921875
4 0.35639599609375 0.3248302734375 0.36123271484375 0.32146181640625 0.367710546875 0.331653515625 0.36296015625 0.33502197265625 0.35639599609375 0.3248302734375
0 0.403284765625 0.251485546875 0.41072578125 0.24597314453125 0.42330732421875 0.2628111328125 0.41556416015625 0.26877490234375 0.4115365234375 0.26288076171875 0.408 0.26572958984375 0.40416884765625 0.26081787109375 0.40765693359375 0.2578095703125 0.403284765625 0.251485546875
0 0.4151580078125 0.24991611328125 0.4179322265625 0.2431013671875 0.421128515625 0.24460908203125 0.42468671875 0.2389400390625 0.4343359375 0.24557392578125 0.4281845703125 0.253594921875 0.4252294921875 0.25757529296875 0.4216712890625 0.25721337890625 0.41485654296875 0.2505794921875 0.4151580078125 0.24991611328125
0 0.46085390625 0.21279716796875 0.4717349609375 0.20671650390625 0.47765546875 0.2177576171875 0.46709453125 0.224158203125 0.46085390625 0.21279716796875
0 0.48616708984375 0.19599482421875 0.48779697265625 0.198126171875 0.49155830078125 0.194741015625 0.51136767578125 0.22545810546875 0.501964453125 0.2334822265625 0.49845400390625 0.22934482421875 0.492059765625 0.23435986328125 0.482155078125 0.221696875 0.48966337890625 0.2157587890625 0.478955078125 0.20102412109375 0.48478798828125 0.1966216796875 0.48616708984375 0.19599482421875
0 0.560380078125 0.2739970703125 0.5983037109375 0.236553515625 0.617985546875 0.25591533203125 0.58022197265625 0.29399892578125 0.560380078125 0.2739970703125
0 0.68047919921875 0.22253115234375 0.69459111328125 0.19682646484375 0.713583984375 0.2068333984375 0.70010517578125 0.2333826171875 0.68047919921875 0.22253115234375
0 0.904504296875 0.3242162109375 0.90688642578125 0.319451953125 0.92055244140625 0.30001865234375 0.934719921875 0.305911328125 0.91704189453125 0.33023427734375 0.904504296875 0.3242162109375
0 0.8856978515625 0.31832353515625 0.88707705078125 0.31543984375 0.90049228515625 0.29161845703125 0.91829560546875 0.29863955078125 0.90187138671875 0.32659833984375 0.8856978515625 0.31832353515625
0 0.8422814453125 0.2902255859375 0.855156640625 0.296387890625 0.85771552734375 0.29270751953125 0.85643681640625 0.29206748046875 0.8673177734375 0.276066015625 0.87835888671875 0.2826265625 0.86219736328125 0.31062919921875 0.83707216796875 0.2994232421875 0.8422814453125 0.2902255859375
0 0.806067578125 0.27664453125 0.81760400390625 0.25933984375 0.82013642578125 0.25863642578125 0.82323154296875 0.25835498046875 0.825201171875 0.25948056640625 0.82745224609375 0.26271640625 0.8342052734375 0.2622943359375 0.83617490234375 0.270594921875 0.822528125 0.288884375 0.806067578125 0.27664453125
0 0.8376529296875 0.23770400390625 0.82939326171875 0.247041015625 0.8164650390625 0.23554931640625 0.81251474609375 0.24003828125 0.80371650390625 0.23285595703125 0.80120263671875 0.2337537109375 0.797791015625 0.2369857421875 0.792404296875 0.23231728515625 0.792404296875 0.22764873046875 0.797021484375 0.221494140625 0.8028306640625 0.22693857421875 0.812041015625 0.216435546875 0.8376529296875 0.23770400390625
0 0.7672318359375 0.21293984375 0.77299423828125 0.20693681640625 0.77577373046875 0.209614453125 0.7845505859375 0.2006255859375 0.78216728515625 0.19826044921875 0.785915234375 0.1947330078125 0.7840412109375 0.1924181640625 0.7913166015625 0.18558369140625 0.79815107421875 0.19087490234375 0.79848173828125 0.19208740234375 0.8009068359375 0.191646484375 0.80796181640625 0.1985912109375 0.80493896484375 0.201627734375 0.80763232421875 0.203782421875 0.78626494140625 0.22694541015625 0.7753119140625 0.2192244140625 0.77405498046875 0.22066083984375 0.7672318359375 0.21293984375
0 0.7713107421875 0.17495029296875 0.77605078125 0.18013125 0.78123173828125 0.17561171875 0.790160546875 0.1854224609375 0.78575126953125 0.18906015625 0.78575126953125 0.1910443359375 0.78244423828125 0.191816015625 0.77902705078125 0.19512294921875 0.7771412109375 0.19341181640625 0.76893603515625 0.20092607421875 0.77031796875 0.20273984375 0.76653515625 0.20645244140625 0.76636240234375 0.21085732421875 0.75820908203125 0.21835703125 0.74400078125 0.20414873046875 0.74766748046875 0.20025283203125 0.75568828125 0.19314873046875 0.75545908203125 0.19039873046875 0.75568828125 0.18833623046875 0.75683408203125 0.18627373046875 0.75820908203125 0.18398203125 0.76027158203125 0.18214873046875 0.7621048828125 0.1803154296875 0.76439658203125 0.18191953125 0.7713107421875 0.17495029296875
0 0.7287703125 0.14320986328125 0.7379255859375 0.138200390625 0.74803095703125 0.154265234375 0.742244140625 0.157374609375 0.738357421875 0.151155859375 0.73516171875 0.15331513671875 0.7287703125 0.14320986328125
0 0.70759306640625 0.16062578125 0.729895703125 0.14656240234375 0.740230078125 0.16449384765625 0.71729794921875 0.17701513671875 0.70759306640625 0.16062578125
0 0.70759306640625 0.16062578125 0.70878720703125 0.15704794921875 0.72708046875 0.145912890625 0.729895703125 0.14656240234375 0.70759306640625 0.16062578125
0 0.9990873046875 0.18896689453125 0.98862060546875 0.17527265625 0.9990873046875 0.1691955078125 0.9990873046875 0.18896689453125
0 0.95723046875 0.1478216796875 0.93342109375 0.1719791015625 0.936465625 0.1757283203125 0.92727900390625 0.18455576171875 0.90914521484375 0.16525205078125 0.932251171875 0.143316015625 0.93224609375 0.143310546875 0.943857421875 0.133388671875 0.95723046875 0.1478216796875
0 0.943525390625 0.133037109375 0.931904296875 0.14296875 0.92727900390625 0.13834384765625 0.9386857421875 0.12781455078125 0.943525390625 0.133037109375
0 0.9603890625 0.15122109375 0.97493984375 0.1655513671875 0.95024765625 0.189471875 0.936465625 0.1757283203125 0.9603890625 0.15122109375
0 0.8528298828125 0.180329296875 0.85570283203125 0.17853369140625 0.854805078125 0.1767380859375 0.86791279296875 0.16740107421875 0.87258125 0.173865234375 0.8724017578125 0.1772767578125 0.8740177734375 0.18068837890625 0.86360341796875 0.188409375 0.85678017578125 0.18643427734375 0.8528298828125 0.180329296875
4 0.87897177734375 0.17315322265625 0.88415400390625 0.16987119140625 0.89089091796875 0.1804083984375 0.88579501953125 0.18429501953125 0.87897177734375 0.17315322265625
0 0.90431787109375 0.0952669921875 0.9072080078125 0.09907333984375 0.902716796875 0.10226904296875 0.900001953125 0.0988220703125 0.90431787109375 0.0952669921875
0 0.9238849609375 0.0842314453125 0.932475390625 0.0955470703125 0.92827119140625 0.09891552734375 0.924215625 0.09470361328125 0.9205779296875 0.09668779296875 0.92068818359375 0.09867197265625 0.9186732421875 0.10023828125 0.916940234375 0.0982310546875 0.91539697265625 0.09955390625 0.91969609375 0.105726953125 0.914625390625 0.1084416015625 0.90772080078125 0.0986630859375 0.90999560546875 0.09360126953125 0.9238849609375 0.0842314453125
0 0.3179888671875 0.18239873046875 0.3272697265625 0.1763181640625 0.33255029296875 0.18399892578125 0.33815078125 0.18047861328125 0.34951181640625 0.19439990234375 0.34087099609375 0.20048046875 0.336870703125 0.19439990234375 0.32854990234375 0.199200390625 0.3179888671875 0.18239873046875
1 0.3429341796875 0.05832099609375 0.3637859375 0.0450279296875 0.3997552734375 0.0974181640625 0.407832421875 0.09274658203125 0.41455302734375 0.10426767578125 0.40698154296875 0.10874873046875 0.43472568359375 0.1477458984375 0.432901171875 0.14852783203125 0.44035439453125 0.16078642578125 0.431902734375 0.166130078125 0.4285423828125 0.161649609375 0.41700166015625 0.16859775390625 0.3429341796875 0.05832099609375
0 0.36808857421875 3.80859375e-06 0.33817763671875 0.0182119140625 0.32487392578125 3.61328125e-06 0.36808857421875 3.80859375e-06
0 0.38630283203125 0.02465615234375 0.412562109375 0.0078103515625 0.41976279296875 0.01741123046875 0.41400224609375 0.02205166015625 0.41976279296875 0.0308525390625 0.39865771484375 0.04436533203125 0.38630283203125 0.02465615234375
0 0.49256025390625 4.00390625e-06 0.51052109375 0.025760546875 0.501206640625 0.0330791015625 0.48158203125 4.00390625e-06 0.49256025390625 4.00390625e-06
0 0.48158203125 4.00390625e-06 0.501206640625 0.0330791015625 0.48091435546875 0.04638544921875 0.46127021484375 0.01577578125 0.470396484375 0.00986435546875 0.46568115234375 0.00200556640625 0.46850205078125 4.00390625e-06 0.477471484375 4.00390625e-06 0.4790412109375 0.002987890625 0.48157626953125 4.00390625e-06 0.48158203125 4.00390625e-06
0 0.50945185546875 0.0432943359375 0.52209306640625 0.03513359375 0.53425419921875 0.05225517578125 0.532480859375 0.05347919921875 0.537022265625 0.06079208984375 0.52579482421875 0.067915234375 0.50945185546875 0.0432943359375
1 0.4833556640625 0.07610234375 0.48911083984375 0.0721392578125 0.48657080078125 0.0687525390625 0.4977392578125 0.06122998046875 0.49729853515625 0.0606615234375 0.50670166015625 0.055144921875 0.50883310546875 0.05815400390625 0.51359072265625 0.05446865234375 0.52479853515625 0.072974609375 0.51854306640625 0.07610234375 0.52219208984375 0.0810546875 0.498093359375 0.0972892578125 0.4833556640625 0.07610234375
0 0.51604951171875 0.08507939453125 0.5232501953125 0.0951603515625 0.50564853515625 0.1079615234375 0.498093359375 0.0972892578125 0.51604951171875 0.08507939453125
0 0.47718603515625 0.09299853515625 0.48678701171875 0.0870779296875 0.49751142578125 0.1030736328125 0.48727041015625 0.10915419921875 0.47718603515625 0.09299853515625
0 0.48872158203125 0.11411142578125 0.4989826171875 0.1065888671875 0.50389208984375 0.11285771484375 0.4934859375 0.12063095703125 0.48872158203125 0.11411142578125
0 0.848878515625 2.44140625e-06 0.8583072265625 0.01203486328125 0.8503501953125 0.018518359375 0.8421966796875 0.00967724609375 0.84327724609375 0.00289892578125 0.8406271484375 2.5390625e-06 0.848878515625 2.44140625e-06
0 0.8151337890625 0.01455048828125 0.82230498046875 0.0099333984375 0.83006552734375 0.02270400390625 0.8230908203125 0.0274193359375 0.8151337890625 0.01455048828125
0 0.7834330078125 0.0441080078125 0.78753740234375 0.041731640625 0.79314482421875 0.04078134765625 0.79522294921875 0.04986376953125 0.78682734375 0.05273955078125 0.7834330078125 0.0441080078125
0 0.77000439453125 0.0453544921875 0.778809375 0.0410318359375 0.78411044921875 0.0516158203125 0.7764208984375 0.05570810546875 0.77000439453125 0.0453544921875
0 0.7907423828125 0.02463671875 0.7905884765625 0.0235591796875 0.79643818359375 0.0198646484375 0.79613037109375 0.01878701171875 0.80182607421875 0.0164779296875 0.81252490234375 0.0360283203125 0.81244794921875 0.04010771484375 0.8007646484375 0.04604130859375 0.7907423828125 0.02463671875
0 0.754002734375 0.04533544921875 0.765036328125 0.03962734375 0.77529755859375 0.05683564453125 0.76494228515625 0.062464453125 0.754002734375 0.04533544921875
0 0.74181025390625 0.05180546875 0.7525447265625 0.0455873046875 0.76733916015625 0.070516796875 0.75613330078125 0.0774869140625 0.74181025390625 0.05180546875
0 0.50342939453125 0.187386328125 0.51581884765625 0.20426474609375 0.5040658203125 0.21263466796875 0.4924111328125 0.19452783203125 0.50342939453125 0.187386328125
0 0.86924345703125 2.24609375e-06 0.87116240234375 0.00341123046875 0.859961328125 0.01013193359375 0.8540421875 2.44140625e-06 0.86924345703125 2.24609375e-06
4 0.98999638671875 0.04332470703125 0.99879716796875 0.05724599609375 0.98551591796875 0.06588681640625 0.97623505859375 0.05180546875 0.98999638671875 0.04332470703125
0 0.8917357421875 2.05078125e-06 0.89045712890625 0.0017189453125 0.89141728515625 0.0044392578125 0.8802162109375 0.01179990234375 0.873815625 0.0017189453125 0.87685205078125 2.1484375e-06 0.8917357421875 2.05078125e-06
0 0.94083564453125 0.04336982421875 0.9350052734375 0.03672958984375 0.94067373046875 0.03227587890625 0.94634208984375 0.0387541015625 0.94083564453125 0.04336982421875
0 0.94634208984375 0.0387541015625 0.94067373046875 0.03227587890625 0.94601318359375 0.028289453125 0.9518658203125 0.03481552734375 0.94634208984375 0.0387541015625
0 0.9431841796875 0.86004794921875 0.95281318359375 0.84909990234375 0.9594083984375 0.85424423828125 0.94951552734375 0.86532412109375 0.9431841796875 0.86004794921875
0 0.54185517578125 4.00390625e-06 0.556776171875 0.02334443359375 0.5456501953125 0.03145986328125 0.54604287109375 0.03237607421875 0.53910556640625 0.03656474609375 0.53544052734375 0.0310671875 0.52861015625 0.03499091796875 0.51722236328125 0.01749013671875 0.52088740234375 0.0143486328125 0.51750302734375 0.00757978515625 0.52057978515625 0.00532353515625 0.51940537109375 4.00390625e-06 0.54185517578125 4.00390625e-06
0 0.55548828125 0.187109375 0.55723349609375 0.19027802734375 0.5463748046875 0.1969603515625 0.53417958984375 0.17858408203125 0.545302734375 0.17125 0.55548828125 0.187109375
0 0.5700802734375 0.1763966796875 0.55526572265625 0.18499208984375 0.54817587890625 0.17395693359375 0.56222861328125 0.1642015625 0.5700802734375 0.1763966796875
0 0.587802734375 0.165029296875 0.57524091796875 0.173365234375 0.56714736328125 0.1608359375 0.57912294921875 0.1534001953125 0.587802734375 0.165029296875
0 0.6072669921875 0.1521208984375 0.588212890625 0.164765625 0.581884765625 0.156123046875 0.60193662109375 0.14337919921875 0.6072669921875 0.1521208984375
0 0.605394921875 0.141362109375 0.61179130859375 0.13816396484375 0.617548046875 0.1475453125 0.61136484375 0.150956640625 0.605394921875 0.141362109375
0 0.64325439453125 0.1411951171875 0.63396533203125 0.1481849609375 0.61712158203125 0.12984873046875 0.626259765625 0.121748046875 0.64325439453125 0.1411951171875
0 0.656171875 0.139453125 0.649248046875 0.14578125 0.62662109375 0.12142578125 0.6274345703125 0.120705859375 0.62561875 0.11851484375 0.633173828125 0.113515625 0.656171875 0.139453125
0 0.664716796875 0.131630859375 0.656533203125 0.13912109375 0.64283203125 0.123671875 0.64363916015625 0.1245482421875 0.6518359375 0.1177734375 0.664716796875 0.131630859375
0 0.66701318359375 0.12195986328125 0.66168291015625 0.127076953125 0.65400732421875 0.1185484375 0.65976396484375 0.1142841796875 0.66701318359375 0.12195986328125
0 0.64881787109375 0.1121859375 0.639853515625 0.1203125 0.635869140625 0.1158203125 0.63833984375 0.112880859375 0.64430732421875 0.10784248046875 0.64881787109375 0.1121859375
0 0.6608044921875 0.08691396484375 0.666333203125 0.09306337890625 0.66059130859375 0.0969349609375 0.65504775390625 0.0909650390625 0.6608044921875 0.08691396484375
0 0.7449810546875 0.0789091796875 0.73562587890625 0.0849232421875 0.732138671875 0.08017578125 0.73280478515625 0.07761728515625 0.740703125 0.07294921875 0.7449810546875 0.0789091796875
0 0.7321875 0.078046875 0.73166015625 0.08009765625 0.72510126953125 0.08425498046875 0.72080078125 0.076962890625 0.7283984375 0.072841796875 0.7321875 0.078046875
0 0.740419921875 0.072548828125 0.73238271484375 0.07729951171875 0.73234375 0.07744140625 0.725087890625 0.0662109375 0.732646484375 0.061728515625 0.740419921875 0.072548828125
0 0.7277833984375 0.0726263671875 0.720556640625 0.07654296875 0.71578701171875 0.068448046875 0.72280341796875 0.0637705078125 0.7277833984375 0.0726263671875
0 0.747319921875 0.06871875 0.7418359375 0.0720703125 0.73306640625 0.061474609375 0.74017734375 0.0572552734375 0.747319921875 0.06871875
0 0.6930716796875 0.08923837890625 0.70279609375 0.08020859375 0.70974208984375 0.08750185546875 0.69967041015625 0.096531640625 0.6930716796875 0.08923837890625
4 0.87116669921875 0.1851837890625 0.8769259765625 0.1943462890625 0.86527646484375 0.2029853515625 0.86148056640625 0.198011328125 0.86593095703125 0.1942154296875 0.86370576171875 0.19041953125 0.87116669921875 0.1851837890625
0 0.99434892578125 0.18707021484375 0.9876666015625 0.1932513671875 0.981201171875 0.186640625 0.9840669921875 0.18382802734375 0.9817146484375 0.18075986328125 0.985302734375 0.17755859375 0.99434892578125 0.18707021484375
0 0.984970703125 0.17720703125 0.98105126953125 0.1806970703125 0.98341669921875 0.183782421875 0.980859375 0.186298828125 0.97998203125 0.18539970703125 0.97680791015625 0.1882396484375 0.96778681640625 0.18055498046875 0.9781443359375 0.17003037109375 0.984970703125 0.17720703125
0 0.95629150390625 0.1950748046875 0.96743896484375 0.21144873046875 0.95539677734375 0.2196951171875 0.94492529296875 0.20464228515625 0.95081552734375 0.20006103515625 0.95629150390625 0.1950748046875
0 0.81720703125 0.66767578125 0.819136328125 0.670476171875 0.837666015625 0.681416015625 0.815871875 0.715232421875 0.80417783203125 0.70988662109375 0.8034765625 0.710615234375 0.80159599609375 0.7092908203125 0.803773046875 0.70610888671875 0.7906798828125 0.6976068359375 0.78849609375 0.69673828125 0.7751080078125 0.68725107421875 0.79569697265625 0.65510166015625 0.81720703125 0.66767578125
0 0.7904541015625 0.6980423828125 0.8030876953125 0.70624599609375 0.8009212890625 0.7094123046875 0.803134765625 0.7109765625 0.80000146484375 0.714230078125 0.7858015625 0.70186787109375 0.78896484375 0.69744140625 0.7904541015625 0.6980423828125
0 0.89282939453125 0.66734189453125 0.87869296875 0.69319130859375 0.84435546875 0.673798828125 0.8400515625 0.67074599609375 0.84394306640625 0.66511357421875 0.84251953125 0.664013671875 0.8444314453125 0.66150009765625 0.8491435546875 0.664248828125 0.85084521484375 0.6620236328125 0.84482412109375 0.658096875 0.8516806640625 0.64761162109375 0.89282939453125 0.66734189453125
0 0.830712890625 0.663251953125 0.82997001953125 0.6649517578125 0.83958984375 0.671015625 0.842861328125 0.67333984375 0.8379296875 0.68099609375 0.81947724609375 0.67011044921875 0.81763671875 0.66744140625 0.8230943359375 0.658776953125 0.830712890625 0.663251953125
0 0.84080078125 0.66330078125 0.843278515625 0.66521650390625 0.8396484375 0.670478515625 0.83058623046875 0.66476298828125 0.831787109375 0.662021484375 0.8340908203125 0.6591439453125 0.84080078125 0.66330078125
0 0.7425005859375 0.71709990234375 0.743183203125 0.71601708984375 0.7441880859375 0.7152517578125 0.745300390625 0.71474619140625 0.746587109375 0.71468515625 0.74839775390625 0.71472734375 0.74969501953125 0.71498115234375 0.75101845703125 0.7158142578125 0.75186572265625 0.71665849609375 0.75246494140625 0.71814453125 0.7526056640625 0.71932236328125 0.752223828125 0.72047490234375 0.751668359375 0.72183837890625 0.75037568359375 0.72272490234375 0.74900439453125 0.723663671875 0.7469203125 0.7236892578125 0.7457484375 0.72336767578125 0.744348828125 0.72264462890625 0.74323251953125 0.721641015625 0.74258095703125 0.72047490234375 0.7420978515625 0.718927734375 0.7425005859375 0.71709990234375
0 0.75218271484375 0.7048958984375 0.7397478515625 0.7166763671875 0.7307162109375 0.706859375 0.74302021484375 0.6971732421875 0.75218271484375 0.7048958984375
1 0.14515576171875 0.9432798828125 0.13782578125 0.95165703125 0.13442255859375 0.948646484375 0.1328517578125 0.94995537109375 0.11950068359375 0.9373896484375 0.123034765625 0.933724609375 0.12107138671875 0.93215390625 0.128925 0.92443115234375 0.136516796875 0.9316302734375 0.13520791015625 0.9329392578125 0.14515576171875 0.9432798828125
0 0.08267900390625 0.6495041015625 0.0617841796875 0.66421572265625 0.04344794921875 0.63777744140625 0.04287109375 0.6369921875 0.05018212890625 0.630178515625 0.04686953125 0.62513974609375 0.056826171875 0.61642578125 0.08267900390625 0.6495041015625
0 0.056533203125 0.616044921875 0.046227734375 0.62505234375 0.04954765625 0.63010234375 0.042578125 0.636591796875 0.02840361328125 0.6173005859375 0.04653359375 0.60325673828125 0.056533203125 0.616044921875
0 0.215872265625 0.4516998046875 0.24771015625 0.49496669921875 0.22947822265625 0.50612353515625 0.1981845703125 0.46204033203125 0.215872265625 0.4516998046875
0 0.4436275390625 0.90773193359375 0.45897880859375 0.8949392578125 0.471771484375 0.910930078125 0.45471455078125 0.9237228515625 0.4436275390625 0.90773193359375
0 0.42809814453125 0.865341796875 0.40400517578125 0.88410439453125 0.39671875 0.875283203125 0.41603515625 0.860380859375 0.421275390625 0.85681328125 0.42809814453125 0.865341796875
0 0.415693359375 0.860029296875 0.39640625 0.874912109375 0.3918521484375 0.8693927734375 0.4121072265625 0.8542546875 0.415693359375 0.860029296875
1 0.0571927734375 0.83339189453125 0.05835771484375 0.83222685546875 0.06301748046875 0.83766328125 8.6328125e-05 0.89025556640625 8.6328125e-05 0.847819140625 0.01166328125 0.836919921875 0.00586650390625 0.82925224609375 8.6328125e-05 0.83443427734375 8.6328125e-05 0.81139287109375 0.0044310546875 0.806894921875 8.6328125e-05 0.79938115234375 8.6328125e-05 0.7991513671875 0.01142578125 0.788583984375 0.0168080078125 0.78465830078125 0.0571927734375 0.83339189453125
0 0.011220703125 0.78830078125 8.6328125e-05 0.79914765625 8.6328125e-05 0.78843369140625 0.00671181640625 0.78271669921875 0.011220703125 0.78830078125
1 8.623046875e-05 0.9845390625 0.0038541015625 0.9814654296875 0.0166052734375 0.9990009765625 8.623046875e-05 0.99900078125 8.623046875e-05 0.9845390625
1 0.4017666015625 0.98831748046875 0.415741796875 0.97680595703125 0.42491982421875 0.986328125 0.40979521484375 0.99853935546875 0.4014890625 0.99079111328125 0.4017666015625 0.98831748046875
