1 0.34636923828125 0.1341916015625 0.34235439453125 0.1371697265625 0.3336828125 0.12640498046875 0.3369720703125 0.12386328125 0.3336828125 0.11653720703125 0.3558103515625 0.09500771484375 0.3623888671875 0.10203466796875 0.370312890625 0.0951572265625 0.37106044921875 0.09590478515625 0.37928359375 0.1054734375 0.3783865234375 0.106071484375 0.3706119140625 0.11220146484375 0.37909873046875 0.120457421875 0.37809189453125 0.12190703125 0.38306552734375 0.12565244140625 0.37567333984375 0.13194892578125 0.38752890625 0.14309853515625 0.36431044921875 0.16304716796875 0.36371240234375 0.16244912109375 0.34920986328125 0.14704951171875 0.3550408203125 0.141517578125 0.34636923828125 0.1341916015625
0 0.2643333984375 0.1407541015625 0.2784685546875 0.1303822265625 0.28377646484375 0.13769375 0.26910634765625 0.14780595703125 0.2643333984375 0.1407541015625
0 0.29414248046875 0.19328916015625 0.30123095703125 0.1848931640625 0.3113443359375 0.17802373046875 0.32606552734375 0.19187216796875 0.31630556640625 0.2018759765625 0.3098708984375 0.2085015625 0.29414248046875 0.19328916015625
0 0.43365458984375 0.2729763671875 0.46628857421875 0.24399541015625 0.47943955078125 0.2590947265625 0.48504091796875 0.2542240234375 0.4967306640625 0.267862109375 0.4584953125 0.3007396484375 0.43365458984375 0.2729763671875
0 0.80470263671875 0.4176310546875 0.8129958984375 0.4112021484375 0.8367421875 0.43555029296875 0.8284748046875 0.44274892578125 0.80470263671875 0.4176310546875
0 0.99962529296875 0.42121650390625 0.99771015625 0.42153564453125 0.988741796875 0.37745673828125 0.99962529296875 0.3752431640625 0.99962529296875 0.42121650390625
0 0.80568359375 0.52642724609375 0.80243974609375 0.52184755859375 0.81140810546875 0.514596484375 0.8232388671875 0.50829951171875 0.8348787109375 0.52432822265625 0.82762763671875 0.52967109375 0.82839091796875 0.5306251953125 0.81541533203125 0.54016611328125 0.80568359375 0.52642724609375
0 0.69460205078125 0.5661150390625 0.7062638671875 0.5583404296875 0.71897236328125 0.57762734375 0.7071609375 0.58525234375 0.69460205078125 0.5661150390625
0 0.9418005859375 0.65981142578125 0.94771591796875 0.64931640625 0.94771591796875 0.64263779296875 0.954012890625 0.6390123046875 0.9584017578125 0.63061630859375 0.97633857421875 0.6401572265625 0.97672021484375 0.64244697265625 0.96126396484375 0.67068798828125 0.9582109375 0.67106962890625 0.940846484375 0.66152880859375 0.9418005859375 0.65981142578125
0 0.97356376953125 0.72518662109375 0.98363828125 0.7320982421875 0.97696103515625 0.74018125 0.9668865234375 0.73233251953125 0.97356376953125 0.72518662109375
0 0.49823125 0.310998046875 0.51237255859375 0.29962353515625 0.53788837890625 0.32698388671875 0.5219025390625 0.3374361328125 0.49823125 0.310998046875
