0 0.81600107421875 8.0078125e-06 0.8033763671875 0.0055662109375 0.7978158203125 8.30078125e-06 0.81600107421875 8.0078125e-06
0 0.6583837890625 0.17089267578125 0.672504296875 0.166122265625 0.67956455078125 0.1810060546875 0.66429912109375 0.18634892578125 0.6583837890625 0.17089267578125
0 0.66582568359375 0.1920734375 0.67956455078125 0.18730302734375 0.68242685546875 0.194744921875 0.7039892578125 0.18921123046875 0.70685146484375 0.19856123046875 0.7013177734375 0.20066025390625 0.6866248046875 0.20494609375 0.66277255859375 0.2111552734375 0.6599103515625 0.20161435546875 0.66791015625 0.1985830078125 0.66582568359375 0.1920734375
0 0.75466953125 0.2794638671875 0.7519783203125 0.2803609375 0.746296875 0.26391474609375 0.75725947265625 0.25837822265625 0.77231181640625 0.257934375 0.78083388671875 0.28619189453125 0.7791892578125 0.288135546875 0.760051953125 0.29351787109375 0.75466953125 0.2794638671875
0 0.7289537109375 0.26899814453125 0.74300771484375 0.2658583984375 0.748091015625 0.28051044921875 0.7335884765625 0.28394921875 0.7289537109375 0.26899814453125
0 0.9996478515625 0.03324208984375 0.99425986328125 0.0351447265625 0.99228076171875 0.02777685546875 0.986855078125 0.02835029296875 0.98172529296875 0.02015009765625 0.9810224609375 0.0067955078125 0.99964775390625 0.000126171875 0.9996478515625 0.03324208984375
0 0.9136658203125 0.26532587890625 0.93637314453125 0.2573115234375 0.93789970703125 0.2615095703125 0.93999873046875 0.2607462890625 0.94877626953125 0.285743359375 0.91939033203125 0.29523125 0.90941142578125 0.28129814453125 0.9136658203125 0.26532587890625
0 0.88726875 0.45217041015625 0.93310888671875 0.44182392578125 0.9410201171875 0.47844482421875 0.8950619140625 0.4891880859375 0.88726875 0.45217041015625
0 0.9666619140625 0.4619119140625 0.97226318359375 0.48723974609375 0.9498578125 0.49259765625 0.944012890625 0.46653916015625 0.9666619140625 0.4619119140625
0 0.914834765625 0.5865904296875 0.92882177734375 0.58379296875 0.92820009765625 0.5813064453125 0.9648771484375 0.57136015625 0.9627013671875 0.56358955078125 0.99964853515625 0.5506580078125 0.99964853515625 0.59352890625 0.97389091796875 0.60088818359375 0.9710935546875 0.593428515625 0.94187626953125 0.60213154296875 0.94343037109375 0.60679384765625 0.925402734375 0.61207783203125 0.92136201171875 0.61052373046875 0.91359150390625 0.60057744140625 0.914834765625 0.5865904296875
0 0.87139697265625 0.613531640625 0.87066630859375 0.60598193359375 0.88162548828125 0.6047642578125 0.88259970703125 0.61182685546875 0.89014931640625 0.610852734375 0.89380234375 0.64129482421875 0.8375453125 0.64957509765625 0.8341357421875 0.617915234375 0.87139697265625 0.613531640625
0 0.9688966796875 0.6740681640625 0.98245966796875 0.67233076171875 0.984387890625 0.68260224609375 0.96985078125 0.68341826171875 0.9688966796875 0.6740681640625
0 0.76996279296875 0.5695142578125 0.78003115234375 0.575267578125 0.78010302734375 0.57706552734375 0.7865755859375 0.58073330078125 0.78240439453125 0.5881408203125 0.7732708984375 0.58303466796875 0.76399365234375 0.577784765625 0.76579150390625 0.5722470703125 0.76996279296875 0.5695142578125
0 0.7649607421875 0.61379248046875 0.770066796875 0.607248046875 0.77725849609375 0.61242607421875 0.7723681640625 0.61947392578125 0.7649607421875 0.61379248046875
0 0.68048154296875 0.6155376953125 0.680930078125 0.6065669921875 0.687593359375 0.599265625 0.7027787109375 0.60771064453125 0.69558212890625 0.6231626953125 0.68048154296875 0.6155376953125
0 0.69304052734375 0.5899712890625 0.707692578125 0.596848828125 0.7027787109375 0.60771064453125 0.687593359375 0.599265625 0.6882203125 0.59385517578125 0.69304052734375 0.5899712890625
0 0.6827541015625 0.604922265625 0.66885498046875 0.59869921875 0.668717578125 0.59498515625 0.67150810546875 0.59285625 0.687593359375 0.599265625 0.6827541015625 0.604922265625
0 0.65150791015625 0.5964353515625 0.6786041015625 0.61017421875 0.67039892578125 0.6269662109375 0.66925400390625 0.6292560546875 0.6612396484375 0.6254396484375 0.6488365234375 0.64967353515625 0.6438751953125 0.65978681640625 0.62441181640625 0.65005517578125 0.6333802734375 0.63173662109375 0.6291822265625 0.6296376953125 0.63700576171875 0.613990625 0.64139462890625 0.61647119140625 0.65150791015625 0.5964353515625
0 0.9296462890625 0.98857021484375 0.9296462890625 0.976393359375 0.95619189453125 0.969330859375 0.95911435546875 0.97249677734375 0.965202734375 0.9900314453125 0.93609697265625 0.99900576171875 0.93595615234375 0.99900576171875 0.9296462890625 0.98857021484375
0 0.9001783203125 0.9819947265625 0.90651025390625 0.9761498046875 0.9164953125 0.9734708984375 0.92648037109375 0.99514580078125 0.91524697265625 0.99900625 0.89752998046875 0.99900654296875 0.89116748046875 0.9851607421875 0.9001783203125 0.9819947265625
0 0.4071275390625 0.94549150390625 0.41550380859375 0.93811826171875 0.4108689453125 0.9324369140625 0.42058720703125 0.92391474609375 0.425371484375 0.9294466796875 0.43120244140625 0.92436328125 0.44779814453125 0.94320166015625 0.43882744140625 0.950976171875 0.44181767578125 0.954564453125 0.427763671875 0.9672728515625 0.42238134765625 0.9614419921875 0.419540625 0.96398359375 0.40518759765625 0.94738798828125 0.4071275390625 0.94549150390625
0 0.4512921875 0.97853173828125 0.46893447265625 0.96223505859375 0.48134384765625 0.97509296875 0.4821298828125 0.97954443359375 0.466751953125 0.99312822265625 0.45592705078125 0.9860072265625 0.4512921875 0.97853173828125
0 0.48771953125 0.94283056640625 0.49307744140625 0.93698564453125 0.499896484375 0.943317578125 0.4942951171875 0.9491625 0.48771953125 0.94283056640625
0 0.5822134765625 0.33599296875 0.60925498046875 0.33568212890625 0.6095658203125 0.38044052734375 0.581591796875 0.3807513671875 0.5822134765625 0.33599296875
0 0.56884814453125 0.30739736328125 0.567915625 0.2996267578125 0.58563251953125 0.29776181640625 0.5890515625 0.32884404296875 0.57133466796875 0.33101982421875 0.56884814453125 0.30739736328125
0 0.76398125 0.3198220703125 0.7692169921875 0.3170732421875 0.779033984375 0.31510986328125 0.78282998046875 0.3250578125 0.76960966796875 0.33134072265625 0.76646826171875 0.3296390625 0.76398125 0.3198220703125
