2 0.08421748046875 0.516875 0.07941171875 0.50161435546875 0.109283203125 0.4879443359375 0.11941240234375 0.51765068359375 0.08421748046875 0.516875
2 0.17358291015625 0.5046521484375 0.18218994140625 0.49705771484375 0.2130740234375 0.48895693359375 0.22522509765625 0.51022138671875 0.19545458984375 0.5193263671875 0.1806826171875 0.51900087890625 0.17358291015625 0.5046521484375
2 0.25437900390625 0.485967578125 0.2562439453125 0.48068359375 0.30006982421875 0.464831640625 0.30721875 0.4834810546875 0.26277119140625 0.50150869140625 0.25437900390625 0.485967578125
2 0.31594091796875 0.45708037109375 0.33403388671875 0.4473876953125 0.34824970703125 0.44480302734375 0.35858857421875 0.46483447265625 0.32692587890625 0.47581953125 0.31594091796875 0.45708037109375
2 0.34065029296875 0.5008048828125 0.34648125 0.4984126953125 0.35051796875 0.50708427734375 0.3443880859375 0.50917744140625 0.34393955078125 0.50633671875 0.34065029296875 0.5008048828125
2 0.3865751953125 0.52205791015625 0.37932412109375 0.5102271484375 0.38714765625 0.50622001953125 0.39420791015625 0.51709658203125 0.3865751953125 0.52205791015625
4 0.35156435546875 0.39379912109375 0.3746533203125 0.38616640625 0.38533916015625 0.41211767578125 0.362059375 0.42089521484375 0.35156435546875 0.39379912109375
2 0.3904912109375 0.42127685546875 0.4164423828125 0.41097275390625 0.4229302734375 0.42642900390625 0.4214037109375 0.431771875 0.42541083984375 0.4332984375 0.42922724609375 0.44169443359375 0.403466796875 0.45333427734375 0.3904912109375 0.42127685546875
3 0.525194921875 0.4371666015625 0.54465830078125 0.42915224609375 0.550764453125 0.4461349609375 0.53378173828125 0.45357685546875 0.525194921875 0.4371666015625
2 0.53734697265625 0.30116376953125 0.57775380859375 0.2862443359375 0.5979572265625 0.33535419921875 0.5665642578125 0.3462330078125 0.56780751953125 0.35307109375 0.55413134765625 0.35711181640625 0.544806640625 0.33659755859375 0.549158203125 0.3347326171875 0.53734697265625 0.30116376953125
2 0.65888974609375 0.3458560546875 0.67356748046875 0.337525390625 0.6815013671875 0.34783955078125 0.6660302734375 0.3569634765625 0.65888974609375 0.3458560546875
