0 0.5451455078125 0.18175908203125 0.54873369140625 0.17846982421875 0.56304208984375 0.17404931640625 0.5669740234375 0.1845998046875 0.5805794921875 0.182506640625 0.5853638671875 0.1798154296875 0.59104521484375 0.18205810546875 0.59732470703125 0.1881880859375 0.59612861328125 0.20343818359375 0.5941849609375 0.204484765625 0.6001654296875 0.22377158203125 0.59642763671875 0.2272103515625 0.584466796875 0.23064912109375 0.579084375 0.2148009765625 0.5575548828125 0.2213794921875 0.5451455078125 0.18175908203125
0 0.49200634765625 0.21902861328125 0.49658603515625 0.211968359375 0.4932751953125 0.20922998046875 0.50917998046875 0.18601708984375 0.52215556640625 0.1944130859375 0.53742099609375 0.1989927734375 0.5446720703125 0.2113958984375 0.5330322265625 0.22704296875 0.5435271484375 0.23543896484375 0.5341771484375 0.24975029296875 0.530169921875 0.25013193359375 0.49200634765625 0.21902861328125
0 0.4833111328125 0.27760234375 0.4833111328125 0.27035126953125 0.48083056640625 0.27035126953125 0.48102138671875 0.257184765625 0.489608203125 0.256803125 0.5046828125 0.25489501953125 0.5138419921875 0.2573755859375 0.5289166015625 0.2573755859375 0.533687109375 0.26462666015625 0.530633984375 0.2732134765625 0.5165134765625 0.2732134765625 0.5165134765625 0.29363095703125 0.5140328125 0.29630244140625 0.47586923828125 0.29553916015625 0.47644169921875 0.2781748046875 0.4833111328125 0.27760234375
0 0.4935306640625 0.3242900390625 0.49098896484375 0.32294443359375 0.49696943359375 0.30903994140625 0.50100615234375 0.31068447265625 0.503846875 0.30395654296875 0.5243298828125 0.30634873046875 0.52941318359375 0.31546884765625 0.54541083984375 0.32264541015625 0.54660693359375 0.3230939453125 0.5406265625 0.336400390625 0.5379353515625 0.337596484375 0.52418037109375 0.331616015625 0.52328330078125 0.33341015625 0.526423046875 0.3349052734375 0.5231337890625 0.34238076171875 0.53225390625 0.346417578125 0.52746962890625 0.3570328125 0.52462890625 0.3579298828125 0.48590556640625 0.33894208984375 0.4935306640625 0.3242900390625
0 0.45079072265625 0.36932021484375 0.46227099609375 0.354676953125 0.46168525390625 0.350459765625 0.45676513671875 0.3467111328125 0.4661935546875 0.3342369140625 0.47293125 0.33827666015625 0.482771484375 0.33874521484375 0.4865201171875 0.3455396484375 0.5069904296875 0.35936650390625 0.493496484375 0.3759126953125 0.5040919921875 0.38419765625 0.4942517578125 0.39661513671875 0.48909736328125 0.39708369140625 0.47269697265625 0.38408056640625 0.46601962890625 0.3923978515625 0.462973828125 0.39274931640625 0.45125927734375 0.383260546875 0.45746806640625 0.3750603515625 0.45079072265625 0.36932021484375
0 0.63449521484375 0.20778056640625 0.64391435546875 0.22362861328125 0.64615703125 0.22362861328125 0.65213740234375 0.2200404296875 0.65871591796875 0.22542275390625 0.65901494140625 0.233944921875 0.6504927734375 0.2388787109375 0.65243642578125 0.24216796875 0.65213740234375 0.24411162109375 0.62657109375 0.25861416015625 0.61849755859375 0.2448591796875 0.6244779296875 0.24142041015625 0.62163720703125 0.23648662109375 0.61461025390625 0.24022431640625 0.60578916015625 0.224376171875 0.63449521484375 0.20778056640625
0 0.61756083984375 0.28041982421875 0.61696279296875 0.26666484375 0.6313158203125 0.26591728515625 0.6461173828125 0.26158154296875 0.654639453125 0.263226171875 0.6549384765625 0.27040263671875 0.65718115234375 0.27399091796875 0.6709361328125 0.27339287109375 0.6715341796875 0.2835595703125 0.66929150390625 0.28370908203125 0.6700390625 0.2995572265625 0.66689931640625 0.3031455078125 0.6165142578125 0.30598623046875 0.613823046875 0.30359404296875 0.6129259765625 0.288044921875 0.6271294921875 0.287446875 0.62668095703125 0.279672265625 0.61756083984375 0.28041982421875
0 0.6822669921875 0.27254365234375 0.68151943359375 0.23352138671875 0.69721806640625 0.232773828125 0.69751708984375 0.24024931640625 0.706188671875 0.24024931640625 0.706188671875 0.235166015625 0.72398046875 0.23441845703125 0.72592412109375 0.28585009765625 0.70633818359375 0.28674716796875 0.7058896484375 0.26940390625 0.70304892578125 0.26940390625 0.703113671875 0.27182841796875 0.6822669921875 0.27254365234375
0 0.7268451171875 0.24494453125 0.72813369140625 0.243655859375 0.7365681640625 0.2433044921875 0.7364509765625 0.23791572265625 0.74324541015625 0.2376814453125 0.74324541015625 0.2366271484375 0.7626916015625 0.23615859375 0.76562021484375 0.2389701171875 0.76573740234375 0.2497474609375 0.7693689453125 0.2584162109375 0.76632314453125 0.26966220703125 0.766674609375 0.28371962890625 0.764331640625 0.286296875 0.75437431640625 0.2864140625 0.75425712890625 0.27399658203125 0.74992275390625 0.27411376953125 0.75003994140625 0.282899609375 0.74769697265625 0.285242578125 0.7277822265625 0.28547685546875 0.7268451171875 0.24494453125
0 0.77184345703125 0.25894677734375 0.7770763671875 0.2202234375 0.77961796875 0.21783134765625 0.79546611328125 0.219625390625 0.7941205078125 0.2306892578125 0.8027921875 0.231586328125 0.80324072265625 0.22784853515625 0.81804228515625 0.2297921875 0.813407421875 0.2768880859375 0.79157890625 0.2738978515625 0.79292451171875 0.26163798828125 0.77184345703125 0.25894677734375
0 0.8257455078125 0.22613681640625 0.8344142578125 0.22391103515625 0.83910009765625 0.22707392578125 0.83851435546875 0.23679697265625 0.84566025390625 0.23679697265625 0.84624599609375 0.2247310546875 0.86475498046875 0.225199609375 0.86428642578125 0.2366798828125 0.866629296875 0.2476916015625 0.861240625 0.2596404296875 0.861240625 0.26245185546875 0.8596005859375 0.2649119140625 0.84566025390625 0.264560546875 0.84577744140625 0.2618662109375 0.84038876953125 0.2618662109375 0.8400373046875 0.26596630859375 0.820825390625 0.26526337890625 0.8257455078125 0.22613681640625
0 0.881878125 0.263688671875 0.87719228515625 0.25033408203125 0.9194818359375 0.23522236328125 0.92580771484375 0.2491626953125 0.92475341796875 0.2513884765625 0.915733203125 0.25548857421875 0.91772470703125 0.26087724609375 0.92545634765625 0.25865146484375 0.93014208984375 0.2715375 0.92908779296875 0.27364609375 0.88047236328125 0.2916865234375 0.8749666015625 0.277043359375 0.89031259765625 0.27106884765625 0.887383984375 0.26193154296875 0.881878125 0.263688671875
0 0.884125390625 0.32348359375 0.90450869140625 0.32324931640625 0.90439150390625 0.320320703125 0.90029140625 0.32055498046875 0.90029140625 0.31399482421875 0.8965427734375 0.3141119140625 0.8965427734375 0.3000544921875 0.8964255859375 0.29923447265625 0.93941806640625 0.298414453125 0.94328388671875 0.30532607421875 0.9414095703125 0.313760546875 0.93613798828125 0.31399482421875 0.936372265625 0.3349638671875 0.93332646484375 0.3381267578125 0.91036591796875 0.3382439453125 0.91036591796875 0.34164111328125 0.884008203125 0.34164111328125 0.884125390625 0.32348359375
0 0.84086669921875 0.35604921875 0.85340126953125 0.3512462890625 0.857969921875 0.3500748046875 0.8599892578125 0.355123046875 0.86237568359375 0.35402158203125 0.8598974609375 0.34768837890625 0.87834658203125 0.34025361328125 0.8810083984375 0.34585263671875 0.8912884765625 0.35833564453125 0.8911048828125 0.3729296875 0.8846798828125 0.37531611328125 0.88403740234375 0.37715185546875 0.88568955078125 0.3813740234375 0.85870419921875 0.39147060546875 0.85420673828125 0.3800890625 0.84851591796875 0.3777943359375 0.84086669921875 0.35604921875
0 0.79414345703125 0.34132392578125 0.812066796875 0.34073818359375 0.8125353515625 0.3574900390625 0.81710400390625 0.3572556640625 0.82167265625 0.352452734375 0.832684375 0.35210126953125 0.832684375 0.35432705078125 0.83748740234375 0.36194150390625 0.83842451171875 0.39275078125 0.8366673828125 0.39509375 0.81874404296875 0.3956794921875 0.81827548828125 0.38490205078125 0.81323818359375 0.38490205078125 0.81335537109375 0.391813671875 0.79918076171875 0.3922822265625 0.7962521484375 0.38935361328125 0.79414345703125 0.34132392578125
0 0.76277626953125 0.3856126953125 0.75162890625 0.3858470703125 0.752116015625 0.35164052734375 0.7680478515625 0.35140625 0.76816494140625 0.35761494140625 0.77308505859375 0.35761494140625 0.77296796875 0.350234765625 0.79276552734375 0.35000048828125 0.79335126953125 0.37565537109375 0.79065693359375 0.37577255859375 0.7908912109375 0.39147001953125 0.76418203125 0.39205576171875 0.76289345703125 0.3907671875 0.76277626953125 0.3856126953125
0 0.70957275390625 0.36314072265625 0.7279646484375 0.36220361328125 0.72702744140625 0.34463173828125 0.74565361328125 0.34357744140625 0.74670791015625 0.3663037109375 0.75209658203125 0.37532392578125 0.7497537109375 0.3891470703125 0.74998798828125 0.395004296875 0.748113671875 0.3967615234375 0.73405625 0.39769873046875 0.7339390625 0.3940671875 0.72866748046875 0.39430146484375 0.7290189453125 0.403907421875 0.71063076171875 0.405226171875 0.70957275390625 0.36314072265625
0 0.66399052734375 0.34892265625 0.67476796875 0.34821982421875 0.6762908203125 0.34939130859375 0.6764080078125 0.3548970703125 0.68413955078125 0.354428515625 0.68367099609375 0.3451740234375 0.69843134765625 0.3440025390625 0.70182861328125 0.3468140625 0.703 0.3627458984375 0.70979443359375 0.37106318359375 0.7058115234375 0.3823091796875 0.706280078125 0.386175 0.70440576171875 0.38816640625 0.691051171875 0.38910361328125 0.691168359375 0.39086083984375 0.66738779296875 0.39250078125 0.66504482421875 0.3903921875 0.66399052734375 0.34892265625
0 0.6028728515625 0.36594501953125 0.6130396484375 0.3616091796875 0.6170763671875 0.37147685546875 0.624551953125 0.36833720703125 0.6206646484375 0.35846943359375 0.63980205078125 0.35204052734375 0.64099814453125 0.35488115234375 0.6454833984375 0.35293759765625 0.65116484375 0.3586189453125 0.65101533203125 0.3657955078125 0.64503486328125 0.3681876953125 0.64593193359375 0.37087880859375 0.6544541015625 0.37775634765625 0.65400556640625 0.392707421875 0.64503486328125 0.396295703125 0.64877265625 0.406312890625 0.62993427734375 0.41378837890625 0.62470146484375 0.3988373046875 0.61812294921875 0.40137900390625 0.61483369140625 0.4000333984375 0.6028728515625 0.36594501953125
0 0.582025390625 0.39818408203125 0.58728466796875 0.39382197265625 0.584590234375 0.38983896484375 0.59372763671875 0.38234169921875 0.5984134765625 0.3878474609375 0.60954228515625 0.3944076171875 0.614228125 0.406005078125 0.62263310546875 0.416652734375 0.608878125 0.4275669921875 0.60633642578125 0.42711845703125 0.60035595703125 0.42009140625 0.59736572265625 0.42263310546875 0.6017015625 0.42801552734375 0.58974072265625 0.43743466796875 0.5706033203125 0.41411103515625 0.56327734375 0.4133634765625 0.5540076171875 0.40170166015625 0.57284599609375 0.3864515625 0.582025390625 0.39818408203125
0 0.54628759765625 0.4386197265625 0.5485302734375 0.43533056640625 0.5449419921875 0.4327888671875 0.54479248046875 0.430695703125 0.5545107421875 0.4164921875 0.5591455078125 0.42008046875 0.57529267578125 0.4274064453125 0.582020703125 0.43682568359375 0.5781333984375 0.44295556640625 0.58620703125 0.44923505859375 0.5859080078125 0.45237470703125 0.57768486328125 0.46433564453125 0.57409658203125 0.46194345703125 0.5681162109375 0.4706150390625 0.55765048828125 0.46448515625 0.55217099609375 0.465362109375 0.5301404296875 0.4508796875 0.5409052734375 0.43503154296875 0.54628759765625 0.4386197265625
0 0.5334326171875 0.483691796875 0.5356583984375 0.48029462890625 0.53436982421875 0.47924033203125 0.5372984375 0.47408583984375 0.5333154296875 0.47186015625 0.54092998046875 0.4603798828125 0.55557314453125 0.4689314453125 0.564593359375 0.46881435546875 0.5684591796875 0.47701455078125 0.57911943359375 0.48123173828125 0.57736220703125 0.48837763671875 0.5716220703125 0.4951720703125 0.56131328125 0.490369140625 0.55779892578125 0.4972806640625 0.56318759765625 0.49997509765625 0.55768173828125 0.50794091796875 0.55510458984375 0.51110390625 0.5286296875 0.5006779296875 0.5267552734375 0.50302080078125 0.50812919921875 0.49271201171875 0.51902373046875 0.477131640625 0.5334326171875 0.483691796875
0 0.5182822265625 0.524314453125 0.5031875 0.51914228515625 0.50893212890625 0.503896875 0.52896796875 0.51076630859375 0.5449966796875 0.51477353515625 0.55434677734375 0.524314453125 0.55205693359375 0.53137470703125 0.5596896484375 0.5338552734375 0.55282021484375 0.55675341796875 0.5484314453125 0.55923408203125 0.530876171875 0.55408193359375 0.52667822265625 0.55637177734375 0.51809140625 0.55408193359375 0.5144658203125 0.5481666015625 0.49481162109375 0.54282373046875 0.4993912109375 0.52793994140625 0.5152291015625 0.5327103515625 0.5182822265625 0.524314453125
0 0.479619140625 0.56652529296875 0.5061646484375 0.56433349609375 0.52175107421875 0.55897568359375 0.5361197265625 0.56068046875 0.53758095703125 0.5796763671875 0.54050341796875 0.5796763671875 0.54854013671875 0.5872259765625 0.5444 0.59648037109375 0.50567763671875 0.60354296875 0.50226806640625 0.585277734375 0.482298046875 0.586982421875 0.479619140625 0.56652529296875
0 0.5118201171875 0.6248361328125 0.509339453125 0.60594521484375 0.52842119140625 0.600220703125 0.54731220703125 0.5996482421875 0.5494111328125 0.60689931640625 0.54883876953125 0.6151044921875 0.5400611328125 0.6162494140625 0.541396875 0.62407294921875 0.54616728515625 0.62350048828125 0.54788466796875 0.63437705078125 0.54578564453125 0.63723935546875 0.51888037109375 0.642009765625 0.520216015625 0.65040576171875 0.49922607421875 0.6542220703125 0.494646484375 0.6278892578125 0.5118201171875 0.6248361328125
0 0.38461748046875 0.57251826171875 0.3843185546875 0.56534169921875 0.37669345703125 0.56564072265625 0.376244921875 0.55054013671875 0.41197802734375 0.54904501953125 0.41407109375 0.55083916015625 0.42991923828125 0.550390625 0.43410556640625 0.55861376953125 0.430666796875 0.56623876953125 0.4161642578125 0.56653779296875 0.41646328125 0.5738638671875 0.41900498046875 0.57371435546875 0.41960302734375 0.58702080078125 0.41691181640625 0.58941298828125 0.3819263671875 0.59090810546875 0.38207587890625 0.59464580078125 0.36966650390625 0.5947953125 0.36906845703125 0.57251826171875 0.38461748046875 0.57251826171875
0 0.4044611328125 0.59627470703125 0.41304794921875 0.59684716796875 0.42621435546875 0.5924583984375 0.4327021484375 0.59990029296875 0.4319388671875 0.608487109375 0.42048984375 0.61344833984375 0.4214439453125 0.6166921875 0.42602353515625 0.6214626953125 0.423924609375 0.63024033203125 0.4229705078125 0.6331025390625 0.391566796875 0.64321923828125 0.38003642578125 0.6056248046875 0.4044611328125 0.59627470703125
0 0.42617041015625 0.6453794921875 0.42540712890625 0.642135546875 0.44010009765625 0.63812841796875 0.44086337890625 0.641372265625 0.448114453125 0.6472876953125 0.44696953125 0.656065234375 0.43800107421875 0.6585458984375 0.43876435546875 0.66178984375 0.446587890625 0.66732353515625 0.4441072265625 0.6755287109375 0.4061345703125 0.685451171875 0.39754775390625 0.65301220703125 0.42617041015625 0.6453794921875
0 0.9681333984375 0.57360673828125 0.96508037109375 0.565783203125 0.97710185546875 0.56082197265625 0.97516806640625 0.5550974609375 0.9889326171875 0.549563671875 0.99342958984375 0.560265234375 0.9991853515625 0.56977939453125 0.9991853515625 0.5992697265625 0.99179482421875 0.60184775390625 0.9874060546875 0.58982626953125 0.98530703125 0.59058955078125 0.9866427734375 0.59555078125 0.97843759765625 0.598222265625 0.98129990234375 0.60604580078125 0.9688966796875 0.61024375 0.96603447265625 0.6087171875 0.9557302734375 0.5783771484375 0.9681333984375 0.57360673828125
0 0.92760771484375 0.6022578125 0.93381640625 0.59850908203125 0.93416787109375 0.5961662109375 0.930419140625 0.5896060546875 0.943197265625 0.581748046875 0.96345419921875 0.616315234375 0.95572265625 0.62100107421875 0.95384833984375 0.6179552734375 0.92479619140625 0.6355271484375 0.9050248046875 0.59793603515625 0.91475654296875 0.592020703125 0.91704638671875 0.59526455078125 0.92143515625 0.59316552734375 0.92760771484375 0.6022578125
0 0.8764814453125 0.6247962890625 0.88622294921875 0.6177337890625 0.8840310546875 0.61432421875 0.89669501953125 0.60531337890625 0.90083515625 0.6114017578125 0.90960244140625 0.61846435546875 0.9113072265625 0.62771875 0.9166650390625 0.63575546875 0.90423212890625 0.64452578125 0.8989482421875 0.6376876953125 0.8914884765625 0.64328251953125 0.893581640625 0.64627275390625 0.882368359375 0.654047265625 0.87922861328125 0.65344921875 0.86098828125 0.628032421875 0.872799609375 0.61965986328125 0.8764814453125 0.6247962890625
0 0.83103095703125 0.65042548828125 0.83686181640625 0.64429560546875 0.8367123046875 0.6426509765625 0.82893779296875 0.635175390625 0.8397025390625 0.62381259765625 0.848224609375 0.63278330078125 0.8586904296875 0.6372685546875 0.86437177734375 0.6468373046875 0.869117578125 0.6527453125 0.8536896484375 0.66851630859375 0.8639232421875 0.67972958984375 0.85360703125 0.6906439453125 0.84986923828125 0.69079345703125 0.81413623046875 0.6538642578125 0.82385439453125 0.64429560546875 0.83103095703125 0.65042548828125
0 0.78913359375 0.6953095703125 0.8042341796875 0.68245166015625 0.8108126953125 0.67976044921875 0.81499892578125 0.6840962890625 0.82247451171875 0.677816796875 0.835332421875 0.686189453125 0.8404158203125 0.70278515625 0.826511328125 0.7142974609375 0.8232220703125 0.7107091796875 0.821726953125 0.712204296875 0.825315234375 0.716390625 0.81499892578125 0.7249126953125 0.811709765625 0.724613671875 0.78913359375 0.6953095703125
0 0.76763359375 0.72176416015625 0.76267236328125 0.71623046875 0.77641123046875 0.7036365234375 0.784234765625 0.713940625 0.7953021484375 0.7175662109375 0.79854609375 0.7272978515625 0.80446142578125 0.73378564453125 0.778128515625 0.757637890625 0.77412138671875 0.757637890625 0.7531314453125 0.73435810546875 0.76763359375 0.72176416015625
0 0.71417431640625 0.7592216796875 0.71684580078125 0.75712275390625 0.71093046875 0.7491083984375 0.7370724609375 0.72830927734375 0.74298779296875 0.7332705078125 0.7544369140625 0.74071240234375 0.75768076171875 0.7515890625 0.7658859375 0.7618931640625 0.75195625 0.77276982421875 0.74623173828125 0.765900390625 0.7389806640625 0.77162490234375 0.74508681640625 0.7800208984375 0.736118359375 0.78708115234375 0.71417431640625 0.7592216796875
0 0.66951044921875 0.771044921875 0.69752802734375 0.75270634765625 0.704206640625 0.7612931640625 0.7164189453125 0.77178818359375 0.720426171875 0.787053515625 0.7055423828125 0.79754853515625 0.71164853515625 0.81033330078125 0.69829130859375 0.8170119140625 0.69332998046875 0.81605791015625 0.66951044921875 0.771044921875
0 0.9286138671875 0.72153876953125 0.9213078125 0.7098490234375 0.93932958984375 0.69645439453125 0.940547265625 0.6981591796875 0.94980166015625 0.69109658203125 0.951262890625 0.6925578125 0.96514453125 0.68135517578125 0.97707783203125 0.701081640625 0.97586015625 0.7040041015625 0.968703515625 0.70998154296875 0.97172001953125 0.71569384765625 0.960837890625 0.72301689453125 0.9568642578125 0.7173986328125 0.95294755859375 0.720373828125 0.95808193359375 0.72933193359375 0.94545654296875 0.739273828125 0.94395673828125 0.73785576171875 0.936894140625 0.72567890625 0.9286138671875 0.72153876953125
0 0.8905703125 0.73899033203125 0.90253125 0.727776953125 0.90552138671875 0.7310662109375 0.9080630859375 0.7286740234375 0.90582041015625 0.7259828125 0.9194259765625 0.7135734375 0.92827978515625 0.72153876953125 0.93656005859375 0.72567890625 0.94362265625 0.73785576171875 0.92749951171875 0.75050263671875 0.9312373046875 0.75543642578125 0.91972490234375 0.76470615234375 0.9152396484375 0.7648556640625 0.8905703125 0.73899033203125
0 0.865618359375 0.77133466796875 0.85741318359375 0.7684724609375 0.862565234375 0.754351953125 0.877258203125 0.75969482421875 0.884525 0.759437109375 0.88775322265625 0.76198466796875 0.8959583984375 0.76160302734375 0.90454521484375 0.76866328125 0.90015634765625 0.7818296875 0.9019150390625 0.7888486328125 0.89767568359375 0.7944236328125 0.89490595703125 0.79361904296875 0.8913787109375 0.80358291015625 0.88908896484375 0.80453701171875 0.8522611328125 0.79156142578125 0.85798564453125 0.77457861328125 0.87019794921875 0.7789673828125 0.87077041015625 0.77686845703125 0.8644734375 0.77457861328125 0.865618359375 0.77133466796875
0 0.893862890625 0.829796484375 0.89520849609375 0.82516162109375 0.89251728515625 0.82426455078125 0.89760068359375 0.8052767578125 0.92152236328125 0.8117056640625 0.9231669921875 0.8146958984375 0.9321376953125 0.8170880859375 0.92899794921875 0.82874990234375 0.9207748046875 0.8265072265625 0.9173361328125 0.84026220703125 0.922269921875 0.84175732421875 0.91883115234375 0.85416669921875 0.91569150390625 0.85566181640625 0.8772671875 0.84519609375 0.88220107421875 0.82695576171875 0.893862890625 0.829796484375
0 0.86903466796875 0.86231064453125 0.87381904296875 0.84721005859375 0.897890234375 0.851246875 0.90730947265625 0.85662919921875 0.91463544921875 0.8585728515625 0.91280126953125 0.86861328125 0.90940263671875 0.870683203125 0.90073095703125 0.8675435546875 0.89774072265625 0.88099951171875 0.90327265625 0.88279365234375 0.90372119140625 0.89011962890625 0.90013291015625 0.89400693359375 0.86933369140625 0.885484765625 0.87366953125 0.86859013671875 0.8775568359375 0.869487109375 0.87890244140625 0.86470283203125 0.86903466796875 0.86231064453125
0 0.8348767578125 0.9341580078125 0.83136240234375 0.8917513671875 0.8481142578125 0.89034560546875 0.8491685546875 0.905223046875 0.85256572265625 0.90498876953125 0.85197998046875 0.89854580078125 0.85736875 0.89807724609375 0.8566658203125 0.88987705078125 0.86779462890625 0.88882275390625 0.87107470703125 0.93345517578125 0.86685751953125 0.9374380859375 0.8348767578125 0.94001533203125 0.8348767578125 0.9341580078125
0 0.79836474609375 0.8789068359375 0.80981376953125 0.8813875 0.81153115234375 0.8905466796875 0.80866884765625 0.8955080078125 0.81244404296875 0.89837626953125 0.82345576171875 0.90001630859375 0.82497861328125 0.90915361328125 0.82122998046875 0.91419091796875 0.820878515625 0.92016533203125 0.8149041015625 0.92496826171875 0.80810966796875 0.93433994140625 0.79674658203125 0.92543681640625 0.8008466796875 0.91946240234375 0.7920607421875 0.91290224609375 0.790303515625 0.91512802734375 0.77812041015625 0.90587353515625 0.79836474609375 0.8789068359375
0 0.7650533203125 0.87702119140625 0.768342578125 0.8840482421875 0.75653125 0.89212177734375 0.7366462890625 0.85863134765625 0.73739384765625 0.855790625 0.7496537109375 0.84771708984375 0.75189638671875 0.8514548828125 0.76415625 0.84338125 0.7650533203125 0.8448763671875 0.7710337890625 0.8409890625 0.77536953125 0.84696953125 0.7834431640625 0.8538470703125 0.78538681640625 0.865957421875 0.79121767578125 0.8750775390625 0.77880830078125 0.8828521484375 0.7722298828125 0.87223681640625 0.7650533203125 0.87702119140625
0 0.64597431640625 0.988664453125 0.6507447265625 0.9613775390625 0.65379775390625 0.9594693359375 0.6665826171875 0.9617591796875 0.66829990234375 0.95355400390625 0.67555107421875 0.95431728515625 0.68528271484375 0.95431728515625 0.6917705078125 0.960041796875 0.70073896484375 0.9617591796875 0.6974951171875 0.97969599609375 0.69005322265625 0.97836025390625 0.68928994140625 0.98198583984375 0.69806748046875 0.98370322265625 0.70092978515625 0.98751953125 0.6984705078125 0.99900859375 0.66270517578125 0.999008984375 0.65208046875 0.99706044921875 0.6530345703125 0.99057265625 0.64597431640625 0.988664453125
0 0.40130869140625 0.909153515625 0.417146484375 0.9089626953125 0.4184822265625 0.9104892578125 0.418673046875 0.9232740234375 0.421726171875 0.9232740234375 0.421726171875 0.91983935546875 0.42802314453125 0.91983935546875 0.42764150390625 0.9154505859375 0.44023544921875 0.9150689453125 0.44252529296875 0.95075185546875 0.43088544921875 0.95075185546875 0.43107626953125 0.96296416015625 0.42859560546875 0.96506318359375 0.4018810546875 0.96544482421875 0.40130869140625 0.909153515625
0 0.34900244140625 0.92845185546875 0.369419921875 0.92692529296875 0.367893359375 0.90898837890625 0.3850669921875 0.907652734375 0.386402734375 0.92520791015625 0.39327216796875 0.9364662109375 0.39136396484375 0.95421220703125 0.3711373046875 0.95573876953125 0.3698015625 0.95764697265625 0.3703740234375 0.96890517578125 0.3680841796875 0.97119501953125 0.3514830078125 0.97195830078125 0.34900244140625 0.92845185546875
0 0.29486767578125 0.94886240234375 0.2997384765625 0.9422869140625 0.30558330078125 0.94423515625 0.3133765625 0.9413126953125 0.31508125 0.94569638671875 0.31751669921875 0.9444787109375 0.31508125 0.938390234375 0.33212890625 0.93181474609375 0.33651259765625 0.94253037109375 0.34138330078125 0.9469140625 0.3399220703125 0.95714267578125 0.345036328125 0.974190234375 0.343331640625 0.97735625 0.32993701171875 0.98173994140625 0.32823232421875 0.9771126953125 0.3072880859375 0.98612353515625 0.29486767578125 0.94886240234375
0 0.23487197265625 0.9572833984375 0.24899716796875 0.94681123046875 0.252406640625 0.952169140625 0.25630322265625 0.9492466796875 0.2531373046875 0.94461943359375 0.26799306640625 0.93341669921875 0.27359443359375 0.94145341796875 0.28455361328125 0.94949013671875 0.28698896484375 0.96385888671875 0.2718896484375 0.97457451171875 0.2740814453125 0.97798408203125 0.258738671875 0.98894326171875 0.2531373046875 0.98066298828125 0.250701953125 0.98236767578125 0.23487197265625 0.9572833984375
0 0.34081435546875 0.84811171875 0.33966953125 0.80842158203125 0.347874609375 0.80765830078125 0.347874609375 0.8042236328125 0.36123193359375 0.803651171875 0.36161357421875 0.81204716796875 0.37668818359375 0.81128388671875 0.3827943359375 0.82158798828125 0.3806953125 0.828457421875 0.3812677734375 0.847730078125 0.3677197265625 0.84811171875 0.367147265625 0.83895244140625 0.3635216796875 0.83895244140625 0.3637125 0.8483025390625 0.34081435546875 0.84811171875
0 0.2596181640625 0.81670849609375 0.2844244140625 0.8050685546875 0.2859509765625 0.807930859375 0.29701845703125 0.8031603515625 0.30541435546875 0.81002978515625 0.30655927734375 0.8182349609375 0.3010255859375 0.821097265625 0.30465107421875 0.82911162109375 0.3019796875 0.83025654296875 0.30598681640625 0.839225 0.30484189453125 0.84227802734375 0.2716396484375 0.85811591796875 0.26076298828125 0.833500390625 0.26572431640625 0.83063818359375 0.2596181640625 0.81670849609375
0 0.1862951171875 0.90464423828125 0.17192646484375 0.8766375 0.173144140625 0.8727408203125 0.18824345703125 0.864460546875 0.184346875 0.8571544921875 0.19920263671875 0.849361328125 0.20407333984375 0.85885927734375 0.21600673828125 0.86616533203125 0.2218515625 0.88589189453125 0.1862951171875 0.90464423828125
0 0.126572265625 0.90356572265625 0.13680087890625 0.8950419921875 0.1385056640625 0.896990234375 0.142645703125 0.89358076171875 0.1460552734375 0.897964453125 0.148977734375 0.90137392578125 0.1626158203125 0.8896841796875 0.175766796875 0.89918212890625 0.18130537109375 0.91476845703125 0.1502857421875 0.93812041015625 0.126572265625 0.90356572265625
0 0.06002646484375 0.9990048828125 0.0672130859375 0.9872142578125 0.06867431640625 0.9881884765625 0.07232734375 0.9818564453125 0.09059267578125 0.985266015625 0.09838583984375 0.99184150390625 0.09789873046875 0.99403330078125 0.1100763671875 0.999005859375 0.06002646484375 0.9990048828125
0 0.03035283203125 0.946397265625 0.02953681640625 0.93550068359375 0.048427734375 0.93397412109375 0.05586962890625 0.92996689453125 0.06197587890625 0.93244755859375 0.0675095703125 0.93206591796875 0.06808203125 0.94523232421875 0.064265625 0.94542314453125 0.064265625 0.94923955078125 0.080103515625 0.94847626953125 0.080866796875 0.96297841796875 0.07895859375 0.965458984375 0.04193994140625 0.967748828125 0.0404134765625 0.94556689453125 0.03035283203125 0.946397265625
0 0.04730498046875 0.8954396484375 0.05551015625 0.88761611328125 0.05054892578125 0.882082421875 0.0593265625 0.87387724609375 0.058181640625 0.87254150390625 0.06657763671875 0.86471796875 0.0717296875 0.8687251953125 0.09100224609375 0.87864765625 0.0993982421875 0.896012109375 0.0843236328125 0.909941796875 0.09348291015625 0.91967353515625 0.0831787109375 0.9294052734375 0.07783583984375 0.9290236328125 0.04730498046875 0.8954396484375
0 0.10672080078125 0.84680791015625 0.1053650390625 0.839505859375 0.09759453125 0.84137080078125 0.09355380859375 0.8264513671875 0.12992001953125 0.816505078125 0.13737978515625 0.82303232421875 0.1348931640625 0.8308029296875 0.13241455078125 0.83158388671875 0.13288310546875 0.83252109375 0.13604609375 0.83650400390625 0.13452314453125 0.84200986328125 0.13510888671875 0.84364990234375 0.1386232421875 0.84552421875 0.14038046875 0.85231865234375 0.139208984375 0.85419306640625 0.099848046875 0.8652046875 0.095513671875 0.84985859375 0.10672080078125 0.84680791015625
0 0.08752958984375 0.79980107421875 0.0933744140625 0.787137109375 0.0916697265625 0.78640654296875 0.09264384765625 0.78348408203125 0.0826587890625 0.77861337890625 0.091426171875 0.75718203125 0.11139619140625 0.765705859375 0.117728125 0.76521884765625 0.1238166015625 0.7717943359375 0.13648056640625 0.7766650390625 0.137941796875 0.782753515625 0.13112275390625 0.79225146484375 0.11675400390625 0.78616298828125 0.115536328125 0.78957255859375 0.118215234375 0.79980107421875 0.12503427734375 0.80296708984375 0.12040703125 0.81343916015625 0.11724111328125 0.814900390625 0.08752958984375 0.79980107421875
0 0.11926064453125 0.718310546875 0.12619697265625 0.7150666015625 0.124098046875 0.71086865234375 0.1378369140625 0.704380859375 0.1393634765625 0.70800634765625 0.14337060546875 0.7064798828125 0.14222568359375 0.7038083984375 0.1510033203125 0.6999919921875 0.15653701171875 0.71182275390625 0.167413671875 0.7192646484375 0.16989423828125 0.7328126953125 0.17485556640625 0.743880078125 0.15691865234375 0.75189443359375 0.1544380859375 0.7459791015625 0.147759375 0.74884140625 0.14394306640625 0.75819140625 0.134211328125 0.75628330078125 0.11926064453125 0.718310546875
0 0.16197783203125 0.6886099609375 0.17438720703125 0.68188193359375 0.17558330078125 0.684124609375 0.1784240234375 0.6826294921875 0.18305888671875 0.69100205078125 0.1890392578125 0.687712890625 0.18694619140625 0.6838255859375 0.19636533203125 0.6787421875 0.19875751953125 0.68307802734375 0.210718359375 0.68726435546875 0.2152037109375 0.70460751953125 0.22447333984375 0.71911005859375 0.20608349609375 0.72837978515625 0.19890703125 0.7152228515625 0.18978681640625 0.7198576171875 0.1950197265625 0.72897783203125 0.1856005859375 0.733762109375 0.1820123046875 0.73256611328125 0.16197783203125 0.6886099609375
0 0.2252015625 0.67130244140625 0.233424609375 0.66801318359375 0.23536826171875 0.66278037109375 0.23237802734375 0.6545572265625 0.25585126953125 0.6457361328125 0.260635546875 0.659042578125 0.2672140625 0.66592001953125 0.2663169921875 0.67563828125 0.2716994140625 0.69118740234375 0.25600078125 0.697466796875 0.251814453125 0.6859544921875 0.2432923828125 0.68939326171875 0.24643203125 0.70030751953125 0.23447119140625 0.7049423828125 0.2252015625 0.67130244140625
0 0.2831953125 0.71388134765625 0.31811494140625 0.68048828125 0.3274650390625 0.6810607421875 0.32880078125 0.68850263671875 0.33452529296875 0.694799609375 0.33662431640625 0.6930822265625 0.34559267578125 0.6967078125 0.34883662109375 0.70529453125 0.32002314453125 0.73105498046875 0.30590263671875 0.71464462890625 0.2931177734375 0.72609375 0.2831953125 0.71388134765625
0 0.31090859375 0.7649853515625 0.3091912109375 0.74781171875 0.32960869140625 0.7441861328125 0.34296591796875 0.73750751953125 0.3544150390625 0.73865244140625 0.36128447265625 0.73750751953125 0.36414677734375 0.74189638671875 0.36223857421875 0.7472392578125 0.35689560546875 0.7487658203125 0.35804052734375 0.75639853515625 0.368535546875 0.75563525390625 0.37502333984375 0.7619322265625 0.37177939453125 0.77166396484375 0.33170771484375 0.78158642578125 0.32750966796875 0.77185478515625 0.33018115234375 0.7657486328125 0.32979951171875 0.762886328125 0.31090859375 0.7649853515625
0 0.00018388671875 0.47339736328125 0.01291416015625 0.48131962890625 0.01632373046875 0.4959318359375 0.02289921875 0.50348154296875 0.00779990234375 0.51371005859375 0.0012244140625 0.50518623046875 0.00018388671875 0.5060140625 0.00018388671875 0.47339736328125
0 0.00018388671875 0.4195025390625 0.02923115234375 0.42603662109375 0.02996181640625 0.43139453125 0.04359990234375 0.43431689453125 0.0414080078125 0.446980859375 0.0392162109375 0.44649375 0.035806640625 0.46256728515625 0.028744140625 0.4611060546875 0.02703935546875 0.468412109375 0.00018388671875 0.46309072265625 0.00018388671875 0.4195025390625
0 0.00018388671875 0.38070517578125 0.00656015625 0.38423486328125 0.00018388671875 0.39827890625 0.00018388671875 0.38070517578125
