0 0.72169052734375 1.15234375e-05 0.790169140625 0.0712033203125 0.79134765625 0.08063125 0.78466953125 0.0869166015625 0.7885978515625 0.09320185546875 0.78113408203125 0.0979158203125 0.796847265625 0.115200390625 0.80902509765625 0.1136291015625 0.81806015625 0.11480751953125 0.8310236328125 0.10734375 0.910487109375 0.19217001953125 0.90970146484375 0.1996337890625 0.90577314453125 0.20827607421875 0.90695166015625 0.2129900390625 0.92070078125 0.20474052734375 0.97334013671875 0.25934404296875 0.97334013671875 0.26602216796875 0.95644833984375 0.2797712890625 0.9678404296875 0.28998486328125 0.96941181640625 0.30059130859375 0.9623408203125 0.3064837890625 0.95998388671875 0.31512607421875 0.86582685546875 0.40499609375 0.85011357421875 0.39085419921875 0.82890068359375 0.41010283203125 0.81614736328125 0.3989470703125 0.816540234375 0.3922689453125 0.8369673828125 0.37537724609375 0.747401953125 0.2830619140625 0.71911806640625 0.3085958984375 0.71047578125 0.300346484375 0.711654296875 0.29563251953125 0.7379740234375 0.27324111328125 0.71872529296875 0.254778125 0.6927984375 0.2763837890625 0.69044140625 0.27441962890625 0.6876916015625 0.2673486328125 0.71086865234375 0.246921484375 0.68572744140625 0.2213875 0.65076552734375 0.25713505859375 0.6087326171875 0.21156669921875 0.60676845703125 0.2072455078125 0.61462509765625 0.19546064453125 0.61383291015625 0.192848046875 0.60401220703125 0.18302734375 0.6024408203125 0.17713486328125 0.62286806640625 0.15710048828125 0.5042896484375 0.03231943359375 0.49407392578125 0.04312744140625 0.48889208984375 0.0373533203125 0.4884478515625 0.034244140625 0.49777529296875 0.025212890625 0.500884375 0.025953125 0.5012486328125 0.0225341796875 0.502756640625 0.0190541015625 0.52474921875 1.259765625e-05 0.72169052734375 1.15234375e-05
0 0.9984994140625 0.41768740234375 0.91088076171875 0.50394853515625 0.9063685546875 0.50595400390625 0.8532240234375 0.45381220703125 0.85071728515625 0.4457904296875 0.9725484375 0.3229564453125 0.97956748046875 0.3239591796875 0.991098828125 0.33749599609375 0.9984994140625 0.341664453125 0.9984994140625 0.41768740234375
0 0.83210830078125 0.471084765625 0.840800390625 0.46125888671875 0.8483587890625 0.46125888671875 0.85478330078125 0.46277060546875 0.86309755859375 0.46900615234375 0.86763251953125 0.48355595703125 0.86517607421875 0.49300390625 0.85950732421875 0.500184375 0.8525158203125 0.50207392578125 0.8411783203125 0.50094013671875 0.83399794921875 0.49281494140625 0.83040771484375 0.48147744140625 0.83154150390625 0.4720294921875 0.83210830078125 0.471084765625
0 0.86801044921875 0.49281494140625 0.8767025390625 0.49016953125 0.884071875 0.49243701171875 0.89181923828125 0.50131806640625 0.894842578125 0.5075537109375 0.892575 0.52229248046875 0.884827734375 0.5281501953125 0.87708046875 0.530606640625 0.86857734375 0.52588271484375 0.8653650390625 0.522103515625 0.86366435546875 0.51416728515625 0.86196376953125 0.5054751953125 0.86574296875 0.4954603515625 0.86801044921875 0.49281494140625
0 0.836643359375 0.511521875 0.843634765625 0.5062310546875 0.859318359375 0.52229248046875 0.8581845703125 0.52871708984375 0.84779189453125 0.53703125 0.833053125 0.5196470703125 0.836643359375 0.511521875
1 0.40012373046875 0.16746611328125 0.4206796875 0.14991845703125 0.43120830078125 0.15041982421875 0.4828486328125 0.2055697265625 0.4808431640625 0.21459423828125 0.45778046875 0.23815830078125 0.40012373046875 0.16746611328125
2 0.22054345703125 0.21773525390625 0.2155095703125 0.1873841796875 0.2155095703125 0.18516337890625 0.22069150390625 0.184423046875 0.22128369140625 0.182646484375 0.228390234375 0.18220224609375 0.22898251953125 0.183090625 0.23446044921875 0.182942578125 0.2400865234375 0.21595859375 0.2360890625 0.2174390625 0.236237109375 0.2252859375 0.2320916015625 0.22750673828125 0.227205859375 0.22632236328125 0.22528115234375 0.21936376953125 0.22202392578125 0.21936376953125 0.22054345703125 0.21773525390625
0 0.14592509765625 9.86328125e-06 0.15166748046875 0.003455078125 0.14590859375 0.0136931640625 0.18174189453125 0.02393125 0.17214365234375 0.058484765625 0.1363103515625 0.0476068359375 0.13503056640625 0.057844921875 0.14782822265625 0.06232412109375 0.1447203125 0.070796484375 0.1305484375 0.0668283203125 0.12544658203125 0.08515732421875 0.15586884765625 0.093471484375 0.15416826171875 0.10178564453125 0.12355693359375 0.09403837890625 0.12034462890625 0.103297265625 0.1492552734375 0.1121783203125 0.14944423828125 0.116146484375 0.1475546875 0.12087041015625 0.117132421875 0.11274521484375 0.11505380859375 0.12446064453125 0.14457509765625 0.136625 0.14381923828125 0.14569501953125 0.136827734375 0.17725107421875 0.139418359375 0.184233203125 0.125246484375 0.21843466796875 0.12146728515625 0.229583203125 0.07376015625 0.31612998046875 0.07508291015625 0.318775390625 0.074516015625 0.32179873046875 0.07281533203125 0.32463310546875 0.070169921875 0.32312138671875 0.0607220703125 0.3403166015625 0.03748017578125 0.32652265625 0.0307650390625 0.34392158203125 0.00922373046875 0.3367412109375 0.00034267578125 0.34467744140625 -0.0 0.1173169921875 0.054017578125 0.1461875 0.06127216796875 0.13182626953125 0.06290078125 0.11080263671875 -0.0 0.0791103515625 0.00097998046875 7.2265625e-06 0.14592509765625 9.86328125e-06
0 0.10932900390625 0.26028369140625 0.1134861328125 0.258205078125 0.1219892578125 0.2629291015625 0.1106517578125 0.278234765625 0.1029044921875 0.2714322265625 0.10932900390625 0.26028369140625
4 0.12539052734375 0.26765302734375 0.12935869140625 0.26689716796875 0.13559423828125 0.271054296875 0.1405072265625 0.27728994140625 0.13068134765625 0.29826435546875 0.114619921875 0.2891943359375 0.12539052734375 0.26765302734375
