2 0.12333046875 9.5703125e-06 0.1249888671875 0.016121875 0.09113720703125 0.01709599609375 0.0891888671875 0.0127123046875 0.0874841796875 0.01392998046875 0.08772763671875 0.02001845703125 0.08285693359375 0.02026201171875 0.081395703125 0.00272734375 0.08504873046875 0.0019966796875 0.08707392578125 8.88671875e-06 0.12333046875 9.5703125e-06
2 0.18189921875 1.03515625e-05 0.1838619140625 0.00571298828125 0.19432763671875 0.0019751953125 0.19819404296875 1.064453125e-05 0.198219921875 1.064453125e-05 0.20733505859375 0.01931845703125 0.19283251953125 0.025298828125 0.188347265625 0.0185708984375 0.1494744140625 0.0309802734375 0.144540625 0.014085546875 0.15291318359375 0.01154384765625 0.15141806640625 0.0055634765625 0.1358607421875 9.765625e-06 0.18189921875 1.03515625e-05
2 0.23003603515625 1.103515625e-05 0.22964599609375 0.00238603515625 0.2133998046875 0.0118400390625 0.2067201171875 1.07421875e-05 0.23003603515625 1.103515625e-05
2 0.3157841796875 1.181640625e-05 0.324821484375 0.01457900390625 0.32493857421875 0.0210220703125 0.306078125 0.031330859375 0.29822939453125 0.01727333984375 0.29494404296875 0.01884736328125 0.28701259765625 1.162109375e-05 0.3157841796875 1.181640625e-05
2 0.47155615234375 1.25e-05 0.47147724609375 0.00211103515625 0.45114375 0.002708984375 0.46235703125 0.02393955078125 0.46758994140625 0.02513564453125 0.46639384765625 0.030667578125 0.45473203125 0.03365771484375 0.44606044921875 0.03395673828125 0.441724609375 0.03634892578125 0.4444158203125 0.04143232421875 0.43185693359375 0.04845927734375 0.4266240234375 0.03874111328125 0.43215595703125 0.0344052734375 0.42438134765625 0.021696875 0.41675634765625 0.0255841796875 0.414513671875 0.01392236328125 0.41869990234375 0.01153017578125 0.4191484375 0.00465263671875 0.4294890625 1.240234375e-05 0.47155615234375 1.25e-05
2 0.517448828125 1.25e-05 0.5122578125 0.00513662109375 0.50852001953125 0.0052861328125 0.50478232421875 0.0046880859375 0.50448330078125 0.006183203125 0.50508134765625 0.00797734375 0.48878466796875 0.01664892578125 0.48160810546875 0.00095029296875 0.48578515625 1.25e-05 0.517448828125 1.25e-05
2 0.43642607421875 0.04728525390625 0.45083115234375 0.03826591796875 0.46629443359375 0.033462890625 0.48035185546875 0.06509228515625 0.50542099609375 0.05431484375 0.52018134765625 0.07903251953125 0.4959322265625 0.0930900390625 0.482343359375 0.070832421875 0.4680515625 0.078446875 0.46453720703125 0.0798525390625 0.46184287109375 0.07434677734375 0.45152666015625 0.07928056640625 0.43642607421875 0.04728525390625
2 0.3042623046875 0.091625 0.3038806640625 0.06968095703125 0.3042623046875 0.06739111328125 0.320291015625 0.06605546875 0.3204818359375 0.0616666015625 0.32830537109375 0.0612849609375 0.32849619140625 0.04430224609375 0.34681474609375 0.04372978515625 0.3487228515625 0.06605546875 0.3506310546875 0.06605546875 0.35158515625 0.07158916015625 0.36933125 0.07082587890625 0.36971279296875 0.09086171875 0.3042623046875 0.091625
2 0.0034798828125 0.06603076171875 0.02294326171875 0.06641240234375 0.02294326171875 0.0864482421875 0.03839951171875 0.086257421875 0.03801787109375 0.076907421875 0.05309248046875 0.0759533203125 0.05232919921875 0.10896474609375 0.01397490234375 0.11068212890625 0.01244833984375 0.088547265625 0.01645546875 0.0879748046875 0.0156921875 0.08225029296875 0.0032890625 0.08225029296875 0.0034798828125 0.06603076171875
2 0.05256513671875 0.0648931640625 0.07224560546875 0.06536171875 0.07341708984375 0.08925947265625 0.08770888671875 0.08914228515625 0.0878259765625 0.07508486328125 0.10457783203125 0.07438193359375 0.10446064453125 0.119014453125 0.06369404296875 0.11971728515625 0.06357685546875 0.09019658203125 0.0681455078125 0.0900794921875 0.067794140625 0.084925 0.0540880859375 0.0845736328125 0.05256513671875 0.0648931640625
2 0.14136875 0.06460517578125 0.14241533203125 0.09331123046875 0.14540556640625 0.09749755859375 0.141966796875 0.10557119140625 0.123576953125 0.105720703125 0.12342744140625 0.1184291015625 0.11864306640625 0.12171826171875 0.1066822265625 0.122166796875 0.10683173828125 0.1070662109375 0.1090744140625 0.1070662109375 0.10982197265625 0.0780611328125 0.11341025390625 0.06968857421875 0.1214837890625 0.06998759765625 0.12163330078125 0.06460517578125 0.14136875 0.06460517578125
2 0.16470087890625 0.1044498046875 0.16527333984375 0.08040673828125 0.174241796875 0.08059755859375 0.1751958984375 0.073346484375 0.1860724609375 0.0735373046875 0.18626328125 0.08021591796875 0.19465927734375 0.08021591796875 0.19504091796875 0.10101513671875 0.19485009765625 0.1044498046875 0.16470087890625 0.1044498046875
2 0.20847138671875 0.1202369140625 0.20871484375 0.0934478515625 0.21407275390625 0.0929607421875 0.214559765625 0.08930771484375 0.215046875 0.080296875 0.2201611328125 0.08078388671875 0.2228400390625 0.0910125 0.2250318359375 0.09515263671875 0.23501689453125 0.09515263671875 0.23550400390625 0.0912560546875 0.24037470703125 0.0912560546875 0.241348828125 0.095883203125 0.25206455078125 0.09539619140625 0.25157744140625 0.10903427734375 0.24621962890625 0.1095212890625 0.24329716796875 0.12194169921875 0.20847138671875 0.1202369140625
2 0.24445966796875 0.11730322265625 0.253952734375 0.1175189453125 0.25057265625 0.1354263671875 0.24100771484375 0.14038857421875 0.2375556640625 0.13434755859375 0.24000078125 0.12226552734375 0.24402822265625 0.12262509765625 0.24445966796875 0.11730322265625
2 0.30620986328125 0.13345185546875 0.2856015625 0.13402421875 0.2854107421875 0.14738154296875 0.271671875 0.14699990234375 0.27262587890625 0.1357416015625 0.266710546875 0.13555078125 0.2661380859375 0.1218119140625 0.27472490234375 0.121239453125 0.27396162109375 0.11799560546875 0.27968623046875 0.11646904296875 0.281403515625 0.111126171875 0.29437919921875 0.1101720703125 0.29437919921875 0.10616484375 0.30430166015625 0.1059740234375 0.30620986328125 0.13345185546875
2 0.35900576171875 0.13925146484375 0.3372525390625 0.14173212890625 0.33763408203125 0.1348626953125 0.3307646484375 0.13543515625 0.33095546875 0.12589423828125 0.32809326171875 0.12589423828125 0.32771162109375 0.1186431640625 0.3353443359375 0.118833984375 0.3357259765625 0.1232228515625 0.3500373046875 0.12226875 0.35461689453125 0.11406357421875 0.35919658203125 0.11406357421875 0.35900576171875 0.13925146484375
2 0.30996552734375 0.11692578125 0.31149208984375 0.0942185546875 0.32752080078125 0.0934552734375 0.32790244140625 0.1077666015625 0.34316787109375 0.1073849609375 0.34393115234375 0.11482685546875 0.30996552734375 0.11692578125
2 0.36560302734375 0.15473251953125 0.36598466796875 0.12076689453125 0.38125009765625 0.12057607421875 0.379914453125 0.10435654296875 0.40090439453125 0.10511982421875 0.40185849609375 0.1272546875 0.39861455078125 0.1278271484375 0.3886919921875 0.128399609375 0.390027734375 0.15377841796875 0.36560302734375 0.15473251953125
2 0.68186669921875 1.181640625e-05 0.6873650390625 0.00184755859375 0.6772517578125 0.03295087890625 0.660078125 0.0274171875 0.66465771484375 0.0136783203125 0.6554984375 0.01425078125 0.6448126953125 0.01119765625 0.63717998046875 0.03657646484375 0.62325029296875 0.02321923828125 0.62420439453125 0.01730380859375 0.62687578125 0.0155865234375 0.6285931640625 0.0150140625 0.63415244140625 1.2109375e-05 0.68186669921875 1.181640625e-05
2 0.80075771484375 1.0546875e-05 0.80727734375 0.01642490234375 0.80529384765625 0.0219787109375 0.80965751953125 0.03863994140625 0.79616982421875 0.04340029296875 0.79101279296875 0.02872255859375 0.787442578125 0.02951591796875 0.7787705078125 1.083984375e-05 0.80075771484375 1.0546875e-05
2 0.493709765625 0.016294140625 0.51421015625 0.00668828125 0.519833203125 0.016294140625 0.5335392578125 0.00645400390625 0.54361376953125 0.0005966796875 0.54900244140625 0.00247099609375 0.552633984375 0.01313125 0.537170703125 0.02226865234375 0.528384765625 0.0280087890625 0.5302591796875 0.03292880859375 0.50647861328125 0.04581484375 0.493709765625 0.016294140625
2 0.53265302734375 0.06321279296875 0.53430517578125 0.04935302734375 0.52420869140625 0.04219365234375 0.52411689453125 0.0399908203125 0.54522783203125 0.01943056640625 0.5544982421875 0.0287927734375 0.55541611328125 0.0573384765625 0.549725390625 0.06321279296875 0.53265302734375 0.06321279296875
2 0.50740224609375 0.15502431640625 0.46419794921875 0.15564599609375 0.4632654296875 0.1220771484375 0.458603125 0.1220771484375 0.457670703125 0.09814384765625 0.4738333984375 0.0978330078125 0.474455078125 0.1180365234375 0.50584814453125 0.1180365234375 0.50740224609375 0.15502431640625
2 0.5258841796875 0.15568759765625 0.52483759765625 0.147016015625 0.5134748046875 0.1467169921875 0.51362431640625 0.13146689453125 0.51796015625 0.1313173828125 0.52065126953125 0.12264580078125 0.51033505859375 0.11965556640625 0.5098865234375 0.11920703125 0.51302626953125 0.10036865234375 0.53276171875 0.10605009765625 0.5276783203125 0.12683203125 0.56520546875 0.12668251953125 0.56520546875 0.15404306640625 0.5258841796875 0.15568759765625
2 0.57011171875 0.15680126953125 0.5706841796875 0.124553125 0.59243740234375 0.1258888671875 0.59300986328125 0.1367654296875 0.6120916015625 0.13695625 0.6111375 0.15699208984375 0.57011171875 0.15680126953125
2 0.6298376953125 0.15737373046875 0.630028515625 0.1266521484375 0.6576970703125 0.12531640625 0.6592236328125 0.140009375 0.6546439453125 0.140391015625 0.6550255859375 0.15680126953125 0.6298376953125 0.15737373046875
2 0.67603017578125 0.14894482421875 0.67167861328125 0.1069837890625 0.6946794921875 0.10636220703125 0.695301171875 0.1365119140625 0.703693359375 0.13620107421875 0.703693359375 0.10480810546875 0.7273158203125 0.10356474609375 0.726694140625 0.15112060546875 0.7108421875 0.15143134765625 0.709909765625 0.15982353515625 0.68784140625 0.15982353515625 0.68753056640625 0.14832314453125 0.67603017578125 0.14894482421875
2 0.25692763671875 0.09585224609375 0.2583888671875 0.08343193359375 0.2557099609375 0.08050947265625 0.2557099609375 0.05250263671875 0.2776283203125 0.05031083984375 0.27811533203125 0.083675390625 0.27543642578125 0.0841625 0.2739751953125 0.0982876953125 0.25692763671875 0.09585224609375
2 -0.0 0.2508357421875 -0.0 0.1911451171875 0.02187109375 0.191541796875 0.0214744140625 0.1867814453125 0.0337720703125 0.187178125 0.03416875 0.19828564453125 0.03297861328125 0.22724443359375 0.00957353515625 0.22883125 0.00838349609375 0.24985615234375 -0.0 0.2508357421875
2 0.0797966796875 0.188246875 0.0794150390625 0.19263564453125 0.08666611328125 0.19282646484375 0.08590283203125 0.2162970703125 0.064149609375 0.217251171875 0.0641015625 0.21770068359375 0.045078125 0.21770068359375 0.04430458984375 0.1880560546875 0.0797966796875 0.188246875
2 0.0921998046875 0.2325166015625 0.09315390625 0.18939169921875 0.13208076171875 0.18977333984375 0.13246240234375 0.21954091796875 0.11586123046875 0.22030419921875 0.11586123046875 0.23385224609375 0.0921998046875 0.2325166015625
2 0.1553556640625 0.2276251953125 0.15438154296875 0.223728515625 0.1441529296875 0.223728515625 0.14390947265625 0.2078986328125 0.15145908203125 0.20716806640625 0.1531638671875 0.20546328125 0.1853107421875 0.20424560546875 0.18482373046875 0.22567685546875 0.1553556640625 0.2276251953125
2 0.2048248046875 0.234102734375 0.20287646484375 0.20536533203125 0.2289349609375 0.20487822265625 0.23307509765625 0.2097490234375 0.24062470703125 0.2097490234375 0.2401376953125 0.23434619140625 0.2048248046875 0.234102734375
2 0.26016337890625 0.2552095703125 0.258571484375 0.2167044921875 0.2664603515625 0.21494697265625 0.27428388671875 0.2099857421875 0.29241162109375 0.21456533203125 0.29241162109375 0.220671484375 0.2979453125 0.22028984375 0.298326953125 0.24356962890625 0.29412890625 0.24376044921875 0.29412890625 0.250057421875 0.2670328125 0.2513931640625 0.2649337890625 0.2552095703125 0.26016337890625 0.2552095703125
2 0.30057275390625 0.275151171875 0.30057275390625 0.2561552734375 0.3076353515625 0.25591171875 0.3071482421875 0.21670224609375 0.3237087890625 0.21645869140625 0.329797265625 0.2149974609375 0.3427046875 0.22181650390625 0.3427046875 0.24909267578125 0.3427046875 0.25225869140625 0.320786328125 0.25469404296875 0.32029931640625 0.2753947265625 0.30057275390625 0.275151171875
2 0.3513548828125 0.26515498046875 0.35413173828125 0.2219150390625 0.369999609375 0.2211216796875 0.3696029296875 0.21636123046875 0.3807103515625 0.21556787109375 0.380313671875 0.22469189453125 0.40054521484375 0.22548525390625 0.39657822265625 0.28419638671875 0.3807103515625 0.28300625 0.3834873046875 0.26594833984375 0.3513548828125 0.26515498046875
2 0.55739365234375 0.0931521484375 0.5571498046875 0.065823828125 0.57806298828125 0.0652513671875 0.57825380859375 0.05819111328125 0.57214765625 0.05800029296875 0.5708119140625 0.04712373046875 0.601915234375 0.04578798828125 0.6024876953125 0.0513216796875 0.60821220703125 0.0513216796875 0.60783056640625 0.0543748046875 0.63721650390625 0.053420703125 0.63740732421875 0.054565625 0.63797978515625 0.07402900390625 0.6001978515625 0.07593720703125 0.6005794921875 0.08872197265625 0.58760390625 0.08967607421875 0.5874130859375 0.08910361328125 0.587222265625 0.07631884765625 0.58073447265625 0.07689130859375 0.58130693359375 0.084333203125 0.571384375 0.0849056640625 0.571384375 0.09253837890625 0.55739365234375 0.0931521484375
2 0.6840607421875 0.085090234375 0.6845478515625 0.0682861328125 0.67724169921875 0.073400390625 0.67017919921875 0.06658134765625 0.685278515625 0.05075146484375 0.69380224609375 0.04831611328125 0.70451787109375 0.049290234375 0.70500498046875 0.05318681640625 0.71036279296875 0.05343037109375 0.71084990234375 0.060005859375 0.7059791015625 0.06097998046875 0.70573564453125 0.0843595703125 0.6840607421875 0.085090234375
3 0.78228896484375 0.0607259765625 0.7885859375 0.0519484375 0.7996533203125 0.0519484375 0.80995751953125 0.04813203125 0.8173994140625 0.051566796875 0.845449609375 0.05290244140625 0.8443046875 0.06893115234375 0.8212158203125 0.07122099609375 0.821025 0.091066015625 0.83838935546875 0.091066015625 0.83858017578125 0.1059498046875 0.7996533203125 0.1055681640625 0.79602783203125 0.09850791015625 0.79679111328125 0.07751796875 0.78343388671875 0.0773271484375 0.78228896484375 0.0607259765625
3 0.78641181640625 0.169786328125 0.78526689453125 0.13963720703125 0.792136328125 0.13906474609375 0.7930904296875 0.13543916015625 0.79404453125 0.1255166015625 0.81198134765625 0.12456259765625 0.81293544921875 0.1297146484375 0.821140625 0.130287109375 0.8217130859375 0.15089541015625 0.83087236328125 0.15108623046875 0.83068154296875 0.17627421875 0.81159970703125 0.17741904296875 0.81179052734375 0.1711220703125 0.805302734375 0.171312890625 0.78641181640625 0.169786328125
2 0.970603515625 7.8125e-06 0.9723064453125 0.01598017578125 0.9503880859375 0.01598017578125 0.9508396484375 8.203125e-06 0.970603515625 7.8125e-06
2 0.9153765625 0.02242080078125 0.93583369140625 0.01706298828125 0.93778203125 0.02169013671875 0.94849765625 0.01998544921875 0.973094921875 0.026073828125 0.9691982421875 0.0401990234375 0.96237919921875 0.03873779296875 0.9621357421875 0.0669880859375 0.94143505859375 0.06820576171875 0.9404609375 0.04117314453125 0.920734375 0.04458271484375 0.9153765625 0.02242080078125
3 0.91708134765625 0.088662890625 0.918542578125 0.0696669921875 0.9540990234375 0.0694234375 0.9540990234375 0.0830615234375 0.93559013671875 0.0835486328125 0.93607724609375 0.08817587890625 0.91708134765625 0.088662890625
3 0.946673828125 0.1173875 0.946673828125 0.08972431640625 0.961282421875 0.087859375 0.9690529296875 0.0906568359375 0.97060712890625 0.11863076171875 0.95257939453125 0.12018486328125 0.946673828125 0.1173875
3 0.96846171875 0.12528935546875 0.96748759765625 0.16620361328125 0.9611556640625 0.16620361328125 0.960425 0.1710744140625 0.94581279296875 0.17034375 0.94581279296875 0.17424033203125 0.91561416015625 0.17448388671875 0.91244814453125 0.14282412109375 0.92925224609375 0.14209345703125 0.9299828125 0.14209345703125 0.92879052734375 0.125687890625 0.96846171875 0.12528935546875
2 0.4590818359375 0.218338671875 0.4858125 0.2198927734375 0.4855017578125 0.23481220703125 0.48923154296875 0.23543388671875 0.48892080078125 0.270867578125 0.48239345703125 0.2736650390625 0.48239345703125 0.28671953125 0.46405498046875 0.28671953125 0.4649875 0.2630970703125 0.45939267578125 0.262475390625 0.4590818359375 0.218338671875
2 0.55357177734375 0.22175771484375 0.5532609375 0.24662353515625 0.5389630859375 0.2463126953125 0.53989560546875 0.2525291015625 0.53336826171875 0.25221826171875 0.5305708984375 0.2599888671875 0.516273046875 0.2609212890625 0.51254326171875 0.24973173828125 0.5085025390625 0.239474609375 0.5085025390625 0.22175771484375 0.55357177734375 0.22175771484375
2 0.56874521484375 0.2246607421875 0.578973828125 0.2246607421875 0.578973828125 0.23415869140625 0.600405078125 0.23488935546875 0.60137919921875 0.2519369140625 0.589689453125 0.25218046875 0.5894458984375 0.259730078125 0.57385947265625 0.25948662109375 0.57385947265625 0.25826884765625 0.57385947265625 0.2519369140625 0.56874521484375 0.2519369140625 0.56874521484375 0.2246607421875
2 0.7064498046875 0.26125654296875 0.6876974609375 0.26101298828125 0.687941015625 0.2520021484375 0.68112197265625 0.2515150390625 0.68112197265625 0.26978037109375 0.6694322265625 0.26953681640625 0.66724033203125 0.2573599609375 0.66699677734375 0.2274048828125 0.6794171875 0.2274048828125 0.679904296875 0.229840234375 0.7069369140625 0.23178857421875 0.7064498046875 0.26125654296875
2 0.7417626953125 0.28585380859375 0.7230103515625 0.28634091796875 0.72252333984375 0.2649095703125 0.71594775390625 0.26369189453125 0.71594775390625 0.23982529296875 0.72179267578125 0.2386076171875 0.72325390625 0.2242388671875 0.74127568359375 0.224482421875 0.7417626953125 0.28585380859375
2 0.65735908203125 0.23552392578125 0.6570482421875 0.25168671875 0.6455478515625 0.2510650390625 0.636533984375 0.25603818359375 0.63466904296875 0.2563490234375 0.634358203125 0.254794921875 0.627209375 0.25448408203125 0.6275201171875 0.275930859375 0.61664140625 0.27562001953125 0.61664140625 0.2585248046875 0.6138439453125 0.25883564453125 0.61570888671875 0.2342806640625 0.65735908203125 0.23552392578125
2 0.8004654296875 0.27815947265625 0.77497802734375 0.28095693359375 0.7746671875 0.275362109375 0.771558984375 0.27505126953125 0.77031572265625 0.2657265625 0.763166796875 0.26665908203125 0.76192353515625 0.2557802734375 0.7585044921875 0.25609111328125 0.75819365234375 0.23495517578125 0.7616126953125 0.2337119140625 0.76192353515625 0.2243873046875 0.773734765625 0.2243873046875 0.7746671875 0.23930673828125 0.78088359375 0.23837421875 0.78181611328125 0.24676650390625 0.7846134765625 0.24614482421875 0.78399189453125 0.23930673828125 0.796735546875 0.2380634765625 0.8004654296875 0.27815947265625
2 0.82263828125 0.2614666015625 0.81801103515625 0.2234748046875 0.83481513671875 0.22250068359375 0.8416341796875 0.22566669921875 0.8555158203125 0.22542314453125 0.855759375 0.233946875 0.85722060546875 0.2668244140625 0.83992939453125 0.267555078125 0.8282396484375 0.269746875 0.82677841796875 0.262197265625 0.82263828125 0.2614666015625
2 0.96858388671875 0.26122958984375 0.92660400390625 0.26161123046875 0.92603154296875 0.24691826171875 0.9351908203125 0.24672744140625 0.93652646484375 0.24043046875 0.9329009765625 0.2406212890625 0.933091796875 0.221539453125 0.9453041015625 0.22192109375 0.9456857421875 0.23203447265625 0.949311328125 0.23222529296875 0.9495021484375 0.21963134765625 0.96972880859375 0.22039462890625 0.96858388671875 0.26122958984375
2 0.90906669921875 0.30752958984375 0.9127197265625 0.29048193359375 0.92562724609375 0.292673828125 0.92806259765625 0.27806162109375 0.9378041015625 0.2787921875 0.9399958984375 0.2700248046875 0.9399958984375 0.26685888671875 0.95753056640625 0.268563671875 0.94876328125 0.316296875 0.90906669921875 0.30752958984375
2 0.9515125 0.37205009765625 0.922531640625 0.3652310546875 0.9254541015625 0.351105859375 0.93178603515625 0.35232353515625 0.93665673828125 0.33016162109375 0.95394794921875 0.3345453125 0.94834658203125 0.3562201171875 0.954678515625 0.3571943359375 0.9515125 0.37205009765625
2 -0.0 0.26240361328125 0.00983623046875 0.2626904296875 0.00945458984375 0.27814658203125 0.00945458984375 0.28215380859375 0.0321619140625 0.28253544921875 0.0325435546875 0.305051953125 0.00754638671875 0.305051953125 0.00716474609375 0.29665595703125 -0.0 0.29608349609375 -0.0 0.26240361328125
2 0.03616904296875 0.272612890625 0.0415119140625 0.2720404296875 0.0415119140625 0.26955986328125 0.05257939453125 0.26917822265625 0.05429677734375 0.2871150390625 0.06879892578125 0.2867333984375 0.06860810546875 0.2892140625 0.08024794921875 0.2894048828125 0.08463681640625 0.2901681640625 0.08444599609375 0.31096728515625 0.08482763671875 0.31230302734375 0.061738671875 0.31344794921875 0.0615478515625 0.31134892578125 0.05277021484375 0.30944072265625 0.0479998046875 0.3002814453125 0.043992578125 0.29417529296875 0.03731396484375 0.29417529296875 0.03616904296875 0.272612890625
2 0.1361375 0.307943359375 0.1119037109375 0.3077525390625 0.1111404296875 0.30088310546875 0.0914861328125 0.30069228515625 0.09015048828125 0.2802748046875 0.1084689453125 0.2798931640625 0.1098046875 0.2779849609375 0.112476171875 0.277794140625 0.112476171875 0.2682533203125 0.135755859375 0.27016142578125 0.1361375 0.307943359375
2 0.18808115234375 0.29014443359375 0.190878515625 0.26963017578125 0.21170361328125 0.27056259765625 0.2113927734375 0.297293359375 0.21698759765625 0.297293359375 0.2166767578125 0.292941796875 0.2368802734375 0.29387431640625 0.2347044921875 0.30661796875 0.23967763671875 0.3072396484375 0.23905595703125 0.3215375 0.19833828125 0.31967255859375 0.20082490234375 0.29107685546875 0.18808115234375 0.29014443359375
2 0.3630947265625 0.33824384765625 0.3627130859375 0.32488662109375 0.36595703125 0.32469580078125 0.36672021484375 0.31878046875 0.38313056640625 0.319162109375 0.38217646484375 0.291302734375 0.39992255859375 0.2914935546875 0.40011337890625 0.33824384765625 0.3630947265625 0.33824384765625
2 0.45036865234375 0.35022431640625 0.45036865234375 0.29489794921875 0.45845009765625 0.29241142578125 0.47057216796875 0.2936546875 0.47150458984375 0.30919580078125 0.4758560546875 0.311682421875 0.47741025390625 0.35053515625 0.45036865234375 0.35022431640625
2 0.50414091796875 0.3203853515625 0.50351923828125 0.29987109375 0.520614453125 0.30018193359375 0.5212361328125 0.32877763671875 0.51346552734375 0.32877763671875 0.51315478515625 0.3203853515625 0.50414091796875 0.3203853515625
2 0.57250537109375 0.35196162109375 0.57299248046875 0.3288255859375 0.5990509765625 0.32809501953125 0.59978154296875 0.359511328125 0.59125771484375 0.35902421875 0.59125771484375 0.3502568359375 0.57250537109375 0.35196162109375
2 0.60521806640625 0.32345263671875 0.603353125 0.30666826171875 0.62790810546875 0.30666826171875 0.6285296875 0.331533984375 0.6397193359375 0.33029072265625 0.64096259765625 0.352669921875 0.62107001953125 0.35391318359375 0.6198267578125 0.32283095703125 0.60521806640625 0.32345263671875
2 0.6803259765625 0.35439482421875 0.67627568359375 0.3250296875 0.68285751953125 0.32401708984375 0.6838701171875 0.30882822265625 0.703109375 0.31135966796875 0.70412197265625 0.34983818359375 0.69348974609375 0.35034453125 0.69399599609375 0.3533822265625 0.6803259765625 0.35439482421875
2 0.0039248046875 0.40263212890625 0.004471484375 0.38047236328125 0.03228095703125 0.37910107421875 0.03228095703125 0.387182421875 0.0394298828125 0.387182421875 0.0394298828125 0.402101953125 0.0039248046875 0.40263212890625
2 0.06398486328125 0.4129806640625 0.066160546875 0.37910107421875 0.0667822265625 0.37847939453125 0.0904046875 0.3803443359375 0.08916142578125 0.41329150390625 0.06398486328125 0.4129806640625
2 0.1373578125 0.3929556640625 0.1417578125 0.39255859375 0.141103515625 0.41708984375 0.13540947265625 0.417309375 0.1349892578125 0.4095033203125 0.10301904296875 0.40854208984375 0.10082724609375 0.3983134765625 0.0991224609375 0.38857197265625 0.10009658203125 0.385649609375 0.10642861328125 0.385649609375 0.10594150390625 0.38297060546875 0.1371142578125 0.3827271484375 0.1373578125 0.3929556640625
2 0.17876005859375 0.396990625 0.18219482421875 0.3971814453125 0.19154482421875 0.3987080078125 0.190654296875 0.423876953125 0.16944521484375 0.4231376953125 0.16984716796875 0.43017265625 0.169219140625 0.44984716796875 0.14106376953125 0.4513212890625 0.1417943359375 0.43354306640625 0.1561630859375 0.43305595703125 0.156434375 0.40424169921875 0.1566251953125 0.399662109375 0.16673857421875 0.39222021484375 0.1678833984375 0.39107529296875 0.17876005859375 0.396990625
2 0.217168359375 0.396560546875 0.24216025390625 0.39735390625 0.24414375 0.42512265625 0.23620986328125 0.4290896484375 0.21002783203125 0.4290896484375 0.2080443359375 0.42591611328125 0.20566416015625 0.4108416015625 0.20844111328125 0.405287890625 0.217168359375 0.396560546875
2 0.0930876953125 0.41451455078125 0.1064822265625 0.412809765625 0.10900185546875 0.42993935546875 0.09479248046875 0.4322927734375 0.0930876953125 0.41451455078125
2 0.24419833984375 0.4391951171875 0.25663125 0.43888427734375 0.25569873046875 0.41681591796875 0.2926865234375 0.41681591796875 0.29455146484375 0.4317353515625 0.2727939453125 0.4345328125 0.27372646484375 0.44261416015625 0.26688837890625 0.44323583984375 0.26284765625 0.46312841796875 0.24606328125 0.4634392578125 0.24419833984375 0.4391951171875
2 0.31051416015625 0.4161744140625 0.34266103515625 0.41690498046875 0.34241748046875 0.4327349609375 0.31027060546875 0.43322197265625 0.31051416015625 0.4161744140625
2 0.00628916015625 0.4463171875 0.02966865234375 0.451675 0.0262591796875 0.4621470703125 0.02772041015625 0.468235546875 0.01870947265625 0.4701837890625 0.0182224609375 0.46385185546875 0.004097265625 0.462877734375 0.00628916015625 0.4463171875
2 0.01238017578125 0.4726283203125 0.041117578125 0.47628134765625 0.0430658203125 0.4779861328125 0.0489107421875 0.47871669921875 0.04720595703125 0.4935724609375 0.00994482421875 0.4889453125 0.01238017578125 0.4726283203125
2 0.2025498046875 0.48937001953125 0.2010232421875 0.472578125 0.22373056640625 0.4716240234375 0.2262203125 0.49400205078125 0.25602099609375 0.493519921875 0.257067578125 0.52701025390625 0.217447265625 0.52790732421875 0.21713330078125 0.49209140625 0.2023466796875 0.4920248046875 0.2025498046875 0.48937001953125
2 0.258766015625 0.49340439453125 0.2578119140625 0.47756650390625 0.27784775390625 0.47813896484375 0.27802353515625 0.49857158203125 0.280224609375 0.501740234375 0.28187685546875 0.50559521484375 0.283804296875 0.5070638671875 0.287383984375 0.5071556640625 0.28674150390625 0.501740234375 0.29013759765625 0.50238271484375 0.2894951171875 0.494764453125 0.30436455078125 0.494764453125 0.30735498046875 0.5368314453125 0.2678638671875 0.5343 0.26682744140625 0.5010611328125 0.2702662109375 0.50121064453125 0.2702662109375 0.49732333984375 0.2602490234375 0.497173828125 0.258766015625 0.49340439453125
2 0.19472578125 0.42919228515625 0.20785126953125 0.4288251953125 0.20922802734375 0.44406171875 0.20895263671875 0.44800859375 0.1963779296875 0.4481921875 0.1959189453125 0.444153515625 0.19472578125 0.42919228515625
2 0.29627392578125 0.44783388671875 0.30633212890625 0.44434853515625 0.30791884765625 0.4415716796875 0.314266015625 0.4415716796875 0.3174396484375 0.44514189453125 0.3146626953125 0.45267919921875 0.316309765625 0.45832890625 0.312493359375 0.46596162109375 0.3037158203125 0.46615244140625 0.29627392578125 0.46271767578125 0.29627392578125 0.44783388671875
2 0.36454267578125 0.42346142578125 0.385243359375 0.42565322265625 0.38378212890625 0.44221376953125 0.35967197265625 0.440508984375 0.36454267578125 0.42346142578125
2 0.37610126953125 0.45036298828125 0.39350732421875 0.4500521484375 0.39226396484375 0.475850390625 0.3767228515625 0.475850390625 0.37610126953125 0.45036298828125
2 0.30809755859375 0.48253388671875 0.32260009765625 0.48283291015625 0.32230107421875 0.47984267578125 0.33336484375 0.48014169921875 0.33336484375 0.48552412109375 0.327982421875 0.4856736328125 0.32902900390625 0.501372265625 0.30854609375 0.50152177734375 0.30809755859375 0.48253388671875
2 0.34058271484375 0.49023427734375 0.35635537109375 0.49004345703125 0.35921767578125 0.530878515625 0.318191796875 0.5295427734375 0.3172376953125 0.50378232421875 0.32906845703125 0.50340068359375 0.32945009765625 0.50626298828125 0.34070830078125 0.50549970703125 0.34058271484375 0.49023427734375
2 0.3619880859375 0.515969921875 0.39652509765625 0.51701650390625 0.397870703125 0.54512451171875 0.38291962890625 0.54602158203125 0.38351767578125 0.5316685546875 0.37215478515625 0.53211708984375 0.37335087890625 0.54602158203125 0.36124052734375 0.54602158203125 0.3619880859375 0.515969921875
2 0.45636572265625 0.42131611328125 0.49679287109375 0.4200984375 0.49703642578125 0.457116015625 0.46610712890625 0.4583337890625 0.4575833984375 0.45662900390625 0.45636572265625 0.42131611328125
2 0.5128982421875 0.42312841796875 0.52483154296875 0.42093662109375 0.52434443359375 0.41557880859375 0.5370083984375 0.41533525390625 0.5370083984375 0.423858984375 0.54894169921875 0.424833203125 0.54967236328125 0.4384712890625 0.51435947265625 0.43920185546875 0.5128982421875 0.42312841796875
2 0.4522216796875 0.490445703125 0.47219169921875 0.4872796875 0.47560126953125 0.5099287109375 0.4624501953125 0.5143123046875 0.45611826171875 0.511876953125 0.4522216796875 0.490445703125
2 0.47572314453125 0.51805478515625 0.50762646484375 0.5165935546875 0.50835712890625 0.53169287109375 0.47742783203125 0.5363201171875 0.47474892578125 0.52925751953125 0.47572314453125 0.51805478515625
2 0.52551064453125 0.50927939453125 0.5342779296875 0.50854873046875 0.53841806640625 0.5095228515625 0.54036640625 0.51488076171875 0.54913369140625 0.51463720703125 0.548403125 0.50903583984375 0.558631640625 0.5078181640625 0.56009287109375 0.51195830078125 0.56106708984375 0.517803125 0.56082353515625 0.5341201171875 0.5267283203125 0.53631201171875 0.52551064453125 0.50927939453125
2 0.56313720703125 0.418528125 0.58997099609375 0.41498408203125 0.5980716796875 0.4210595703125 0.5980716796875 0.45396884765625 0.5636435546875 0.45599404296875 0.561112109375 0.4251099609375 0.56313720703125 0.418528125
2 0.6129583984375 0.41952880859375 0.655008203125 0.4175453125 0.6546115234375 0.43936357421875 0.61533857421875 0.43896689453125 0.6129583984375 0.41952880859375
2 0.666496875 0.4246060546875 0.66711845703125 0.4214978515625 0.68980849609375 0.41963291015625 0.70286298828125 0.4255384765625 0.69882236328125 0.45786396484375 0.66867265625 0.45568828125 0.666496875 0.4246060546875
2 0.72544111328125 0.43715732421875 0.75959755859375 0.44612578125 0.75463623046875 0.470550390625 0.71685439453125 0.46158193359375 0.72544111328125 0.43715732421875
2 0.91102373046875 0.378406640625 0.923444140625 0.38035498046875 0.9263666015625 0.38522568359375 0.92247001953125 0.3983767578125 0.9076142578125 0.39594130859375 0.91102373046875 0.378406640625
2 0.8923314453125 0.46620634765625 0.8891654296875 0.4645015625 0.89306201171875 0.44647978515625 0.888921875 0.44087841796875 0.8886783203125 0.43064990234375 0.8942796875 0.4284580078125 0.89647158203125 0.4235873046875 0.8726048828125 0.42163896484375 0.8752837890625 0.40239951171875 0.89306201171875 0.40556552734375 0.8913572265625 0.41701181640625 0.8996375 0.41896005859375 0.9062130859375 0.41433291015625 0.9110837890625 0.41896005859375 0.91765927734375 0.42431787109375 0.92861845703125 0.4267533203125 0.9271572265625 0.439904296875 0.92009462890625 0.43893017578125 0.9193640625 0.444775 0.9271572265625 0.45110703125 0.9196076171875 0.473025390625 0.8923314453125 0.46620634765625
2 0.574519140625 0.51477275390625 0.6096419921875 0.51477275390625 0.61243935546875 0.54803076171875 0.57420830078125 0.5470982421875 0.574519140625 0.51477275390625
2 0.62000556640625 0.52578935546875 0.63889658203125 0.52540771484375 0.63813330078125 0.51414951171875 0.660840625 0.51510361328125 0.661222265625 0.54639765625 0.62000556640625 0.5454435546875 0.62000556640625 0.52578935546875
2 0.68804423828125 0.5156392578125 0.68804423828125 0.50476259765625 0.70788935546875 0.50495341796875 0.70998837890625 0.54712421875 0.669344140625 0.545979296875 0.6691533203125 0.52098212890625 0.687471875 0.52079130859375 0.68804423828125 0.5156392578125
2 0.71960869140625 0.5104416015625 0.7449234375 0.50942900390625 0.7449234375 0.5504390625 0.7206212890625 0.55195791015625 0.71960869140625 0.5104416015625
3 0.7692958984375 0.51270380859375 0.7907271484375 0.51270380859375 0.79170126953125 0.53559638671875 0.77562783203125 0.53705751953125 0.77002646484375 0.53583984375 0.7692958984375 0.51270380859375
2 0.99849931640625 0.554512890625 0.9773294921875 0.5540287109375 0.97854716796875 0.52480419921875 0.99849931640625 0.52523173828125 0.99849931640625 0.554512890625
2 0.862797265625 0.57261513671875 0.90785166015625 0.572128125 0.9098 0.61961787109375 0.8742435546875 0.62205322265625 0.8710775390625 0.61645185546875 0.87010341796875 0.6050056640625 0.877653125 0.6045185546875 0.8764353515625 0.59428994140625 0.85987490234375 0.593559375 0.85963134765625 0.57310224609375 0.862797265625 0.57261513671875
2 0.9984994140625 0.66077900390625 0.979145703125 0.66203642578125 0.98194306640625 0.67478017578125 0.96546953125 0.676955859375 0.96298291015625 0.65954990234375 0.968577734375 0.6576849609375 0.96982099609375 0.62569580078125 0.98567294921875 0.62041181640625 0.9984994140625 0.62381259765625 0.9984994140625 0.66077900390625
2 -0.0 0.57159921875 0.02638525390625 0.57159296875 0.0277310546875 0.6043037109375 0.00581279296875 0.6047908203125 0.00556923828125 0.58871728515625 -0.0 0.5884091796875 -0.0 0.57159921875
2 0.08636630859375 0.569200390625 0.10342431640625 0.569200390625 0.10342431640625 0.58070458984375 0.12722607421875 0.57991123046875 0.12643271484375 0.605696484375 0.097473828125 0.60648984375 0.0875564453125 0.60331630859375 0.08636630859375 0.569200390625
2 -0.0 0.670081640625 0.02316318359375 0.670323828125 0.02602548828125 0.6960841796875 0.00465390625 0.69513017578125 0.004272265625 0.68616171875 -0.0 0.68576142578125 -0.0 0.670081640625
2 -0.0 0.76090576171875 0.02024501953125 0.76036640625 0.0199341796875 0.78802958984375 -0.0 0.787696875 -0.0 0.76090576171875
2 0.093917578125 0.64089892578125 0.09269990234375 0.65916416015625 0.07540869140625 0.6581900390625 0.07613935546875 0.6404896484375 0.093917578125 0.64089892578125
2 0.0967310546875 0.6684703125 0.120353515625 0.6684703125 0.12221845703125 0.68028154296875 0.12439423828125 0.698930859375 0.0957986328125 0.69924169921875 0.0967310546875 0.6684703125
2 0.13155751953125 0.64686689453125 0.14834951171875 0.64763017578125 0.150066796875 0.667666015625 0.13136669921875 0.667284375 0.13155751953125 0.64686689453125
2 0.1302623046875 0.59565205078125 0.13976025390625 0.59394736328125 0.13902958984375 0.588589453125 0.15315478515625 0.583231640625 0.16338330078125 0.5888330078125 0.1711765625 0.58469287109375 0.17750849609375 0.58810244140625 0.17702138671875 0.61464794921875 0.17556015625 0.61683984375 0.13147998046875 0.61830107421875 0.1302623046875 0.59565205078125
2 0.1870875 0.59334462890625 0.22953408203125 0.59334462890625 0.227947265625 0.6330142578125 0.20692236328125 0.63499775390625 0.20612900390625 0.622303515625 0.18736005859375 0.62138466796875 0.1870875 0.59334462890625
2 0.179981640625 0.62957841796875 0.1979185546875 0.62938759765625 0.1986818359375 0.6484693359375 0.1809357421875 0.6496142578125 0.179981640625 0.62957841796875
2 0.24068974609375 0.5989818359375 0.27941220703125 0.60044306640625 0.27843798828125 0.6586484375 0.2309482421875 0.65694365234375 0.2309482421875 0.62552734375 0.24068974609375 0.62382255859375 0.24068974609375 0.5989818359375
2 0.2964259765625 0.6037697265625 0.30300146484375 0.60279560546875 0.3039755859375 0.601821484375 0.3103076171875 0.6015779296875 0.3120123046875 0.60620517578125 0.31931845703125 0.6064486328125 0.31907490234375 0.6317765625 0.2959388671875 0.6310458984375 0.2964259765625 0.6037697265625
2 0.22990439453125 0.665601953125 0.24451669921875 0.665601953125 0.2454908203125 0.68094482421875 0.2294173828125 0.68143193359375 0.22990439453125 0.665601953125
2 0.18075859375 0.66181630859375 0.19610146484375 0.66254697265625 0.19537080078125 0.67667216796875 0.1895259765625 0.6803251953125 0.180271484375 0.67886396484375 0.18075859375 0.66181630859375
2 0.19834638671875 0.6864763671875 0.22610966796875 0.68769404296875 0.22610966796875 0.709125390625 0.197372265625 0.7079076171875 0.19834638671875 0.6864763671875
2 0.24009365234375 0.6924779296875 0.2768677734375 0.6929650390625 0.277111328125 0.7031935546875 0.273458203125 0.70489833984375 0.2710228515625 0.71074326171875 0.23985009765625 0.71123037109375 0.24009365234375 0.6924779296875
2 0.2853916015625 0.7010017578125 0.29147998046875 0.69759228515625 0.29172353515625 0.68931201171875 0.30463095703125 0.6897990234375 0.30463095703125 0.70295009765625 0.3090146484375 0.7041677734375 0.30804052734375 0.6951568359375 0.31559013671875 0.6956439453125 0.315103125 0.68931201171875 0.32411396484375 0.68906845703125 0.32411396484375 0.70757724609375 0.33531669921875 0.71025615234375 0.3358037109375 0.7251119140625 0.28636572265625 0.725842578125 0.2853916015625 0.7010017578125
2 0.33229140625 0.68428115234375 0.3456859375 0.68379404296875 0.343494140625 0.701572265625 0.3298560546875 0.70230283203125 0.33229140625 0.68428115234375
2 0.37707822265625 0.7301521484375 0.33884287109375 0.730395703125 0.33908642578125 0.7165140625 0.34955849609375 0.71553984375 0.34980205078125 0.70604189453125 0.36879794921875 0.7050677734375 0.369528515625 0.7135916015625 0.38073125 0.71237392578125 0.38024423828125 0.7301521484375 0.37707822265625 0.7301521484375
2 0.3924765625 0.71903203125 0.4007568359375 0.71513544921875 0.4024615234375 0.7102646484375 0.4324166015625 0.70953408203125 0.43119892578125 0.73437490234375 0.3917458984375 0.73437490234375 0.3924765625 0.71903203125
2 0.483891796875 0.6119962890625 0.51896123046875 0.61150927734375 0.5199353515625 0.64974462890625 0.49631220703125 0.64974462890625 0.4975298828125 0.6745853515625 0.47804697265625 0.67629013671875 0.475855078125 0.6129705078125 0.483891796875 0.6119962890625
2 0.537198046875 0.60933349609375 0.57418583984375 0.60933349609375 0.57480751953125 0.6369966796875 0.537198046875 0.63761826171875 0.537198046875 0.60933349609375
2 0.5785021484375 0.6101904296875 0.613571484375 0.6097033203125 0.6143021484375 0.6347876953125 0.578745703125 0.6379537109375 0.5785021484375 0.6101904296875
2 0.52340849609375 0.68617197265625 0.53770625 0.6858611328125 0.53770625 0.70513212890625 0.54578759765625 0.7110376953125 0.567234375 0.71414599609375 0.568166796875 0.7299978515625 0.5613287109375 0.74025498046875 0.52971953125 0.73995009765625 0.525903125 0.7334623046875 0.53010107421875 0.73021845703125 0.53010107421875 0.7078927734375 0.522468359375 0.70808359375 0.52340849609375 0.68617197265625
2 0.57932431640625 0.7080642578125 0.61171474609375 0.7100125 0.613906640625 0.73874990234375 0.59612841796875 0.73948056640625 0.59320595703125 0.74215947265625 0.58736103515625 0.74410771484375 0.58249033203125 0.74215947265625 0.57761953125 0.73899345703125 0.57932431640625 0.7080642578125
2 0.6281146484375 0.61305654296875 0.6563966796875 0.6125501953125 0.6639462890625 0.62180458984375 0.66345927734375 0.64981142578125 0.6313123046875 0.64859375 0.62546748046875 0.6286236328125 0.62668515625 0.613280859375 0.6281146484375 0.61305654296875
2 0.673855859375 0.61260234375 0.696467578125 0.6114123046875 0.69884775390625 0.61775947265625 0.71154208984375 0.61775947265625 0.71193876953125 0.64156123046875 0.70360810546875 0.6435447265625 0.70241806640625 0.6490984375 0.673855859375 0.64711494140625 0.673855859375 0.61260234375
2 0.72299833984375 0.62593623046875 0.725378515625 0.61681220703125 0.73569267578125 0.615225390625 0.7483869140625 0.61601884765625 0.75870107421875 0.6279197265625 0.76108125 0.64577109375 0.72339501953125 0.6473578125 0.72299833984375 0.62593623046875
2 0.76742841796875 0.6287130859375 0.80630458984375 0.63109326171875 0.8074947265625 0.65330830078125 0.8031310546875 0.65449833984375 0.76822177734375 0.65291162109375 0.76742841796875 0.6287130859375
2 0.819112890625 0.62656162109375 0.82781591796875 0.62656162109375 0.8284375 0.6228318359375 0.8327890625 0.621277734375 0.84024873046875 0.6237642578125 0.84335703125 0.6259400390625 0.8554791015625 0.62625087890625 0.85454658203125 0.64023779296875 0.84708681640625 0.64303525390625 0.8427353515625 0.64676513671875 0.8365189453125 0.64552177734375 0.8290591796875 0.6427244140625 0.83030244140625 0.6495625 0.8175587890625 0.64925166015625 0.819112890625 0.62656162109375
2 0.85833125 0.62260361328125 0.9102046875 0.6221166015625 0.9102046875 0.66984990234375 0.86709853515625 0.67009345703125 0.86685498046875 0.65450703125 0.880249609375 0.65328935546875 0.87854482421875 0.64257373046875 0.85979248046875 0.6430607421875 0.85833125 0.62260361328125
2 0.966451171875 0.6934287109375 0.98179404296875 0.69440283203125 0.98203759765625 0.7211919921875 0.9971369140625 0.72143544921875 0.996893359375 0.7372654296875 0.966451171875 0.73823955078125 0.966451171875 0.6934287109375
2 0.66936474609375 0.71351083984375 0.6926763671875 0.71444326171875 0.69236552734375 0.69423984375 0.70977158203125 0.69548310546875 0.71287978515625 0.7430388671875 0.6696755859375 0.7442822265625 0.66936474609375 0.71351083984375
2 0.71647763671875 0.71520234375 0.74131845703125 0.7166634765625 0.74180546875 0.69742412109375 0.75662236328125 0.69684970703125 0.75714833984375 0.73273701171875 0.71647763671875 0.7339546875 0.71647763671875 0.71520234375
2 0.75963486328125 0.66072705078125 0.7725423828125 0.6565869140625 0.7800919921875 0.67387802734375 0.7640185546875 0.67947939453125 0.75963486328125 0.66072705078125
2 0.8072666015625 0.69123701171875 0.822496875 0.69185859375 0.8240509765625 0.70646728515625 0.82374013671875 0.70646728515625 0.82591591796875 0.71299453125 0.855133203125 0.7145486328125 0.85575478515625 0.7344412109375 0.81379384765625 0.73537373046875 0.815037109375 0.71019716796875 0.806644921875 0.70895380859375 0.8072666015625 0.69123701171875
2 0.8708916015625 0.6751466796875 0.90329453125 0.6746404296875 0.90329453125 0.71970078125 0.88253642578125 0.71818193359375 0.8774734375 0.70552451171875 0.856715234375 0.70552451171875 0.8546900390625 0.68426005859375 0.8708916015625 0.68527265625 0.8708916015625 0.6751466796875
2 0.88584951171875 0.7283873046875 0.90660771484375 0.72990625 0.9061013671875 0.76737216796875 0.88584951171875 0.76686591796875 0.88584951171875 0.7283873046875
2 0.87751787109375 0.7746474609375 0.90449326171875 0.7746474609375 0.9068734375 0.81273037109375 0.876082421875 0.81186904296875 0.87751787109375 0.7746474609375
2 0.962713671875 0.8412314453125 0.962713671875 0.839895703125 0.96729326171875 0.839895703125 0.96672080078125 0.826729296875 0.9760708984375 0.8276833984375 0.975116796875 0.812799609375 0.99324453125 0.8126087890625 0.994389453125 0.8582142578125 0.9629044921875 0.8566876953125 0.962713671875 0.8412314453125
2 0.86168427734375 0.821824609375 0.8611779296875 0.81878681640625 0.88092353515625 0.81929306640625 0.8819361328125 0.83600087890625 0.90573203125 0.83802607421875 0.90623837890625 0.856758984375 0.86219052734375 0.856758984375 0.86168427734375 0.821824609375
2 0.87781455078125 0.863196484375 0.90597998046875 0.86517998046875 0.90558330078125 0.904849609375 0.88138486328125 0.90564306640625 0.88013896484375 0.899692578125 0.8749869140625 0.900455859375 0.8749869140625 0.90961513671875 0.85705 0.90923349609375 0.8568591796875 0.888816015625 0.87632265625 0.89167822265625 0.8761318359375 0.86553623046875 0.87781455078125 0.863196484375
2 0.85199169921875 0.99900986328125 0.85045986328125 0.98288095703125 0.85877236328125 0.98213984375 0.85885205078125 0.962884765625 0.8775173828125 0.96257392578125 0.87782822265625 0.98277734375 0.901912890625 0.98182900390625 0.9035330078125 0.999008984375 0.85199169921875 0.99900986328125
2 0.85638408203125 0.91469326171875 0.87752001953125 0.916558203125 0.87752001953125 0.9308560546875 0.9023857421875 0.92992353515625 0.9023857421875 0.95727587890625 0.85918154296875 0.9582083984375 0.85545166015625 0.95478935546875 0.85638408203125 0.91469326171875
2 0.0188419921875 0.86759892578125 0.04291318359375 0.86670185546875 0.042165625 0.88374609375 0.01839345703125 0.88359658203125 0.0188419921875 0.86759892578125
2 0.0337984375 0.7654642578125 0.070085546875 0.767899609375 0.0688677734375 0.79395810546875 0.04646240234375 0.79371455078125 0.0474365234375 0.81928603515625 0.02186513671875 0.8168505859375 0.0230828125 0.801020703125 0.031606640625 0.801020703125 0.031606640625 0.7686302734375 0.0337984375 0.7654642578125
2 0.085476953125 0.76776201171875 0.1267333984375 0.7705388671875 0.12514658203125 0.798704296875 0.0850802734375 0.79672080078125 0.085476953125 0.76776201171875
2 0.13704755859375 0.7756958984375 0.16957666015625 0.7784728515625 0.168783203125 0.802274609375 0.13744423828125 0.7979109375 0.13704755859375 0.7756958984375
2 0.18425439453125 0.7887869140625 0.2040892578125 0.79077041015625 0.21162646484375 0.7852166015625 0.2195603515625 0.78561337890625 0.2223373046875 0.812588671875 0.19893212890625 0.8113986328125 0.19813876953125 0.8312333984375 0.18544453125 0.84472109375 0.1719568359375 0.83639052734375 0.1735435546875 0.81972919921875 0.186237890625 0.81853916015625 0.18425439453125 0.7887869140625
2 0.23979189453125 0.788390234375 0.278271484375 0.79037373046875 0.278271484375 0.81774580078125 0.25486640625 0.81853916015625 0.255659765625 0.81060517578125 0.23899853515625 0.811001953125 0.23979189453125 0.788390234375
2 0.33182548828125 0.80941513671875 0.35404052734375 0.80901845703125 0.35404052734375 0.8026712890625 0.38656962890625 0.8026712890625 0.384189453125 0.84591123046875 0.3619744140625 0.8486880859375 0.3619744140625 0.83758056640625 0.3429330078125 0.83797724609375 0.3445197265625 0.85979560546875 0.33182548828125 0.8633658203125 0.325081640625 0.84670458984375 0.33737919921875 0.843927734375 0.33698251953125 0.83678720703125 0.333808984375 0.83599375 0.33182548828125 0.80941513671875
2 0.47588427734375 0.8110501953125 0.5168267578125 0.811090234375 0.516571484375 0.84672548828125 0.4934189453125 0.846606640625 0.49328837890625 0.86577783203125 0.47548779296875 0.866258984375 0.47588427734375 0.8110501953125
2 0.525809375 0.80861484375 0.56258349609375 0.80861484375 0.56282705078125 0.8334556640625 0.53603798828125 0.83442978515625 0.53798623046875 0.86438486328125 0.520938671875 0.86706376953125 0.51947744140625 0.85147734375 0.5287318359375 0.84782431640625 0.525809375 0.80861484375
2 0.5698896484375 0.81178076171875 0.61153447265625 0.8115373046875 0.61250859375 0.8543998046875 0.5837712890625 0.85342568359375 0.58742431640625 0.86462841796875 0.5672107421875 0.86925556640625 0.5640447265625 0.85074677734375 0.57646513671875 0.849285546875 0.57086376953125 0.8388134765625 0.5698896484375 0.81178076171875
2 0.66316435546875 0.8524515625 0.6704705078125 0.8495291015625 0.6683341796875 0.81298154296875 0.70671904296875 0.81148173828125 0.7122064453125 0.847923046875 0.69652900390625 0.8517208984375 0.69602958984375 0.83269580078125 0.67875078125 0.8334556640625 0.6833779296875 0.8677943359375 0.66584326171875 0.870716796875 0.66316435546875 0.8524515625
2 0.71762265625 0.81197119140625 0.75570546875 0.81355791015625 0.756498828125 0.8413267578125 0.72000283203125 0.838153125 0.72079619140625 0.82704560546875 0.71563916015625 0.82625224609375 0.71762265625 0.81197119140625
2 0.76284599609375 0.81633486328125 0.77633369140625 0.81593818359375 0.77673037109375 0.8203017578125 0.80370576171875 0.82069853515625 0.80330908203125 0.86274833984375 0.787837890625 0.8619548828125 0.78704453125 0.85045068359375 0.7735568359375 0.85005400390625 0.7779205078125 0.87306240234375 0.75768896484375 0.87623603515625 0.7561021484375 0.8560044921875 0.76800302734375 0.8524341796875 0.7644328125 0.8472771484375 0.76284599609375 0.81633486328125
2 0.81618388671875 0.88234189453125 0.83542314453125 0.88639228515625 0.8364357421875 0.89094892578125 0.843017578125 0.889936328125 0.843017578125 0.936515625 0.8151712890625 0.936515625 0.81618388671875 0.88234189453125
2 0.77828193359375 0.89337470703125 0.78753642578125 0.8897216796875 0.78753642578125 0.881928515625 0.80287919921875 0.88217197265625 0.80406318359375 0.922740625 0.78798974609375 0.92127939453125 0.7884767578125 0.9373529296875 0.7724033203125 0.93443046875 0.77167275390625 0.9171392578125 0.777517578125 0.91689580078125 0.77828193359375 0.89337470703125
2 0.7465255859375 0.88161943359375 0.7639802734375 0.88320625 0.7647736328125 0.94747109375 0.745335546875 0.94628095703125 0.7465255859375 0.88161943359375
2 0.703682421875 0.8836029296875 0.7235171875 0.88479306640625 0.724310546875 0.89510712890625 0.731451171875 0.89431376953125 0.733037890625 0.9070080078125 0.741765234375 0.90819814453125 0.7405751953125 0.92842958984375 0.7318478515625 0.92803291015625 0.7318478515625 0.93596689453125 0.7235171875 0.93676025390625 0.722723828125 0.94747109375 0.70249228515625 0.9478677734375 0.703682421875 0.8836029296875
2 0.66282265625 0.87566904296875 0.69376494140625 0.87685908203125 0.69257490234375 0.94707431640625 0.6624259765625 0.9486611328125 0.66282265625 0.87566904296875
2 0.62751669921875 0.87804921875 0.65052509765625 0.87765244140625 0.65250849609375 0.944694140625 0.6223595703125 0.94548759765625 0.621962890625 0.924066015625 0.625533203125 0.924066015625 0.62751669921875 0.87804921875
2 0.5902271484375 0.8792392578125 0.61561572265625 0.8792392578125 0.61442568359375 0.94747109375 0.58983046875 0.94628095703125 0.5902271484375 0.8792392578125
2 0.5521443359375 0.8784458984375 0.57673955078125 0.87765244140625 0.57872294921875 0.9442974609375 0.552541015625 0.9427107421875 0.5521443359375 0.930809765625 0.5521443359375 0.9200990234375 0.5521443359375 0.8784458984375
2 0.5243755859375 0.8796359375 0.54103681640625 0.88082607421875 0.54064013671875 0.924066015625 0.54540048828125 0.92684287109375 0.54659052734375 0.943107421875 0.52318544921875 0.943107421875 0.5243755859375 0.8796359375
2 0.47994560546875 0.88241279296875 0.5009705078125 0.88241279296875 0.500573828125 0.94548759765625 0.47518525390625 0.94231396484375 0.4747884765625 0.924859375 0.477962109375 0.92287587890625 0.47994560546875 0.88241279296875
2 0.31201142578125 0.99901181640625 0.311621875 0.945255859375 0.35962216796875 0.9448591796875 0.3616056640625 0.96033037109375 0.36438251953125 0.95993369140625 0.36515634765625 0.999012109375 0.31201142578125 0.99901181640625
2 0.26714912109375 0.92446005859375 0.28103076171875 0.9249470703125 0.28297900390625 0.9719498046875 0.2678796875 0.9719498046875 0.26714912109375 0.92446005859375
2 0.1887619140625 0.86381162109375 0.18572412109375 0.9827912109375 0.1548400390625 0.97975341796875 0.16142197265625 0.8627990234375 0.1887619140625 0.86381162109375
2 0.0670380859375 0.93198095703125 0.11281748046875 0.93215625 0.1457267578125 0.9336751953125 0.147751953125 0.93924443359375 0.15466455078125 0.93981689453125 0.1532634765625 0.97741904296875 0.06623818359375 0.97721669921875 0.0670380859375 0.93198095703125
2 0.0664912109375 0.99900849609375 0.06570751953125 0.99378359375 0.07565380859375 0.9931619140625 0.078451171875 0.98103984375 0.1483861328125 0.9816615234375 0.1483861328125 0.9857021484375 0.149940234375 0.9869455078125 0.15137646484375 0.9990099609375 0.0664912109375 0.99900849609375
2 0.5168431640625 0.9990125 0.51662158203125 0.9890408203125 0.5395140625 0.9890408203125 0.54267998046875 0.99074560546875 0.54289755859375 0.9990125 0.5168431640625 0.9990125
2 0.9644986328125 0.92920087890625 0.96170126953125 0.899051171875 0.97630986328125 0.89718623046875 0.9781748046875 0.91272734375 0.98439130859375 0.9121056640625 0.982837109375 0.9037134765625 0.99849970703125 0.9034298828125 0.9984998046875 0.92659404296875 0.96574189453125 0.930755078125 0.9644986328125 0.92920087890625
2 0.43060869140625 0.6838505859375 0.4308890625 0.696746484375 0.4129470703125 0.69730712890625 0.41238642578125 0.68525234375 0.43060869140625 0.6838505859375
2 0.78302421875 0.29498662109375 0.79845380859375 0.3041041015625 0.7812708984375 0.33268388671875 0.76899736328125 0.32759921875 0.76882197265625 0.3174296875 0.78302421875 0.29498662109375
2 0.79529775390625 0.321287109375 0.82615693359375 0.34039873046875 0.808448046875 0.3672251953125 0.77846552734375 0.34846416015625 0.79529775390625 0.321287109375
2 0.759178515625 0.3402234375 0.72603994140625 0.34145078125 0.7258646484375 0.3205857421875 0.7384888671875 0.32093642578125 0.7384888671875 0.312344921875 0.7523404296875 0.3116435546875 0.7523404296875 0.32146240234375 0.75900322265625 0.32111171875 0.759178515625 0.3402234375
2 0.548775 0.32830048828125 0.548950390625 0.35162021484375 0.521247265625 0.35126953125 0.52212392578125 0.323741796875 0.53913154296875 0.32339111328125 0.5393068359375 0.32830048828125 0.548775 0.32830048828125
2 0.19757646484375 0.49294130859375 0.20143388671875 0.501357421875 0.20125859375 0.516436328125 0.1677693359375 0.51678701171875 0.1679447265625 0.492415234375 0.19757646484375 0.49294130859375
2 0.12218193359375 0.4818951171875 0.138312890625 0.4818951171875 0.13866357421875 0.4855771484375 0.15181376953125 0.48487578125 0.1512876953125 0.506266796875 0.1135904296875 0.50609150390625 0.11253837890625 0.47891435546875 0.115519140625 0.47137490234375 0.10570029296875 0.46856953125 0.10955771484375 0.4529646484375 0.12323388671875 0.457348046875 0.1193765625 0.4692708984375 0.12218193359375 0.4818951171875
2 0.0632689453125 0.478563671875 0.08886806640625 0.47961572265625 0.08886806640625 0.49031123046875 0.10026484375 0.4906619140625 0.0997388671875 0.50346142578125 0.062567578125 0.50293544921875 0.0632689453125 0.478563671875
2 0.03784521484375 0.60690986328125 0.038546484375 0.5711412109375 0.07659453125 0.573069921875 0.075191796875 0.61953408203125 0.05906083984375 0.61865732421875 0.060112890625 0.6077865234375 0.03784521484375 0.60690986328125
2 0.02837705078125 0.61357255859375 0.0411765625 0.61234521484375 0.04292998046875 0.63110625 0.029955078125 0.632158203125 0.02837705078125 0.61357255859375
2 0.0916734375 0.6116439453125 0.09500478515625 0.62882685546875 0.0822052734375 0.63250888671875 0.07869853515625 0.6139232421875 0.0916734375 0.6116439453125
2 0.02592236328125 0.63969775390625 0.04450791015625 0.63882099609375 0.04520927734375 0.65477666015625 0.02609765625 0.65530263671875 0.02592236328125 0.63969775390625
2 0.07413974609375 0.667576171875 0.073964453125 0.69124658203125 0.03889716796875 0.69019453125 0.03959853515625 0.6668748046875 0.0530994140625 0.66424482421875 0.07413974609375 0.667576171875
2 0.0695810546875 0.85185458984375 0.149534375 0.85115322265625 0.14848232421875 0.88060966796875 0.154619140625 0.88657119140625 0.154619140625 0.90726083984375 0.06782763671875 0.904280078125 0.06852900390625 0.8811357421875 0.0695810546875 0.85185458984375
2 0.060112890625 0.8344962890625 0.0594115234375 0.86447880859375 0.005933984375 0.86377744140625 0.00610927734375 0.8672841796875 -0.0 0.868450390625 -0.0 0.83242919921875 0.060112890625 0.8344962890625
2 0.02364296875 0.896726953125 0.048716015625 0.896726953125 0.04836533203125 0.90759775390625 0.06467158203125 0.90759775390625 0.06467158203125 0.99900849609375 0.02364296875 0.99900771484375 0.02364296875 0.92057265625 0.02627294921875 0.92057265625 0.0266236328125 0.90917578125 0.01715546875 0.9086498046875 0.01680478515625 0.8972529296875 0.02364296875 0.896726953125
2 0.23176708984375 0.86604306640625 0.25754150390625 0.86639375 0.254034765625 0.9842197265625 0.22861103515625 0.98404443359375 0.22861103515625 0.97632958984375 0.2156361328125 0.97650498046875 0.216162109375 0.9628287109375 0.22896171875 0.9628287109375 0.2294876953125 0.94739912109375 0.216162109375 0.947223828125 0.21651279296875 0.93547626953125 0.22983837890625 0.93600224609375 0.23176708984375 0.86604306640625
2 0.36958134765625 0.9300408203125 0.397810546875 0.93109287109375 0.3971091796875 0.96370537109375 0.41324013671875 0.96388076171875 0.412216796875 0.99901240234375 0.36958134765625 0.99901220703125 0.36958134765625 0.9300408203125
2 0.270341015625 0.87130322265625 0.30277822265625 0.87112783203125 0.30295361328125 0.87551123046875 0.41253876953125 0.87638798828125 0.412889453125 0.908123828125 0.3555544921875 0.909351171875 0.3555544921875 0.9037404296875 0.34187822265625 0.9037404296875 0.34187822265625 0.90829912109375 0.3024275390625 0.909351171875 0.269113671875 0.909351171875 0.270341015625 0.87130322265625
2 0.8510546875 0.81133818359375 0.85140537109375 0.85990634765625 0.8365017578125 0.85990634765625 0.83685244140625 0.8500875 0.82370224609375 0.8500875 0.82370224609375 0.87042646484375 0.80669462890625 0.8707771484375 0.8063439453125 0.85376953125 0.817039453125 0.85376953125 0.81616279296875 0.8199296875 0.82861171875 0.82010498046875 0.836151171875 0.81712431640625 0.83562509765625 0.81063681640625 0.8510546875 0.81133818359375
2 0.776712109375 0.7091171875 0.78670634765625 0.7070130859375 0.78530361328125 0.7008763671875 0.79845380859375 0.6982462890625 0.80616865234375 0.73506689453125 0.76969873046875 0.74225576171875 0.76391259765625 0.71069521484375 0.76899736328125 0.7098185546875 0.76777001953125 0.70631181640625 0.77513408203125 0.70490908203125 0.776712109375 0.7091171875
2 0.76391259765625 0.68404404296875 0.7788162109375 0.690180859375 0.77566015625 0.7035064453125 0.76023056640625 0.69929833984375 0.76391259765625 0.68404404296875
2 0.00851123046875 7.421875e-06 -0.0 0.0200572265625 -0.000340234375 7.2265625e-06 0.00851123046875 7.421875e-06
2 0.6445205078125 0.71458916015625 0.661078515625 0.7149833984375 0.660487109375 0.7445513671875 0.61810654296875 0.7439599609375 0.61909208984375 0.7086755859375 0.6240201171875 0.7086755859375 0.62618837890625 0.70197353515625 0.616923828125 0.701579296875 0.6186978515625 0.68383857421875 0.6366357421875 0.68600693359375 0.6334818359375 0.702170703125 0.6445205078125 0.71458916015625
2 0.3835345703125 0.60932744140625 0.41310244140625 0.6097216796875 0.4198044921875 0.609524609375 0.419607421875 0.647962890625 0.4308431640625 0.64835712890625 0.43104033203125 0.6708287109375 0.41093408203125 0.6708287109375 0.41014560546875 0.6386982421875 0.38235185546875 0.638501171875 0.3835345703125 0.60932744140625
2 0.34041630859375 0.61766171875 0.347014453125 0.617314453125 0.3466671875 0.61401533203125 0.36819775390625 0.61366806640625 0.37340673828125 0.60880634765625 0.37861572265625 0.61054267578125 0.37844208984375 0.63988671875 0.354654296875 0.6400603515625 0.3550015625 0.664369140625 0.33364462890625 0.670619921875 0.32947744140625 0.65343017578125 0.34093720703125 0.64926298828125 0.34041630859375 0.61766171875
2 0.3297953125 0.3098291015625 0.28494755859375 0.310215625 0.28417431640625 0.28798505859375 0.329988671875 0.2875984375 0.3297953125 0.3098291015625
3 0.1397322265625 0.27485947265625 0.15623916015625 0.27365576171875 0.157098828125 0.28981884765625 0.1411078125 0.290506640625 0.1397322265625 0.27485947265625
2 0.18134345703125 0.297040625 0.181171484375 0.3161267578125 0.1583025390625 0.31629873046875 0.15899033203125 0.29669677734375 0.18134345703125 0.297040625
2 0.0377673828125 0.22619833984375 0.0561658203125 0.22344716796875 0.05891689453125 0.240298046875 0.04120634765625 0.24322109375 0.0377673828125 0.22619833984375
2 0.88644814453125 0.52024794921875 0.9144896484375 0.5306666015625 0.90650947265625 0.55416376953125 0.87724873046875 0.543191015625 0.88644814453125 0.52024794921875
2 0.622443359375 0.8120416015625 0.6596091796875 0.811888671875 0.65853857421875 0.85348994140625 0.6313142578125 0.85303115234375 0.6313142578125 0.8651138671875 0.6154078125 0.865266796875 0.61617255859375 0.84905458984375 0.6245845703125 0.84936044921875 0.62167861328125 0.83758359375 0.622443359375 0.8120416015625
2 0.294464453125 0.6371466796875 0.29989541015625 0.65388291015625 0.28581923828125 0.65964638671875 0.28027744140625 0.64291015625 0.294464453125 0.6371466796875
2 0.77828916015625 0.4324953125 0.802234375 0.42816787109375 0.80612900390625 0.45240146484375 0.78247236328125 0.45687314453125 0.77828916015625 0.4324953125
