2 0.80833896484375 0.17701650390625 0.82986806640625 0.18984697265625 0.82203935546875 0.2009376953125 0.82530126953125 0.2039822265625 0.81595029296875 0.21920478515625 0.81203583984375 0.21724765625 0.8009451171875 0.23312265625 0.779416015625 0.22007470703125 0.80833896484375 0.17701650390625
2 0.77724140625 0.19028193359375 0.78985439453125 0.19811064453125 0.77854619140625 0.21333330078125 0.766585546875 0.20485205078125 0.77724140625 0.19028193359375
2 0.73200849609375 0.26269794921875 0.7485359375 0.27487607421875 0.73853251953125 0.28835888671875 0.72113525390625 0.2753109375 0.73200849609375 0.26269794921875
2 0.71463779296875 0.24188154296875 0.71662529296875 0.23727900390625 0.7211232421875 0.2337224609375 0.73095615234375 0.24146318359375 0.72624892578125 0.24889013671875 0.71463779296875 0.24188154296875
2 0.70574638671875 0.22545869140625 0.71338251953125 0.2304796875 0.70626943359375 0.2386388671875 0.698737890625 0.2337224609375 0.70574638671875 0.22545869140625
0 0.53854638671875 0.12317861328125 0.5312240234375 0.13280224609375 0.53476953125 0.135121484375 0.52766748046875 0.1448318359375 0.52463388671875 0.14253046875 0.51574248046875 0.155396875 0.49942421875 0.14368115234375 0.51751015625 0.118299609375 0.517431640625 0.1182421875 0.52264638671875 0.11156748046875 0.53854638671875 0.12317861328125
0 0.5171134765625 0.118015625 0.51711298828125 0.118015625 0.50528974609375 0.13424052734375 0.50176396484375 0.1317296875 0.513486328125 0.11509765625 0.5171134765625 0.118015625
0 0.51310546875 0.114794921875 0.503701171875 0.127900390625 0.4931478515625 0.119412890625 0.50339912109375 0.10696494140625 0.51310546875 0.114794921875
0 0.48742783203125 0.09159130859375 0.48742783203125 0.09127744140625 0.5006080078125 0.07945712890625 0.5098544921875 0.08834853515625 0.49634404296875 0.10156171875 0.48742783203125 0.09159130859375
0 0.43905712890625 0.13429990234375 0.45227412109375 0.12281845703125 0.460951953125 0.1320302734375 0.448135546875 0.14364521484375 0.43905712890625 0.13429990234375
1 0.63567177734375 0.40000185546875 0.6603783203125 0.4272642578125 0.63686455078125 0.44856298828125 0.61420263671875 0.4213005859375 0.62391484375 0.40869169921875 0.63567177734375 0.40000185546875
0 0.46597197265625 0.4236509765625 0.49829814453125 0.449235546875 0.49855615234375 0.4530373046875 0.49547666015625 0.45435712890625 0.50121728515625 0.45902978515625 0.49093740234375 0.46957666015625 0.4897359375 0.47051123046875 0.470244140625 0.454490625 0.46597197265625 0.45916328125 0.4570271484375 0.4523544921875 0.456226171875 0.44874990234375 0.4638359375 0.43900400390625 0.4575611328125 0.433797265625 0.4606318359375 0.42672158203125 0.46597197265625 0.4236509765625
0 0.40653828125 0.43524033203125 0.41039140625 0.43138720703125 0.417326953125 0.436653125 0.4135380859375 0.4404419921875 0.40653828125 0.43524033203125
0 0.5468513671875 0.322846484375 0.55245859375 0.327519140625 0.548319921875 0.3316578125 0.54324677734375 0.32698515625 0.5468513671875 0.322846484375
0 0.80439541015625 0.661662890625 0.816791015625 0.67842421875 0.77199306640625 0.70881162109375 0.761788671875 0.69850263671875 0.7598314453125 0.6911087890625 0.7607158203125 0.686994921875 0.7619865234375 0.68644306640625 0.757866796875 0.6796283203125 0.75992314453125 0.67732958984375 0.767514453125 0.67464189453125 0.7707572265625 0.678826171875 0.7829958984375 0.67129462890625 0.78932998046875 0.6789541015625 0.79131748046875 0.677803515625 0.7884931640625 0.6723640625 0.79204970703125 0.66577392578125 0.80439541015625 0.661662890625
0 0.8299083984375 0.67152119140625 0.8384859375 0.6658724609375 0.8530259765625 0.68742109375 0.8441345703125 0.69317431640625 0.8299083984375 0.67152119140625
0 0.9629880859375 0.74214501953125 0.977273046875 0.74161103515625 0.97740654296875 0.74988828125 0.9635220703125 0.7508228515625 0.9629880859375 0.74214501953125
0 0.88435361328125 0.77218369140625 0.933750390625 0.76657646484375 0.933750390625 0.7687125 0.93561953125 0.7691130859375 0.9370880859375 0.7784583984375 0.88502109375 0.78353154296875 0.88435361328125 0.77218369140625
0 0.757957421875 0.79265712890625 0.8118888671875 0.7909173828125 0.81210634765625 0.81114169921875 0.75839228515625 0.813098828125 0.757957421875 0.79265712890625
0 0.7849080078125 0.82830634765625 0.78838740234375 0.8183029296875 0.82687880859375 0.81699814453125 0.82537177734375 0.8270015625 0.82753125 0.8385271484375 0.786523828125 0.8393736328125 0.7849080078125 0.82830634765625
0 0.8727841796875 0.94230166015625 0.90188837890625 0.97644736328125 0.88882587890625 0.98790576171875 0.8844716796875 0.9869890625 0.85788837890625 0.9558224609375 0.861555078125 0.94871826171875 0.8727841796875 0.94230166015625
0 0.9557423828125 0.90769755859375 0.96078408203125 0.9125099609375 0.9729298828125 0.92030166015625 0.95047158203125 0.9519265625 0.93374248046875 0.9400099609375 0.9557423828125 0.90769755859375
0 0.998425390625 0.92476591796875 0.99109853515625 0.93073759765625 0.9890255859375 0.92901025390625 0.9746880859375 0.91303173828125 0.98963017578125 0.89955791015625 0.99842529296875 0.9096833984375 0.998425390625 0.92476591796875
0 0.998425390625 0.95204208984375 0.98367060546875 0.93704267578125 0.99602158203125 0.926591796875 0.998425390625 0.928818359375 0.998425390625 0.95204208984375
0 0.46999423828125 0.80616181640625 0.4727205078125 0.80871767578125 0.47408359375 0.8088880859375 0.48839638671875 0.830698046875 0.48618134765625 0.83308349609375 0.488566796875 0.83683203125 0.47544677734375 0.84484033203125 0.47289091796875 0.84126220703125 0.46556416015625 0.8453515625 0.45840771484375 0.83785439453125 0.45687421875 0.83103876953125 0.4619859375 0.8281421875 0.45687421875 0.8201337890625 0.45789658203125 0.81808916015625 0.45840771484375 0.8157037109375 0.457726171875 0.81348857421875 0.46999423828125 0.80616181640625
0 0.3437642578125 0.71593046875 0.3522837890625 0.71150029296875 0.3609736328125 0.72427958984375 0.37613837890625 0.71405615234375 0.38005732421875 0.7210421875 0.38959921875 0.72973203125 0.37358251953125 0.740807421875 0.38090927734375 0.75171240234375 0.36591494140625 0.76261728515625 0.33797099609375 0.72121259765625 0.3437642578125 0.71593046875
0 0.3115908203125 0.6541498046875 0.31960107421875 0.66549765625 0.303046484375 0.67604462890625 0.2951697265625 0.66603173828125 0.3115908203125 0.6541498046875
0 0.2003345703125 0.76010712890625 0.212515234375 0.75486865234375 0.21739345703125 0.7606482421875 0.21861298828125 0.75969384765625 0.21695009765625 0.75471591796875 0.2224306640625 0.7489830078125 0.2308615234375 0.74686201171875 0.23550693359375 0.7511458984375 0.23608857421875 0.75060576171875 0.23186708984375 0.74314482421875 0.2431765625 0.73714462890625 0.26059921875 0.76373935546875 0.24871689453125 0.7697296875 0.2409958984375 0.7596744140625 0.2405212890625 0.76020048828125 0.24690146484375 0.77032421875 0.2170794921875 0.789030078125 0.2003345703125 0.76010712890625
0 0.15362314453125 0.81903671875 0.16766220703125 0.81172470703125 0.18901328125 0.84623740234375 0.148943359375 0.868466015625 0.13607421875 0.84448251953125 0.15947275390625 0.83044345703125 0.15362314453125 0.81903671875
0 0.0824318359375 0.74966064453125 0.09129521484375 0.76091572265625 0.06554921875 0.78047138671875 0.055841796875 0.76795009765625 0.0824318359375 0.74966064453125
0 0.05305595703125 0.83671796875 0.05803125 0.84271611328125 0.06216103515625 0.84002275390625 0.08132939453125 0.86598583984375 0.07796220703125 0.86839287109375 0.08604228515625 0.8788072265625 0.056415234375 0.8999951171875 0.0501306640625 0.89245361328125 0.04869423828125 0.89227412109375 0.04653955078125 0.88796474609375 0.0425892578125 0.89029892578125 0.0323544921875 0.878627734375 0.0264291015625 0.86821337890625 0.03379091796875 0.8637244140625 0.03163623046875 0.861210546875 0.03486826171875 0.8588763671875 0.0335818359375 0.8537078125 0.04447119140625 0.8451072265625 0.049951171875 0.84810283203125 0.0512080078125 0.847205078125 0.04654638671875 0.84123876953125 0.05305595703125 0.83671796875
0 0.09565986328125 0.8711236328125 0.10806962890625 0.85775654296875 0.12232724609375 0.85194912109375 0.14462021484375 0.8758201171875 0.12829140625 0.88284013671875 0.114222265625 0.89633193359375 0.09565986328125 0.8711236328125
0 0.03494765625 0.7375484375 0.03990810546875 0.74614658203125 0.01357158203125 0.759034765625 0.009028125 0.7503025390625 0.02050712890625 0.74383173828125 0.02723134765625 0.7417373046875 0.03494765625 0.7375484375
0 0.289950390625 0.69128037109375 0.29435751953125 0.68826875 0.29246416015625 0.68391845703125 0.30061357421875 0.6800375 0.30377724609375 0.68958720703125 0.3111916015625 0.6987025390625 0.30233984375 0.70618369140625 0.29246416015625 0.697026171875 0.289950390625 0.69128037109375
0 0.0946541015625 0.8072384765625 0.112791796875 0.79586396484375 0.12785537109375 0.81738330078125 0.0952689453125 0.82445390625 0.0946541015625 0.8072384765625
