2 0.29985244140625 0.6571876953125 0.32172490234375 0.6661939453125 0.31400517578125 0.6848498046875 0.29256162109375 0.67477138671875 0.29985244140625 0.6571876953125
2 0.21875654296875 0.6597818359375 0.221552734375 0.659228515625 0.224951171875 0.672666015625 0.1969005859375 0.6783701171875 0.1944556640625 0.6588142578125 0.217998046875 0.65541015625 0.21875654296875 0.6597818359375
2 0.24965166015625 0.66764833984375 0.224951171875 0.672666015625 0.221552734375 0.659228515625 0.22404111328125 0.65873974609375 0.223271484375 0.654365234375 0.24514853515625 0.6500646484375 0.24965166015625 0.66764833984375
2 0.2637630859375 0.56817197265625 0.266589453125 0.55258369140625 0.26953955078125 0.55285830078125 0.27066240234375 0.54940341796875 0.28992294921875 0.5539810546875 0.2894046875 0.5579541015625 0.294513671875 0.5587517578125 0.291303125 0.57396171875 0.2637630859375 0.56817197265625
2 0.2105060546875 0.509258203125 0.236452734375 0.5161201171875 0.23044853515625 0.53627705078125 0.2060029296875 0.52984404296875 0.2105060546875 0.509258203125
3 0.23816484375 0.5193244140625 0.24132119140625 0.52031083984375 0.24218486328125 0.51659697265625 0.25980439453125 0.52100185546875 0.25885439453125 0.52514755859375 0.264242578125 0.52588251953125 0.2594029296875 0.54422275390625 0.23345625 0.53628857421875 0.23816484375 0.5193244140625
2 0.41087509765625 0.56425322265625 0.4095623046875 0.58471630859375 0.3827833984375 0.58235654296875 0.383720703125 0.56234375 0.41087509765625 0.56425322265625
2 0.383720703125 0.56234375 0.3827833984375 0.58235654296875 0.35283662109375 0.579888671875 0.3543453125 0.56027607421875 0.383720703125 0.56234375
2 0.416719140625 0.544071875 0.41632265625 0.564628125 0.373435546875 0.560768359375 0.37512734375 0.540331640625 0.416719140625 0.544071875
3 0.41696591796875 0.5206689453125 0.416719140625 0.544071875 0.37512734375 0.540331640625 0.37665205078125 0.5198111328125 0.41696591796875 0.5206689453125
2 0.32840126953125 0.50101591796875 0.35477685546875 0.4980138671875 0.35949443359375 0.5359689453125 0.33290439453125 0.53875654296875 0.32840126953125 0.50101591796875
2 0.33489560546875 0.53953837890625 0.3504435546875 0.53761416015625 0.35067451171875 0.5576263671875 0.33497255859375 0.55970458984375 0.33489560546875 0.53953837890625
2 0.381891796875 0.4948724609375 0.3990466796875 0.4957302734375 0.39797451171875 0.51331396484375 0.38081962890625 0.51267060546875 0.381891796875 0.4948724609375
2 0.30519521484375 0.42088017578125 0.341434765625 0.45518984375 0.32149228515625 0.47599013671875 0.30733955078125 0.4631240234375 0.30468857421875 0.46593173828125 0.2824650390625 0.44489697265625 0.30519521484375 0.42088017578125
2 0.32149228515625 0.47599013671875 0.3160115234375 0.4817697265625 0.302040234375 0.469098046875 0.30468857421875 0.46593173828125 0.30733955078125 0.4631240234375 0.32149228515625 0.47599013671875
2 0.3985056640625 0.43776904296875 0.41496435546875 0.43792138671875 0.4123736328125 0.49567919921875 0.3948482421875 0.4946125 0.3985056640625 0.43776904296875
2 0.39600205078125 0.4081435546875 0.40987001953125 0.410124609375 0.40575537109375 0.43633662109375 0.3914302734375 0.4337458984375 0.39600205078125 0.4081435546875
2 0.363862109375 0.39323271484375 0.36776103515625 0.38196904296875 0.40913330078125 0.39637353515625 0.4050177734375 0.407962109375 0.363862109375 0.39323271484375
2 0.32993291015625 0.394976953125 0.34871357421875 0.39559267578125 0.34855966796875 0.40829267578125 0.329625 0.40729208984375 0.32993291015625 0.394976953125
2 0.331548046875 0.37735283203125 0.35104287109375 0.37756943359375 0.351151171875 0.3783275390625 0.35082626953125 0.3929486328125 0.33122314453125 0.39273203125 0.331548046875 0.37735283203125
2 0.21710703125 0.37765791015625 0.25029755859375 0.37946826171875 0.2487888671875 0.40571904296875 0.21529658203125 0.4036068359375 0.21710703125 0.37765791015625
1 0.16057587890625 0.3564720703125 0.16057587890625 0.37362685546875 0.13977568359375 0.37362685546875 0.13956123046875 0.3564720703125 0.16057587890625 0.3564720703125
2 0.21335224609375 0.4878162109375 0.21335224609375 0.490090625 0.23273876953125 0.4898740234375 0.23252216796875 0.5024373046875 0.21291904296875 0.50287060546875 0.21291904296875 0.50525322265625 0.19981416015625 0.505469921875 0.199705859375 0.4881412109375 0.21335224609375 0.4878162109375
2 0.21574521484375 0.4739658203125 0.22567431640625 0.47411982421875 0.225443359375 0.4810470703125 0.2155142578125 0.48073916015625 0.21574521484375 0.4739658203125
1 0.63646826171875 0.156464453125 0.6566111328125 0.157515234375 0.656106640625 0.16848544921875 0.635825 0.167142578125 0.63646826171875 0.156464453125
1 0.65579248046875 0.21491298828125 0.63640595703125 0.215237890625 0.6365142578125 0.19823408203125 0.65579248046875 0.19823408203125 0.65579248046875 0.21491298828125
2 0.6290830078125 0.23649150390625 0.63256796875 0.2307826171875 0.6412724609375 0.2345701171875 0.63811103515625 0.24098525390625 0.6290830078125 0.23649150390625
2 0.63140029296875 0.253483203125 0.651923046875 0.25726005859375 0.648518359375 0.27039365234375 0.62827421875 0.2664291015625 0.63140029296875 0.253483203125
1 0.7689330078125 0.12908203125 0.7687173828125 0.1454033203125 0.75051572265625 0.14547099609375 0.751059765625 0.1293021484375 0.7689330078125 0.12908203125
2 0.641609765625 0.069291796875 0.6439845703125 0.06293876953125 0.6545359375 0.0656861328125 0.6522443359375 0.07249619140625 0.641609765625 0.069291796875
1 0.78505166015625 0.021942578125 0.77423857421875 0.0218732421875 0.772623828125 0.01809072265625 0.76073603515625 0.01648818359375 0.761491796875 2.63671875e-06 0.78593212890625 2.44140625e-06 0.78505166015625 0.021942578125
2 0.63751357421875 3.22265625e-06 0.6372384765625 0.003451171875 0.64578212890625 0.0038359375 0.643626953125 0.0208462890625 0.63454453125 0.019537890625 0.63415966796875 0.02169296875 0.6266166015625 0.02030751953125 0.62715546875 0.01830634765625 0.61799599609375 0.0170748046875 0.61845771484375 3.3203125e-06 0.63751357421875 3.22265625e-06
1 0.55683173828125 0.34515859375 0.57461171875 0.34577431640625 0.5744271484375 0.3530482421875 0.56982587890625 0.35586767578125 0.55660078125 0.3551646484375 0.55683173828125 0.34515859375
1 0.12850029296875 0.247409765625 0.12857724609375 0.22785947265625 0.1388912109375 0.22793642578125 0.13873720703125 0.24756376953125 0.12850029296875 0.247409765625
2 0.28285048828125 0.18832412109375 0.28793056640625 0.199638671875 0.27823232421875 0.2039490234375 0.273383203125 0.19301923828125 0.28285048828125 0.18832412109375
4 0.0362267578125 0.22193544921875 0.0471189453125 0.22199990234375 0.04699013671875 0.23276318359375 0.0360978515625 0.23269873046875 0.0362267578125 0.22193544921875
3 0.34468818359375 0.6968306640625 0.34967021484375 0.687408203125 0.35887607421875 0.692390234375 0.35400234375 0.702029296875 0.34468818359375 0.6968306640625
2 0.2336255859375 0.559812890625 0.2376859375 0.5414734375 0.26238671875 0.54681962890625 0.26143935546875 0.5499326171875 0.26462001953125 0.5505416015625 0.2620484375 0.56793369140625 0.2336255859375 0.559812890625
2 0.201877734375 0.55361533203125 0.20627646484375 0.53439609375 0.23219541015625 0.5395392578125 0.23165400390625 0.5425845703125 0.23578212890625 0.5431259765625 0.2328044921875 0.56011201171875 0.201877734375 0.55361533203125
