0 -0.0 0.0118115234375 0.19225400390625 0.01379501953125 0.1910638671875 0.05068779296875 -0.0 0.04711748046875 -0.0 0.0118115234375
0 0.0027814453125 0.0556564453125 0.0125228515625 0.05127275390625 0.03103173828125 0.0507857421875 0.03249296875 0.07075576171875 0.00156376953125 0.07124287109375 0.0027814453125 0.0556564453125
0 0.00271376953125 0.0737189453125 0.0321818359375 0.073475390625 0.0321818359375 0.0924712890625 0.01075048828125 0.09149716796875 0.01099404296875 0.08881826171875 0.00271376953125 0.089548828125 0.00271376953125 0.0737189453125
0 0.00302900390625 0.09576533203125 0.031279296875 0.09576533203125 0.0320099609375 0.1130564453125 0.00522080078125 0.1157353515625 0.0020548828125 0.10575029296875 0.00302900390625 0.09576533203125
0 0.00373359375 0.15992646484375 0.02262451171875 0.162025390625 0.0220521484375 0.1946552734375 0.0016345703125 0.1923654296875 0.0008712890625 0.1816796875 0.00373359375 0.15992646484375
0 0.02336474609375 0.1594525390625 0.03859365234375 0.15816396484375 0.04398232421875 0.16238125 0.04351376953125 0.1880361328125 0.04398232421875 0.1956505859375 0.02383330078125 0.19529912109375 0.024067578125 0.189441796875 0.02336474609375 0.1594525390625
0 0.0455052734375 0.1585154296875 0.05291865234375 0.155503125 0.05921572265625 0.15760205078125 0.0597880859375 0.16294501953125 0.0666576171875 0.16389912109375 0.065654296875 0.18756748046875 0.06542001953125 0.1971734375 0.0464423828125 0.1971734375 0.04573955078125 0.1879189453125 0.0455052734375 0.1585154296875
0 0.06838037109375 0.16799150390625 0.077348828125 0.15711494140625 0.090515234375 0.1576873046875 0.0907060546875 0.187645703125 0.0891794921875 0.19680498046875 0.07067021484375 0.19680498046875 0.06971611328125 0.18955390625 0.06838037109375 0.16799150390625
0 0.09228896484375 0.15793857421875 0.1002130859375 0.1550978515625 0.11187490234375 0.15674248046875 0.1132205078125 0.16705869140625 0.112921484375 0.183205859375 0.11307099609375 0.1906814453125 0.093335546875 0.190382421875 0.09198994140625 0.1823087890625 0.09228896484375 0.15793857421875
0 0.11414130859375 0.16238388671875 0.1145294921875 0.15989140625 0.13010986328125 0.15918857421875 0.13210126953125 0.169848828125 0.13488505859375 0.17211328125 0.13506865234375 0.1912048828125 0.11423310546875 0.19203095703125 0.11414130859375 0.16238388671875
0 0.1368640625 0.161837109375 0.150206640625 0.1595443359375 0.15200078125 0.16537529296875 0.15663564453125 0.16657138671875 0.157383203125 0.173448828125 0.1557720703125 0.19047451171875 0.13631328125 0.19047451171875 0.1368640625 0.161837109375
0 0.1588802734375 0.16120185546875 0.1742263671875 0.16108466796875 0.18102080078125 0.16565341796875 0.18102080078125 0.1909568359375 0.16040322265625 0.1908396484375 0.1588802734375 0.1888482421875 0.1588802734375 0.16120185546875
0 0.1823451171875 0.16441669921875 0.190605859375 0.15982734375 0.1958376953125 0.16102060546875 0.19675556640625 0.16698671875 0.20419033203125 0.16909775390625 0.2032724609375 0.19213623046875 0.1819779296875 0.19149375 0.1823451171875 0.16441669921875
0 0.12475419921875 0.11486044921875 0.1421197265625 0.11677431640625 0.15608583984375 0.1199009765625 0.15570419921875 0.13860107421875 0.12557421875 0.136415234375 0.12475419921875 0.11486044921875
0 -0.0 0.20806103515625 0.05547119140625 0.2099259765625 0.0551603515625 0.2671171875 -0.0 0.26494140625 -0.0 0.20806103515625
0 0.07598544921875 0.2099259765625 0.13597412109375 0.21054755859375 0.13628486328125 0.2699146484375 0.07660703125 0.2677388671875 0.07598544921875 0.2099259765625
0 0.158586328125 0.2121640625 0.21608837890625 0.21340732421875 0.21857490234375 0.2662470703125 0.1579646484375 0.267801171875 0.15734296875 0.23485400390625 0.158586328125 0.2121640625
0 -0.0 0.30052392578125 0.01071171875 0.3003080078125 0.011198828125 0.302743359375 0.05357431640625 0.3034740234375 0.055035546875 0.35924404296875 -0.0 0.3599470703125 -0.0 0.30052392578125
0 0.07500556640625 0.30225634765625 0.09083544921875 0.3024998046875 0.09132255859375 0.30420458984375 0.1361333984375 0.30371748046875 0.13540283203125 0.3607052734375 0.07500556640625 0.35900048828125 0.07500556640625 0.30225634765625
0 0.1545703125 0.3068064453125 0.2008423828125 0.30607587890625 0.19962470703125 0.30339697265625 0.2147240234375 0.30290986328125 0.21521103515625 0.3608716796875 0.15554443359375 0.360628125 0.1545703125 0.3068064453125
0 0.110003125 0.49025400390625 0.134600390625 0.49001044921875 0.13557451171875 0.51217236328125 0.13581806640625 0.5219138671875 0.11073369140625 0.5209396484375 0.110003125 0.49025400390625
0 0.16011904296875 0.4889859375 0.1854978515625 0.487459375 0.1839712890625 0.5124564453125 0.1854978515625 0.52333310546875 0.16088232421875 0.52333310546875 0.16030986328125 0.5139830078125 0.16011904296875 0.4889859375
0 0.1743693359375 0.43968740234375 0.179289453125 0.43968740234375 0.17858662109375 0.4610078125 0.1808123046875 0.46323359375 0.18069521484375 0.4742453125 0.16046875 0.473818359375 0.16017431640625 0.45324423828125 0.1616015625 0.436767578125 0.17472080078125 0.4366416015625 0.1743693359375 0.43968740234375
0 0.1596857421875 0.4532265625 0.15998046875 0.47380859375 0.158671875 0.4737767578125 0.1395658203125 0.4737767578125 0.1395658203125 0.4369921875 0.16111328125 0.43677734375 0.1596857421875 0.4532265625
0 0.13899140625 0.4310185546875 0.1390775390625 0.43541015625 0.1390775390625 0.47375 0.1142736328125 0.4726052734375 0.1133365234375 0.46077353515625 0.11357080078125 0.4393359375 0.11579658203125 0.43582158203125 0.12762822265625 0.436055859375 0.1273939453125 0.43090146484375 0.13899140625 0.4310185546875
0 -0.0 0.7113630859375 0.029544140625 0.71310078125 0.158073828125 0.71587763671875 0.1592638671875 0.755547265625 0.0283541015625 0.75673740234375 0.02597392578125 0.7559439453125 -0.0 0.7565787109375 -0.0 0.7113630859375
0 -0.0 0.758414453125 0.0254947265625 0.7576931640625 0.029360546875 0.75968466796875 0.10901953125 0.75921611328125 0.16066201171875 0.75988935546875 0.16358447265625 0.80275185546875 -0.0 0.7999826171875 -0.0 0.758414453125
0 0.03682802734375 0.83267080078125 0.2010603515625 0.83544765625 0.20145703125 0.90486953125 0.0388115234375 0.900505859375 0.03682802734375 0.83267080078125
0 0.0360359375 0.9990080078125 0.0375609375 0.9470048828125 0.08529208984375 0.94841357421875 0.08910849609375 0.95738193359375 0.08669296875 0.99900888671875 0.0360359375 0.9990080078125
0 0.12790400390625 0.9990095703125 0.12821015625 0.95076279296875 0.128357421875 0.947642578125 0.175212890625 0.9482150390625 0.17484609375 0.9990103515625 0.12790400390625 0.9990095703125
0 0.24609453125 0.8427720703125 0.26584013671875 0.84378466796875 0.53063310546875 0.84834140625 0.52860791015625 0.8741625 0.24457568359375 0.86859326171875 0.24609453125 0.8427720703125
0 0.29210810546875 0.8944080078125 0.31137900390625 0.89627294921875 0.312933203125 0.8996919921875 0.52771123046875 0.8990703125 0.527400390625 0.9438287109375 0.2924189453125 0.94134208984375 0.29210810546875 0.8944080078125
0 0.24631572265625 0.9942498046875 0.2460419921875 0.9687443359375 0.52419072265625 0.97280302734375 0.52885302734375 0.996736328125 0.4775673828125 0.99766884765625 0.24631572265625 0.9942498046875
0 0.32328740234375 0.79634130859375 0.37321259765625 0.7973154296875 0.37564794921875 0.82264326171875 0.3252357421875 0.82118203125 0.3220697265625 0.80730048828125 0.32328740234375 0.79634130859375
0 0.2822216796875 0.6104283203125 0.33088017578125 0.61252734375 0.3398486328125 0.61748857421875 0.338512890625 0.6510724609375 0.326873046875 0.64801943359375 0.2822216796875 0.64706533203125 0.2822216796875 0.6104283203125
0 0.330273828125 0.4054859375 0.361186328125 0.403577734375 0.36423935546875 0.42742998046875 0.35546171875 0.42914736328125 0.35851484375 0.45948740234375 0.32245029296875 0.46082314453125 0.32092373046875 0.44059638671875 0.33141875 0.44021474609375 0.330273828125 0.4054859375
0 0.285649609375 0.34562490234375 0.285649609375 0.32385419921875 0.2881810546875 0.2722119140625 0.533734765625 0.27879384765625 0.53474736328125 0.35220673828125 0.498800390625 0.35018154296875 0.498800390625 0.3319548828125 0.4375384765625 0.33296748046875 0.43855107421875 0.34916904296875 0.3818458984375 0.34916904296875 0.3823521484375 0.3314486328125 0.320077734375 0.33094228515625 0.320583984375 0.34613125 0.285649609375 0.34562490234375
0 0.30812373046875 0.21791953125 0.32359482421875 0.2139525390625 0.33271884765625 0.21633271484375 0.35612392578125 0.21633271484375 0.356520703125 0.22029970703125 0.3701865234375 0.22117548828125 0.3711984375 0.23775439453125 0.37318193359375 0.24806845703125 0.33470234375 0.2504486328125 0.3255783203125 0.2591759765625 0.30852041015625 0.25838251953125 0.30812373046875 0.21791953125
0 0.37766884765625 0.216381640625 0.41639130859375 0.216381640625 0.4151736328125 0.244144921875 0.37718173828125 0.244144921875 0.37766884765625 0.216381640625
0 0.420287890625 0.21784287109375 0.434383984375 0.2186740234375 0.43416953125 0.23756943359375 0.4200443359375 0.2365953125 0.420287890625 0.21784287109375
0 0.45171796875 0.24560126953125 0.4654568359375 0.24541044921875 0.466792578125 0.2639197265625 0.4519087890625 0.2643013671875 0.45171796875 0.24560126953125
0 0.31729580078125 0.19690498046875 0.2823380859375 0.1965978515625 0.28087685546875 0.16639921875 0.31591845703125 0.16723779296875 0.31729580078125 0.19690498046875
0 0.35125908203125 0.16566865234375 0.351015625 0.19805908203125 0.320244140625 0.19876953125 0.3184953125 0.16604453125 0.35125908203125 0.16566865234375
0 0.37711865234375 0.146161328125 0.39576796875 0.14740458984375 0.39576796875 0.1514453125 0.4078900390625 0.1508236328125 0.407268359375 0.1977578125 0.37774033203125 0.1977578125 0.37711865234375 0.146161328125
0 0.2869708984375 0.0591576171875 0.40021572265625 0.0623236328125 0.40021572265625 0.1159017578125 0.28818857421875 0.11541474609375 0.28579638671875 0.1078650390625 0.2869708984375 0.0591576171875
0 0.26919375 0.0023451171875 0.28245078125 0.0022677734375 0.2818783203125 0.01333515625 0.29714375 0.015243359375 0.2980978515625 0.02287607421875 0.29714375 0.03737822265625 0.2699740234375 0.0364828125 0.269666015625 0.02497509765625 0.26919375 0.0023451171875
0 0.673294921875 0.9990119140625 0.67203232421875 0.957030078125 0.72954208984375 0.957030078125 0.72827939453125 0.99901142578125 0.673294921875 0.9990119140625
0 0.84322705078125 0.99901005859375 0.84003828125 0.924075 0.8600697265625 0.920844140625 0.85942353515625 0.89241240234375 0.88914765625 0.89241240234375 0.890428125 0.99900927734375 0.84322705078125 0.99901005859375
0 0.998496875 0.37592626953125 0.9067763671875 0.37592626953125 0.90518955078125 0.38584365234375 0.86631328125 0.38624033203125 0.86353642578125 0.3191986328125 0.888131640625 0.3191986328125 0.9032060546875 0.32157880859375 0.998496875 0.32118828125 0.998496875 0.37592626953125
0 0.998496875 0.29043076171875 0.9100130859375 0.28809033203125 0.90842626953125 0.22660234375 0.99849697265625 0.22777294921875 0.998496875 0.29043076171875
0 0.99849716796875 0.14323544921875 0.96519453125 0.1447537109375 0.964401171875 0.0789021484375 0.998497265625 0.07928203125 0.99849716796875 0.14323544921875
0 0.72482939453125 1.142578125e-05 0.7298603515625 0.00835478515625 0.74008896484375 0.00786767578125 0.74033251953125 0.023210546875 0.69917470703125 0.02418466796875 0.69937646484375 1.171875e-05 0.72482939453125 1.142578125e-05
0 0.5944375 0.049994140625 0.59939873046875 0.0496125 0.59901708984375 0.04388798828125 0.61752646484375 0.04407880859375 0.61905302734375 0.08701279296875 0.594819140625 0.08624951171875 0.5944375 0.049994140625
0 0.59102607421875 0.11847119140625 0.59126953125 0.10726845703125 0.61464912109375 0.10726845703125 0.616841015625 0.15159228515625 0.575683203125 0.1498875 0.5754396484375 0.136980078125 0.58177158203125 0.13649296875 0.5812845703125 0.11847119140625 0.59102607421875 0.11847119140625
0 0.7014708984375 0.04222802734375 0.71749951171875 0.04108310546875 0.71807197265625 0.080582421875 0.69402900390625 0.08020078125 0.69345654296875 0.0672251953125 0.6991810546875 0.0660802734375 0.6991810546875 0.05081484375 0.70166171875 0.0490974609375 0.7014708984375 0.04222802734375
0 0.69045107421875 0.099463671875 0.7212224609375 0.1000853515625 0.7199791015625 0.1305458984375 0.71562763671875 0.13396494140625 0.71566083984375 0.14223203125 0.7082189453125 0.1443310546875 0.7092322265625 0.159175 0.69130673828125 0.15946416015625 0.69045107421875 0.099463671875
0 0.7343609375 0.16913740234375 0.74294775390625 0.16722919921875 0.75075126953125 0.16905947265625 0.7519162109375 0.19394365234375 0.7343609375 0.19394365234375 0.7343609375 0.16913740234375
0 0.7498171875 0.160359765625 0.72844560546875 0.15921484375 0.72825478515625 0.143376953125 0.7337884765625 0.1435677734375 0.7341701171875 0.13765244140625 0.73951298828125 0.13593505859375 0.74485595703125 0.13688916015625 0.74504677734375 0.1424228515625 0.7503896484375 0.1428044921875 0.7498171875 0.160359765625
0 0.6915759765625 0.17575341796875 0.71294765625 0.17689833984375 0.7112302734375 0.22269453125 0.69004951171875 0.22097724609375 0.6915759765625 0.17575341796875
0 0.5814025390625 0.352928515625 0.589608203125 0.35121552734375 0.61422373046875 0.35216953125 0.61422373046875 0.37544931640625 0.61155224609375 0.37468603515625 0.6096873046875 0.4051466796875 0.58948388671875 0.404525 0.589173046875 0.3703345703125 0.58109169921875 0.3681587890625 0.5814025390625 0.352928515625
0 0.582832421875 0.3380072265625 0.574795703125 0.33630244140625 0.57601337890625 0.32339501953125 0.5674896484375 0.3263173828125 0.5674896484375 0.30659091796875 0.58258896484375 0.304642578125 0.6028025390625 0.3075650390625 0.6001236328125 0.3462875 0.58258896484375 0.3455568359375 0.582832421875 0.3380072265625
0 0.5424921875 0.45663916015625 0.5760609375 0.4553958984375 0.57543935546875 0.43674658203125 0.58787216796875 0.437057421875 0.5872505859375 0.42524619140625 0.6071431640625 0.424313671875 0.60994052734375 0.47466689453125 0.581344921875 0.47777509765625 0.5424921875 0.47528857421875 0.5424921875 0.45663916015625
0 0.53940615234375 0.47753818359375 0.57204013671875 0.47972998046875 0.57204013671875 0.50505791015625 0.552102734375 0.50776943359375 0.5385173828125 0.50815107421875 0.53843203125 0.49385517578125 0.53697080078125 0.4865490234375 0.53940615234375 0.47753818359375
0 0.5769439453125 0.49474921875 0.57920908203125 0.49161728515625 0.6033193359375 0.49210439453125 0.604340625 0.5038263671875 0.61903359375 0.502872265625 0.61941513671875 0.5181376953125 0.60529462890625 0.5192826171875 0.6064978515625 0.53515078125 0.5871669921875 0.53626533203125 0.58659453125 0.5164203125 0.57823251953125 0.515483984375 0.57717822265625 0.50927529296875 0.5768267578125 0.5029494140625 0.5769439453125 0.49474921875
0 0.542683203125 0.544038671875 0.5678009765625 0.5443376953125 0.5689970703125 0.54986953125 0.56735244140625 0.5621294921875 0.54313173828125 0.56227900390625 0.5417861328125 0.55211220703125 0.542683203125 0.544038671875
0 0.5814814453125 0.55633291015625 0.59197861328125 0.55443837890625 0.59274189453125 0.55634658203125 0.60896142578125 0.55558330078125 0.60819814453125 0.5962275390625 0.58243779296875 0.5958458984375 0.58243779296875 0.58401513671875 0.5893072265625 0.5780998046875 0.58895693359375 0.574872265625 0.58133193359375 0.57262958984375 0.5814814453125 0.55633291015625
0 0.59371357421875 0.554394140625 0.5936416015625 0.54418193359375 0.60766552734375 0.5433908203125 0.60766552734375 0.5540345703125 0.59371357421875 0.554394140625
0 0.5502181640625 0.624461328125 0.54998916015625 0.616463671875 0.54998916015625 0.60694287109375 0.603146484375 0.60575283203125 0.6035935546875 0.654064453125 0.5710001953125 0.655260546875 0.56965458984375 0.625657421875 0.5502181640625 0.624461328125
0 0.58022470703125 0.69116025390625 0.6050654296875 0.69140380859375 0.605308984375 0.72988271484375 0.57949404296875 0.72915205078125 0.58022470703125 0.69116025390625
0 0.5356580078125 0.738233984375 0.5736498046875 0.73872109375 0.576572265625 0.771355078125 0.53711923828125 0.77305986328125 0.5366322265625 0.7574734375 0.5356580078125 0.738233984375
0 0.681117578125 0.66727412109375 0.70936796875 0.66727412109375 0.70717607421875 0.7371693359375 0.67965634765625 0.73522099609375 0.6791693359375 0.72718427734375 0.67965634765625 0.712815625 0.678438671875 0.70599658203125 0.6813611328125 0.6960115234375 0.68038701171875 0.69162783203125 0.67989990234375 0.68675712890625 0.682091796875 0.681886328125 0.68038701171875 0.67531083984375 0.681117578125 0.66727412109375
0 0.71788759765625 0.645524609375 0.73687548828125 0.645524609375 0.7367259765625 0.6564388671875 0.73926767578125 0.67408115234375 0.71848564453125 0.675127734375 0.71669150390625 0.6582330078125 0.71788759765625 0.645524609375
0 0.68210283203125 0.63082001953125 0.70228681640625 0.63171708984375 0.70198779296875 0.6593765625 0.68419599609375 0.65922705078125 0.68105634765625 0.65010693359375 0.68210283203125 0.63082001953125
0 0.68710908203125 0.55870322265625 0.705130859375 0.55797255859375 0.70561787109375 0.597669140625 0.68223837890625 0.597669140625 0.680046484375 0.56917529296875 0.68710908203125 0.5677140625 0.68710908203125 0.55870322265625
0 0.6843935546875 0.52050947265625 0.689020703125 0.519291796875 0.68829013671875 0.50346181640625 0.7080166015625 0.50273125 0.7080166015625 0.51758701171875 0.711426171875 0.51758701171875 0.711426171875 0.53317333984375 0.68415 0.5319556640625 0.6843935546875 0.52050947265625
0 0.68851669921875 0.30489453125 0.7076541015625 0.304296484375 0.7088501953125 0.34914970703125 0.68717119140625 0.351093359375 0.684928515625 0.316705859375 0.688965234375 0.3158087890625 0.68851669921875 0.30489453125
0 0.68880693359375 0.23746669921875 0.7062640625 0.237096875 0.7063583984375 0.25474677734375 0.689983203125 0.25482939453125 0.68880693359375 0.23746669921875
0 -0.0 0.61707607421875 0.15871474609375 0.61769765625 0.1590255859375 0.65810458984375 -0.0 0.65655048828125 -0.0 0.61707607421875
0 0.7251140625 0.67933720703125 0.74557119140625 0.6805548828125 0.74581474609375 0.69906376953125 0.725601171875 0.6997943359375 0.7251140625 0.67933720703125
0 0.7256818359375 0.700912890625 0.74587490234375 0.70146357421875 0.74605849609375 0.718627734375 0.72494755859375 0.7185359375 0.7256818359375 0.700912890625
0 0.72443427734375 0.7208599609375 0.74552041015625 0.7209771484375 0.7463404296875 0.727888671875 0.744817578125 0.7284744140625 0.7452861328125 0.739017578125 0.72431708984375 0.73866611328125 0.72443427734375 0.7208599609375
0 0.68799287109375 0.4305078125 0.71236708984375 0.4287302734375 0.713150390625 0.44186640625 0.68940390625 0.4439955078125 0.68799287109375 0.4305078125
0 0.1954345703125 0.05392998046875 0.2180462890625 0.05353330078125 0.2188396484375 0.0741615234375 0.203765234375 0.07535166015625 0.1962279296875 0.07573486328125 0.1954345703125 0.05392998046875
0 0.99849736328125 0.97865673828125 0.984490625 0.97865673828125 0.984490625 0.968558984375 0.998497265625 0.967573046875 0.99849736328125 0.97865673828125
0 0.585091015625 0.00952470703125 0.6148384765625 0.00597685546875 0.61674892578125 0.020987109375 0.61593017578125 0.0305390625 0.58727431640625 0.0305390625 0.585091015625 0.00952470703125
0 0.736575390625 0.39374326171875 0.73697783203125 0.37302138671875 0.750859375 0.37322265625 0.749853515625 0.39374326171875 0.736575390625 0.39374326171875
0 0.743756640625 0.317546875 0.7536931640625 0.31784345703125 0.75354482421875 0.32689013671875 0.74390498046875 0.326741796875 0.743756640625 0.317546875
0 0.74272880859375 0.20826630859375 0.750144140625 0.20796962890625 0.750144140625 0.22250361328125 0.74258046875 0.22220703125 0.74272880859375 0.20826630859375
0 0.7446568359375 0.2669953125 0.75177548828125 0.26684697265625 0.75177548828125 0.277525 0.7451017578125 0.27722841796875 0.7446568359375 0.2669953125
