0 0.00150625 0.1641837890625 0.05476279296875 0.15683515625 0.058566796875 0.17629423828125 0.003115625 0.183609765625 0.00150625 0.1641837890625
1 0.075478515625 0.156044921875 0.0642533203125 0.1622091796875 0.0564580078125 0.1485673828125 0.067880859375 0.141787109375 0.075478515625 0.156044921875
1 0.08697099609375 0.149562890625 0.0759462890625 0.155789453125 0.075908203125 0.155810546875 0.06830078125 0.14154296875 0.07933076171875 0.13498828125 0.08697099609375 0.149562890625
0 0.0563509765625 0.1227861328125 0.06995771484375 0.11532431640625 0.07961416015625 0.133027734375 0.066007421875 0.1400505859375 0.0563509765625 0.1227861328125
0 0.0001353515625 0.0725501953125 0.00354345703125 0.07081171875 0.002558203125 0.0689115234375 0.009066015625 0.06545009765625 0.01667412109375 0.0812515625 0.00701767578125 0.08637236328125 0.0001353515625 0.0728845703125 0.0001353515625 0.0725501953125
0 0.10850576171875 0.11181474609375 0.12292666015625 0.10556748046875 0.13188984375 0.1266681640625 0.11713798828125 0.13283037109375 0.10850576171875 0.11181474609375
2 0.10257294921875 0.09044228515625 0.11014541015625 0.0855037109375 0.11993896484375 0.10164619140625 0.11190947265625 0.10681884765625 0.10257294921875 0.09044228515625
0 0.1383609375 0.10572724609375 0.15054404296875 0.09971357421875 0.156981640625 0.11390556640625 0.144828125 0.11955966796875 0.1383609375 0.10572724609375
1 0.13139697265625 0.02988359375 0.14313994140625 0.02015234375 0.15471728515625 0.0335970703125 0.14295322265625 0.04330712890625 0.13139697265625 0.02988359375
0 0.2311541015625 0.04029384765625 0.24250322265625 0.03823037109375 0.2450251953125 0.0551966796875 0.23379072265625 0.05726015625 0.2311541015625 0.04029384765625
0 0.2232900390625 0.05907900390625 0.23029609375 0.057821484375 0.231912890625 0.0686 0.2249068359375 0.0696779296875 0.2232900390625 0.05907900390625
4 0.22512138671875 0.00801689453125 0.23486552734375 0.00400458984375 0.24002421875 0.015468359375 0.23039462890625 0.01970986328125 0.22512138671875 0.00801689453125
4 0.2722771484375 3.90625e-06 0.2739529296875 0.0038357421875 0.266199609375 0.006993359375 0.26333525390625 3.80859375e-06 0.2722771484375 3.90625e-06
4 0.32291513671875 4.1015625e-06 0.30687451171875 0.00778359375 0.30269560546875 4.00390625e-06 0.32291513671875 4.1015625e-06
3 0.11483330078125 0.08252724609375 0.12457744140625 0.07668076171875 0.13122646484375 0.08768583984375 0.121826171875 0.093532421875 0.11483330078125 0.08252724609375
4 0.13105263671875 0.073725 0.1403244140625 0.0677640625 0.14720087890625 0.07829833984375 0.13710556640625 0.08400439453125 0.13105263671875 0.073725
4 0.000135546875 0.6887513671875 0.00608193359375 0.70130556640625 0.000135546875 0.703882421875 0.000135546875 0.6887513671875
2 0.00599326171875 0.68217314453125 0.01345498046875 0.68071005859375 0.0127234375 0.67632080078125 0.02150205078125 0.67441875 0.0223798828125 0.679393359375 0.0295490234375 0.67734501953125 0.03232890625 0.6938779296875 0.018283203125 0.69592626953125 0.01901474609375 0.70031552734375 0.00921201171875 0.701193359375 0.00599326171875 0.68217314453125
0 0.14934365234375 0.08896474609375 0.1615103515625 0.084098046875 0.1733728515625 0.107823046875 0.160901953125 0.1136021484375 0.14934365234375 0.08896474609375
0 0.0538458984375 0.25600625 0.06598955078125 0.24971494140625 0.07271982421875 0.2630291015625 0.060576171875 0.269027734375 0.0538458984375 0.25600625
1 0.20820087890625 0.14445791015625 0.23099931640625 0.13299755859375 0.23585439453125 0.14345458984375 0.2261443359375 0.1486830078125 0.23082724609375 0.15816943359375 0.2173125 0.1633068359375 0.20820087890625 0.14445791015625
4 0.018967578125 0.27348935546875 0.03088369140625 0.264909765625 0.04375302734375 0.28278388671875 0.0315986328125 0.29160185546875 0.018967578125 0.27348935546875
1 0.3397900390625 0.09181171875 0.34503310546875 0.0727458984375 0.36314560546875 0.0770357421875 0.3612662109375 0.0856328125 0.35576357421875 0.08471572265625 0.3530123046875 0.09503310546875 0.3397900390625 0.09181171875
1 0.3722296875 0.0665009765625 0.3881642578125 0.05904951171875 0.39733525390625 0.07853779296875 0.38094208984375 0.0853013671875 0.3722296875 0.0665009765625
4 0.4096513671875 0.05316240234375 0.4232751953125 0.046978125 0.43154130859375 0.065161328125 0.4177353515625 0.07130625 0.4096513671875 0.05316240234375
1 0.4061755859375 0.0652447265625 0.4125529296875 0.0619212890625 0.41803203125 0.07332861328125 0.411834375 0.07638251953125 0.4061755859375 0.0652447265625
4 0.39108564453125 0.0573404296875 0.39890009765625 0.05320869140625 0.40491806640625 0.06461591796875 0.3971037109375 0.0690171875 0.39108564453125 0.0573404296875
4 0.45931611328125 0.05077197265625 0.46676748046875 0.04744755859375 0.47249931640625 0.0602869140625 0.46481865234375 0.063840625 0.45931611328125 0.05077197265625
0 0.6238498046875 0.03576376953125 0.63723623046875 0.0281658203125 0.6477705078125 0.046308203125 0.63196904296875 0.05537939453125 0.62889658203125 0.04996591796875 0.6307986328125 0.04879541015625 0.6238498046875 0.03576376953125
4 0.17016220703125 0.18093291015625 0.18715478515625 0.17290341796875 0.192009765625 0.18111962890625 0.17445703125 0.18952255859375 0.17016220703125 0.18093291015625
4 0.12431298828125 0.25079736328125 0.1153880859375 0.25182158203125 0.1137787109375 0.23806845703125 0.12297958984375 0.23675166015625 0.12431298828125 0.25079736328125
2 0.6575548828125 0.0310962890625 0.670619140625 0.0238814453125 0.67637275390625 0.03464140625 0.662828125 0.0415283203125 0.6575548828125 0.0310962890625
2 0.71202197265625 0.034723046875 0.71817607421875 0.028912890625 0.72681015625 0.03793291015625 0.7208490234375 0.04377939453125 0.71202197265625 0.034723046875
2 0.67857333984375 0.06821591796875 0.6916419921875 0.05468876953125 0.70471064453125 0.06638173828125 0.69227705078125 0.0805212890625 0.67857333984375 0.06821591796875
0 0.72883857421875 0.03641064453125 0.73337421875 0.02221865234375 0.75254072265625 0.02821728515625 0.748005078125 0.04240927734375 0.72883857421875 0.03641064453125
1 0.73041123046875 0.01521181640625 0.732913671875 0.00968515625 0.73623818359375 0.01106083984375 0.73921875 0.003838671875 0.7581337890625 0.01037294921875 0.75194345703125 0.02355625 0.73041123046875 0.01521181640625
2 0.70226611328125 0.0898955078125 0.71365673828125 0.0783181640625 0.7265412109375 0.09008232421875 0.7149638671875 0.102780078125 0.70226611328125 0.0898955078125
2 0.7149638671875 0.10159970703125 0.722970703125 0.0929314453125 0.73214169921875 0.10129990234375 0.7243462890625 0.11001240234375 0.7149638671875 0.10159970703125
0 0.73222666015625 0.11547333984375 0.74327470703125 0.10334755859375 0.75660400390625 0.115393359375 0.7459234375 0.12753701171875 0.73222666015625 0.11547333984375
1 0.8539923828125 2.9296875e-06 0.8591892578125 0.00644287109375 0.84818408203125 0.0224919921875 0.83224951171875 0.0110283203125 0.8394064453125 3.02734375e-06 0.8539923828125 2.9296875e-06
2 0.85212578125 0.0218833984375 0.86070546875 0.0092900390625 0.8684412109375 0.01526552734375 0.8644908203125 0.01936220703125 0.87341572265625 0.0268240234375 0.868294921875 0.03355419921875 0.85212578125 0.0218833984375
0 0.88561064453125 0.03237490234375 0.8863525390625 0.03134091796875 0.89381640625 0.02255390625 0.9104150390625 0.03725029296875 0.90081064453125 0.04782021484375 0.88561064453125 0.03237490234375
2 0.85365068359375 0.06118974609375 0.8701583984375 0.04330634765625 0.8868349609375 0.06002802734375 0.8699693359375 0.0762578125 0.85365068359375 0.06118974609375
2 0.79878837890625 0.07372900390625 0.81883271484375 0.054855078125 0.82951328125 0.0648041015625 0.82424619140625 0.0706564453125 0.84305029296875 0.09176630859375 0.82856572265625 0.10581201171875 0.79878837890625 0.07372900390625
0 0.9154625 0.06718828125 0.93426298828125 0.04941953125 0.9598162109375 0.07429580078125 0.9417357421875 0.09248193359375 0.9154625 0.06718828125
1 0.79699111328125 0.116047265625 0.80088876953125 0.111691015625 0.795959375 0.10733486328125 0.801347265625 0.10137373046875 0.80490107421875 0.10504208984375 0.81155 0.0981638671875 0.83401884765625 0.11707900390625 0.81888681640625 0.1341599609375 0.79699111328125 0.116047265625
4 0.99913671875 0.11952998046875 0.98210205078125 0.10477880859375 0.9955466796875 0.09058720703125 0.99913671875 0.0943505859375 0.99913671875 0.11952998046875
2 0.96956591796875 0.117930859375 0.95113095703125 0.0994958984375 0.96371357421875 0.0867669921875 0.98210205078125 0.10477880859375 0.96956591796875 0.117930859375
2 0.9430458984375 0.0451056640625 0.9507265625 0.03822744140625 0.9566876953125 0.04407392578125 0.96196103515625 0.0394884765625 0.9722783203125 0.049347265625 0.95989755859375 0.06172802734375 0.9430458984375 0.0451056640625
2 0.8849638671875 0.09173056640625 0.9012095703125 0.0773521484375 0.921003125 0.0986396484375 0.904757421875 0.1132046875 0.8849638671875 0.09173056640625
1 0.933323828125 0.140605859375 0.94737294921875 0.12620087890625 0.9539072265625 0.13204736328125 0.95287548828125 0.1333083984375 0.959868359375 0.14018662109375 0.96353671875 0.1366328125 0.97459091796875 0.14707197265625 0.9697626953125 0.1521927734375 0.97151845703125 0.154680078125 0.960837890625 0.16419013671875 0.933323828125 0.140605859375
0 0.82084541015625 0.17380595703125 0.833226171875 0.162571484375 0.83093349609375 0.15993486328125 0.85237060546875 0.13792451171875 0.8708271484375 0.1553494140625 0.8695662109375 0.156954296875 0.8842306640625 0.17084345703125 0.85338623046875 0.20403974609375 0.82084541015625 0.17380595703125
1 0.85757490234375 0.14208681640625 0.8643384765625 0.1346353515625 0.8923099609375 0.15733349609375 0.882221875 0.1686826171875 0.8695662109375 0.156954296875 0.8708271484375 0.1553494140625 0.85757490234375 0.14208681640625
3 0.87194912109375 0.11219306640625 0.87974443359375 0.10393916015625 0.88937392578125 0.11230771484375 0.88146396484375 0.1210201171875 0.87194912109375 0.11219306640625
2 0.89329296875 0.1546822265625 0.90529033203125 0.14180693359375 0.9159708984375 0.15190234375 0.9282609375 0.13829560546875 0.960837890625 0.16419013671875 0.93513740234375 0.1921373046875 0.89329296875 0.1546822265625
0 0.8688603515625 0.20309677734375 0.89578125 0.17456650390625 0.9171423828125 0.194171875 0.88831953125 0.22314111328125 0.8688603515625 0.20309677734375
1 0.89014453125 0.25310732421875 0.86429033203125 0.281090625 0.84263671875 0.261240234375 0.8677734375 0.232607421875 0.89014453125 0.25310732421875
2 0.867412109375 0.23228515625 0.84228515625 0.26091796875 0.822255859375 0.24255859375 0.8380685546875 0.2245994140625 0.8478515625 0.21435546875 0.867412109375 0.23228515625
2 0.847490234375 0.2140234375 0.83770849609375 0.22426943359375 0.821904296875 0.242236328125 0.7985904296875 0.220865625 0.82474873046875 0.1931865234375 0.847490234375 0.2140234375
2 0.9991369140625 0.4202037109375 0.965595703125 0.390546875 0.98467099609375 0.36881953125 0.984677734375 0.36880859375 0.9991369140625 0.383774609375 0.9991369140625 0.4202037109375
4 0.9991369140625 0.38307138671875 0.98501953125 0.36845703125 0.9991369140625 0.35366494140625 0.9991369140625 0.38307138671875
1 0.99133134765625 0.3438158203125 0.96911025390625 0.37126533203125 0.95453125 0.35849609375 0.97900390625 0.33181640625 0.99133134765625 0.3438158203125
1 0.97865234375 0.331474609375 0.954169921875 0.358173828125 0.938388671875 0.344345703125 0.9635546875 0.316787109375 0.97865234375 0.331474609375
1 0.950810546875 0.31487236328125 0.95435849609375 0.3111376953125 0.961435546875 0.318388671875 0.93880146484375 0.34324931640625 0.93811279296875 0.342321875 0.9256017578125 0.33111796875 0.94483515625 0.30945712890625 0.950810546875 0.31487236328125
0 0.93197705078125 0.37986494140625 0.9407556640625 0.3700623046875 0.95421611328125 0.3817669921875 0.9452912109375 0.39200859375 0.93197705078125 0.37986494140625
0 0.8954169921875 0.36075205078125 0.89931474609375 0.35742763671875 0.90493193359375 0.3520396484375 0.922012890625 0.368203515625 0.91284189453125 0.37737451171875 0.8954169921875 0.36075205078125
2 0.907901171875 0.35457705078125 0.915237890625 0.34666708984375 0.92716015625 0.3577869140625 0.9197087890625 0.3655822265625 0.907901171875 0.35457705078125
2 0.87009755859375 0.3871791015625 0.87696630859375 0.38079365234375 0.8765078125 0.38033515625 0.89037890625 0.36772509765625 0.900137890625 0.37871787109375 0.90218623046875 0.37666953125 0.91111103515625 0.3850091796875 0.9126451171875 0.38690498046875 0.90920595703125 0.389885546875 0.916959765625 0.398459375 0.9023947265625 0.41115712890625 0.8855888671875 0.3952849609375 0.8807337890625 0.39939296875 0.87009755859375 0.3871791015625
1 0.8681212890625 0.34135771484375 0.88337392578125 0.32777333984375 0.87789248046875 0.32348349609375 0.89338349609375 0.30966083984375 0.91078095703125 0.3253900390625 0.88218232421875 0.35541865234375 0.8681212890625 0.34135771484375
1 0.84580595703125 0.36015703125 0.85545576171875 0.35100263671875 0.87330546875 0.36812080078125 0.86364912109375 0.37792353515625 0.84580595703125 0.36015703125
2 0.87330546875 0.36812080078125 0.86899833984375 0.36398046875 0.87582490234375 0.35743544921875 0.88018828125 0.36179443359375 0.87330546875 0.36812080078125
2 0.889051171875 0.2811052734375 0.90704716796875 0.2642796875 0.91538681640625 0.2726193359375 0.89749091796875 0.28977216796875 0.889051171875 0.2811052734375
0 0.9991369140625 0.51653515625 0.9889236328125 0.52906962890625 0.971764453125 0.51429365234375 0.98248896484375 0.50190087890625 0.9991369140625 0.51596953125 0.9991369140625 0.51653515625
4 0.77808037109375 0.0923251953125 0.78474658203125 0.0858265625 0.78894873046875 0.08972041015625 0.78041572265625 0.09825341796875 0.77772109375 0.0961875 0.7799666015625 0.0941216796875 0.77808037109375 0.0923251953125
0 0.7545505859375 0.16897939453125 0.76154345703125 0.16175732421875 0.76761923828125 0.16748916015625 0.78149033203125 0.152586328125 0.79189892578125 0.1620962890625 0.77083046875 0.1833111328125 0.7545505859375 0.16897939453125
4 0.797426171875 0.1906484375 0.80956376953125 0.1773904296875 0.8170330078125 0.185046484375 0.8056423828125 0.197557421875 0.797426171875 0.1906484375
0 0.71237294921875 0.19715986328125 0.72378505859375 0.1851625 0.74499990234375 0.20345107421875 0.73373408203125 0.21486318359375 0.71237294921875 0.19715986328125
0 0.67351142578125 0.19820244140625 0.6842873046875 0.18880224609375 0.69082158203125 0.1957951171875 0.680275 0.20565390625 0.67351142578125 0.19820244140625
0 0.68884130859375 0.2105544921875 0.6946826171875 0.2054873046875 0.702247265625 0.21372890625 0.69693466796875 0.2178033203125 0.69369736328125 0.21407333984375 0.69264169921875 0.21498828125 0.68884130859375 0.2105544921875
2 0.70244267578125 0.22342041015625 0.71052666015625 0.215875390625 0.72292197265625 0.22862998046875 0.71492783203125 0.236175 0.70244267578125 0.22342041015625
0 0.63491484375 0.1865083984375 0.6424255859375 0.1790875 0.66183994140625 0.19721591796875 0.65438857421875 0.204552734375 0.63491484375 0.1865083984375
0 0.74294091796875 0.1775830078125 0.7472970703125 0.1738 0.74282626953125 0.16864130859375 0.74832880859375 0.164055859375 0.764991796875 0.1804775390625 0.754896484375 0.1905728515625 0.74294091796875 0.1775830078125
0 0.6169990234375 0.1411244140625 0.626969140625 0.1297171875 0.6354123046875 0.13618427734375 0.62813681640625 0.14552568359375 0.62598115234375 0.143729296875 0.623825390625 0.14642392578125 0.6169990234375 0.1411244140625
0 0.5830615234375 0.1868671875 0.59257646484375 0.17632060546875 0.5994546875 0.1823962890625 0.59005439453125 0.1928283203125 0.5830615234375 0.1868671875
0 0.5951693359375 0.17089345703125 0.6049 0.16104833984375 0.61119130859375 0.16631552734375 0.60193291015625 0.17651064453125 0.5951693359375 0.17089345703125
0 0.83117705078125 0.29178505859375 0.8421501953125 0.28095810546875 0.85429384765625 0.29295546875 0.8431744140625 0.30348974609375 0.83117705078125 0.29178505859375
0 0.80148037109375 0.32067802734375 0.81113671875 0.31175322265625 0.8250361328125 0.32506728515625 0.81596494140625 0.33472373046875 0.80148037109375 0.32067802734375
1 0.783460546875 0.302091015625 0.79653173828125 0.289766796875 0.80530810546875 0.2989166015625 0.7922369140625 0.31105419921875 0.783460546875 0.302091015625
1 0.76937685546875 0.28847060546875 0.7815283203125 0.27517265625 0.79459697265625 0.2874388671875 0.78141376953125 0.299705078125 0.76937685546875 0.28847060546875
0 0.8184216796875 0.2994314453125 0.82834306640625 0.29029638671875 0.8337841796875 0.29621259765625 0.82456669921875 0.3055763671875 0.8184216796875 0.2994314453125
1 0.7689470703125 0.2556830078125 0.77849404296875 0.2457607421875 0.7863947265625 0.25278359375 0.77721064453125 0.26304833984375 0.7689470703125 0.2556830078125
0 0.7352677734375 0.25950361328125 0.74592900390625 0.24849853515625 0.75441220703125 0.2570962890625 0.7515462890625 0.25996220703125 0.75234873046875 0.2612232421875 0.74478271484375 0.2683306640625 0.7352677734375 0.25950361328125
0 0.74545830078125 0.2697626953125 0.7514763671875 0.26329560546875 0.75417099609375 0.265990234375 0.760358984375 0.26026162109375 0.77124951171875 0.27023505859375 0.75967119140625 0.28169873046875 0.74545830078125 0.2697626953125
0 0.7545275390625 0.23586171875 0.767402734375 0.22108447265625 0.7858376953125 0.2360080078125 0.77354775390625 0.249907421875 0.7545275390625 0.23586171875
0 0.77032626953125 0.21745673828125 0.7822154296875 0.20444365234375 0.796807421875 0.216195703125 0.78477060546875 0.22995224609375 0.77032626953125 0.21745673828125
0 0.6514548828125 0.35070703125 0.66396591796875 0.33968994140625 0.6789044921875 0.355748828125 0.66564658203125 0.367139453125 0.6514548828125 0.35070703125
4 0.674495703125 0.3267853515625 0.68779326171875 0.31370947265625 0.703741015625 0.33024248046875 0.6908658203125 0.34297138671875 0.674495703125 0.3267853515625
0 0.70169736328125 0.2980345703125 0.71040986328125 0.28943671875 0.7263443359375 0.30433955078125 0.71751728515625 0.313051953125 0.70169736328125 0.2980345703125
0 0.73285771484375 0.32271767578125 0.7417994140625 0.3142345703125 0.746843359375 0.3196224609375 0.73790166015625 0.3281056640625 0.73285771484375 0.32271767578125
0 0.7811443359375 0.33959130859375 0.791093359375 0.32978857421875 0.806455859375 0.34398056640625 0.796653125 0.35392958984375 0.7811443359375 0.33959130859375
2 0.775944921875 0.35382548828125 0.781856640625 0.34678779296875 0.79533037109375 0.35776806640625 0.7890390625 0.3644982421875 0.775944921875 0.35382548828125
1 0.823411328125 0.389362890625 0.83578193359375 0.37181259765625 0.856516015625 0.38730361328125 0.84315185546875 0.405253125 0.823411328125 0.389362890625
4 0.78381748046875 0.3942765625 0.79149814453125 0.40092548828125 0.7864541015625 0.405740234375 0.79333232421875 0.41319169921875 0.7884029296875 0.41846494140625 0.77372939453125 0.40344755859375 0.78381748046875 0.3942765625
4 0.78484921875 0.3920984375 0.79149814453125 0.38533486328125 0.79940810546875 0.39313017578125 0.79287373046875 0.4000083984375 0.78484921875 0.3920984375
4 0.79607333984375 0.38070439453125 0.80318076171875 0.37290908203125 0.82117880859375 0.3895314453125 0.81395673828125 0.39698291015625 0.79607333984375 0.38070439453125
0 0.93290234375 0.49118681640625 0.95170673828125 0.47118994140625 0.96075849609375 0.48159140625 0.94215390625 0.50059189453125 0.93290234375 0.49118681640625
0 0.94686474609375 0.5006935546875 0.96282197265625 0.4831962890625 0.97207353515625 0.49154375 0.9567615234375 0.509469921875 0.94686474609375 0.5006935546875
4 0.93466806640625 0.50913251953125 0.9451 0.49950302734375 0.95278076171875 0.507871484375 0.94211943359375 0.5177302734375 0.93466806640625 0.50913251953125
2 0.869726953125 0.499025 0.88428583984375 0.485383203125 0.90629619140625 0.50762275390625 0.8933421875 0.5224109375 0.87213427734375 0.50154697265625 0.869726953125 0.499025
0 0.89101376953125 0.4783509765625 0.8987888671875 0.46925244140625 0.915269140625 0.48430615234375 0.90751474609375 0.492060546875 0.89101376953125 0.4783509765625
1 0.90854619140625 0.49645703125 0.91951943359375 0.4878248046875 0.92551806640625 0.49601806640625 0.91513017578125 0.50450400390625 0.90854619140625 0.49645703125
0 0.91951943359375 0.4878248046875 0.940546875 0.46892490234375 0.94669189453125 0.47580146484375 0.93290234375 0.49118681640625 0.9336703125 0.49306591796875 0.927525390625 0.4980404296875 0.91951943359375 0.4878248046875
0 0.94727041015625 0.54163642578125 0.95604892578125 0.534174609375 0.962340234375 0.5411974609375 0.96438857421875 0.5395880859375 0.9690705078125 0.54470888671875 0.9594140625 0.55421904296875 0.94727041015625 0.54163642578125
1 0.995058203125 0.58525947265625 0.977062109375 0.5687265625 0.99491181640625 0.55116943359375 0.9991369140625 0.55566455078125 0.9991369140625 0.5811537109375 0.995058203125 0.58525947265625
0 0.96763388671875 0.59928134765625 0.97909755859375 0.58919326171875 0.98712216796875 0.59847890625 0.976231640625 0.60845234375 0.96763388671875 0.59928134765625
0 0.9172021484375 0.58842197265625 0.92809267578125 0.57672890625 0.93760751953125 0.58601455078125 0.926831640625 0.59782216796875 0.9172021484375 0.58842197265625
0 0.92276474609375 0.62682314453125 0.930047265625 0.61916708984375 0.93994404296875 0.6290638671875 0.9328482421875 0.636533203125 0.92276474609375 0.62682314453125
0 0.8656515625 0.69075908203125 0.872528125 0.66778857421875 0.88730537109375 0.672616796875 0.88057509765625 0.6955873046875 0.8656515625 0.69075908203125
1 0.90709609375 0.66180947265625 0.92933505859375 0.65961474609375 0.928603515625 0.67878125 0.9069498046875 0.68053701171875 0.90709609375 0.66180947265625
1 0.91190390625 0.64650263671875 0.91693388671875 0.6425505859375 0.922772265625 0.64883798828125 0.91792197265625 0.6532392578125 0.91190390625 0.64650263671875
0 0.9329033203125 0.641334765625 0.9419751953125 0.63298134765625 0.94898125 0.64016708984375 0.94017880859375 0.64896953125 0.9329033203125 0.641334765625
2 0.9383578125 0.6100083984375 0.9528955078125 0.5985689453125 0.9667181640625 0.6171580078125 0.95265712890625 0.6281208984375 0.9383578125 0.6100083984375
1 0.8941189453125 0.61442666015625 0.90662998046875 0.5993013671875 0.9165267578125 0.60882470703125 0.9042025390625 0.6226427734375 0.8941189453125 0.61442666015625
1 0.83216787109375 0.667414453125 0.84328740234375 0.648833203125 0.86201494140625 0.65848955078125 0.851334375 0.677509765625 0.83216787109375 0.667414453125
0 0.83376201171875 0.6647484375 0.8209587890625 0.65721240234375 0.8309078125 0.6412646484375 0.84328740234375 0.648833203125 0.83376201171875 0.6647484375
2 0.87903291015625 0.70290654296875 0.89005 0.67769775390625 0.917686328125 0.69375673828125 0.90554873046875 0.71971240234375 0.8760451171875 0.70850849609375 0.87903291015625 0.70290654296875
0 0.76906533203125 0.6232615234375 0.77915341796875 0.60652451171875 0.7915341796875 0.6150076171875 0.78121689453125 0.63048369140625 0.76906533203125 0.6232615234375
4 0.7815048828125 0.63386083984375 0.79183427734375 0.6168845703125 0.8046787109375 0.62344150390625 0.7939900390625 0.64311240234375 0.7815048828125 0.63386083984375
0 0.82772548828125 0.55214775390625 0.83631513671875 0.54318466796875 0.8459958984375 0.55336845703125 0.837435546875 0.56167109375 0.82772548828125 0.55214775390625
0 0.8459958984375 0.55336845703125 0.849704296875 0.5490490234375 0.8552068359375 0.55386376953125 0.846265234375 0.56177373046875 0.84150341796875 0.55792900390625 0.8459958984375 0.55336845703125
2 0.85423193359375 0.57805576171875 0.86401435546875 0.56707685546875 0.87126318359375 0.5736923828125 0.86211416015625 0.58403779296875 0.85423193359375 0.57805576171875
2 0.84290458984375 0.56932216796875 0.8547609375 0.5575556640625 0.86365322265625 0.5651005859375 0.85134775390625 0.57722646484375 0.84290458984375 0.56932216796875
4 0.81086357421875 0.57256533203125 0.82212939453125 0.5617384765625 0.8328099609375 0.5721263671875 0.82198310546875 0.5833921875 0.81086357421875 0.57256533203125
0 0.933340625 0.55999384765625 0.94544365234375 0.54891328125 0.95916689453125 0.562208203125 0.94796572265625 0.57436259765625 0.933340625 0.55999384765625
0 0.91095458984375 0.55442890625 0.92514658203125 0.54228525390625 0.934656640625 0.55281953125 0.9201720703125 0.56525576171875 0.91095458984375 0.55442890625
0 0.80331884765625 0.6854205078125 0.8081931640625 0.67417568359375 0.81465859375 0.67626494140625 0.81914013671875 0.66412734375 0.83333173828125 0.67066298828125 0.82492880859375 0.692883984375 0.8139625 0.689155078125 0.80331884765625 0.6854205078125
0 0.844183203125 0.60052548828125 0.84957119140625 0.5944498046875 0.86057626953125 0.6041939453125 0.85495908203125 0.610155078125 0.844183203125 0.60052548828125
2 0.820960546875 0.60993447265625 0.82772412109375 0.60019033203125 0.8366658203125 0.60764169921875 0.82978759765625 0.61646875 0.820960546875 0.60993447265625
4 0.66028369140625 0.62688916015625 0.68399873046875 0.58327197265625 0.69833701171875 0.592489453125 0.6734515625 0.63493623046875 0.66028369140625 0.62688916015625
4 0.59761396484375 0.60107841796875 0.619706640625 0.57298701171875 0.630826171875 0.582058203125 0.6081482421875 0.60971064453125 0.59761396484375 0.60107841796875
4 0.4261623046875 0.5956513671875 0.43020419921875 0.58541171875 0.4414318359375 0.580741015625 0.451491796875 0.5860404296875 0.45445595703125 0.5940345703125 0.44897685546875 0.605801171875 0.4417013671875 0.60768740234375 0.4306533203125 0.60607060546875 0.4261623046875 0.5956513671875
1 0.46708662109375 0.66218720703125 0.4372095703125 0.6629341796875 0.4365234375 0.638037109375 0.46623046875 0.63662109375 0.46708662109375 0.66218720703125
0 0.4662109375 0.6361328125 0.43650390625 0.637548828125 0.43609375 0.6226953125 0.465703125 0.621103515625 0.4662109375 0.6361328125
0 0.465693359375 0.620615234375 0.436083984375 0.62220703125 0.43571572265625 0.60896865234375 0.4652193359375 0.60654111328125 0.465693359375 0.620615234375
1 0.44851572265625 0.55439169921875 0.4584314453125 0.5494375 0.4647560546875 0.56434072265625 0.45422177734375 0.56858369140625 0.44851572265625 0.55439169921875
1 0.46134775390625 0.55427158203125 0.4663595703125 0.54805 0.47438662109375 0.55474892578125 0.468009375 0.56256337890625 0.46181171875 0.556725 0.46134775390625 0.55427158203125
0 0.54158994140625 0.5611384765625 0.552251171875 0.56194091796875 0.55144873046875 0.57363388671875 0.54078740234375 0.57294609375 0.54158994140625 0.5611384765625
0 0.553512109375 0.56194091796875 0.5791599609375 0.56408173828125 0.57828212890625 0.5832482421875 0.55282431640625 0.58119990234375 0.553512109375 0.56194091796875
0 0.56145654296875 0.582077734375 0.574478125 0.583101953125 0.57418544921875 0.5917341796875 0.560725 0.59085634765625 0.56145654296875 0.582077734375
0 0.64031201171875 0.5541896484375 0.65172412109375 0.540729296875 0.661087890625 0.5483373046875 0.6505537109375 0.56179775390625 0.64031201171875 0.5541896484375
4 0.65421142578125 0.5623830078125 0.6625509765625 0.55023935546875 0.678059765625 0.56150517578125 0.668988671875 0.57438037109375 0.65421142578125 0.5623830078125
1 0.6742380859375 0.53910244140625 0.69338251953125 0.518582421875 0.70117783203125 0.5260337890625 0.682823828125 0.5458267578125 0.6742380859375 0.53910244140625
2 0.66311484375 0.52726552734375 0.680180859375 0.50957080078125 0.69068994140625 0.519271484375 0.67353408203125 0.53660693359375 0.66311484375 0.52726552734375
4 0.6141705078125 0.6407365234375 0.61864130859375 0.62984599609375 0.62643662109375 0.6331705078125 0.62253896484375 0.6429146484375 0.6141705078125 0.6407365234375
1 0.63844306640625 0.65837314453125 0.643383203125 0.6457083984375 0.6582037109375 0.65064853515625 0.65398212890625 0.6625947265625 0.63844306640625 0.65837314453125
0 0.72427236328125 0.55330478515625 0.7333443359375 0.542616015625 0.7487935546875 0.5542927734375 0.7397216796875 0.5651611328125 0.72427236328125 0.55330478515625
0 0.744769921875 0.56279501953125 0.76279814453125 0.54241298828125 0.79024765625 0.57116962890625 0.77157451171875 0.5896560546875 0.75999716796875 0.5786388671875 0.76877353515625 0.5719166015625 0.76093076171875 0.56332685546875 0.75267421875 0.57060947265625 0.744769921875 0.56279501953125
1 0.682832421875 0.5074533203125 0.690169140625 0.498282421875 0.7078232421875 0.51467548828125 0.700601171875 0.5213244140625 0.6941814453125 0.51536328125 0.6922326171875 0.5174267578125 0.682832421875 0.5074533203125
1 0.69405205078125 0.49632841796875 0.7031083984375 0.48692822265625 0.71743798828125 0.50217490234375 0.70792314453125 0.51088740234375 0.69405205078125 0.49632841796875
1 0.6379587890625 0.50976630859375 0.6558421875 0.49039267578125 0.66868154296875 0.50185634765625 0.65091279296875 0.52100078125 0.6379587890625 0.50976630859375
0 0.7312525390625 0.47049384765625 0.74351875 0.45753984375 0.74615537109375 0.4598326171875 0.74867744140625 0.45731064453125 0.76426806640625 0.47026455078125 0.7497091796875 0.4853966796875 0.7312525390625 0.47049384765625
4 0.7106955078125 0.477293359375 0.720351953125 0.4676369140625 0.73410498046875 0.482121484375 0.724594921875 0.49133896484375 0.7106955078125 0.477293359375
1 0.70163974609375 0.48480439453125 0.709274609375 0.47690009765625 0.72355615234375 0.49181044921875 0.71574169921875 0.499265625 0.70163974609375 0.48480439453125
2 0.719830078125 0.5054048828125 0.73276435546875 0.48959638671875 0.74318359375 0.498578515625 0.7298900390625 0.51411748046875 0.719830078125 0.5054048828125
2 0.8306482421875 0.43226748046875 0.84035830078125 0.421997265625 0.85436318359375 0.433574609375 0.84390625 0.444218359375 0.8306482421875 0.43226748046875
0 0.829598046875 0.49876396484375 0.8434974609375 0.48369404296875 0.85695791015625 0.49613037109375 0.84261962890625 0.5109076171875 0.829598046875 0.49876396484375
2 0.82333212890625 0.442552734375 0.830325 0.43555986328125 0.842705859375 0.44736748046875 0.83594228515625 0.45401640625 0.82333212890625 0.442552734375
2 0.88641240234375 0.48676083984375 0.89180029296875 0.48068515625 0.90567138671875 0.4920341796875 0.899595703125 0.49845390625 0.88641240234375 0.48676083984375
0 0.90154677734375 0.4664703125 0.92012802734375 0.44364609375 0.93432001953125 0.456375 0.91749443359375 0.474663671875 0.91544609375 0.47715087890625 0.90154677734375 0.4664703125
1 0.896796875 0.45 0.890384765625 0.45683759765625 0.87429072265625 0.44264560546875 0.8809765625 0.4360546875 0.896796875 0.45
1 0.9104291015625 0.43547646484375 0.897138671875 0.4496484375 0.881318359375 0.435712890625 0.8950666015625 0.4221623046875 0.9104291015625 0.43547646484375
4 0.59405419921875 0.584016796875 0.58612138671875 0.57768193359375 0.59498779296875 0.56347626953125 0.6104865234375 0.56590380859375 0.59405419921875 0.584016796875
2 0.480475 0.59811484375 0.48738408203125 0.57421318359375 0.49914814453125 0.5777611328125 0.49279931640625 0.60259638671875 0.480475 0.59811484375
0 0.51909267578125 0.55738388671875 0.527346484375 0.56093759765625 0.52299033203125 0.571598828125 0.51485107421875 0.56793046875 0.51909267578125 0.55738388671875
0 0.527982421875 0.560137109375 0.53882060546875 0.56062978515625 0.53809453125 0.5799005859375 0.5262638671875 0.57910234375 0.527982421875 0.560137109375
0 0.5178625 0.588418359375 0.53620439453125 0.588418359375 0.5355166015625 0.60859443359375 0.52267724609375 0.6080212890625 0.52279189453125 0.606187109375 0.5194673828125 0.6063017578125 0.5194673828125 0.60137236328125 0.51694541015625 0.60148701171875 0.5178625 0.588418359375
2 0.4795515625 0.5560341796875 0.49184150390625 0.556473046875 0.49169521484375 0.57125029296875 0.47750322265625 0.57051875 0.47779580078125 0.560130859375 0.4795515625 0.5602771484375 0.4795515625 0.5560341796875
0 0.514146484375 0.573304296875 0.50548857421875 0.572626953125 0.5052052734375 0.56239482421875 0.50498466796875 0.55893291015625 0.5146853515625 0.5586634765625 0.514146484375 0.573304296875
2 0.50500029296875 0.563154296875 0.50500029296875 0.572587890625 0.49573310546875 0.5718671875 0.4960025390625 0.56306474609375 0.50500029296875 0.563154296875
1 0.37066552734375 0.5978306640625 0.37978203125 0.59551240234375 0.3837732421875 0.6121953125 0.3747953125 0.61417041015625 0.37066552734375 0.5978306640625
1 0.280026953125 0.5919939453125 0.29479921875 0.58960224609375 0.2997232421875 0.61408203125 0.2849509765625 0.616755078125 0.280026953125 0.5919939453125
1 0.29479921875 0.58960224609375 0.3044267578125 0.58775166015625 0.3083998046875 0.60597578125 0.29850517578125 0.60782236328125 0.29479921875 0.58960224609375
1 0.30653828125 0.58909580078125 0.3210484375 0.584863671875 0.32631708984375 0.6051607421875 0.31120224609375 0.6085291015625 0.30653828125 0.58909580078125
4 0.0318236328125 0.6717955078125 0.0440634765625 0.668841015625 0.04772138671875 0.684457421875 0.03520009765625 0.68713056640625 0.0318236328125 0.6717955078125
2 0.0440634765625 0.668841015625 0.05663251953125 0.66255654296875 0.06399443359375 0.68033271484375 0.04772138671875 0.684457421875 0.0440634765625 0.668841015625
2 0.035971875 0.6894357421875 0.048869140625 0.6860185546875 0.053278515625 0.7023330078125 0.04038125 0.70552978515625 0.035971875 0.6894357421875
3 0.04245927734375 0.71166904296875 0.05761630859375 0.707729296875 0.06224609375 0.72602802734375 0.05882890625 0.72735078125 0.060482421875 0.731319140625 0.049348828125 0.73484658203125 0.04245927734375 0.71166904296875
1 0.028866796875 0.70630830078125 0.028412109375 0.70458515625 0.0392083984375 0.70164853515625 0.04038125 0.70552978515625 0.04784541015625 0.73023720703125 0.03658779296875 0.733421484375 0.028866796875 0.70630830078125
3 0.140147265625 0.69399755859375 0.1604373046875 0.6862765625 0.16618310546875 0.7022572265625 0.14571357421875 0.7101578125 0.140147265625 0.69399755859375
2 0.129223046875 0.63081865234375 0.147098046875 0.6241728515625 0.1542021484375 0.6441103515625 0.13632724609375 0.65075615234375 0.129223046875 0.63081865234375
2 0.10292314453125 0.652857421875 0.1136806640625 0.64896396484375 0.119965234375 0.66727890625 0.10919169921875 0.67158828125 0.10292314453125 0.652857421875
0 0.077848828125 0.65312470703125 0.08479345703125 0.64915625 0.08732880859375 0.654226953125 0.09096650390625 0.6521326171875 0.0939427734375 0.65764423828125 0.083580859375 0.6639275390625 0.077848828125 0.65312470703125
4 0.22968671875 0.6469330078125 0.241481640625 0.64373623046875 0.24500908203125 0.65608232421875 0.23292607421875 0.659461328125 0.22968671875 0.6469330078125
4 0.17972685546875 0.6338353515625 0.19070048828125 0.63116220703125 0.193795703125 0.6434021484375 0.1821185546875 0.64621591796875 0.17972685546875 0.6338353515625
1 0.3248775390625 0.58619755859375 0.33636923828125 0.583324609375 0.33924208984375 0.5939185546875 0.32792998046875 0.59733017578125 0.3248775390625 0.58619755859375
2 0.60603701171875 0.5271666015625 0.62036728515625 0.51129306640625 0.6288552734375 0.5186787109375 0.61441474609375 0.534111328125 0.60603701171875 0.5271666015625
2 0.59989775390625 0.5484615234375 0.62593359375 0.5233234375 0.63886171875 0.5349947265625 0.614621484375 0.559594140625 0.59989775390625 0.5484615234375
1 0.60236201171875 0.49275869140625 0.602568359375 0.493046875 0.59308310546875 0.5008884765625 0.599716796875 0.508388671875 0.58274052734375 0.5243955078125 0.570244140625 0.510625 0.59291015625 0.48705078125 0.595748046875 0.48471162109375 0.60236201171875 0.49275869140625
1 0.591162109375 0.4881640625 0.569921875 0.510263671875 0.55904052734375 0.4982703125 0.56135537109375 0.4962861328125 0.58130751953125 0.47765673828125 0.591162109375 0.4881640625
1 0.60798388671875 0.50058515625 0.600068359375 0.508056640625 0.593783203125 0.50094326171875 0.6028515625 0.493447265625 0.60798388671875 0.50058515625
1 0.51103896484375 0.50500400390625 0.5190244140625 0.496883203125 0.53484580078125 0.5127783203125 0.52715888671875 0.5208107421875 0.51103896484375 0.50500400390625
1 0.52563671875 0.4997666015625 0.53539658203125 0.4900931640625 0.54688388671875 0.5013212890625 0.536778515625 0.51099482421875 0.52563671875 0.4997666015625
0 0.718210546875 0.2812818359375 0.72772705078125 0.27104697265625 0.7441220703125 0.28539541015625 0.7337111328125 0.29454013671875 0.718210546875 0.2812818359375
2 0.69030048828125 0.38377373046875 0.7072587890625 0.3675029296875 0.72559208984375 0.3853779296875 0.7070296875 0.40233623046875 0.69030048828125 0.38377373046875
0 0.7166451171875 0.41104111328125 0.73383251953125 0.39293701171875 0.74849921875 0.40806201171875 0.73016591796875 0.4263953125 0.7166451171875 0.41104111328125
0 0.7981525390625 0.48634873046875 0.8100033203125 0.47485703125 0.8272408203125 0.4929923828125 0.81467177734375 0.50466357421875 0.7981525390625 0.48634873046875
4 0.8486966796875 0.47565224609375 0.856997265625 0.46861787109375 0.86811162109375 0.47902880859375 0.8609365234375 0.487188671875 0.8486966796875 0.47565224609375
2 0.8720521484375 0.45418271484375 0.87827080078125 0.44856865234375 0.886821484375 0.4564283203125 0.88025732421875 0.462387890625 0.8720521484375 0.45418271484375
0 0.7107146484375 0.43475908203125 0.72228515625 0.439384765625 0.68881650390625 0.47533076171875 0.67121982421875 0.45935009765625 0.705694921875 0.424875 0.70642578125 0.4241015625 0.7107146484375 0.43475908203125
0 0.72562587890625 0.43636669921875 0.72228515625 0.439384765625 0.7107146484375 0.43475908203125 0.70642578125 0.4241015625 0.70874736328125 0.42164296875 0.72562587890625 0.43636669921875
4 0.6397236328125 0.5072802734375 0.63298671875 0.50071611328125 0.6478423828125 0.48439208984375 0.6550111328125 0.4913017578125 0.6397236328125 0.5072802734375
1 0.69200810546875 0.4375640625 0.6821974609375 0.44781572265625 0.677470703125 0.443642578125 0.68829091796875 0.43332724609375 0.69200810546875 0.4375640625
1 0.697740234375 0.42257236328125 0.689521484375 0.4320703125 0.6895060546875 0.43205400390625 0.677470703125 0.443642578125 0.665111328125 0.43271376953125 0.68462255859375 0.41176953125 0.697740234375 0.42257236328125
0 0.60979111328125 0.3990357421875 0.620814453125 0.3871306640625 0.638819140625 0.4027947265625 0.62704609375 0.4152712890625 0.60979111328125 0.3990357421875
0 0.35211640625 0.55596728515625 0.34844970703125 0.54015478515625 0.36311640625 0.536946484375 0.36724140625 0.55275888671875 0.35211640625 0.55596728515625
4 0.30124150390625 0.5296130859375 0.31292900390625 0.52365478515625 0.31705400390625 0.5337380859375 0.30490810546875 0.539008984375 0.30124150390625 0.5296130859375
0 0.370533203125 0.50531962890625 0.36774658203125 0.49762802734375 0.36973310546875 0.4886455078125 0.37785185546875 0.483376953125 0.3878708984375 0.484240625 0.3951259765625 0.49045927734375 0.395471484375 0.5016875 0.3886482421875 0.5085970703125 0.379579296875 0.5102380859375 0.370533203125 0.50531962890625
4 0.4396587890625 0.51569931640625 0.44473515625 0.51307548828125 0.4466931640625 0.51654345703125 0.4502103515625 0.51499580078125 0.454853125 0.52357783203125 0.44627109375 0.52836123046875 0.4396587890625 0.51569931640625
4 0.42820634765625 0.49146533203125 0.43459775390625 0.4861103515625 0.44263017578125 0.49699306640625 0.43511591796875 0.50191611328125 0.42820634765625 0.49146533203125
2 0.6458080078125 0.418988671875 0.6718439453125 0.39259365234375 0.68028310546875 0.4013919921875 0.655324609375 0.42832568359375 0.6458080078125 0.418988671875
1 0.653173828125 0.398505859375 0.6436533203125 0.40749697265625 0.62049033203125 0.38487275390625 0.63029296875 0.375458984375 0.653173828125 0.398505859375
1 0.66627763671875 0.38612958984375 0.653525390625 0.398173828125 0.63064453125 0.375126953125 0.64293505859375 0.36332578125 0.66627763671875 0.38612958984375
1 0.4316876953125 0.4795642578125 0.4407267578125 0.4710763671875 0.44282119140625 0.4761470703125 0.44844306640625 0.48419404296875 0.439844921875 0.489926171875 0.43459775390625 0.4861103515625 0.4316876953125 0.4795642578125
0 0.542841796875 0.43703125 0.53478828125 0.44647568359375 0.52074755859375 0.43558134765625 0.527724609375 0.42634765625 0.542841796875 0.43703125
0 0.5622224609375 0.4228400390625 0.54759091796875 0.43986328125 0.54379228515625 0.4359240234375 0.542841796875 0.43703125 0.527666015625 0.4258984375 0.51372890625 0.414667578125 0.532255859375 0.3959685546875 0.5622224609375 0.4228400390625
1 0.44915205078125 0.34709833984375 0.4649783203125 0.329327734375 0.47549775390625 0.3373978515625 0.460285546875 0.35580673828125 0.44915205078125 0.34709833984375
0 0.43367353515625 0.36993134765625 0.44792470703125 0.35568017578125 0.455784375 0.36293525390625 0.441446875 0.37787734375 0.43367353515625 0.36993134765625
3 0.51670390625 0.39359033203125 0.5271759765625 0.384441015625 0.5339001953125 0.39171630859375 0.5237587890625 0.40141689453125 0.51670390625 0.39359033203125
0 0.5449154296875 0.379026953125 0.55360537109375 0.368799609375 0.5697037109375 0.38317275390625 0.560634765625 0.39345078125 0.5449154296875 0.379026953125
0 0.4761056640625 0.39642333984375 0.48635732421875 0.384738671875 0.50498671875 0.4035884765625 0.49429404296875 0.41505263671875 0.4761056640625 0.39642333984375
0 0.5787771484375 0.32343173828125 0.58660361328125 0.31075498046875 0.59443017578125 0.3157154296875 0.58682412109375 0.3283921875 0.5787771484375 0.32343173828125
0 0.54045771484375 0.3536095703125 0.5467513671875 0.34636845703125 0.55710537109375 0.3563841796875 0.55013505859375 0.36328681640625 0.54045771484375 0.3536095703125
0 0.53496826171875 0.333505078125 0.5425630859375 0.32632197265625 0.55087158203125 0.3347232421875 0.543359765625 0.3419642578125 0.53496826171875 0.333505078125
0 0.54823046875 0.3199265625 0.55513310546875 0.31153505859375 0.55432109375 0.310790625 0.56801201171875 0.2950611328125 0.577080859375 0.30257529296875 0.57362607421875 0.30654833984375 0.5815216796875 0.3129607421875 0.5640478515625 0.3336546875 0.54823046875 0.3199265625
0 0.51139150390625 0.28686494140625 0.51681435546875 0.2802845703125 0.527676171875 0.28940439453125 0.522062109375 0.29588212890625 0.51139150390625 0.28686494140625
0 0.58061474609375 0.28178720703125 0.5997953125 0.25819736328125 0.61478701171875 0.27087412109375 0.5943939453125 0.29424345703125 0.58061474609375 0.28178720703125
1 0.56864990234375 0.226355078125 0.57901181640625 0.21224521484375 0.5893736328125 0.219630859375 0.57846064453125 0.2346224609375 0.56864990234375 0.226355078125
0 0.6084904296875 0.31038203125 0.61825029296875 0.30062216796875 0.62541904296875 0.30787724609375 0.615313671875 0.31789619140625 0.6084904296875 0.31038203125
1 0.62276796875 0.28090380859375 0.635665234375 0.266904296875 0.67435703125 0.300084375 0.66101884765625 0.314194140625 0.62276796875 0.28090380859375
1 0.6445494140625 0.26708681640625 0.65189091796875 0.25827705078125 0.68720322265625 0.28581513671875 0.680028125 0.29397509765625 0.6445494140625 0.26708681640625
1 0.6775580078125 0.2759521484375 0.68384130859375 0.2680154296875 0.6949748046875 0.27694423828125 0.6881404296875 0.28510146484375 0.6775580078125 0.2759521484375
2 0.6737595703125 0.24625087890625 0.6845091796875 0.23384501953125 0.7035021484375 0.2504462890625 0.6930912109375 0.26282685546875 0.6982966796875 0.2643744140625 0.690980859375 0.27197158203125 0.66776728515625 0.25297861328125 0.6695962890625 0.250868359375 0.66776728515625 0.24903935546875 0.671847265625 0.24467802734375 0.6737595703125 0.24625087890625
2 0.5927171875 0.2485423828125 0.5971220703125 0.24405107421875 0.59176708984375 0.23886884765625 0.59962685546875 0.23005908203125 0.6130142578125 0.2421509765625 0.5995404296875 0.25527919921875 0.5927171875 0.2485423828125
2 0.6050478515625 0.25829267578125 0.61634931640625 0.24658515625 0.61756748046875 0.24760029296875 0.622372265625 0.2519990234375 0.611003125 0.26316513671875 0.6050478515625 0.25829267578125
2 0.52130322265625 0.268115625 0.53158125 0.25792392578125 0.53926826171875 0.26578359375 0.5295947265625 0.27597529296875 0.52130322265625 0.268115625
1 0.22655615234375 0.639990234375 0.22512314453125 0.61629013671875 0.23978408203125 0.6145263671875 0.2415478515625 0.6386673828125 0.22655615234375 0.639990234375
4 0.186923828125 0.61117578125 0.19971083984375 0.60996318359375 0.200372265625 0.62991533203125 0.18758525390625 0.63024609375 0.186923828125 0.61117578125
0 0.39147490234375 0.569590625 0.401323046875 0.56748037109375 0.4009009765625 0.5660734375 0.410045703125 0.5638224609375 0.41328154296875 0.57972021484375 0.39414794921875 0.5830966796875 0.39147490234375 0.569590625
4 0.7342412109375 0.66463291015625 0.7421197265625 0.6560509765625 0.74985751953125 0.66336669921875 0.7422603515625 0.67152666015625 0.7342412109375 0.66463291015625
4 0.70115048828125 0.64607978515625 0.70392509765625 0.6400568359375 0.71191064453125 0.64195166015625 0.70737646484375 0.65636611328125 0.69905263671875 0.65386220703125 0.70115048828125 0.64607978515625
4 0.8711212890625 0.644733984375 0.8827984375 0.6339009765625 0.89095830078125 0.64107607421875 0.87928115234375 0.6521904296875 0.8711212890625 0.644733984375
0 0.832445703125 0.5872791015625 0.8389173828125 0.5812294921875 0.8455296875 0.587841796875 0.83919873046875 0.59389140625 0.832445703125 0.5872791015625
3 0.892420703125 0.5694048828125 0.8845421875 0.56307392578125 0.89678203125 0.55055263671875 0.90437919921875 0.5571650390625 0.892420703125 0.5694048828125
1 0.89701328125 0.5183791015625 0.8982224609375 0.52269765625 0.89450849609375 0.5279662109375 0.88733984375 0.52934814453125 0.883366796875 0.52675703125 0.881812109375 0.52200673828125 0.88578515625 0.5151833984375 0.8933421875 0.5224109375 0.89701328125 0.5183791015625
4 0.857520703125 0.52101005859375 0.86490625 0.51483701171875 0.875488671875 0.526191015625 0.86810302734375 0.53247431640625 0.857520703125 0.52101005859375
3 0.7405796875 0.53326357421875 0.7470103515625 0.5268328125 0.7592287109375 0.537604296875 0.75328037109375 0.5448388671875 0.7405796875 0.53326357421875
2 0.9991369140625 0.4434849609375 0.98795458984375 0.43396083984375 0.97790048828125 0.44524599609375 0.970103515625 0.437859375 0.97379677734375 0.43396083984375 0.9510212890625 0.416109765625 0.95881826171875 0.40769716796875 0.9540990234375 0.40277265625 0.965595703125 0.390546875 0.9991369140625 0.4202037109375 0.9991369140625 0.4434849609375
1 0.868294921875 0.03355419921875 0.87341572265625 0.0268240234375 0.8768400390625 0.0235029296875 0.90081064453125 0.04782021484375 0.891183984375 0.05614072265625 0.868294921875 0.03355419921875
