1 0.24664326171875 0.99900244140625 0.2596357421875 0.98780146484375 0.26897744140625 0.9990025390625 0.24664326171875 0.99900244140625
1 0.3639328125 0.9617546875 0.3482759765625 0.9485939453125 0.35531025390625 0.93997138671875 0.37074013671875 0.95403974609375 0.3639328125 0.9617546875
4 8.828125e-05 0.84037705078125 0.007613671875 0.83039296875 0.0165291015625 0.8374974609375 8.828125e-05 0.85639716796875 8.828125e-05 0.84037705078125
4 8.818359375e-05 0.96676318359375 0.00699326171875 0.9692140625 8.818359375e-05 0.98547421875 8.818359375e-05 0.96676318359375
2 8.837890625e-05 0.77462109375 0.00101806640625 0.7716234375 0.00688505859375 0.76611201171875 0.0102630859375 0.7671787109375 0.036931640625 0.79260263671875 0.02928662109375 0.799180859375 0.02413076171875 0.79171376953125 0.00795185546875 0.80860380859375 8.828125e-05 0.80311650390625 8.837890625e-05 0.77462109375
1 0.22213701171875 0.87383857421875 0.23704248046875 0.85266455078125 0.24637578125 0.86102275390625 0.2313310546875 0.8801072265625 0.22213701171875 0.87383857421875
1 0.254768359375 0.83825107421875 0.23944501953125 0.8259923828125 0.24501708984375 0.81847001953125 0.26061904296875 0.8311466796875 0.254768359375 0.83825107421875
2 0.2813615234375 0.8078974609375 0.289858984375 0.7934099609375 0.29654560546875 0.79173837890625 0.3053216796875 0.7975890625 0.29236650390625 0.817509375 0.2813615234375 0.8078974609375
1 0.061950390625 0.7228947265625 0.0674619140625 0.71578310546875 0.0637283203125 0.71258291015625 0.076884765625 0.69569287109375 0.08470751953125 0.70155986328125 0.094308203125 0.68769228515625 0.1024865234375 0.69569287109375 0.1062201171875 0.691248046875 0.1236435546875 0.7067158203125 0.10088642578125 0.7317841796875 0.07955166015625 0.73907353515625 0.06426171875 0.72716162109375 0.061950390625 0.7228947265625
1 0.1764794921875 0.7268681640625 0.1851912109375 0.708911328125 0.19639189453125 0.71548955078125 0.18839140625 0.73415751953125 0.1764794921875 0.7268681640625
1 0.2015478515625 0.75158095703125 0.20563701171875 0.7380689453125 0.21559326171875 0.743758203125 0.20830390625 0.758692578125 0.2015478515625 0.75158095703125
1 0.055616015625 0.6835587890625 0.04601533203125 0.67449150390625 0.05579375 0.6634685546875 0.0787287109375 0.68444775390625 0.059349609375 0.7059603515625 0.0513490234375 0.7011599609375 0.04957109375 0.68942587890625 0.055616015625 0.6835587890625
1 0.21039169921875 0.57300947265625 0.21568515625 0.5629796875 0.2250185546875 0.569108984375 0.21944638671875 0.5776064453125 0.21039169921875 0.57300947265625
1 8.837890625e-05 0.61001181640625 0.01286484375 0.5985291015625 0.02386982421875 0.611762890625 0.01007880859375 0.62207138671875 8.837890625e-05 0.61019638671875 8.837890625e-05 0.61001181640625
1 0.699869140625 0.92656923828125 0.69720224609375 0.91359052734375 0.71640361328125 0.90932353515625 0.71764814453125 0.9226578125 0.699869140625 0.92656923828125
1 0.13905068359375 0.22032041015625 0.113863671875 0.20466357421875 0.13201650390625 0.1744845703125 0.14018525390625 0.18015732421875 0.14358896484375 0.17335 0.15879189453125 0.18219951171875 0.15493447265625 0.19014130859375 0.1583380859375 0.19218359375 0.13905068359375 0.22032041015625
1 0.22393720703125 0.20305986328125 0.19555625 0.17844375 0.20482353515625 0.1680181640625 0.2097466796875 0.1665701171875 0.22712275390625 0.14398125 0.23436279296875 0.14919404296875 0.22915 0.16019892578125 0.231466796875 0.163094921875 0.23667958984375 0.1544068359375 0.245946875 0.16222607421875 0.23928603515625 0.17091416015625 0.25029091796875 0.17844375 0.22393720703125 0.20305986328125
1 0.31725400390625 2.63671875e-06 0.30387412109375 0.012590234375 0.29463447265625 2.63671875e-06 0.31725400390625 2.63671875e-06
1 0.49779677734375 2.5390625e-06 0.48418779296875 0.01553505859375 0.47049306640625 2.63671875e-06 0.49779677734375 2.5390625e-06
1 0.34609794921875 0.06008603515625 0.3281720703125 0.025595703125 0.3590318359375 0.01039267578125 0.3755962890625 0.04261396484375 0.34609794921875 0.06008603515625
1 0.42068935546875 0.0487046875 0.4397498046875 0.0251060546875 0.4520029296875 0.03395556640625 0.43203486328125 0.05868876953125 0.42068935546875 0.0487046875
1 0.34837265625 0.20297255859375 0.3411326171875 0.19631171875 0.34663505859375 0.1928365234375 0.33852626953125 0.1829900390625 0.36082548828125 0.16706201171875 0.37154072265625 0.17632919921875 0.36314228515625 0.18472763671875 0.3677759765625 0.186465234375 0.37154072265625 0.19573251953125 0.3602462890625 0.20471015625 0.34837265625 0.20297255859375
2 0.409587109375 0.20306240234375 0.3900728515625 0.1810521484375 0.407771875 0.1649416015625 0.42819375 0.1892208984375 0.409587109375 0.20306240234375
1 0.29262333984375 0.29934833984375 0.32195869140625 0.26076796875 0.32889248046875 0.26325693359375 0.33511513671875 0.26610166015625 0.34187119140625 0.27321318359375 0.34524921875 0.27748017578125 0.3496939453125 0.293303515625 0.3434712890625 0.302015234375 0.339204296875 0.3077044921875 0.35111630859375 0.31623837890625 0.34133779296875 0.329750390625 0.31626943359375 0.317305078125 0.30311298828125 0.31179365234375 0.29262333984375 0.29934833984375
1 0.3390533203125 0.370071484375 0.32611953125 0.35963369140625 0.334061328125 0.347607421875 0.34926435546875 0.3589529296875 0.3390533203125 0.370071484375
1 0.54164384765625 0.20223310546875 0.51010341796875 0.1879376953125 0.5169107421875 0.17318857421875 0.54890498046875 0.189072265625 0.54164384765625 0.20223310546875
2 0.54572822265625 0.168650390625 0.540282421875 0.16796962890625 0.54572822265625 0.154355078125 0.55503154296875 0.160481640625 0.54572822265625 0.168650390625
2 0.56229267578125 0.149816796875 0.54368603515625 0.1386982421875 0.5534431640625 0.121226171875 0.57182294921875 0.13801748046875 0.56229267578125 0.149816796875
1 0.7204138671875 0.8959107421875 0.71877666015625 0.89078076171875 0.71877666015625 0.88030263671875 0.73787744140625 0.8797568359375 0.739623828125 0.88947099609375 0.7204138671875 0.8959107421875
1 0.737498828125 0.87630224609375 0.7175248046875 0.8744466796875 0.7115216796875 0.859930078125 0.73356953125 0.8572013671875 0.737498828125 0.87630224609375
1 0.73937255859375 0.87622333984375 0.73609814453125 0.858759765625 0.7583642578125 0.855376171875 0.760547265625 0.870001953125 0.73937255859375 0.87622333984375
1 0.7120396484375 0.85022216796875 0.694971875 0.850577734375 0.69354951171875 0.8384880859375 0.711328515625 0.8379546875 0.7120396484375 0.85022216796875
1 0.75177294921875 0.849562890625 0.7442505859375 0.83437890625 0.7478724609375 0.83215 0.7428576171875 0.8194734375 0.74982275390625 0.81724462890625 0.75706650390625 0.829224609375 0.76180283203125 0.8279708984375 0.76793212890625 0.843015625 0.75177294921875 0.849562890625
1 0.75719453125 0.8167369140625 0.7301705078125 0.81282548828125 0.73177060546875 0.80109140625 0.75861689453125 0.80162470703125 0.75719453125 0.8167369140625
1 0.7556716796875 0.79651826171875 0.72864697265625 0.79777197265625 0.7285076171875 0.77604072265625 0.753025 0.775762109375 0.75344287109375 0.78829931640625 0.75413935546875 0.78829931640625 0.7556716796875 0.79651826171875
1 0.7579005859375 0.79707548828125 0.75400009765625 0.7813341796875 0.76194033203125 0.7784087890625 0.76709462890625 0.79428935546875 0.7579005859375 0.79707548828125
1 0.7054916015625 0.74521826171875 0.67896875 0.745545703125 0.67929619140625 0.731683984375 0.7049458984375 0.73146572265625 0.7054916015625 0.74521826171875
1 0.69707158203125 0.729573046875 0.687493359375 0.73034267578125 0.68586845703125 0.72837578125 0.68458564453125 0.7140083984375 0.6943349609375 0.71375185546875 0.69707158203125 0.729573046875
2 0.70235390625 0.70482646484375 0.6831119140625 0.70559619140625 0.6829408203125 0.69473515625 0.68858515625 0.694478515625 0.68901279296875 0.68507138671875 0.7053470703125 0.6840451171875 0.70620234375 0.69559033203125 0.703551171875 0.6952482421875 0.70235390625 0.70482646484375
1 0.75596357421875 0.69205 0.74509794921875 0.69163203125 0.74635166015625 0.66418935546875 0.758749609375 0.66405009765625 0.75596357421875 0.69205
1 0.6990240234375 0.6657578125 0.6928947265625 0.64695185546875 0.70626787109375 0.6430513671875 0.71183994140625 0.66130009765625 0.6990240234375 0.6657578125
1 0.768328515625 0.64039990234375 0.74520419921875 0.63803173828125 0.746597265625 0.62591240234375 0.76944296875 0.6281412109375 0.768328515625 0.64039990234375
1 0.71336103515625 0.635778125 0.69107255859375 0.6345244140625 0.69218701171875 0.6243552734375 0.7136396484375 0.62519111328125 0.71336103515625 0.635778125
1 0.73684609375 0.6162654296875 0.71872763671875 0.6155013671875 0.71850927734375 0.60251279296875 0.73597294921875 0.60393173828125 0.73684609375 0.6162654296875
1 0.73990224609375 0.593126171875 0.73597294921875 0.60393173828125 0.71392509765625 0.598365234375 0.715671484375 0.5875595703125 0.73990224609375 0.593126171875
4 0.73842822265625 0.55984140625 0.72522138671875 0.5578767578125 0.72707685546875 0.54630712890625 0.74050205078125 0.54827177734375 0.73842822265625 0.55984140625
1 0.740808203125 0.51468896484375 0.74347509765625 0.50668837890625 0.74649755859375 0.49477646484375 0.7676544921875 0.50277705078125 0.76232080078125 0.51415556640625 0.75663154296875 0.52286728515625 0.740808203125 0.51468896484375
2 0.7586146484375 0.453599609375 0.74384501953125 0.4463595703125 0.7507955078125 0.42898349609375 0.76672353515625 0.436802734375 0.7586146484375 0.453599609375
1 0.7659248046875 0.40607734375 0.74822578125 0.405850390625 0.74822578125 0.3933703125 0.7697822265625 0.39405107421875 0.7659248046875 0.40607734375
1 0.76466484375 0.36466630859375 0.75036953125 0.35876669921875 0.75400009765625 0.34946337890625 0.7696568359375 0.35558994140625 0.76466484375 0.36466630859375
1 0.77087421875 0.29722705078125 0.76604609375 0.297446484375 0.76315009765625 0.28499365234375 0.77080078125 0.28499365234375 0.77087421875 0.29722705078125
1 0.48187353515625 0.0168357421875 0.49025849609375 0.02340771484375 0.483006640625 0.03020634765625 0.47552822265625 0.0238609375 0.48187353515625 0.0168357421875
1 0.7283830078125 0.72134189453125 0.74881728515625 0.71425244140625 0.75382158203125 0.72884833984375 0.735889453125 0.73510380859375 0.7283830078125 0.72134189453125
1 0.6745865234375 0.88898662109375 0.67542060546875 0.88356533203125 0.68542919921875 0.8823142578125 0.68626328125 0.887735546875 0.6745865234375 0.88898662109375
