1 0.008649609375 0.68112783203125 0.006967578125 0.6651482421875 0.0372447265625 0.65393447265625 0.043692578125 0.6643072265625 0.05490634765625 0.662064453125 0.0582705078125 0.67804404296875 0.04873876953125 0.6828099609375 0.0521029296875 0.6931826171875 0.06948427734375 0.6870150390625 0.07453046875 0.70439638671875 0.0495798828125 0.71589052734375 0.0467763671875 0.71056396484375 0.04004814453125 0.71056396484375 0.0372447265625 0.6999109375 0.03135751953125 0.70131259765625 0.0327591796875 0.70607841796875 0.0187419921875 0.7108443359375 0.008649609375 0.68112783203125
1 0.0504208984375 0.6494490234375 0.05182255859375 0.62646083984375 0.07284833984375 0.6275822265625 0.07340908203125 0.614686328125 0.1011630859375 0.6135650390625 0.1020041015625 0.62954462890625 0.09527587890625 0.63122666015625 0.08826728515625 0.6713158203125 0.05939189453125 0.665708984375 0.05686875 0.6525328125 0.0512619140625 0.6494490234375 0.0504208984375 0.6494490234375
1 0.1151802734375 0.62646083984375 0.13087958984375 0.61945224609375 0.1283564453125 0.6138453125 0.1547087890625 0.60094951171875 0.18134140625 0.646365234375 0.14966259765625 0.667391015625 0.1390095703125 0.6432814453125 0.12695478515625 0.64916865234375 0.1151802734375 0.62646083984375
1 0.1662029296875 0.67355859375 0.173491796875 0.66655 0.1678849609375 0.66094306640625 0.1774166015625 0.6511310546875 0.18078076171875 0.65421484375 0.18835009765625 0.6458044921875 0.20657236328125 0.65785927734375 0.2116185546875 0.65393447265625 0.22030927734375 0.66374658203125 0.21750576171875 0.6659892578125 0.2239537109375 0.674399609375 0.208534765625 0.69122021484375 0.21105791015625 0.6940236328125 0.226196484375 0.69346298828125 0.22759814453125 0.71589052734375 0.20264755859375 0.71617080078125 0.20236728515625 0.7029947265625 0.20068515625 0.69738779296875 0.1810611328125 0.68421162109375 0.17237041015625 0.68953818359375 0.1662029296875 0.67355859375
1 0.231523046875 0.6898185546875 0.23208369140625 0.6528130859375 0.26404287109375 0.65449521484375 0.2643232421875 0.6612234375 0.27413525390625 0.660382421875 0.27581728515625 0.6668302734375 0.280583203125 0.665708984375 0.280583203125 0.694584375 0.2556326171875 0.69486474609375 0.255912890625 0.6993501953125 0.24301708984375 0.6993501953125 0.24161533203125 0.6993501953125 0.2410546875 0.69122021484375 0.231523046875 0.6898185546875
1 0.28310625 0.69654677734375 0.2836669921875 0.65141142578125 0.3038517578125 0.6519720703125 0.3038517578125 0.665708984375 0.3318861328125 0.66402685546875 0.33244677734375 0.7001912109375 0.32880234375 0.70579814453125 0.3178689453125 0.70271435546875 0.30973896484375 0.6999109375 0.3055337890625 0.70047158203125 0.30441240234375 0.71757255859375 0.2845080078125 0.71757255859375 0.28310625 0.69654677734375
1 0.34478193359375 0.70131259765625 0.34422119140625 0.7195349609375 0.334969921875 0.7186939453125 0.3344091796875 0.67327822265625 0.3450623046875 0.6729978515625 0.34562294921875 0.65477548828125 0.36524697265625 0.65393447265625 0.366368359375 0.66402685546875 0.3831890625 0.66290546875 0.384030078125 0.7001912109375 0.34730498046875 0.7001912109375 0.34478193359375 0.70131259765625
1 0.38487109375 0.71028359375 0.38459072265625 0.66767138671875 0.3949634765625 0.66823203125 0.39692587890625 0.65365419921875 0.419073046875 0.65421484375 0.41879267578125 0.65785927734375 0.43589365234375 0.6572986328125 0.43393125 0.70271435546875 0.406737890625 0.70271435546875 0.40421484375 0.7108443359375 0.38487109375 0.71028359375
1 0.43813642578125 0.7116853515625 0.43645439453125 0.667391015625 0.46028359375 0.66626962890625 0.4588818359375 0.6589806640625 0.48719658203125 0.658700390625 0.48551455078125 0.7046767578125 0.47233837890625 0.70523740234375 0.47177763671875 0.69626640625 0.46392802734375 0.69570576171875 0.4625263671875 0.7142083984375 0.43813642578125 0.7116853515625
1 0.489158984375 0.707760546875 0.4891166015625 0.66023642578125 0.50738134765625 0.65785927734375 0.506820703125 0.67355859375 0.53233193359375 0.67243720703125 0.53317294921875 0.71140498046875 0.513829296875 0.71140498046875 0.513829296875 0.7063587890625 0.49784970703125 0.70663916015625 0.4975693359375 0.71056396484375 0.48859833984375 0.70888193359375 0.489158984375 0.707760546875
1 0.538219140625 0.71196572265625 0.53681748046875 0.6774833984375 0.54102265625 0.67720302734375 0.54102265625 0.66066279296875 0.56120732421875 0.6589806640625 0.56316982421875 0.675240625 0.57354248046875 0.674399609375 0.57354248046875 0.667391015625 0.589241796875 0.66935341796875 0.58896142578125 0.70888193359375 0.538219140625 0.71196572265625
1 0.590571484375 0.70728154296875 0.5898318359375 0.6748443359375 0.59860146484375 0.67421044921875 0.6017712890625 0.671251953125 0.60219384765625 0.65762197265625 0.6241708984375 0.6574107421875 0.6239595703125 0.6649125 0.6383291015625 0.66512373046875 0.6395970703125 0.69999111328125 0.6387517578125 0.71647392578125 0.624065234375 0.7171078125 0.6198388671875 0.7067533203125 0.61846533203125 0.70400615234375 0.604941015625 0.70390048828125 0.604095703125 0.70738720703125 0.590571484375 0.70728154296875
1 0.6400197265625 0.71499462890625 0.640125390625 0.663433203125 0.65946083984375 0.66364453125 0.65903828125 0.6798103515625 0.6737248046875 0.68012734375 0.672773828125 0.6724142578125 0.69369423828125 0.671674609375 0.69337734375 0.717319140625 0.67858505859375 0.7176361328125 0.67837373046875 0.710134375 0.6655890625 0.7092890625 0.6656947265625 0.7178474609375 0.64023095703125 0.7178474609375 0.6400197265625 0.71499462890625
1 0.6963357421875 0.68625546875 0.7108109375 0.686889453125 0.70986005859375 0.6685048828125 0.723595703125 0.661214453125 0.74736884765625 0.66142568359375 0.74705185546875 0.667342578125 0.7569837890625 0.667342578125 0.7569837890625 0.68963662109375 0.7504330078125 0.6900591796875 0.7499046875 0.69587041015625 0.73606337890625 0.69661005859375 0.73638037109375 0.70495712890625 0.7147203125 0.705168359375 0.71419208984375 0.71848134765625 0.696230078125 0.7172134765625 0.6963357421875 0.68625546875
1 0.76751591796875 0.59822421875 0.7675390625 0.598388671875 0.76560703125 0.59822177734375 0.76359951171875 0.6350966796875 0.76370517578125 0.63826640625 0.76687490234375 0.638477734375 0.7663466796875 0.64059091796875 0.77205224609375 0.64027392578125 0.77543330078125 0.65527744140625 0.74130556640625 0.6542208984375 0.74109423828125 0.6381607421875 0.72904912109375 0.63678720703125 0.7278869140625 0.6191421875 0.7278869140625 0.596319921875 0.74215078125 0.59653125 0.742197265625 0.5959375 0.76751591796875 0.59822421875
1 0.7179740234375 0.57858037109375 0.71824375 0.55579072265625 0.72957119140625 0.555655859375 0.7291666015625 0.548778515625 0.75586689453125 0.54837392578125 0.7572154296875 0.55794833984375 0.7612609375 0.55767861328125 0.7615306640625 0.5808728515625 0.77663388671875 0.58127744140625 0.77474599609375 0.59759423828125 0.742197265625 0.5959375 0.742516796875 0.58599716796875 0.724581640625 0.5864017578125 0.72498623046875 0.57979404296875 0.7179740234375 0.57858037109375
1 0.62707021484375 0.56082177734375 0.62801416015625 0.53830185546875 0.6483765625 0.5381669921875 0.64891591796875 0.54329130859375 0.6567373046875 0.54329130859375 0.656467578125 0.55219140625 0.66374951171875 0.55219140625 0.662670703125 0.56284453125 0.65916455078125 0.5625748046875 0.65754638671875 0.56850830078125 0.6574115234375 0.5687779296875 0.65727666015625 0.58145390625 0.65795087890625 0.59412978515625 0.6421734375 0.59318583984375 0.63731884765625 0.6018162109375 0.623429296875 0.6016814453125 0.6236990234375 0.59911923828125 0.61237158203125 0.597770703125 0.61237158203125 0.5799705078125 0.6174958984375 0.57835234375 0.61763076171875 0.57201435546875 0.62572177734375 0.57268857421875 0.62680048828125 0.57039619140625 0.6305763671875 0.570935546875 0.62707021484375 0.56082177734375
1 0.5489919921875 0.59790556640625 0.54912685546875 0.58752216796875 0.54750859375 0.58563427734375 0.54669951171875 0.5600126953125 0.56544365234375 0.55488837890625 0.56530888671875 0.544100390625 0.56935439453125 0.53992001953125 0.587963671875 0.5438306640625 0.5882333984375 0.55084287109375 0.59659404296875 0.55111259765625 0.59780771484375 0.56608095703125 0.60401083984375 0.57174462890625 0.6019880859375 0.6023556640625 0.60090927734375 0.60451328125 0.5870197265625 0.60505263671875 0.58526669921875 0.5980404296875 0.5489919921875 0.59790556640625
1 0.483319921875 0.60195107421875 0.48210625 0.55583232421875 0.49720947265625 0.55583232421875 0.497074609375 0.5531353515625 0.523775 0.5538095703125 0.5235052734375 0.557180859375 0.53483271484375 0.5575853515625 0.53456298828125 0.56891279296875 0.5390130859375 0.56945224609375 0.54009189453125 0.58967978515625 0.5322705078125 0.59035400390625 0.5321357421875 0.60222080078125 0.483319921875 0.60195107421875
1 0.4451126953125 0.59968203125 0.44531650390625 0.5896427734375 0.422796484375 0.59072158203125 0.42481923828125 0.54837861328125 0.4446421875 0.549996875 0.4463953125 0.53651181640625 0.46567880859375 0.53718603515625 0.46594853515625 0.54514228515625 0.47674677734375 0.54673994140625 0.474548828125 0.5842630859375 0.462213671875 0.5842630859375 0.4627744140625 0.60108369140625 0.4451126953125 0.59968203125
1 0.3795095703125 0.59530654296875 0.3788353515625 0.58006845703125 0.36872158203125 0.578719921875 0.36845185546875 0.59072158203125 0.35550625 0.58883369140625 0.35631533203125 0.54365888671875 0.39650068359375 0.54527705078125 0.4118736328125 0.54527705078125 0.41079482421875 0.58627158203125 0.39919765625 0.58721552734375 0.39960224609375 0.58290029296875 0.3963658203125 0.5833048828125 0.39623095703125 0.596115625 0.3795095703125 0.59530654296875
1 0.29455400390625 0.5603802734375 0.29522822265625 0.5416361328125 0.3352787109375 0.5421755859375 0.3352787109375 0.545007421875 0.3414818359375 0.545007421875 0.34067275390625 0.56550458984375 0.34795458984375 0.56577431640625 0.3483591796875 0.583709375 0.3371666015625 0.5834396484375 0.3383802734375 0.59625048828125 0.3196361328125 0.5958458984375 0.31896181640625 0.58762001953125 0.3000828125 0.58667607421875 0.29994794921875 0.5814169921875 0.2915873046875 0.581147265625 0.29145244140625 0.5603802734375 0.29455400390625 0.5603802734375
1 0.22834248046875 0.55862724609375 0.229016796875 0.54055732421875 0.24452451171875 0.54015283203125 0.24398515625 0.54581650390625 0.27257333984375 0.54703017578125 0.28025986328125 0.5530984375 0.280125 0.57103349609375 0.2803947265625 0.58290029296875 0.27068544921875 0.58317001953125 0.27122490234375 0.5963853515625 0.2493791015625 0.59625048828125 0.25099736328125 0.58937314453125 0.2244318359375 0.58748515625 0.22362275390625 0.56172880859375 0.22834248046875 0.55862724609375
1 0.13826259765625 0.58263056640625 0.13799287109375 0.59881259765625 0.11897900390625 0.5994869140625 0.1191138671875 0.581147265625 0.12707001953125 0.581147265625 0.12666552734375 0.56240302734375 0.13003671875 0.56132421875 0.1160123046875 0.56105458984375 0.115742578125 0.546355859375 0.13084580078125 0.54554677734375 0.13205947265625 0.5421755859375 0.16631142578125 0.54338916015625 0.1652326171875 0.54608623046875 0.163614453125 0.55174990234375 0.16725537109375 0.56145908203125 0.1726494140625 0.56240302734375 0.17157060546875 0.57453955078125 0.16779482421875 0.574944140625 0.16779482421875 0.5834396484375 0.17251455078125 0.583709375 0.17157060546875 0.59746416015625 0.15174765625 0.59719443359375 0.151882421875 0.578045703125 0.14662333984375 0.57858505859375 0.13826259765625 0.58263056640625
1 0.04170986328125 0.5752138671875 0.058970703125 0.574944140625 0.0593751953125 0.56011064453125 0.09308779296875 0.56051513671875 0.09093017578125 0.58856396484375 0.1036060546875 0.58856396484375 0.1029318359375 0.61067939453125 0.052767578125 0.61148857421875 0.053441796875 0.60622939453125 0.04575537109375 0.60568994140625 0.0462947265625 0.59503681640625 0.04170986328125 0.5951716796875 0.04170986328125 0.5752138671875
1 0.05627373046875 0.55296357421875 0.05452060546875 0.5485134765625 0.05155390625 0.5366466796875 0.055869140625 0.52127373046875 0.06045400390625 0.49322490234375 0.08661494140625 0.49821435546875 0.08472705078125 0.52181318359375 0.089446875 0.52221767578125 0.0891771484375 0.525184375 0.09335751953125 0.52451015625 0.09335751953125 0.55512119140625 0.09119990234375 0.5559302734375 0.05627373046875 0.55296357421875
2 -0.0 0.39520615234375 0.00520419921875 0.39094306640625 0.01235126953125 0.397685546875 0.00277685546875 0.4084736328125 0.01208154296875 0.41562060546875 -0.0 0.4313376953125 -0.0 0.39520615234375
2 0.00520419921875 0.43449970703125 0.01922861328125 0.40928271484375 0.0231392578125 0.4122494140625 0.0274544921875 0.4057765625 0.0399955078125 0.41265390625 0.03756826171875 0.416969140625 0.05159267578125 0.42519501953125 0.0398607421875 0.4474453125 0.0530759765625 0.45445751953125 0.04511982421875 0.468616796875 0.025836328125 0.45971669921875 0.0319044921875 0.450007421875 0.00520419921875 0.43449970703125
2 0.10701611328125 0.49585654296875 0.08557490234375 0.48911396484375 0.08759765625 0.47751689453125 0.085035546875 0.47441533203125 0.08530517578125 0.4702349609375 0.08935068359375 0.4695607421875 0.089485546875 0.46497578125 0.07384296875 0.462413671875 0.06372919921875 0.4633576171875 0.06143671875 0.4607955078125 0.0592791015625 0.4483892578125 0.06804443359375 0.42870107421875 0.07842783203125 0.4291056640625 0.07829296875 0.43274658203125 0.0807203125 0.43261181640625 0.08773251953125 0.426948046875 0.0940705078125 0.4284314453125 0.09460986328125 0.436252734375 0.0985205078125 0.4346345703125 0.10418427734375 0.44259072265625 0.09703720703125 0.47684267578125 0.11227529296875 0.4807533203125 0.10701611328125 0.49585654296875
1 0.13205947265625 0.5421755859375 0.13196337890625 0.53658125 0.12535576171875 0.5356373046875 0.127378515625 0.5150052734375 0.12225419921875 0.513521875 0.1233330078125 0.487900390625 0.129940625 0.4873609375 0.12953603515625 0.49221552734375 0.15030302734375 0.491676171875 0.150437890625 0.495451953125 0.17538515625 0.49531708984375 0.176059375 0.51271279296875 0.15623642578125 0.512308203125 0.15623642578125 0.53267060546875 0.1558318359375 0.54345859375 0.13205947265625 0.5421755859375
1 0.14436962890625 0.4845291015625 0.146796875 0.45513173828125 0.134930078125 0.4540529296875 0.13290732421875 0.44987255859375 0.13695283203125 0.42492529296875 0.13843623046875 0.42236318359375 0.1539439453125 0.43018447265625 0.15596669921875 0.42519501953125 0.168642578125 0.433151171875 0.17147451171875 0.4409724609375 0.17956552734375 0.44191640625 0.18374580078125 0.442455859375 0.18158828125 0.46376220703125 0.18185791015625 0.481697265625 0.16594560546875 0.48560791015625 0.1498984375 0.4864169921875 0.14436962890625 0.4845291015625
1 0.7342912109375 0.5201595703125 0.73483056640625 0.521777734375 0.717839453125 0.5232611328125 0.7150076171875 0.508023046875 0.72175009765625 0.5037078125 0.719592578125 0.5002017578125 0.72148046875 0.49763955078125 0.72201982421875 0.48078330078125 0.72566083984375 0.48078330078125 0.72269404296875 0.4690513671875 0.713389453125 0.4697255859375 0.7100181640625 0.45394814453125 0.7342912109375 0.445722265625 0.74453984375 0.4492283203125 0.746427734375 0.45610576171875 0.75195654296875 0.46460126953125 0.7452140625 0.47107412109375 0.749529296875 0.49507744140625 0.77097041015625 0.50977607421875 0.76989169921875 0.52150810546875 0.763283984375 0.527980859375 0.75937333984375 0.52407021484375 0.750203515625 0.53431884765625 0.7342912109375 0.5201595703125
1 0.64300205078125 0.3617333984375 0.68196982421875 0.32809208984375 0.70047255859375 0.34687509765625 0.69430498046875 0.35304267578125 0.70602353515625 0.3639267578125 0.71380546875 0.35788330078125 0.724816015625 0.36657587890625 0.7393037109375 0.35374404296875 0.74998310546875 0.36351279296875 0.76364287109375 0.379325 0.7305283203125 0.4082173828125 0.74736201171875 0.42819697265625 0.73168408203125 0.43950048828125 0.71023486328125 0.415088671875 0.70685146484375 0.4133501953125 0.6995662109375 0.40647890625 0.69368837890625 0.4108666015625 0.686734375 0.41111494140625 0.66711396484375 0.38743798828125 0.64300205078125 0.3617333984375
1 0.5954310546875 0.31169423828125 0.59749638671875 0.29706513671875 0.6090275390625 0.2900087890625 0.61436279296875 0.29052509765625 0.635876171875 0.30721943359375 0.63897412109375 0.3065310546875 0.65119365234375 0.31720166015625 0.64603046875 0.324430078125 0.65532421875 0.33303544921875 0.63983466796875 0.35059033203125 0.6264103515625 0.33596123046875 0.6174607421875 0.33751025390625 0.61006015625 0.33010966796875 0.60679013671875 0.33286337890625 0.5954310546875 0.31169423828125
2 0.6192158203125 0.53311025390625 0.61680634765625 0.532766015625 0.61302001953125 0.523472265625 0.60286572265625 0.51641591796875 0.6023494140625 0.5105642578125 0.608889453125 0.5041962890625 0.6044146484375 0.47270078125 0.6014888671875 0.467193359375 0.633844921875 0.45962060546875 0.6357380859375 0.4711517578125 0.6302306640625 0.47321708984375 0.63160751953125 0.47700341796875 0.63900810546875 0.47442177734375 0.6421060546875 0.48612509765625 0.63522177734375 0.48784619140625 0.6364265625 0.49283720703125 0.6503671875 0.4893951171875 0.655874609375 0.509531640625 0.6410734375 0.51331796875 0.64331083984375 0.52691435546875 0.6192158203125 0.53311025390625
2 0.59873515625 0.4616859375 0.5877203125 0.45944853515625 0.57808232421875 0.4546294921875 0.56224853515625 0.426059765625 0.56534638671875 0.42399453125 0.56310908203125 0.4221013671875 0.5703375 0.41349599609375 0.56741171875 0.4095375 0.58565498046875 0.391810546875 0.59666982421875 0.3983505859375 0.59907939453125 0.404546484375 0.60734052734375 0.4119470703125 0.60372626953125 0.416766015625 0.60579150390625 0.420208203125 0.61026630859375 0.4174544921875 0.6226580078125 0.435869921875 0.6142248046875 0.4436146484375 0.61766689453125 0.448089453125 0.59873515625 0.4616859375
2 0.49702001953125 0.3962853515625 0.51405859375 0.3615197265625 0.52094287109375 0.36392919921875 0.52300810546875 0.35911025390625 0.54417724609375 0.3687482421875 0.54142353515625 0.37391142578125 0.5691328125 0.38871259765625 0.55415947265625 0.42347822265625 0.52903193359375 0.4102259765625 0.52627822265625 0.41263544921875 0.52386865234375 0.41470078125 0.51354228515625 0.40884912109375 0.513198046875 0.40196484375 0.49702001953125 0.3962853515625
2 0.3123603515625 0.3951138671875 0.32285888671875 0.38203369140625 0.3326689453125 0.38909013671875 0.338004296875 0.3823779296875 0.35332177734375 0.39408125 0.344372265625 0.40595654296875 0.3526333984375 0.41146396484375 0.344372265625 0.42024140625 0.34316748046875 0.43762421875 0.33077578125 0.4383126953125 0.32457998046875 0.44640166015625 0.31373720703125 0.4438201171875 0.31442568359375 0.4377962890625 0.30409921875 0.4310841796875 0.30530400390625 0.42488828125 0.28998642578125 0.415250390625 0.2886095703125 0.40681708984375 0.29601025390625 0.4073333984375 0.30255029296875 0.40130966796875 0.311327734375 0.396146484375 0.3123603515625 0.3951138671875
2 0.3635279296875 0.40046689453125 0.3561111328125 0.37875595703125 0.3685173828125 0.37376650390625 0.36298857421875 0.36001181640625 0.38914951171875 0.35124658203125 0.389419140625 0.34477373046875 0.406140625 0.339919140625 0.41598466796875 0.37713779296875 0.409376953125 0.395342578125 0.3690568359375 0.408423046875 0.3635279296875 0.40046689453125
2 0.33569208984375 0.2746423828125 0.34055244140625 0.27263486328125 0.3347412109375 0.251714453125 0.34319384765625 0.2452693359375 0.35238623046875 0.25023525390625 0.3643255859375 0.24400146484375 0.36707275390625 0.24600888671875 0.3727783203125 0.23871845703125 0.377216015625 0.2368166015625 0.384189453125 0.241676953125 0.3886271484375 0.25668046875 0.38968369140625 0.259533203125 0.3921138671875 0.25900498046875 0.40120048828125 0.2826724609375 0.400249609375 0.2865818359375 0.38619697265625 0.2914421875 0.38218193359375 0.29197041015625 0.37774423828125 0.2756990234375 0.357246484375 0.28182724609375 0.360521875 0.29725341796875 0.3427712890625 0.3028533203125 0.33569208984375 0.2746423828125
2 0.2615607421875 0.29822021484375 0.2674123046875 0.2932291015625 0.2617328125 0.28548427734375 0.2662076171875 0.282386328125 0.26964970703125 0.28548427734375 0.28410673828125 0.27343681640625 0.28599990234375 0.2758462890625 0.2992521484375 0.2648314453125 0.30166162109375 0.26706884765625 0.3042431640625 0.26431513671875 0.3097505859375 0.2686177734375 0.31353701171875 0.26603623046875 0.31749541015625 0.26982255859375 0.32644501953125 0.271887890625 0.331608203125 0.2885822265625 0.32764970703125 0.2894427734375 0.326961328125 0.3025228515625 0.2987357421875 0.3238640625 0.28978623046875 0.31302138671875 0.27980400390625 0.32317568359375 0.2615607421875 0.29822021484375
2 0.24194052734375 0.359490234375 0.20786337890625 0.323519921875 0.218533984375 0.31388193359375 0.22645087890625 0.32231513671875 0.2395310546875 0.31147236328125 0.23453994140625 0.304416015625 0.2488248046875 0.292540625 0.2763619140625 0.32214306640625 0.267240234375 0.3312646484375 0.264314453125 0.332813671875 0.27119873046875 0.339181640625 0.24538271484375 0.36396494140625 0.24194052734375 0.359490234375
2 0.16345986328125 0.3808314453125 0.165180859375 0.3493359375 0.17068828125 0.35002431640625 0.1730978515625 0.33625576171875 0.20080703125 0.341246875 0.19960224609375 0.35690859375 0.207175 0.3579412109375 0.2119939453125 0.36172763671875 0.212166015625 0.3668908203125 0.21939453125 0.36448134765625 0.2204271484375 0.36826767578125 0.23436787109375 0.35690859375 0.23987529296875 0.36362080078125 0.24021943359375 0.373430859375 0.2331630859375 0.3787662109375 0.22748359375 0.38410146484375 0.21715712890625 0.38392939453125 0.213887109375 0.38823203125 0.2035607421875 0.3863388671875 0.2035607421875 0.39219052734375 0.1897921875 0.3909857421875 0.1899642578125 0.381519921875 0.18635 0.3770451171875 0.18755478515625 0.371709765625 0.17929365234375 0.3706771484375 0.1777447265625 0.38238037109375 0.16345986328125 0.3808314453125
2 0.12852216796875 0.33143681640625 0.16466455078125 0.33436259765625 0.1586408203125 0.36912822265625 0.14315126953125 0.36723505859375 0.14229072265625 0.37652880859375 0.13007109375 0.3736029296875 0.1298990234375 0.36826767578125 0.12284267578125 0.365858203125 0.1116556640625 0.3651697265625 0.114409375 0.33315791015625 0.1252521484375 0.33350205078125 0.1290384765625 0.33074833984375 0.12852216796875 0.33143681640625
2 0.05486044921875 0.3366 0.0737921875 0.30648134765625 0.0811927734375 0.30734189453125 0.08343017578125 0.30458818359375 0.11372099609375 0.31577509765625 0.10924619140625 0.34434482421875 0.10838564453125 0.35174541015625 0.09805927734375 0.3493359375 0.09100283203125 0.3631044921875 0.0782669921875 0.35467119140625 0.08618388671875 0.34623798828125 0.07775068359375 0.3414189453125 0.074652734375 0.35157333984375 0.0684568359375 0.34262373046875 0.0655310546875 0.3448611328125 0.05761416015625 0.34520537109375 0.05589306640625 0.33952578125 0.05486044921875 0.3366
2 0.01166162109375 0.29288486328125 0.05021357421875 0.2648314453125 0.0583025390625 0.2737810546875 0.05468837890625 0.28169794921875 0.05021357421875 0.28152578125 0.0588189453125 0.2915080078125 0.06140048828125 0.29770390625 0.06587529296875 0.2961548828125 0.071726953125 0.30458818359375 0.04935302734375 0.33074833984375 0.0422966796875 0.32248720703125 0.0321423828125 0.32782255859375 0.02749541015625 0.32248720703125 0.01062900390625 0.30235078125 0.01510380859375 0.299769140625 0.01166162109375 0.29288486328125
2 -0.0 0.0922560546875 0.0073341796875 0.0852826171875 0.01282841796875 0.09141083984375 0.015047265625 0.089508984375 0.04368076171875 0.11845947265625 0.0182169921875 0.14033076171875 0.01589248046875 0.15248154296875 0.0058548828125 0.15977197265625 -0.0 0.149100390625 -0.0 0.117072265625 -0.0 0.0922560546875
2 0.095728125 9.1796875e-06 0.09509453125 0.0141814453125 0.08928330078125 0.0231625 0.0906568359375 0.0306642578125 0.08611357421875 0.03256611328125 0.0837890625 0.04049052734375 0.07829482421875 0.042498046875 0.0678345703125 0.0340453125 0.064453515625 0.0379546875 0.0608611328125 0.0347849609375 0.050506640625 0.02527568359375 0.05832529296875 0.01713994140625 0.05293671875 0.003615625 0.0535390625 8.3984375e-06 0.095728125 9.1796875e-06
2 0.0799853515625 0.04672431640625 0.08611357421875 0.04355458984375 0.08537392578125 0.0384830078125 0.094671875 0.0337283203125 0.0945662109375 0.026437890625 0.10956982421875 0.014287109375 0.125735546875 0.04376591796875 0.122248828125 0.04682998046875 0.13144111328125 0.06098828125 0.13239208984375 0.0678560546875 0.137463671875 0.06489765625 0.145282421875 0.07366728515625 0.1377806640625 0.08212001953125 0.1254185546875 0.0906783203125 0.11178857421875 0.10092724609375 0.1062943359375 0.09279150390625 0.1106263671875 0.08972744140625 0.1036529296875 0.07324462890625 0.08727578125 0.079901171875 0.08421171875 0.06954658203125 0.0781298828125 0.05859775390625 0.08485810546875 0.0541123046875 0.0799853515625 0.04672431640625
2 0.12214384765625 0.115787890625 0.165316796875 0.08270732421875 0.1779322265625 0.10205107421875 0.17512880859375 0.1031724609375 0.18045537109375 0.11074169921875 0.182698046875 0.10905966796875 0.1919494140625 0.12447861328125 0.17288603515625 0.13877607421875 0.17512880859375 0.1435419921875 0.15017822265625 0.15952158203125 0.13784306640625 0.143822265625 0.1515798828125 0.13569228515625 0.14316962890625 0.1233572265625 0.13083447265625 0.13260859375 0.12214384765625 0.115787890625
2 0.16447578125 0.15279326171875 0.1941921875 0.13316923828125 0.20007939453125 0.14326162109375 0.1902673828125 0.1522326171875 0.1941921875 0.1584001953125 0.2059666015625 0.15195224609375 0.21241455078125 0.16120361328125 0.20848974609375 0.16400703125 0.21017177734375 0.16681044921875 0.22054453125 0.1600822265625 0.22923515625 0.17213701171875 0.2236283203125 0.17970634765625 0.22643173828125 0.19624658203125 0.2042845703125 0.20017138671875 0.1989580078125 0.1926021484375 0.18213740234375 0.19204140625 0.18045537109375 0.1802669921875 0.16812021484375 0.16653017578125 0.16447578125 0.15279326171875
2 0.186342578125 0.2503529296875 0.19783662109375 0.23829814453125 0.191669140625 0.23213056640625 0.20652734375 0.2130671875 0.21101279296875 0.21026376953125 0.22895478515625 0.22484169921875 0.22643173828125 0.22792548828125 0.2368044921875 0.236896484375 0.233720703125 0.2391392578125 0.2314779296875 0.24138193359375 0.23428134765625 0.25988466796875 0.24577548828125 0.26745390625 0.237084765625 0.2811908203125 0.22026416015625 0.26913603515625 0.2166197265625 0.273621484375 0.186342578125 0.2503529296875
2 0.13140791015625 0.30574921875 0.1303095703125 0.259841015625 0.13953515625 0.258523046875 0.13953515625 0.25698544921875 0.14656416015625 0.25259228515625 0.15578974609375 0.25391025390625 0.15644873046875 0.2561068359375 0.1665529296875 0.2547888671875 0.1753392578125 0.26621103515625 0.1727033203125 0.27367939453125 0.1727033203125 0.2851015625 0.1795126953125 0.27961005859375 0.178414453125 0.2752169921875 0.18544345703125 0.27038447265625 0.18654169921875 0.27280078125 0.19291171875 0.27016484375 0.213998828125 0.2875177734375 0.218172265625 0.29893994140625 0.196206640625 0.31717138671875 0.17555888671875 0.29476640625 0.16215986328125 0.2936681640625 0.1549111328125 0.2934484375 0.153812890625 0.30113642578125 0.1450265625 0.30003818359375 0.1432693359375 0.30618857421875 0.13140791015625 0.30574921875
2 -0.0 0.2191173828125 0.00104794921875 0.23763349609375 0.00843330078125 0.23323095703125 0.0057974609375 0.22180888671875 0.0161212890625 0.21456015625 0.02161279296875 0.2264216796875 0.0235896484375 0.2312541015625 0.03127763671875 0.2264216796875 0.04182119140625 0.245312109375 0.03501181640625 0.24750869140625 0.02820244140625 0.2464103515625 0.010849609375 0.25783251953125 0.0222716796875 0.27628369140625 0.0044794921875 0.2866076171875 -0.0 0.27742890625 -0.0 0.2191173828125
2 0.09453876953125 0.29517421875 0.07323212890625 0.26727783203125 0.07740556640625 0.250803515625 0.0703765625 0.2404796875 0.0725177734375 0.23312041015625 0.088827734375 0.220710546875 0.10068916015625 0.220710546875 0.1255103515625 0.26112744140625 0.12221552734375 0.2743068359375 0.09453876953125 0.29517421875
2 0.038306640625 0.19786630859375 0.05038779296875 0.1912765625 0.0488501953125 0.189299609375 0.05961337890625 0.18227060546875 0.061590234375 0.18051337890625 0.06268857421875 0.17370400390625 0.06905859375 0.17018955078125 0.0714748046875 0.172825390625 0.0771859375 0.1710681640625 0.0837755859375 0.1776578125 0.088827734375 0.17633994140625 0.09409951171875 0.18600478515625 0.09651572265625 0.185126171875 0.099810546875 0.20203974609375 0.09278154296875 0.2048953125 0.095637109375 0.215219140625 0.0721337890625 0.23235234375 0.0635671875 0.215219140625 0.07586796875 0.2108259765625 0.068399609375 0.19830556640625 0.05148603515625 0.20621318359375 0.0431453125 0.210761328125 0.03742802734375 0.20445595703125 0.03611005859375 0.1991841796875 0.038306640625 0.19786630859375
1 0.46857548828125 1.259765625e-05 0.4573244140625 0.00668994140625 0.4709208984375 0.02338427734375 0.48606630859375 0.01236943359375 0.49725322265625 0.02131904296875 0.46197138671875 0.0531587890625 0.444072265625 0.04524189453125 0.431336328125 0.0273427734375 0.4201494140625 0.034743359375 0.40982294921875 0.0201142578125 0.41980517578125 0.0128857421875 0.41773984375 0.00961572265625 0.44057919921875 1.259765625e-05 0.46857548828125 1.259765625e-05
1 0.478321484375 0.08603115234375 0.47246982421875 0.0779421875 0.4662740234375 0.07415576171875 0.4607666015625 0.06210830078125 0.47333037109375 0.055051953125 0.476600390625 0.05883828125 0.48847578125 0.0488560546875 0.49553212890625 0.056773046875 0.50086748046875 0.0522982421875 0.50568642578125 0.05935458984375 0.51171015625 0.05470771484375 0.5170455078125 0.0607314453125 0.51842236328125 0.05901044921875 0.52444609375 0.0641736328125 0.52582294921875 0.06124775390625 0.5361494140625 0.07312314453125 0.5335677734375 0.0745 0.5086123046875 0.09515283203125 0.50551435546875 0.09153857421875 0.501555859375 0.09239912109375 0.4920900390625 0.07966318359375 0.478321484375 0.08603115234375
1 0.52781494140625 0.29131357421875 0.54240732421875 0.2521447265625 0.54624736328125 0.25713681640625 0.54970341796875 0.249840625 0.57043994140625 0.261744921875 0.57620009765625 0.27019306640625 0.59808857421875 0.27940927734375 0.58887236328125 0.30667392578125 0.5785041015625 0.3016818359375 0.57696806640625 0.3078259765625 0.55239150390625 0.2951537109375 0.54970341796875 0.30283388671875 0.52781494140625 0.29131357421875
1 0.6194857421875 1.23046875e-05 0.5916990234375 0.0240767578125 0.5813720703125 0.01260234375 0.5826970703125 1.25e-05 0.6194857421875 1.23046875e-05
