0 0.8988275390625 0.62126044921875 0.99606611328125 0.62381240234375 0.9973994140625 0.652356640625 0.897526171875 0.6490673828125 0.89573212890625 0.63680751953125 0.8988275390625 0.62126044921875
0 0.929394921875 0.60272890625 0.9397111328125 0.6024298828125 0.94021552734375 0.613811328125 0.93014248046875 0.61409169921875 0.929394921875 0.60272890625
0 0.99841865234375 0.58878564453125 0.9207232421875 0.58688076171875 0.91833115234375 0.57447138671875 0.9219193359375 0.56101533203125 0.9984185546875 0.5607224609375 0.99841865234375 0.58878564453125
0 0.9984185546875 0.5382837890625 0.921022265625 0.53799072265625 0.91967666015625 0.5236376953125 0.9216203125 0.5118263671875 0.9984185546875 0.5119728515625 0.9984185546875 0.5382837890625
0 0.0098607421875 0.83532353515625 0.02126865234375 0.79195234375 0.03496650390625 0.79587490234375 0.0241744140625 0.83975576171875 0.0161431640625 0.83861572265625 0.0098607421875 0.83532353515625
0 0.08885517578125 0.7823048828125 0.1100857421875 0.7882853515625 0.10335771484375 0.81534677734375 0.08108056640625 0.80906728515625 0.08885517578125 0.7823048828125
0 0.05685986328125 0.73341484375 0.06224228515625 0.73266728515625 0.06224228515625 0.72818203125 0.0762962890625 0.72833154296875 0.08108056640625 0.73264208984375 0.10221875 0.7327916015625 0.10283173828125 0.7508533203125 0.0870533203125 0.75161806640625 0.0852896484375 0.7539669921875 0.061195703125 0.75374833984375 0.061195703125 0.7509076171875 0.05685986328125 0.7509076171875 0.05685986328125 0.73341484375
4 0.0484806640625 0.6059048828125 0.07195390625 0.613230859375 0.06911318359375 0.62399560546875 0.04549052734375 0.61756669921875 0.0484806640625 0.6059048828125
4 -0.0 0.62062001953125 0.008618359375 0.62385390625 -0.0 0.64896396484375 -0.0 0.62062001953125
0 0.10694873046875 0.41062177734375 0.12674638671875 0.41718193359375 0.12077197265625 0.43451953125 0.1008572265625 0.42713935546875 0.10694873046875 0.41062177734375
0 0.04399462890625 0.34372294921875 0.07000947265625 0.35433818359375 0.05834765625 0.38304423828125 0.03248232421875 0.37183095703125 0.03427646484375 0.35717890625 0.04399462890625 0.34372294921875
0 0.92196787109375 0.50820517578125 0.92117958984375 0.50708017578125 0.92101884765625 0.50579443359375 0.92108798828125 0.50480625 0.9213880859375 0.504108984375 0.92206455078125 0.50330888671875 0.92286708984375 0.50298193359375 0.9241478515625 0.50262529296875 0.92559921875 0.5027408203125 0.926621875 0.50295078125 0.927527734375 0.5036248046875 0.9279564453125 0.50425283203125 0.9282509765625 0.50507119140625 0.92841220703125 0.50636875 0.92812080078125 0.50720625 0.92745048828125 0.50813701171875 0.9267845703125 0.50861484375 0.9258728515625 0.5088826171875 0.9249291015625 0.50887529296875 0.92364013671875 0.5087697265625 0.92261796875 0.50854970703125 0.92196787109375 0.50820517578125
0 0.91977568359375 0.5901365234375 0.92103232421875 0.5892916015625 0.922766796875 0.588856640625 0.92464072265625 0.5890771484375 0.92662490234375 0.5901794921875 0.92739658203125 0.59150224609375 0.92714169921875 0.59282158203125 0.92607373046875 0.59392734375 0.92375888671875 0.5950296875 0.92208759765625 0.59545068359375 0.92074072265625 0.59526171875 0.9196876953125 0.59462353515625 0.91911171875 0.59352333984375 0.918888671875 0.59230126953125 0.91917685546875 0.59108193359375 0.91977568359375 0.5901365234375
0 0.8959326171875 0.65176826171875 0.89659404296875 0.65099658203125 0.89857822265625 0.650225 0.9010556640625 0.65035263671875 0.9027845703125 0.65108935546875 0.90331826171875 0.65231943359375 0.9033068359375 0.65367939453125 0.9026736328125 0.65445009765625 0.90166474609375 0.65518544921875 0.900477734375 0.65563994140625 0.899019140625 0.65551611328125 0.89817685546875 0.65550458984375 0.8969248046875 0.6550751953125 0.89607890625 0.65435419921875 0.8958224609375 0.65325361328125 0.8959326171875 0.65176826171875
3 0.87166220703125 0.75501279296875 0.961037109375 0.7859501953125 0.96012041015625 0.78915859375 0.97043291015625 0.79259609375 0.96332880859375 0.8141376953125 0.86157890625 0.77884609375 0.86409970703125 0.76692939453125 0.87166220703125 0.75501279296875
0 0.8486892578125 0.79596845703125 0.84862041015625 0.7950642578125 0.84879951171875 0.7944251953125 0.8494341796875 0.79346923828125 0.850122265625 0.7929921875 0.851224609375 0.7927205078125 0.85221669921875 0.7927716796875 0.853080078125 0.79278564453125 0.85398046875 0.79321259765625 0.85549638671875 0.7940892578125 0.8565787109375 0.7951220703125 0.856888671875 0.79649658203125 0.85616513671875 0.79763447265625 0.85442138671875 0.798173046875 0.8519962890625 0.798062890625 0.8508990234375 0.7978962890625 0.8497916015625 0.79762197265625 0.84910869140625 0.7969197265625 0.8486892578125 0.79596845703125
0 0.84476767578125 0.800378125 0.85029541015625 0.80044052734375 0.8501833984375 0.81068798828125 0.8447181640625 0.81058876953125 0.84476767578125 0.800378125
0 0.0360791015625 0.31766787109375 0.0367341796875 0.31641982421875 0.03819794921875 0.315450390625 0.040367578125 0.31479638671875 0.0430193359375 0.314887890625 0.0452693359375 0.315450390625 0.0468900390625 0.31624208984375 0.04815107421875 0.3172640625 0.05001044921875 0.31962900390625 0.05095849609375 0.32183740234375 0.051093359375 0.32367275390625 0.050826171875 0.325207421875 0.04998662109375 0.3264396484375 0.0489951171875 0.3274658203125 0.04813115234375 0.32806728515625 0.04698876953125 0.32839677734375 0.04506826171875 0.32864384765625 0.0425291015625 0.3284619140625 0.04074873046875 0.32798935546875 0.0389158203125 0.327159765625 0.03757412109375 0.32576416015625 0.0365720703125 0.324523046875 0.035935546875 0.3231158203125 0.0353025390625 0.32156083984375 0.035319140625 0.320228515625 0.03540205078125 0.3189693359375 0.0360791015625 0.31766787109375
4 0.0187150390625 0.40815625 0.03208037109375 0.4119548828125 0.03517548828125 0.4154720703125 0.04038095703125 0.41659755859375 0.0422099609375 0.419411328125 0.05670078125 0.42433544921875 0.05205810546875 0.44403173828125 0.04938505859375 0.44529794921875 0.01111787109375 0.4347462890625 0.0187150390625 0.40815625
0 -0.0 0.4778017578125 0.00634814453125 0.4785052734375 0.00536337890625 0.4842734375 0.0091619140625 0.48525830078125 0.00803642578125 0.49229267578125 0.0029716796875 0.492151953125 -0.0 0.5046732421875 -0.0 0.4778017578125
4 -0.0 0.03134169921875 -0.0 0.0138146484375 0.00398857421875 0.0149169921875 0.00310673828125 0.01701142578125 0.0121458984375 0.019105859375 0.008508203125 0.033766796875 -0.0 0.03134169921875
