1 0.5565056640625 0.5546984375 0.56632509765625 0.5472513671875 0.58330263671875 0.534873046875 0.58221328125 0.53334794921875 0.5883134765625 0.52899072265625 0.58765986328125 0.52790146484375 0.60552451171875 0.51439404296875 0.6255677734375 0.54031953125 0.613149609375 0.55121259765625 0.5739345703125 0.5799703125 0.5565056640625 0.5546984375
2 0.613149609375 0.5146119140625 0.62665703125 0.50480810546875 0.63362861328125 0.51504765625 0.6207748046875 0.52463349609375 0.613149609375 0.5146119140625
0 0.5565056640625 0.5546984375 0.551183203125 0.54736640625 0.5612884765625 0.53985703125 0.56632509765625 0.5472513671875 0.5565056640625 0.5546984375
3 0.81462626953125 0.96244248046875 0.805953125 0.95280576171875 0.805375 0.948180078125 0.81115703125 0.94201259765625 0.82522666015625 0.9583951171875 0.81886640625 0.9632134765625 0.81462626953125 0.96244248046875
3 0.89515537109375 0.07247685546875 0.89014423828125 0.06669482421875 0.9017083984375 0.05705810546875 0.90691220703125 0.06361103515625 0.8965044921875 0.07209140625 0.89515537109375 0.07247685546875
3 0.9045994140625 0.0838482421875 0.8959263671875 0.07536787109375 0.8949626953125 0.07478974609375 0.908646875 0.06361103515625 0.91404345703125 0.07170595703125 0.91481435546875 0.07440419921875 0.90594853515625 0.08365556640625 0.9045994140625 0.0838482421875
3 0.46810693359375 0.16609736328125 0.462821484375 0.15643251953125 0.47867783203125 0.1470697265625 0.48351015625 0.15794267578125 0.46976806640625 0.16624833984375 0.46810693359375 0.16609736328125
3 0.2672677734375 0.0718677734375 0.260329296875 0.05471435546875 0.27170068359375 0.04989599609375 0.27439892578125 0.05085966796875 0.27844638671875 0.06589296875 0.274784375 0.0695548828125 0.26842412109375 0.071675 0.2672677734375 0.0718677734375
3 0.8053748046875 0.91404453125 0.81376865234375 0.90580615234375 0.82516904296875 0.9163998046875 0.81724453125 0.92447587890625 0.8053748046875 0.91404453125
3 0.8047876953125 0.91574072265625 0.81489150390625 0.9250671875 0.79779287109375 0.94372021484375 0.7912642578125 0.9396787109375 0.778984375 0.954912109375 0.76561630859375 0.9399896484375 0.77603095703125 0.92802060546875 0.785979296875 0.93377197265625 0.8047876953125 0.91574072265625
3 0.302691015625 0.03963310546875 0.30838330078125 0.036539453125 0.31312763671875 0.0365015625 0.31935556640625 0.045187890625 0.31022978515625 0.04994921875 0.302691015625 0.03963310546875
