2 0.343699609375 0.022209375 0.35878017578125 0.02464541015625 0.35460400390625 0.045178125 0.3399875 0.04297412109375 0.343699609375 0.022209375
2 0.218524609375 0.06840517578125 0.232387109375 0.0525974609375 0.2425669921875 0.06114130859375 0.22756982421875 0.0767748046875 0.218524609375 0.06840517578125
3 0.01344423828125 0.54853388671875 0.02832841796875 0.55216591796875 0.025622265625 0.563560546875 0.010453125 0.55978603515625 0.01344423828125 0.54853388671875
3 0.15950380859375 0.8363775390625 0.1710408203125 0.8277603515625 0.1805837890625 0.84321435546875 0.16826337890625 0.85040712890625 0.15950380859375 0.8363775390625
3 0.49858310546875 0.98251826171875 0.5406853515625 0.9573474609375 0.56215185546875 0.98636826171875 0.53770087890625 0.999003515625 0.508533203125 0.999003515625 0.49858310546875 0.98251826171875
1 0.1911916015625 0.1589087890625 0.20004462890625 0.166286328125 0.1889783203125 0.1780904296875 0.17791201171875 0.1670240234375 0.1911916015625 0.1589087890625
1 0.0299578125 0.36109677734375 0.03286689453125 0.351411328125 0.0439982421875 0.35437265625 0.039712890625 0.36485947265625 0.0299578125 0.36109677734375
2 0.26481337890625 0.9024736328125 0.2756833984375 0.9160611328125 0.2584724609375 0.92240205078125 0.2507728515625 0.90609697265625 0.26481337890625 0.9024736328125
4 0.2892708984375 0.985810546875 0.30149970703125 0.98264013671875 0.3064818359375 0.99033974609375 0.29244140625 0.9948689453125 0.2892708984375 0.985810546875
4 0.30331142578125 0.97629931640625 0.3141814453125 0.9708642578125 0.32550439453125 0.98173427734375 0.31236982421875 0.99079267578125 0.30331142578125 0.97629931640625
4 0.23812861328125 0.99900263671875 0.2353736328125 0.996227734375 0.24986708984375 0.98988681640625 0.2543283203125 0.999002734375 0.23812861328125 0.99900263671875
4 0.6689958984375 0.999003125 0.6651931640625 0.9966806640625 0.68376279296875 0.985810546875 0.69417998046875 0.995321875 0.6895400390625 0.99900302734375 0.6689958984375 0.999003125
3 0.502142578125 0.86352265625 0.5161830078125 0.8630697265625 0.51844765625 0.88345107421875 0.5035013671875 0.8852626953125 0.502142578125 0.86352265625
4 0.84807568359375 0.9943189453125 0.844607421875 0.9821798828125 0.85963671875 0.98102373046875 0.86079287109375 0.992584765625 0.84807568359375 0.9943189453125
4 0.999026953125 0.988668359375 0.99258857421875 0.986804296875 0.9931666015625 0.9729310546875 0.999026953125 0.9736474609375 0.999026953125 0.988668359375
3 0.991591796875 0.9127734375 0.9808984375 0.91384765625 0.97987138671875 0.908009765625 0.9902763671875 0.90685361328125 0.991591796875 0.9127734375
2 0.17067861328125 0.86357060546875 0.18108359375 0.85894619140625 0.18166162109375 0.8577900390625 0.18975439453125 0.87108525390625 0.1793494140625 0.87570966796875 0.17067861328125 0.86357060546875
2 0.48281474609375 0.95986376953125 0.49017421875 0.95839189453125 0.49370673828125 0.9657513671875 0.4875248046875 0.96898955078125 0.48281474609375 0.95986376953125
