0 0.70489716796875 0.99901044921875 0.70801591796875 0.97631064453125 0.730609375 0.97902802734375 0.72940859375 0.98697080078125 0.7344673828125 0.9877013671875 0.7331904296875 0.99901015625 0.70489716796875 0.99901044921875
0 0.65461220703125 0.97480859375 0.66208779296875 0.975406640625 0.6610412109375 0.983031640625 0.65371513671875 0.98243359375 0.65461220703125 0.97480859375
0 0.65717021484375 0.9667927734375 0.66341171875 0.96725166015625 0.662952734375 0.97229990234375 0.65671123046875 0.97174921875 0.65717021484375 0.9667927734375
4 0.61590283203125 0.9019056640625 0.62697021484375 0.90896591796875 0.62429150390625 0.913340234375 0.61304052734375 0.90629443359375 0.61590283203125 0.9019056640625
0 0.68525576171875 0.88194384765625 0.6948244140625 0.88732626953125 0.6912361328125 0.8939046875 0.6870498046875 0.89345615234375 0.6803767578125 0.88986220703125 0.68525576171875 0.88194384765625
0 0.76421259765625 0.88980712890625 0.773465234375 0.8955150390625 0.76740146484375 0.9041544921875 0.758453515625 0.898826953125 0.76421259765625 0.88980712890625
0 0.7951513671875 0.8102552734375 0.82251474609375 0.82390517578125 0.81952451171875 0.830955859375 0.82339228515625 0.83276953125 0.8196740234375 0.83990693359375 0.81597529296875 0.8382037109375 0.812757421875 0.8435125 0.81062744140625 0.84326982421875 0.784053515625 0.8296443359375 0.78822939453125 0.81866474609375 0.7951513671875 0.8102552734375
0 0.7837716796875 0.7800177734375 0.8015634765625 0.79018447265625 0.795283984375 0.8018462890625 0.78033291015625 0.79332421875 0.779286328125 0.78779228515625 0.7837716796875 0.7800177734375
0 0.77227626953125 0.80907529296875 0.78305361328125 0.815283984375 0.77567353515625 0.8278185546875 0.76477890625 0.8213755859375 0.77227626953125 0.80907529296875
0 0.8393044921875 0.77129501953125 0.84902568359375 0.77716943359375 0.84315947265625 0.78598095703125 0.83328837890625 0.7799439453125 0.8393044921875 0.77129501953125
0 0.68309853515625 0.709048828125 0.7086681640625 0.70217939453125 0.71267529296875 0.71267431640625 0.68596083984375 0.7204978515625 0.68309853515625 0.709048828125
0 0.61617587890625 0.70974248046875 0.62828623046875 0.71213466796875 0.6293328125 0.70705126953125 0.64278876953125 0.71004150390625 0.63890146484375 0.72633818359375 0.61322568359375 0.7211052734375 0.61617587890625 0.70974248046875
4 0.90977626953125 0.25490390625 0.9176384765625 0.2564546875 0.9162677734375 0.26143037109375 0.9085166015625 0.2600947265625 0.90977626953125 0.25490390625
4 0.0434791015625 0.818237890625 0.05627568359375 0.82020322265625 0.04908046875 0.85769091796875 0.036117578125 0.8553666015625 0.0434791015625 0.818237890625
