3 0.8922294921875 0.98313125 0.897895703125 0.97461787109375 0.90746904296875 0.98091611328125 0.90142275390625 0.9892298828125 0.8922294921875 0.98313125
2 0.81629306640625 0.62493310546875 0.81941474609375 0.64571591796875 0.8040228515625 0.64852529296875 0.80250419921875 0.63565947265625 0.8074189453125 0.63472568359375 0.8065765625 0.6262064453125 0.81629306640625 0.62493310546875
3 0.7267845703125 0.5777486328125 0.73393564453125 0.577326953125 0.73492265625 0.58729541015625 0.7275203125 0.58788759765625 0.7267845703125 0.5777486328125
2 0.707373828125 0.5873859375 0.695826171875 0.5802796875 0.7062880859375 0.56429072265625 0.71763837890625 0.5715943359375 0.707373828125 0.5873859375
1 0.65661298828125 0.50900068359375 0.667194140625 0.503962109375 0.67613779296875 0.52121943359375 0.6656826171875 0.5265099609375 0.65661298828125 0.50900068359375
1 0.64387998046875 0.49896396484375 0.6533548828125 0.50429365234375 0.64802529296875 0.512485546875 0.63874765625 0.50676103515625 0.64387998046875 0.49896396484375
1 0.5706916015625 0.50590185546875 0.5917142578125 0.5110341796875 0.58766767578125 0.52722060546875 0.56565810546875 0.5216935546875 0.5706916015625 0.50590185546875
3 0.5648521484375 0.50225849609375 0.56400146484375 0.51223427734375 0.552712890625 0.51111201171875 0.5541802734375 0.50133046875 0.5648521484375 0.50225849609375
1 0.3810673828125 0.77731806640625 0.3935146484375 0.7867005859375 0.38390361328125 0.798677734375 0.37130693359375 0.78834853515625 0.3810673828125 0.77731806640625
3 0.13897431640625 0.99149814453125 0.14332529296875 0.98688203125 0.14815634765625 0.99058232421875 0.14407744140625 0.995179296875 0.13897431640625 0.99149814453125
3 0.1949853515625 0.90372314453125 0.202690625 0.8961693359375 0.21394208984375 0.90722353515625 0.2063423828125 0.9145271484375 0.1949853515625 0.90372314453125
1 0.14116064453125 0.62121611328125 0.14594736328125 0.6378435546875 0.13221708984375 0.6412447265625 0.12768232421875 0.6244912109375 0.14116064453125 0.62121611328125
0 0.29718857421875 0.56295703125 0.307477734375 0.56151005859375 0.3098892578125 0.57212080078125 0.29960009765625 0.5738892578125 0.29718857421875 0.56295703125
1 0.203871484375 0.466153515625 0.22008115234375 0.46163935546875 0.22623671875 0.478259375 0.20961669921875 0.4827734375 0.203871484375 0.466153515625
3 0.1085546875 0.199901953125 0.1198916015625 0.1907064453125 0.12984296875 0.20116162109375 0.11875791015625 0.21073505859375 0.1085546875 0.199901953125
1 0.23644208984375 0.27793251953125 0.2324228515625 0.2629810546875 0.2539658203125 0.258801171875 0.2591103515625 0.27423486328125 0.23644208984375 0.27793251953125
1 0.2835232421875 0.32039541015625 0.27950400390625 0.31155322265625 0.29172236328125 0.30721240234375 0.2957416015625 0.31653701171875 0.2835232421875 0.32039541015625
2 0.28288017578125 0.32280693359375 0.302172265625 0.31685849609375 0.3065130859375 0.32650458984375 0.30233310546875 0.32779072265625 0.3065130859375 0.33888369140625 0.28995390625 0.34370673828125 0.28288017578125 0.32280693359375
1 0.4189560546875 0.31708564453125 0.4030400390625 0.33010791015625 0.3908216796875 0.31676416015625 0.408023828125 0.305349609375 0.4189560546875 0.31708564453125
1 0.41188232421875 0.30229501953125 0.43037060546875 0.28766513671875 0.44114208984375 0.297954296875 0.422814453125 0.314191796875 0.41188232421875 0.30229501953125
3 0.56235751953125 0.35911923828125 0.56915966796875 0.34778232421875 0.584149609375 0.35609599609375 0.57709560546875 0.36768486328125 0.56235751953125 0.35911923828125
1 0.77221962890625 0.2600916015625 0.7619603515625 0.27260791015625 0.75211142578125 0.2641953125 0.762370703125 0.25208935546875 0.77221962890625 0.2600916015625
1 0.68465244140625 0.233780859375 0.6994013671875 0.2333119140625 0.701841015625 0.2586552734375 0.68574423828125 0.259065625 0.68465244140625 0.233780859375
1 0.52458046875 0.15507314453125 0.54128359375 0.15259267578125 0.54310712890625 0.1650294921875 0.52577197265625 0.1673876953125 0.52458046875 0.15507314453125
3 0.51565986328125 0.1393869140625 0.521394921875 0.13390078125 0.52796083984375 0.14087705078125 0.52242080078125 0.1462119140625 0.51565986328125 0.1393869140625
2 0.38036015625 0.16157099609375 0.39370390625 0.15546181640625 0.4023853515625 0.17475400390625 0.38920234375 0.17989853515625 0.38036015625 0.16157099609375
3 0.41169345703125 0.1107408203125 0.42214345703125 0.10189853515625 0.4316287109375 0.11620693359375 0.42005341796875 0.1242453125 0.41169345703125 0.1107408203125
1 0.6489005859375 0.493312890625 0.659775390625 0.48961953125 0.6638791015625 0.49885283203125 0.65218359375 0.50316171875 0.6489005859375 0.493312890625
2 0.68270009765625 0.75255751953125 0.6993703125 0.75270380859375 0.69975185546875 0.76650947265625 0.68232216796875 0.766071875 0.68270009765625 0.75255751953125
3 0.027432421875 0.351683203125 0.0362798828125 0.3596525390625 0.02866162109375 0.3679962890625 0.0199994140625 0.3595904296875 0.027432421875 0.351683203125
3 0.15355166015625 0.999001953125 0.14881318359375 0.994638671875 0.16289716796875 0.9808421875 0.16699296875 0.9845197265625 0.164677734375 0.9871580078125 0.17026552734375 0.99292412109375 0.16397880859375 0.99900205078125 0.15355166015625 0.999001953125
1 0.307477734375 0.56151005859375 0.314003125 0.5605880859375 0.3180876953125 0.57454306640625 0.30545390625 0.576881640625 0.3043455078125 0.573017578125 0.3098892578125 0.57212080078125 0.307477734375 0.56151005859375
3 0.42214345703125 0.10189853515625 0.42722255859375 0.09895048828125 0.43493056640625 0.1123109375 0.4316287109375 0.11620693359375 0.42214345703125 0.10189853515625
1 0.297501171875 0.0670181640625 0.309259765625 0.0673064453125 0.30860078125 0.086732421875 0.2961775390625 0.086334765625 0.297501171875 0.0670181640625
4 0.29056240234375 2.9296875e-06 0.2903166015625 0.006301171875 0.28041318359375 0.00619775390625 0.280359375 2.83203125e-06 0.29056240234375 2.9296875e-06
