1 0.5292275390625 0.0357150390625 0.53597978515625 0.04343193359375 0.5258513671875 0.05243486328125 0.51861689453125 0.0445572265625 0.5292275390625 0.0357150390625
1 0.54417900390625 0.04745107421875 0.553080859375 0.05494755859375 0.54273203125 0.06561787109375 0.53469365234375 0.05693642578125 0.54417900390625 0.04745107421875
0 0.64119765625 0.1222861328125 0.65566669921875 0.13948828125 0.64328759765625 0.14897353515625 0.62962236328125 0.1312890625 0.64119765625 0.1222861328125
1 0.66452685546875 0.10867431640625 0.672588671875 0.11837373046875 0.66364501953125 0.12504990234375 0.6563390625 0.1148466796875 0.66452685546875 0.10867431640625
0 0.8387724609375 2.44140625e-06 0.84396201171875 0.0057138671875 0.83586884765625 0.01262275390625 0.82523466796875 2.63671875e-06 0.8387724609375 2.44140625e-06
0 0.7663875 0.04193251953125 0.7845265625 0.06057548828125 0.7758349609375 0.06914111328125 0.75845166015625 0.0491125 0.7663875 0.04193251953125
0 0.78674296875 0.030815234375 0.7948361328125 0.0383162109375 0.7874337890625 0.0457185546875 0.77983408203125 0.03752666015625 0.78674296875 0.030815234375
0 0.83385283203125 0.03980771484375 0.84554833984375 0.0554017578125 0.83652021484375 0.06237802734375 0.82461943359375 0.04616845703125 0.83385283203125 0.03980771484375
0 0.81214091796875 0.0640125 0.82527275390625 0.08391552734375 0.8164498046875 0.09007109375 0.8029076171875 0.07057841796875 0.81214091796875 0.0640125
1 0.83482255859375 0.37643681640625 0.81857294921875 0.390226953125 0.81197958984375 0.382100390625 0.8283365234375 0.3693169921875 0.83482255859375 0.37643681640625
1 0.835330859375 0.35824443359375 0.84277666015625 0.3665091796875 0.8341234375 0.373515625 0.82673779296875 0.365019921875 0.835330859375 0.35824443359375
0 0.94998203125 0.503451953125 0.96484912109375 0.5192095703125 0.9305658203125 0.54909306640625 0.9142771484375 0.53090390625 0.94998203125 0.503451953125
4 0.87575712890625 0.56855830078125 0.88828349609375 0.5836037109375 0.860592578125 0.60571767578125 0.84835068359375 0.5905673828125 0.87575712890625 0.56855830078125
0 0.7917755859375 0.56324150390625 0.82356259765625 0.59825185546875 0.81482880859375 0.60558984375 0.7831337890625 0.5708359375 0.7917755859375 0.56324150390625
1 0.97920869140625 0.6572953125 0.99049384765625 0.67206865234375 0.98407451171875 0.6767318359375 0.98242099609375 0.67496806640625 0.9667994140625 0.68660498046875 0.957561328125 0.67481875 0.97920869140625 0.6572953125
1 0.99908251953125 0.6790267578125 0.98824169921875 0.6646490234375 0.99654169921875 0.65805751953125 0.99908251953125 0.66030185546875 0.99908251953125 0.6790267578125
0 0.84149697265625 0.9382994140625 0.82227021484375 0.95364453125 0.82525390625 0.95736328125 0.8185296875 0.9634712890625 0.80887314453125 0.95165517578125 0.80429287109375 0.95492685546875 0.79941142578125 0.948362109375 0.83002958984375 0.92365869140625 0.84149697265625 0.9382994140625
1 0.8447447265625 0.83131240234375 0.85600205078125 0.84327783203125 0.8279890625 0.8674046875 0.81575029296875 0.85434853515625 0.8447447265625 0.83131240234375
4 0.8731921875 0.80036484375 0.885762109375 0.815553515625 0.854075390625 0.83938408203125 0.840981640625 0.8244572265625 0.8731921875 0.80036484375
0 0.908879296875 0.852216015625 0.95868837890625 0.91728740234375 0.93385517578125 0.93575341796875 0.88344765625 0.87013564453125 0.908879296875 0.852216015625
0 0.917103125 0.93743955078125 0.915035546875 0.9389373046875 0.918435546875 0.94385009765625 0.8899134765625 0.96485693359375 0.8843541015625 0.9576814453125 0.881455078125 0.9594921875 0.871884765625 0.9454296875 0.899373046875 0.9258908203125 0.90480224609375 0.9222947265625 0.917103125 0.93743955078125
1 0.91668671875 0.9990017578125 0.90600654296875 0.9828361328125 0.91538076171875 0.97655791015625 0.9209837890625 0.98507890625 0.93108427734375 0.9785212890625 0.93490849609375 0.98287578125 0.93521396484375 0.98049560546875 0.936557421875 0.978174609375 0.93914921875 0.97696220703125 0.94165947265625 0.97669921875 0.944583203125 0.97838603515625 0.953994140625 0.97302734375 0.969285546875 0.999001171875 0.91668671875 0.9990017578125
0 0.99908232421875 0.979112890625 0.9832205078125 0.944093359375 0.98531552734375 0.94264326171875 0.983501953125 0.93950078125 0.9924056640625 0.93400146484375 0.999082421875 0.9473548828125 0.99908232421875 0.979112890625
4 0.71607421875 0.9990033203125 0.7275966796875 0.99005634765625 0.73463447265625 0.99900322265625 0.71607421875 0.9990033203125
0 0.854416796875 0.84585341796875 0.865509765625 0.85791103515625 0.8548990234375 0.8670748046875 0.84444912109375 0.85404921875 0.854416796875 0.84585341796875
0 0.860108203125 0.0531623046875 0.86830732421875 0.04785693359375 0.87570263671875 0.05766376953125 0.867825 0.06345146484375 0.860108203125 0.0531623046875
1 0.89597958984375 0.999001953125 0.8934755859375 0.9952970703125 0.90419189453125 0.98940400390625 0.9086265625 0.99663603515625 0.90732412109375 0.99761455078125 0.90828447265625 0.99900185546875 0.89597958984375 0.999001953125
0 0.900146484375 0.021484375 0.88996640625 0.0298767578125 0.88311474609375 0.02184755859375 0.89328125 0.013974609375 0.900146484375 0.021484375
0 0.89294921875 0.01361328125 0.883984375 0.0206640625 0.87338330078125 0.00742041015625 0.88146484375 0.0010546875 0.89294921875 0.01361328125
0 0.90577216796875 0.01346630859375 0.8987890625 0.01927734375 0.881845703125 0.000751953125 0.88279189453125 2.05078125e-06 0.895326953125 1.953125e-06 0.90577216796875 0.01346630859375
0 0.83754404296875 0.0428724609375 0.8445099609375 0.0368478515625 0.853546875 0.04701435546875 0.84563955078125 0.0526625 0.83754404296875 0.0428724609375
