0 0.99844599609375 0.0532435546875 0.9980416015625 0.053303515625 0.9917529296875 0.00383212890625 0.95017509765625 0.01125673828125 0.960751171875 0.06413671875 0.99844599609375 0.056808984375 0.99844580078125 0.17723369140625 0.95894814453125 0.1851455078125 0.9256072265625 0.19082685546875 0.87836181640625 0.2023392578125 0.86633447265625 0.1997712890625 0.8192287109375 0.20796982421875 0.81441025390625 0.2084013671875 0.80362265625 0.20588427734375 0.79805107421875 0.1834306640625 0.79463203125 0.1865388671875 0.78294921875 0.138330078125 0.78285361328125 0.13502900390625 0.78398837890625 0.12186162109375 0.792827734375 0.122534765625 0.7867591796875 0.10028349609375 0.7434228515625 0.10790751953125 0.749915625 0.12860341796875 0.760569921875 0.127025 0.761396484375 0.140263671875 0.7424138671875 0.14364541015625 0.71723935546875 1.181640625e-05 0.8265962890625 1.0546875e-05 0.82990791015625 0.02805341796875 0.841671875 0.08884423828125 0.88280654296875 0.0818080078125 0.873703515625 0.02310966796875 0.8688623046875 9.86328125e-06 0.99844619140625 7.421875e-06 0.99844599609375 0.0532435546875
0 0.760569921875 0.127025 0.78398837890625 0.12186162109375 0.78285361328125 0.13502900390625 0.761396484375 0.140263671875 0.760569921875 0.127025
0 0.8688623046875 9.86328125e-06 0.873703515625 0.02310966796875 0.82990791015625 0.02805341796875 0.8265962890625 1.0546875e-05 0.8688623046875 9.86328125e-06
0 0.0275802734375 8.0078125e-06 0.02741767578125 0.00082724609375 0.02774609375 0.003783203125 0.00590498046875 0.00329052734375 0.00475810546875 7.51953125e-06 0.0275802734375 8.0078125e-06
0 0.060259375 8.69140625e-06 0.0589478515625 0.00509697265625 0.04663134765625 0.005425390625 0.04564755859375 8.3984375e-06 0.060259375 8.69140625e-06
0 0.0883439453125 9.1796875e-06 0.0888357421875 0.00558955078125 0.067815625 0.00558955078125 0.06715986328125 8.7890625e-06 0.0883439453125 9.1796875e-06
0 0.1943087890625 1.083984375e-05 0.1940994140625 0.01183515625 0.1614033203125 0.0112064453125 0.16056572265625 1.03515625e-05 0.1943087890625 1.083984375e-05
0 0.25219287109375 1.15234375e-05 0.252155859375 0.00219404296875 0.2412572265625 0.00219404296875 0.243353125 0.0093201171875 0.24083798828125 0.01015849609375 0.237694140625 0.00659541015625 0.23685576171875 0.01225439453125 0.2029021484375 0.013721484375 0.2026927734375 1.09375e-05 0.25219287109375 1.15234375e-05
0 0.34011025390625 1.23046875e-05 0.34117958984375 0.0199990234375 0.33629013671875 0.02398779296875 0.3241951171875 0.02514580078125 0.32290849609375 0.01909833984375 0.32033505859375 0.01858369140625 0.3193056640625 0.01163544921875 0.31351552734375 0.0121501953125 0.31351552734375 1.2109375e-05 0.34011025390625 1.23046875e-05
0 0.32988994140625 0.02654287109375 0.3525521484375 0.03081259765625 0.35320908203125 0.04099423828125 0.34811826171875 0.04082998046875 0.34976044921875 0.04756298828125 0.3525521484375 0.04756298828125 0.35385302734375 0.0573685546875 0.34053837890625 0.0600998046875 0.31527470703125 0.05361318359375 0.3145919921875 0.04405400390625 0.31629892578125 0.0372259765625 0.325175390625 0.0385916015625 0.32893076171875 0.02710234375 0.32988994140625 0.02654287109375
0 0.29751748046875 0.0730486328125 0.298502734375 0.06992841796875 0.2994880859375 0.066315625 0.308684375 0.06155322265625 0.3126255859375 0.06549453125 0.31919443359375 0.0613890625 0.3329888671875 0.07567607421875 0.3343025390625 0.0820806640625 0.3244494140625 0.08996318359375 0.31771640625 0.0955466796875 0.3136109375 0.0955466796875 0.29636787109375 0.07403388671875 0.29751748046875 0.0730486328125
0 0.26352822265625 0.08568681640625 0.27149267578125 0.08359091796875 0.2761037109375 0.07793193359375 0.286583203125 0.07751279296875 0.28846953125 0.0789798828125 0.2947572265625 0.10392109375 0.29412841796875 0.11083759765625 0.27149267578125 0.11544853515625 0.2700255859375 0.11146640625 0.26352822265625 0.08568681640625
0 0.2311275390625 0.1079197265625 0.2313951171875 0.10176728515625 0.2324650390625 0.08892744140625 0.23166259765625 0.072877734375 0.233267578125 0.072877734375 0.24048994140625 0.0720751953125 0.24744482421875 0.07635517578125 0.24744482421875 0.07956513671875 0.25653974609375 0.07876259765625 0.2568072265625 0.10818720703125 0.25439970703125 0.1084546875 0.25520224609375 0.11968955078125 0.25199228515625 0.1194220703125 0.25118974609375 0.12477197265625 0.24048994140625 0.12664443359375 0.2388849609375 0.11781708984375 0.23219755859375 0.11701455078125 0.2311275390625 0.1079197265625
0 0.19878388671875 0.12474287109375 0.198951953125 0.12409296875 0.19958076171875 0.08867216796875 0.19937109375 0.07400087890625 0.2178150390625 0.0746296875 0.2199109375 0.07777353515625 0.22431240234375 0.07819267578125 0.22284521484375 0.1201107421875 0.21859912109375 0.1207541015625 0.21177958984375 0.12525751953125 0.19878388671875 0.12474287109375
0 0.16869150390625 0.11982021484375 0.1668333984375 0.11657705078125 0.167054296875 0.07311513671875 0.1824947265625 0.07324375 0.1837814453125 0.08096396484375 0.1899576171875 0.08135 0.1899576171875 0.08418076171875 0.1935603515625 0.08611083984375 0.19146611328125 0.11377275390625 0.190694140625 0.11493076171875 0.18644794921875 0.115702734375 0.183874609375 0.1200775390625 0.16869150390625 0.11982021484375
0 0.13604560546875 0.10412744140625 0.13520732421875 0.098678125 0.1370935546875 0.095324609375 0.134159375 0.0951150390625 0.13520732421875 0.073946484375 0.14023740234375 0.0708025390625 0.14987861328125 0.072479296875 0.1511361328125 0.0768806640625 0.1572142578125 0.0764615234375 0.1570046875 0.08149169921875 0.15993896484375 0.08170126953125 0.15931015625 0.09783974609375 0.15993896484375 0.105175390625 0.13604560546875 0.10412744140625
0 0.10502626953125 0.1156548828125 0.104187890625 0.11418779296875 0.10439755859375 0.102869921875 0.103349609375 0.101402734375 0.1039783203125 0.07813828125 0.11697294921875 0.0783478515625 0.117811328125 0.0768806640625 0.1282908203125 0.0768806640625 0.1282908203125 0.103708203125 0.12891953125 0.10391787109375 0.1266140625 0.11670283203125 0.10502626953125 0.1156548828125
0 0.0712822265625 0.121942578125 0.07253984375 0.0783478515625 0.07337822265625 0.0722697265625 0.0815521484375 0.07101220703125 0.09664267578125 0.0722697265625 0.095804296875 0.10685205078125 0.0970619140625 0.11775078125 0.08364814453125 0.11691240234375 0.08364814453125 0.1217330078125 0.0712822265625 0.121942578125
0 0.04031064453125 0.1027955078125 0.0383642578125 0.07410029296875 0.04968212890625 0.07263310546875 0.04947255859375 0.0671837890625 0.059113671875 0.0676029296875 0.06414384765625 0.069698828125 0.0654013671875 0.1017662109375 0.0636 0.1115451171875 0.053177734375 0.110387109375 0.05266298828125 0.1034388671875 0.04031064453125 0.1027955078125
0 0.0097265625 0.112291015625 0.00970361328125 0.1108359375 0.00970361328125 0.07939736328125 0.01997353515625 0.080026171875 0.019554296875 0.07248095703125 0.0300337890625 0.0699658203125 0.034016015625 0.07206171875 0.03262978515625 0.10727294921875 0.0330158203125 0.11332041015625 0.0097265625 0.112291015625
0 0.00846103515625 0.135514453125 0.0271857421875 0.13578193359375 0.026383203125 0.13979443359375 0.07667255859375 0.139526953125 0.0769400390625 0.17082392578125 0.07267353515625 0.17081884765625 0.0716748046875 0.17345146484375 0.07294619140625 0.18012021484375 0.05839140625 0.17966318359375 0.057424609375 0.17473828125 0.029048046875 0.173634375 0.02691826171875 0.18098876953125 0.0106009765625 0.17991884765625 0.00846103515625 0.17216142578125 0.00712353515625 0.1603916015625 0.00846103515625 0.135514453125
0 0.08035654296875 0.137490234375 0.0996162109375 0.13775771484375 0.10041875 0.1433751953125 0.15041845703125 0.14221142578125 0.1493705078125 0.1730671875 0.1456255859375 0.171997265625 0.14455556640625 0.18189462890625 0.13251826171875 0.18189462890625 0.13118076171875 0.1802896484375 0.10202373046875 0.17868466796875 0.101488671875 0.180824609375 0.08410146484375 0.1802896484375 0.08142646484375 0.17039228515625 0.0806240234375 0.159157421875 0.08035654296875 0.137490234375
0 0.1525029296875 0.14193662109375 0.222296484375 0.14424208984375 0.2220869140625 0.17442314453125 0.2183142578125 0.17400390625 0.21915263671875 0.18532177734375 0.20427177734375 0.184273828125 0.20259501953125 0.181968359375 0.17388115234375 0.18133955078125 0.17157568359375 0.18301630859375 0.156066015625 0.1821779296875 0.156066015625 0.17547109375 0.15313173828125 0.1714888671875 0.1520837890625 0.16457236328125 0.1525029296875 0.14193662109375
0 0.225958203125 0.1449822265625 0.22943564453125 0.1449822265625 0.229970703125 0.13642236328125 0.237460546875 0.13668984375 0.2382630859375 0.14391220703125 0.294972265625 0.1449822265625 0.2947046875 0.17708173828125 0.29069228515625 0.17627919921875 0.29069228515625 0.1856416015625 0.27678251953125 0.18537412109375 0.27544501953125 0.1832341796875 0.2457529296875 0.182431640625 0.2446830078125 0.185106640625 0.22970322265625 0.18483916015625 0.2278306640625 0.1754767578125 0.22515576171875 0.173604296875 0.225958203125 0.1449822265625
0 0.2995228515625 0.1520662109375 0.31464150390625 0.15181123046875 0.31604599609375 0.1482201171875 0.32440146484375 0.1448666015625 0.33350458984375 0.1480212890625 0.333923828125 0.1517939453125 0.3488046875 0.1522130859375 0.34964306640625 0.1723337890625 0.3462896484375 0.17820234375 0.34524169921875 0.18553798828125 0.33140869140625 0.18532841796875 0.3303607421875 0.18323251953125 0.31946201171875 0.1830228515625 0.31694697265625 0.187005078125 0.301646875 0.184699609375 0.30059892578125 0.176316015625 0.301646875 0.174010546875 0.29871259765625 0.17380087890625 0.2995228515625 0.1520662109375
0 0.00458505859375 0.24337802734375 0.00564697265625 0.2368666015625 0.00778701171875 0.2347265625 0.0246392578125 0.2328541015625 0.02356923828125 0.24462392578125 0.02651171875 0.24462392578125 0.02597666015625 0.2360640625 0.05299384765625 0.234994140625 0.05352880859375 0.2432865234375 0.05673876953125 0.24462392578125 0.05593623046875 0.23526162109375 0.059413671875 0.2328541015625 0.06743857421875 0.2315166015625 0.0741259765625 0.23766904296875 0.074928515625 0.27271103515625 0.0043095703125 0.27190859375 0.00458505859375 0.24337802734375
0 0.0981671875 0.2357623046875 0.0981671875 0.23870478515625 0.10913447265625 0.236297265625 0.114751953125 0.23549482421875 0.12464931640625 0.23736728515625 0.12652177734375 0.24512470703125 0.12866171875 0.24619462890625 0.12892919921875 0.2357623046875 0.13615166015625 0.23388984375 0.14631650390625 0.24191474609375 0.1457814453125 0.26973427734375 0.143908984375 0.27428173828125 0.0783724609375 0.2740142578125 0.077021484375 0.265693359375 0.07699072265625 0.26413369140625 0.076865234375 0.26251953125 0.0783724609375 0.23816982421875 0.0941546875 0.23281982421875 0.0981671875 0.2357623046875
0 0.150223828125 0.240590625 0.16297236328125 0.2361017578125 0.16907734375 0.23628125 0.17033427734375 0.24759345703125 0.1726685546875 0.2382564453125 0.17661884765625 0.233587890625 0.18649443359375 0.2377177734375 0.19816572265625 0.2384359375 0.19924306640625 0.2468751953125 0.20121826171875 0.2495685546875 0.201038671875 0.2387951171875 0.21235078125 0.23628125 0.21235078125 0.2425658203125 0.2170193359375 0.24130888671875 0.220430859375 0.24454091796875 0.21845576171875 0.27201328125 0.215044140625 0.277938671875 0.1834419921875 0.27775908203125 0.15004423828125 0.27560439453125 0.15058291015625 0.2684220703125 0.15004423828125 0.242206640625 0.150223828125 0.240590625
0 0.241965625 0.23857890625 0.24219482421875 0.25072470703125 0.2435697265625 0.25141220703125 0.244028125 0.25118310546875 0.24379892578125 0.24316220703125 0.2553125 0.239951171875 0.25834599609375 0.23917177734375 0.259794921875 0.239755859375 0.27198642578125 0.24270390625 0.27290302734375 0.25255810546875 0.27404892578125 0.24614140625 0.2745072265625 0.2410998046875 0.287798828125 0.2404123046875 0.287798828125 0.24293310546875 0.29215302734375 0.24476640625 0.29284052734375 0.26938876953125 0.291024609375 0.270340234375 0.29109130859375 0.2771484375 0.224778125 0.2773080078125 0.224090625 0.2738705078125 0.22317392578125 0.26814140625 0.224090625 0.24270390625 0.23394482421875 0.23812060546875 0.241965625 0.23857890625
0 0.2988568359375 0.2497509765625 0.31304189453125 0.248853125 0.31519658203125 0.2519056640625 0.32902255859375 0.25316259765625 0.32956123046875 0.285123828125 0.3256109375 0.2876376953125 0.3117849609375 0.28853544921875 0.2967021484375 0.28691943359375 0.2956248046875 0.28045537109375 0.295265625 0.25908798828125 0.29706123046875 0.25854931640625 0.2983181640625 0.250469140625 0.2988568359375 0.2497509765625
0 0.30080048828125 0.42603408203125 0.3260087890625 0.42580498046875 0.32692548828125 0.42420078125 0.344800390625 0.42465908203125 0.348925390625 0.42786748046875 0.364050390625 0.42786748046875 0.364050390625 0.4443673828125 0.36107119140625 0.4498673828125 0.30148798828125 0.44895078125 0.3003421875 0.43405498046875 0.30080048828125 0.42603408203125
0 0.31324921875 0.53981513671875 0.31416591796875 0.53271103515625 0.31874921875 0.52652353515625 0.32585341796875 0.52446103515625 0.33364501953125 0.52950263671875 0.33662421875 0.53569013671875 0.33708251953125 0.5443984375 0.33043671875 0.54944013671875 0.31966591796875 0.5517318359375 0.3150826171875 0.5462318359375 0.31324921875 0.53981513671875
0 0.46365419921875 0.41986748046875 0.52562001953125 0.4206140625 0.52599326171875 0.43890517578125 0.4629076171875 0.4377853515625 0.46365419921875 0.41986748046875
0 0.4783814453125 0.481056640625 0.53325478515625 0.48292314453125 0.53362802734375 0.494868359375 0.53325478515625 0.5176388671875 0.4795013671875 0.51539912109375 0.47875478515625 0.5079333984375 0.47763486328125 0.49748134765625 0.4705423828125 0.4982279296875 0.46942255859375 0.49785458984375 0.46942255859375 0.4836697265625 0.478008203125 0.48665595703125 0.4783814453125 0.481056640625
0 0.05220859375 0.59365771484375 0.076776953125 0.5939501953125 0.07560703125 0.629925390625 0.05133115234375 0.6293404296875 0.05220859375 0.59365771484375
0 0.08344365234375 0.5851279296875 0.1050873046875 0.58425048828125 0.1050873046875 0.6336796875 0.091340625 0.63338720703125 0.090170703125 0.62198046875 0.08198125 0.62168798828125 0.0813962890625 0.61466845703125 0.08344365234375 0.5851279296875
0 0.11094990234375 0.59225615234375 0.13521357421875 0.59188291015625 0.1363333984375 0.63219794921875 0.1228951171875 0.63257119140625 0.1228951171875 0.62883837890625 0.1105765625 0.628091796875 0.11094990234375 0.59225615234375
0 0.14073076171875 0.58699677734375 0.165006640625 0.58699677734375 0.16529912109375 0.6352560546875 0.1480427734375 0.63437861328125 0.14775029296875 0.6200470703125 0.139268359375 0.61858466796875 0.14073076171875 0.58699677734375
0 0.17119921875 0.59681552734375 0.193596484375 0.597562109375 0.19284990234375 0.63638408203125 0.17903828125 0.63638408203125 0.17829169921875 0.6263052734375 0.1697060546875 0.6233189453125 0.1693328125 0.60241484375 0.17119921875 0.59681552734375
0 0.19825576171875 0.5961896484375 0.21872939453125 0.5956046875 0.22399404296875 0.601454296875 0.22399404296875 0.6242677734375 0.2149271484375 0.62514521484375 0.21229482421875 0.63684443359375 0.1997181640625 0.63567451171875 0.19825576171875 0.5961896484375
0 0.22696591796875 0.5983134765625 0.253133984375 0.5974693359375 0.25440390625 0.63476806640625 0.23813310546875 0.63476806640625 0.23882060546875 0.630872265625 0.22644560546875 0.63064306640625 0.22696591796875 0.5983134765625
0 0.25776640625 0.59239521484375 0.2829197265625 0.5926876953125 0.2835046875 0.6114064453125 0.279994921875 0.615501171875 0.28087236328125 0.6377296875 0.26741826171875 0.6377296875 0.26741826171875 0.623690625 0.2630310546875 0.62603046875 0.25747392578125 0.62135078125 0.25776640625 0.59239521484375
0 0.2860830078125 0.5975615234375 0.29025859375 0.59703974609375 0.31014736328125 0.59703974609375 0.311609765625 0.6078615234375 0.3066375 0.60932392578125 0.309269921875 0.621315625 0.30283525390625 0.62394794921875 0.3019578125 0.63096748046875 0.28762626953125 0.63096748046875 0.28557890625 0.60230439453125 0.2860830078125 0.5975615234375
0 0.31640078125 0.6218384765625 0.31640078125 0.61339921875 0.3155029296875 0.60819208984375 0.31927373046875 0.60298486328125 0.32430126953125 0.5887998046875 0.34764384765625 0.5972390625 0.34566865234375 0.604241796875 0.34135927734375 0.622556640625 0.3325609375 0.61950419921875 0.32932890625 0.62740478515625 0.31640078125 0.6218384765625
1 0.35400576171875 0.635794921875 0.382016796875 0.62771484375 0.39081513671875 0.6329220703125 0.39440625 0.6533916015625 0.35993115234375 0.6614716796875 0.358135546875 0.6598556640625 0.3520306640625 0.66003525390625 0.3493373046875 0.64944130859375 0.357058203125 0.64674794921875 0.35400576171875 0.635794921875
0 0.36150732421875 0.6628185546875 0.3882775390625 0.66121669921875 0.38702060546875 0.690305078125 0.35057041015625 0.6894072265625 0.3498521484375 0.67576083984375 0.36080517578125 0.67396533203125 0.36242119140625 0.67181064453125 0.36150732421875 0.6628185546875
0 0.34664619140625 0.69188857421875 0.3700642578125 0.69103955078125 0.3711669921875 0.70013857421875 0.37345869140625 0.7187009765625 0.34297958984375 0.71961767578125 0.34183369140625 0.7022009765625 0.34595869140625 0.702659375 0.34664619140625 0.69188857421875
0 0.349977734375 0.7229189453125 0.380915234375 0.7229189453125 0.3811443359375 0.7311689453125 0.38412353515625 0.732773046875 0.38412353515625 0.74812724609375 0.34195693359375 0.74904384765625 0.3421861328125 0.734148046875 0.34906103515625 0.73300224609375 0.349977734375 0.7229189453125
0 0.3452431640625 0.751754296875 0.3706806640625 0.751066796875 0.372284765625 0.77925419921875 0.34478486328125 0.77833759765625 0.34432646484375 0.76596259765625 0.34157646484375 0.76619169921875 0.34134736328125 0.756566796875 0.3452431640625 0.756566796875 0.3452431640625 0.751754296875
0 0.3411884765625 0.7799443359375 0.3720689453125 0.7801427734375 0.372649609375 0.80734345703125 0.34954365234375 0.8070509765625 0.34837373046875 0.79681416015625 0.342231640625 0.79739912109375 0.3411884765625 0.7799443359375
0 0.35036240234375 0.8174861328125 0.350309375 0.8096892578125 0.36162392578125 0.80839365234375 0.37134560546875 0.8111375 0.37102197265625 0.83724521484375 0.34499462890625 0.8378080078125 0.34021123046875 0.8344314453125 0.34105537109375 0.81937783203125 0.35036240234375 0.8174861328125
0 0.34391396484375 0.83889501953125 0.3749044921875 0.83833095703125 0.37436650390625 0.8664974609375 0.34438037109375 0.86577919921875 0.34391396484375 0.83889501953125
0 0.3480986328125 0.869066015625 0.37126162109375 0.86852734375 0.371137109375 0.89571826171875 0.34151005859375 0.89554794921875 0.34151005859375 0.879208203125 0.34779453125 0.87777177734375 0.3480986328125 0.869066015625
0 0.34251845703125 0.89720947265625 0.3685333984375 0.8982015625 0.3690595703125 0.92512490234375 0.3504970703125 0.92558330078125 0.35095537109375 0.9205416015625 0.34522626953125 0.9205416015625 0.34476796875 0.9120625 0.34178876953125 0.911375 0.34251845703125 0.89720947265625
0 0.33920634765625 0.94054755859375 0.35382802734375 0.93835458984375 0.353812109375 0.93057451171875 0.37008291015625 0.9273662109375 0.3856234375 0.930508203125 0.38403876953125 0.95393447265625 0.3396947265625 0.9548482421875 0.33920634765625 0.94054755859375
0 0.374736328125 0.95667158203125 0.37333896484375 0.98321591796875 0.34256298828125 0.98415888671875 0.3430078125 0.981103515625 0.342780078125 0.9796908203125 0.342802734375 0.978017578125 0.34277666015625 0.9560828125 0.374736328125 0.95667158203125
0 0.347929296875 0.9990123046875 0.3492677734375 0.9850271484375 0.3734087890625 0.98568857421875 0.3725408203125 0.9990125 0.347929296875 0.9990123046875
0 0.4213763671875 0.9990126953125 0.4211564453125 0.975471484375 0.4294064453125 0.9752423828125 0.4300939453125 0.9731798828125 0.4472814453125 0.972721484375 0.45048974609375 0.9759298828125 0.456448046875 0.9766173828125 0.45736474609375 0.98830478515625 0.453010546875 0.99380478515625 0.4533958984375 0.99901279296875 0.4213763671875 0.9990126953125
0 0.42010390625 0.97089921875 0.4155826171875 0.9708048828125 0.4146658203125 0.944859765625 0.45734189453125 0.94546435546875 0.45866474609375 0.95604677734375 0.45646005859375 0.9615583984375 0.4523814453125 0.96310166015625 0.450397265625 0.97125888671875 0.42010390625 0.97089921875
0 0.4164861328125 0.94238984375 0.41415185546875 0.94113291015625 0.412894921875 0.9262296875 0.41307451171875 0.91473798828125 0.43138935546875 0.9145583984375 0.43174853515625 0.9091716796875 0.45437275390625 0.9091716796875 0.45455234375 0.92551142578125 0.45257724609375 0.9348484375 0.45275673828125 0.94310810546875 0.4164861328125 0.94238984375
0 0.41953857421875 0.90773515625 0.4197181640625 0.88169931640625 0.42761865234375 0.87756953125 0.456168359375 0.87792861328125 0.45688662109375 0.88924072265625 0.45096123046875 0.889958984375 0.45096123046875 0.89606396484375 0.45383408203125 0.8994755859375 0.45365458984375 0.9064783203125 0.43067119140625 0.9066578125 0.41953857421875 0.90773515625
0 0.4532404296875 0.86004765625 0.456651953125 0.8613044921875 0.45737021484375 0.8749509765625 0.4269306640625 0.87599638671875 0.41571279296875 0.87800341796875 0.4153537109375 0.87064150390625 0.41301943359375 0.8607658203125 0.408369140625 0.8600390625 0.40888896484375 0.850983203125 0.4507265625 0.8503515625 0.4532404296875 0.86004765625
0 0.41898134765625 0.8445646484375 0.4182630859375 0.8424099609375 0.4134150390625 0.840434765625 0.41359453125 0.83379111328125 0.4117990234375 0.8323546875 0.41161943359375 0.81403974609375 0.42867744140625 0.8136806640625 0.42885703125 0.81116689453125 0.45255859375 0.81134638671875 0.4534564453125 0.82894306640625 0.4566884765625 0.83361162109375 0.458483984375 0.8429486328125 0.41898134765625 0.8445646484375
0 -0.0 0.68103193359375 0.03891484375 0.68227724609375 0.03939130859375 0.6943716796875 0.0431935546875 0.69407919921875 0.04290107421875 0.7049009765625 -0.0 0.7060708984375 -0.0 0.68103193359375
0 -0.0 0.72040244140625 0.00780341796875 0.72040244140625 0.008680859375 0.7095806640625 0.041438671875 0.71162802734375 0.041438671875 0.7329791015625 -0.0 0.734733984375 -0.0 0.72040244140625
0 0.00312373046875 0.7376587890625 0.027399609375 0.73824375 0.02769208984375 0.76485947265625 -0.0 0.76427451171875 -0.0 0.74614072265625 0.0034162109375 0.7458482421875 0.00312373046875 0.7376587890625
0 -0.0 0.76664697265625 0.02877763671875 0.7667021484375 0.02884033203125 0.794382421875 0.02046259765625 0.7951541015625 0.0200216796875 0.79394150390625 0.00502998046875 0.79361083984375 0.0042583984375 0.79493359375 -0.0 0.79504384765625 -0.0 0.76664697265625
0 -0.0 0.7980201171875 0.00469931640625 0.7960359375 0.03580185546875 0.7957955078125 0.03634052734375 0.81985625 0.03239033203125 0.82739765625 0.00886826171875 0.82614072265625 0.00815 0.81231484375 -0.0 0.8157263671875 -0.0 0.7980201171875
0 -0.0 0.838606640625 0.00891318359375 0.8383775390625 0.00822568359375 0.8308150390625 0.012121484375 0.82829423828125 0.0419130859375 0.8280650390625 0.04305888671875 0.83746083984375 0.0391630859375 0.8411275390625 0.039621484375 0.8541900390625 0.0261005859375 0.8562525390625 0.0261005859375 0.85189833984375 -0.0 0.852356640625 -0.0 0.838606640625
0 -0.0 0.8545439453125 0.024085546875 0.853418359375 0.02507041015625 0.8572169921875 0.0305572265625 0.8576390625 0.0299263671875 0.88189404296875 0.01718515625 0.8816404296875 -0.0 0.88513427734375 -0.0 0.8545439453125
0 0.00687265625 0.88736953125 0.01947685546875 0.88347373046875 0.02818515625 0.88416123046875 0.03781015625 0.8864529296875 0.03895595703125 0.8871404296875 0.0401017578125 0.91234873046875 0.01626845703125 0.91097373046875 -0.0 0.90982783203125 -0.0 0.89584873046875 0.00756015625 0.8967654296875 0.00687265625 0.88736953125
0 0.00395078125 0.912934765625 0.02342998046875 0.91339306640625 0.02205498046875 0.94089306640625 0.0085341796875 0.94089306640625 0.00830498046875 0.94020556640625 -0.0 0.939747265625 0.0002841796875 0.92370556640625 0.00395078125 0.912934765625
0 -0.0 0.94278388671875 0.0310861328125 0.94249140625 0.0275763671875 0.969399609375 -0.0 0.9699845703125 -0.0 0.94278388671875
0 0.00739521484375 0.9748466796875 0.04707744140625 0.9732306640625 0.0457369140625 0.9990083984375 -0.0 0.999007421875 -0.0 0.9831572265625 0.00690087890625 0.98297763671875 0.00739521484375 0.9748466796875
0 0.0615236328125 0.9745626953125 0.08535693359375 0.97502099609375 0.085815234375 0.98258349609375 0.09727353515625 0.98304169921875 0.095440234375 0.99633330078125 0.089252734375 0.99702080078125 0.088946875 0.9990091796875 0.062548046875 0.99900869140625 0.06129443359375 0.9887708984375 0.0615236328125 0.9745626953125
0 0.0705625 0.97283125 0.0678296875 0.95887890625 0.06820302734375 0.942454296875 0.0838810546875 0.94208095703125 0.08425439453125 0.94506728515625 0.10067900390625 0.94656044921875 0.10067900390625 0.972690625 0.0705625 0.97283125
0 0.07742587890625 0.93731220703125 0.077066796875 0.92348623046875 0.08263310546875 0.92294755859375 0.08371044921875 0.91486748046875 0.09969111328125 0.9152265625 0.1038208984375 0.92133154296875 0.10417998046875 0.9242044921875 0.10884853515625 0.9252818359375 0.109566796875 0.94216025390625 0.08622421875 0.942878515625 0.0849287109375 0.9408056640625 0.07845087890625 0.93985556640625 0.07742587890625 0.93731220703125
0 0.06576162109375 0.91255927734375 0.06553037109375 0.8884634765625 0.11159287109375 0.8870884765625 0.112051171875 0.89350517578125 0.10953037109375 0.89900517578125 0.111363671875 0.9070259765625 0.10471787109375 0.90473427734375 0.10059287109375 0.90656767578125 0.09865703125 0.913611328125 0.06576162109375 0.91255927734375
0 0.0838330078125 0.884648046875 0.08203740234375 0.881416015625 0.0818578125 0.8713607421875 0.08293515625 0.85699609375 0.10807333984375 0.85699609375 0.11256220703125 0.87207900390625 0.10789375 0.88392978515625 0.0838330078125 0.884648046875
0 0.08562861328125 0.85448232421875 0.08455126953125 0.85448232421875 0.0822169921875 0.8264712890625 0.103045703125 0.82449619140625 0.10394345703125 0.82988291015625 0.10968935546875 0.8313193359375 0.10825283203125 0.84496572265625 0.1037638671875 0.84909560546875 0.10178876953125 0.85448232421875 0.08562861328125 0.85448232421875
0 0.09552607421875 0.8036232421875 0.110297265625 0.8025208984375 0.1139349609375 0.80483583984375 0.11238271484375 0.81605693359375 0.10017275390625 0.8173138671875 0.0978384765625 0.82467568359375 0.06910927734375 0.82665087890625 0.0689296875 0.82611220703125 0.0588744140625 0.82503486328125 0.0596740234375 0.8136859375 0.06667685546875 0.81260859375 0.066424609375 0.80207998046875 0.078408203125 0.79943359375 0.080630078125 0.79915068359375 0.0849423828125 0.79884951171875 0.093006640625 0.80000869140625 0.09552607421875 0.8036232421875
0 0.07175556640625 0.79768232421875 0.07014140625 0.79636064453125 0.068971484375 0.7785193359375 0.07482109375 0.77764189453125 0.07482109375 0.772084765625 0.099389453125 0.7714998046875 0.10611650390625 0.77471708984375 0.1093337890625 0.7826140625 0.11225859375 0.78349150390625 0.1116736328125 0.797823046875 0.07175556640625 0.79768232421875
0 0.08447294921875 0.7691599609375 0.0835955078125 0.76184794921875 0.08213310546875 0.74985625 0.08330302734375 0.739326953125 0.1093337890625 0.74020439453125 0.10991875 0.751026171875 0.11255107421875 0.76067802734375 0.111088671875 0.76828251953125 0.08447294921875 0.7691599609375
0 0.07014140625 0.74020439453125 0.06896064453125 0.737911328125 0.06842197265625 0.7362953125 0.06824248046875 0.718339453125 0.06896064453125 0.71259365234375 0.112413671875 0.71259365234375 0.11331142578125 0.7278560546875 0.10110146484375 0.7278560546875 0.10100888671875 0.7375720703125 0.08347578125 0.7375720703125 0.07014140625 0.74020439453125
0 0.0752166015625 0.70748876953125 0.0746779296875 0.69348330078125 0.08114208984375 0.6911490234375 0.08132158203125 0.68055517578125 0.10484365234375 0.6809142578125 0.1071779296875 0.69240595703125 0.11436025390625 0.6933037109375 0.11346240234375 0.70820703125 0.0831171875 0.709823046875 0.08275810546875 0.70784794921875 0.0752166015625 0.70748876953125
0 0.169328515625 0.696710546875 0.181027734375 0.69641806640625 0.18190517578125 0.68705869140625 0.21612548828125 0.68764365234375 0.214078125 0.710749609375 0.169328515625 0.71104208984375 0.169328515625 0.696710546875
0 0.1745931640625 0.7171841796875 0.19477431640625 0.714259375 0.20267138671875 0.7160142578125 0.2158330078125 0.7171841796875 0.212908203125 0.74146015625 0.19067958984375 0.73824287109375 0.17020595703125 0.74116767578125 0.1687435546875 0.7315158203125 0.16962099609375 0.724788671875 0.1745931640625 0.72332626953125 0.1745931640625 0.7171841796875
0 0.17751796875 0.7432150390625 0.197406640625 0.74350751953125 0.1979916015625 0.75169697265625 0.19623671875 0.7701232421875 0.17313076171875 0.7701232421875 0.17254580078125 0.76164130859375 0.17196083984375 0.7525744140625 0.1745931640625 0.75169697265625 0.17430068359375 0.7490646484375 0.17781044921875 0.74613984375 0.17751796875 0.7432150390625
0 0.17946396484375 0.77195009765625 0.20442626953125 0.771878125 0.20325634765625 0.79966376953125 0.16903603515625 0.79907880859375 0.16903603515625 0.78328486328125 0.1769330078125 0.78328486328125 0.17898037109375 0.77977509765625 0.17946396484375 0.77195009765625
0 0.1713390625 0.80051015625 0.19792236328125 0.80096845703125 0.20067236328125 0.8172392578125 0.20090146484375 0.8296142578125 0.1729431640625 0.8289267578125 0.17248486328125 0.82365595703125 0.1701931640625 0.81678095703125 0.16835986328125 0.8144892578125 0.16835986328125 0.8083017578125 0.17110986328125 0.80784345703125 0.1713390625 0.80051015625
0 0.18068291015625 0.84396220703125 0.180975390625 0.83167802734375 0.21548818359375 0.83226298828125 0.215195703125 0.85975625 0.16810625 0.858586328125 0.16722880859375 0.8541990234375 0.16722880859375 0.8436697265625 0.18068291015625 0.84396220703125
0 0.17461015625 0.86430654296875 0.206005859375 0.86338994140625 0.2085267578125 0.86843154296875 0.2105892578125 0.86843154296875 0.2105892578125 0.8872232421875 0.16750595703125 0.88768154296875 0.1679642578125 0.87301494140625 0.17369345703125 0.87232744140625 0.17461015625 0.86430654296875
0 0.17084658203125 0.9156880859375 0.1710193359375 0.8881615234375 0.19716982421875 0.8876099609375 0.19833974609375 0.89141220703125 0.2009720703125 0.8917046875 0.20009462890625 0.915103125 0.17084658203125 0.9156880859375
0 0.17461025390625 0.91769794921875 0.19731806640625 0.91714501953125 0.198291015625 0.94576044921875 0.16827021484375 0.94530205078125 0.1684994140625 0.9274271484375 0.17399931640625 0.92696875 0.17461025390625 0.91769794921875
0 0.169705078125 0.9495099609375 0.21347587890625 0.94905166015625 0.2153091796875 0.9756349609375 0.18528837890625 0.9751765625 0.17955927734375 0.9735724609375 0.17978837890625 0.96692666015625 0.169705078125 0.9666974609375 0.169705078125 0.9495099609375
0 0.19369677734375 0.9774505859375 0.213815234375 0.97801337890625 0.21283037109375 0.99320771484375 0.2121091796875 0.99901103515625 0.18318095703125 0.99901064453125 0.1838486328125 0.98579052734375 0.1898982421875 0.983398828125 0.19369677734375 0.9774505859375
0 0.2339095703125 0.999011328125 0.23357763671875 0.9869642578125 0.254047265625 0.9821162109375 0.26859140625 0.9837322265625 0.27146435546875 0.995151953125 0.28421298828125 0.99533154296875 0.2843544921875 0.99901181640625 0.2339095703125 0.999011328125
0 0.2531494140625 0.9797099609375 0.250815234375 0.97611884765625 0.2502765625 0.95888125 0.25350859375 0.952955859375 0.28008310546875 0.952955859375 0.2818787109375 0.9683978515625 0.28008310546875 0.9710912109375 0.28098095703125 0.9791712890625 0.2531494140625 0.9797099609375
0 0.24740361328125 0.95133984375 0.24557470703125 0.94557158203125 0.24093193359375 0.94458681640625 0.2416353515625 0.93023662109375 0.2427609375 0.92587529296875 0.285389453125 0.92756357421875 0.285530078125 0.939240625 0.2754005859375 0.94106962890625 0.27596328125 0.95133984375 0.24740361328125 0.95133984375
0 0.25429736328125 0.9239056640625 0.25170966796875 0.9095853515625 0.2470412109375 0.909405859375 0.24578427734375 0.90024833984375 0.25170966796875 0.89970966796875 0.25206875 0.89468212890625 0.276488671875 0.89540029296875 0.27684775390625 0.89970966796875 0.284030078125 0.89953017578125 0.28582568359375 0.9131765625 0.2777455078125 0.9144333984375 0.2755412109375 0.9230615234375 0.25429736328125 0.9239056640625
0 0.24111572265625 0.8939638671875 0.23932021484375 0.89109091796875 0.23949970703125 0.876905859375 0.239679296875 0.867209765625 0.28546650390625 0.86667109375 0.28654384765625 0.882292578125 0.27056328125 0.88408818359375 0.2712814453125 0.89270693359375 0.24111572265625 0.8939638671875
0 0.25942138671875 0.8658154296875 0.2565765625 0.85876826171875 0.25675615234375 0.836503125 0.2741732421875 0.83632353515625 0.27507099609375 0.83901689453125 0.283151171875 0.83955556640625 0.2833306640625 0.84655830078125 0.280996484375 0.85409970703125 0.277764453125 0.85733173828125 0.27758486328125 0.860743359375 0.27552802734375 0.86604990234375 0.25942138671875 0.8658154296875
0 0.247794140625 0.83397236328125 0.242299609375 0.8338197265625 0.24189130859375 0.8097939453125 0.24906640625 0.8096533203125 0.2507546875 0.8297716796875 0.25145810546875 0.80810576171875 0.2717171875 0.80754296875 0.27689560546875 0.81765791015625 0.2772263671875 0.820303515625 0.2840607421875 0.81986259765625 0.28538359375 0.82658681640625 0.28505283203125 0.834964453125 0.27821845703125 0.8346337890625 0.269069140625 0.834303125 0.267966796875 0.83320078125 0.25859697265625 0.83397236328125 0.251101171875 0.833751953125 0.247794140625 0.83397236328125
0 0.2436431640625 0.80489892578125 0.242386328125 0.78981611328125 0.24112939453125 0.7896365234375 0.2407703125 0.7810177734375 0.27704091796875 0.78065859375 0.27901611328125 0.79161162109375 0.28655751953125 0.7917912109375 0.287814453125 0.8034625 0.28278681640625 0.80453984375 0.2436431640625 0.80489892578125
0 0.25782822265625 0.7761697265625 0.258546484375 0.766653125 0.25818740234375 0.74815869140625 0.285659765625 0.74708134765625 0.28709619140625 0.75139072265625 0.28440283203125 0.77545146484375 0.25782822265625 0.7761697265625
0 0.2420271484375 0.74726083984375 0.2409498046875 0.74708134765625 0.241308984375 0.721225 0.2826072265625 0.72050673828125 0.28278681640625 0.73953994140625 0.2723724609375 0.73864208984375 0.2718337890625 0.74654267578125 0.2420271484375 0.74726083984375
0 0.25421416015625 0.71655595703125 0.2515818359375 0.71714091796875 0.2504119140625 0.68964775390625 0.2834623046875 0.68847783203125 0.28433974609375 0.71597099609375 0.25421416015625 0.71655595703125
0 0.51648818359375 0.7328728515625 0.52917998046875 0.728393359375 0.5411251953125 0.7313796875 0.54336484375 0.7429515625 0.5414984375 0.7631091796875 0.5408119140625 0.77068935546875 0.52829072265625 0.77026728515625 0.52815 0.76463974609375 0.51942734375 0.7695638671875 0.5146439453125 0.765624609375 0.51531533203125 0.73344072265625 0.51648818359375 0.7328728515625
0 0.54787705078125 0.72816669921875 0.560984765625 0.72457548828125 0.574990234375 0.72780751953125 0.5754880859375 0.76624921875 0.56507373046875 0.76840390625 0.56399638671875 0.77558623046875 0.5483748046875 0.773790625 0.5462201171875 0.76445361328125 0.54765654296875 0.73931552734375 0.54787705078125 0.72816669921875
1 0.5802435546875 0.77335830078125 0.578488671875 0.7695560546875 0.580828515625 0.73094853515625 0.59925478515625 0.7306560546875 0.599547265625 0.7259763671875 0.60802919921875 0.72626884765625 0.6059818359375 0.76663125 0.59516005859375 0.76633876953125 0.59457509765625 0.772480859375 0.5802435546875 0.77335830078125
0 0.61270888671875 0.7259763671875 0.64049453125 0.72685380859375 0.63961708984375 0.7742357421875 0.62265322265625 0.77628310546875 0.61972841796875 0.77218837890625 0.61270888671875 0.7713109375 0.6106615234375 0.76516884765625 0.6118314453125 0.7329958984375 0.61270888671875 0.7259763671875
0 0.644004296875 0.7353357421875 0.65775087890625 0.73153349609375 0.6717900390625 0.73562822265625 0.671205078125 0.77803798828125 0.65365615234375 0.77686806640625 0.6527787109375 0.76984853515625 0.644004296875 0.770141015625 0.642834375 0.76195146484375 0.644004296875 0.7353357421875
0 0.6740798828125 0.72996708984375 0.686683984375 0.7301962890625 0.69585068359375 0.72767548828125 0.702496484375 0.73042548828125 0.70364228515625 0.76915458984375 0.70157978515625 0.77488369140625 0.6885173828125 0.77557119140625 0.686683984375 0.77350869140625 0.6843923828125 0.77350869140625 0.676371484375 0.77144619140625 0.67522568359375 0.766862890625 0.6740798828125 0.76502958984375 0.6740798828125 0.72996708984375
0 0.70882392578125 0.73252138671875 0.716386328125 0.73229228515625 0.72142802734375 0.73641728515625 0.7346015625 0.7312763671875 0.73513544921875 0.736433984375 0.73404404296875 0.77478720703125 0.7085947265625 0.77652138671875 0.70676142578125 0.77239638671875 0.70882392578125 0.73252138671875
0 0.73982578125 0.73604638671875 0.75203564453125 0.7313779296875 0.7676572265625 0.7367646484375 0.76848876953125 0.78021435546875 0.75244716796875 0.77861015625 0.74763466796875 0.7694435546875 0.73869716796875 0.76921435546875 0.7361763671875 0.76027685546875 0.7382388671875 0.7433185546875 0.73915556640625 0.74354775390625 0.73982578125 0.73604638671875
0 0.77100625 0.73345732421875 0.79793994140625 0.7336369140625 0.79662568359375 0.77746484375 0.7837923828125 0.77700654296875 0.784021484375 0.77540244140625 0.77130634765625 0.7737982421875 0.7711322265625 0.73381435546875 0.77100625 0.73345732421875
0 0.8028216796875 0.74786015625 0.8069466796875 0.7474017578125 0.80717587890625 0.73915185546875 0.8193216796875 0.73686015625 0.8289376953125 0.74075595703125 0.82986328125 0.77604755859375 0.81840498046875 0.77879755859375 0.81496748046875 0.77375595703125 0.8041966796875 0.76986005859375 0.8021341796875 0.76550595703125 0.8028216796875 0.74786015625
0 0.83287685546875 0.73311474609375 0.84516103515625 0.7322373046875 0.84808583984375 0.73662451171875 0.85159560546875 0.7369169921875 0.85101064453125 0.7310673828125 0.861832421875 0.73077490234375 0.861832421875 0.77844921875 0.8436986328125 0.7778642578125 0.8436986328125 0.774939453125 0.83404677734375 0.77406201171875 0.83287685546875 0.73311474609375
0 0.8661205078125 0.73866015625 0.8860091796875 0.73836767578125 0.8943578125 0.74472646484375 0.893613671875 0.77288037109375 0.8848392578125 0.772587890625 0.8784046875 0.77872998046875 0.864746875 0.77362822265625 0.8661205078125 0.73866015625
0 0.897832421875 0.74771162109375 0.9035783203125 0.746993359375 0.9035783203125 0.742683984375 0.91560869140625 0.73891328125 0.92692080078125 0.7419658203125 0.92492880859375 0.781348828125 0.91114140625 0.77951982421875 0.90720205078125 0.77220400390625 0.89791669921875 0.7715005859375 0.8967912109375 0.75208564453125 0.897832421875 0.74771162109375
0 0.92910078125 0.7350912109375 0.9575173828125 0.7344037109375 0.95735556640625 0.78232109375 0.94448642578125 0.7805662109375 0.938929296875 0.7735466796875 0.92927744140625 0.77266923828125 0.92810751953125 0.76857451171875 0.92910078125 0.7350912109375
0 0.9629126953125 0.7325994140625 0.99011337890625 0.73230693359375 0.98952841796875 0.7817361328125 0.975196875 0.781151171875 0.96905478515625 0.7753015625 0.96203525390625 0.7747166015625 0.9611578125 0.76798955078125 0.9629126953125 0.7325994140625
0 0.52416689453125 0.82715458984375 0.54639541015625 0.82715458984375 0.5472728515625 0.83358916015625 0.55809462890625 0.833881640625 0.55867958984375 0.8625447265625 0.54171572265625 0.864299609375 0.52065712890625 0.8648845703125 0.51890224609375 0.8444109375 0.52416689453125 0.843241015625 0.52416689453125 0.82715458984375
0 0.52128056640625 0.86789365234375 0.559303125 0.86555380859375 0.56076552734375 0.8716958984375 0.56778505859375 0.872280859375 0.5680775390625 0.88895224609375 0.56164296875 0.888659765625 0.56135048828125 0.89246201171875 0.5198181640625 0.893339453125 0.52128056640625 0.86789365234375
0 0.5193275390625 0.898091796875 0.5241400390625 0.89786259765625 0.5245984375 0.89511259765625 0.5454525390625 0.894654296875 0.54797333984375 0.90565419921875 0.55668173828125 0.90565419921875 0.55759833984375 0.90542509765625 0.5592025390625 0.92765419921875 0.54659833984375 0.9278833984375 0.5447650390625 0.92421669921875 0.52574423828125 0.924675 0.5252859375 0.91527919921875 0.5204734375 0.9141333984375 0.5193275390625 0.898091796875
0 0.5259734375 0.9278833984375 0.5471966796875 0.92905537109375 0.54744453125 0.9305001953125 0.55968037109375 0.93016943359375 0.560172265625 0.96072685546875 0.53864697265625 0.96058623046875 0.5387876953125 0.959179296875 0.52077958984375 0.95819453125 0.5216578125 0.93678916015625 0.52447158203125 0.937492578125 0.5259734375 0.9278833984375
0 0.519865625 0.9894814453125 0.51871982421875 0.97527314453125 0.5223865234375 0.9757314453125 0.52284482421875 0.95968984375 0.534303125 0.96014814453125 0.54232392578125 0.96243984375 0.558365625 0.9633564453125 0.558365625 0.993148046875 0.54161044921875 0.99324833984375 0.5425140625 0.99101005859375 0.519865625 0.9894814453125
0 0.5186546875 0.99901279296875 0.51965 0.99325859375 0.54418203125 0.99373662109375 0.54518369140625 0.99901279296875 0.5186546875 0.99901279296875
0 0.58918623046875 0.99901259765625 0.57948076171875 0.9922982421875 0.5801990234375 0.9896048828125 0.5898951171875 0.9896048828125 0.5893564453125 0.98762978515625 0.62365205078125 0.98762978515625 0.62398251953125 0.9990125 0.58918623046875 0.99901259765625
0 0.59707744140625 0.9858341796875 0.59492275390625 0.9809861328125 0.594025 0.95620712890625 0.62149736328125 0.95620712890625 0.62580673828125 0.9777541015625 0.61844482421875 0.98565458984375 0.59707744140625 0.9858341796875
0 0.5812763671875 0.9544115234375 0.57983994140625 0.953693359375 0.57930126953125 0.9377126953125 0.5758896484375 0.9328646484375 0.57948076171875 0.92604140625 0.59204990234375 0.9258619140625 0.59222939453125 0.92191162109375 0.6207791015625 0.922809375 0.62095869140625 0.9538728515625 0.5812763671875 0.9544115234375
0 0.57950791015625 0.92219560546875 0.5764955078125 0.92177900390625 0.5747 0.90938955078125 0.57793203125 0.907414453125 0.5775728515625 0.89376806640625 0.584934765625 0.8930498046875 0.5919375 0.88963818359375 0.6154595703125 0.89017685546875 0.6222828125 0.9038232421875 0.62326201171875 0.92121083984375 0.59484296875 0.91994462890625 0.57950791015625 0.92219560546875
0 0.5784416015625 0.8891451171875 0.57814912109375 0.87013388671875 0.58282880859375 0.86837900390625 0.5866310546875 0.8622369140625 0.59686787109375 0.8645767578125 0.596575390625 0.85843466796875 0.6252384765625 0.86135947265625 0.6154595703125 0.89017685546875 0.60008515625 0.88768271484375 0.5784416015625 0.8891451171875
0 0.5842912109375 0.85726474609375 0.58282880859375 0.82860166015625 0.617633984375 0.82860166015625 0.62494599609375 0.83737607421875 0.624653515625 0.85784970703125 0.5842912109375 0.85726474609375
0 0.68063369140625 0.85792900390625 0.680175390625 0.84211650390625 0.68750869140625 0.83867900390625 0.6872794921875 0.82767900390625 0.7010294921875 0.827220703125 0.701487890625 0.83111650390625 0.718236328125 0.8323095703125 0.7164814453125 0.86302001953125 0.68167626953125 0.86185009765625 0.68063369140625 0.85792900390625
0 0.6821765625 0.86479013671875 0.70762236328125 0.86479013671875 0.70762236328125 0.89111337890625 0.7061599609375 0.89579306640625 0.6815916015625 0.896085546875 0.6815916015625 0.89052841796875 0.6821765625 0.86479013671875
0 0.68341826171875 0.89829130859375 0.72723037109375 0.89685478515625 0.7270119140625 0.92681123046875 0.6800220703125 0.92681123046875 0.680050390625 0.91342724609375 0.682205078125 0.91288857421875 0.68256416015625 0.90031953125 0.68341826171875 0.89829130859375
0 0.68625107421875 0.92958955078125 0.70833662109375 0.9288712890625 0.70815712890625 0.93838779296875 0.71946923828125 0.9391060546875 0.7201875 0.958857421875 0.7015134765625 0.95903701171875 0.70025654296875 0.95634365234375 0.67978701171875 0.9561640625 0.68104384765625 0.9428767578125 0.68481455078125 0.9417994140625 0.68625107421875 0.92958955078125
0 0.68361025390625 0.96051513671875 0.6992705078125 0.9607650390625 0.70483681640625 0.96363798828125 0.71938095703125 0.96417666015625 0.71884228515625 0.96633134765625 0.72458818359375 0.96687001953125 0.7247677734375 0.979977734375 0.719021875 0.98159375 0.717405859375 0.9932650390625 0.69855234375 0.99254677734375 0.69945009765625 0.99093076171875 0.68023740234375 0.99039208984375 0.679519140625 0.98500537109375 0.6804169921875 0.9704611328125 0.6825716796875 0.96974296875 0.68361025390625 0.96051513671875
0 0.68154873046875 0.999012109375 0.681911328125 0.9952048828125 0.71883935546875 0.994984375 0.71937041015625 0.99901171875 0.68154873046875 0.999012109375
0 0.743358984375 0.9990115234375 0.74382646484375 0.99416142578125 0.7548001953125 0.99416142578125 0.75508154296875 0.9930359375 0.77702890625 0.992191796875 0.781249609375 0.99500556640625 0.78068544921875 0.9990111328125 0.743358984375 0.9990115234375
0 0.74191923828125 0.98933173828125 0.74120478515625 0.9826818359375 0.7431734375 0.96477099609375 0.78107197265625 0.96417568359375 0.782234375 0.97924853515625 0.77449658203125 0.979951953125 0.77688828125 0.9900814453125 0.7616939453125 0.9909255859375 0.760427734375 0.98431328125 0.7566291015625 0.98459462890625 0.7557849609375 0.9890966796875 0.74191923828125 0.98933173828125
0 0.74466884765625 0.95892197265625 0.744210546875 0.9586927734375 0.74378212890625 0.93035908203125 0.7471736328125 0.93037294921875 0.750398046875 0.930276171875 0.7554396484375 0.93554697265625 0.754523046875 0.92729697265625 0.7657521484375 0.92660947265625 0.78064794921875 0.92935947265625 0.78110634765625 0.93004697265625 0.78133544921875 0.94723447265625 0.77789794921875 0.94929697265625 0.77858544921875 0.95892197265625 0.74466884765625 0.95892197265625
0 0.74648486328125 0.92399189453125 0.74579736328125 0.92284609375 0.74304736328125 0.8971794921875 0.75885986328125 0.89626279296875 0.7606931640625 0.89397109375 0.77879736328125 0.89603359375 0.77971396484375 0.9040544921875 0.78246396484375 0.90772109375 0.7826931640625 0.92490859375 0.76023486328125 0.92559609375 0.75954736328125 0.92192939453125 0.74648486328125 0.92399189453125
0 0.74377294921875 0.89267861328125 0.7437345703125 0.89165087890625 0.744054296875 0.8651037109375 0.75995205078125 0.86454091796875 0.76037412109375 0.86622919921875 0.783025 0.8673546875 0.78288427734375 0.88578486328125 0.7783822265625 0.8867697265625 0.77796015625 0.8921158203125 0.74377294921875 0.89267861328125
0 0.74563671875 0.86308154296875 0.744719140625 0.862339453125 0.74405673828125 0.832971484375 0.75503046875 0.8326900390625 0.7572814453125 0.83578525390625 0.75826630859375 0.82889150390625 0.78049501953125 0.82875078125 0.7806357421875 0.84281962890625 0.78288671875 0.84549267578125 0.78381240234375 0.86264970703125 0.74563671875 0.86308154296875
0 0.84327880859375 0.83671728515625 0.8797291015625 0.83635810546875 0.88101669921875 0.86392265625 0.8728087890625 0.8650189453125 0.865903125 0.86508740234375 0.8396876953125 0.86418955078125 0.8402263671875 0.84012880859375 0.84274013671875 0.83994931640625 0.84327880859375 0.83671728515625
0 0.84082236328125 0.86658056640625 0.87038486328125 0.8670388671875 0.871072265625 0.8773513671875 0.88023896484375 0.86818466796875 0.8900931640625 0.8677263671875 0.88917646484375 0.89958046875 0.86992646484375 0.89545546875 0.8438015625 0.89545546875 0.84288486328125 0.88605966796875 0.83875986328125 0.88262216796875 0.83875986328125 0.86726806640625 0.84082236328125 0.86658056640625
0 0.84386064453125 0.8988966796875 0.87073212890625 0.89734912109375 0.88550439453125 0.9024138671875 0.8852794921875 0.9136611328125 0.8892296875 0.9195865234375 0.88575146484375 0.92911787109375 0.8484701171875 0.92946220703125 0.84972705078125 0.9276666015625 0.84021044921875 0.92676884765625 0.8398513671875 0.9136611328125 0.8446994140625 0.9125837890625 0.84386064453125 0.8988966796875
0 0.8411 0.93116396484375 0.87377958984375 0.9308048828125 0.87462734375 0.96115537109375 0.8400232421875 0.959551171875 0.83956484375 0.94121787109375 0.84231484375 0.9400720703125 0.8411 0.93116396484375
0 0.84114619140625 0.96134580078125 0.86951640625 0.96278232421875 0.8843533203125 0.96402958984375 0.88239013671875 0.96881142578125 0.884443359375 0.9818646484375 0.886059375 0.9818646484375 0.8837251953125 0.99407451171875 0.868821875 0.99245849609375 0.84601806640625 0.99299716796875 0.84565888671875 0.9915607421875 0.83919482421875 0.99138115234375 0.8382970703125 0.97001376953125 0.84188818359375 0.96929560546875 0.84114619140625 0.96134580078125
0 0.8455283203125 0.99901025390625 0.84549287109375 0.99410263671875 0.8747978515625 0.99337197265625 0.87648974609375 0.99459013671875 0.88014404296875 0.996349609375 0.8889423828125 0.99631904296875 0.8893361328125 0.9990095703125 0.8455283203125 0.99901025390625
0 0.89904013671875 0.999009375 0.90240927734375 0.9932666015625 0.910309765625 0.99308701171875 0.91479873046875 0.99093232421875 0.941732421875 0.99039365234375 0.9446052734375 0.99739638671875 0.944494140625 0.99900849609375 0.89904013671875 0.999009375
0 0.909232421875 0.988598046875 0.90546171875 0.98823896484375 0.90617998046875 0.9634599609375 0.92072412109375 0.9639986328125 0.92054453125 0.95897109375 0.93239541015625 0.958432421875 0.9392185546875 0.95933017578125 0.93993681640625 0.9645373046875 0.94640087890625 0.97854287109375 0.9440666015625 0.98716162109375 0.9235970703125 0.9878798828125 0.9128236328125 0.988059375 0.909232421875 0.988598046875
0 0.90277041015625 0.95990712890625 0.90366826171875 0.9451833984375 0.90223173828125 0.9435673828125 0.90277041015625 0.93045966796875 0.91498037109375 0.9290232421875 0.9178533203125 0.933512109375 0.917494140625 0.926509375 0.9394001953125 0.926509375 0.943530078125 0.92830498046875 0.943530078125 0.93943759765625 0.9399388671875 0.95559775390625 0.9183919921875 0.9547 0.9173146484375 0.96080498046875 0.90277041015625 0.95990712890625
0 0.90277041015625 0.9257912109375 0.90366826171875 0.89849833984375 0.9383228515625 0.89778017578125 0.94604384765625 0.904423828125 0.94281181640625 0.91286298828125 0.943530078125 0.924893359375 0.91713505859375 0.9243546875 0.9151599609375 0.92722763671875 0.90277041015625 0.9257912109375
0 0.90636162109375 0.89508681640625 0.904566015625 0.86923046875 0.91928974609375 0.86779404296875 0.9180328125 0.8640232421875 0.94011845703125 0.862227734375 0.944607421875 0.86581884765625 0.9453255859375 0.87569453125 0.93957978515625 0.882697265625 0.939220703125 0.89400947265625 0.90636162109375 0.89508681640625
0 0.90277041015625 0.864382421875 0.90245380859375 0.8586576171875 0.89922177734375 0.85632333984375 0.8988626953125 0.846986328125 0.90191513671875 0.84626806640625 0.90137646484375 0.834058203125 0.91466376953125 0.8347763671875 0.91466376953125 0.83118525390625 0.94411123046875 0.83082607421875 0.9458642578125 0.86097080078125 0.915878125 0.8624072265625 0.9146212890625 0.8645619140625 0.90277041015625 0.864382421875
0 0.384246484375 0.52035859375 0.39203818359375 0.5208169921875 0.392496484375 0.5487751953125 0.3826423828125 0.54923359375 0.3805798828125 0.52287939453125 0.382871484375 0.52333779296875 0.384246484375 0.52035859375
