1 0.54796748046875 0.07015029296875 0.57645556640625 0.0764568359375 0.57188876953125 0.0968986328125 0.5429658203125 0.09124453125 0.544053125 0.0801537109375 0.54796748046875 0.07015029296875
1 0.54490224609375 0.098436328125 0.5760970703125 0.10286015625 0.57435732421875 0.12243203125 0.542607421875 0.117865234375 0.54490224609375 0.098436328125
1 0.61751005859375 0.08398349609375 0.61470556640625 0.09889580078125 0.58447783203125 0.09519892578125 0.58728232421875 0.0789818359375 0.61751005859375 0.08398349609375
1 0.50777294921875 0.14627861328125 0.508425390625 0.16237109375 0.48015478515625 0.163241015625 0.47993740234375 0.147366015625 0.50777294921875 0.14627861328125
1 0.4636166015625 0.16185771484375 0.4636166015625 0.1538494140625 0.474351171875 0.1538494140625 0.474521484375 0.162028125 0.4636166015625 0.16185771484375
1 0.5888318359375 0.21265390625 0.58706064453125 0.2278857421875 0.53321787109375 0.21796728515625 0.53534326171875 0.20202705078125 0.5888318359375 0.21265390625
1 0.54282099609375 0.12216455078125 0.57140830078125 0.1260501953125 0.56863291015625 0.1446458984375 0.5411556640625 0.1410376953125 0.54282099609375 0.12216455078125
1 0.57390625 0.12882568359375 0.60360380859375 0.1324337890625 0.60166103515625 0.14991923828125 0.5716859375 0.146588671875 0.57390625 0.12882568359375
1 0.540655859375 0.15092900390625 0.5523990234375 0.15092900390625 0.55218154296875 0.15854033203125 0.5410908203125 0.1583228515625 0.540655859375 0.15092900390625
1 0.54087333984375 0.16114990234375 0.55326884765625 0.16071494140625 0.553486328125 0.16941357421875 0.5410908203125 0.16984853515625 0.54087333984375 0.16114990234375
1 0.55589013671875 0.1590712890625 0.57231123046875 0.16040634765625 0.57137666015625 0.1749583984375 0.5550890625 0.17362333984375 0.55589013671875 0.1590712890625
1 0.49192783203125 0.17921640625 0.49226865234375 0.16660751953125 0.5127154296875 0.16694833984375 0.51237470703125 0.18074990234375 0.50181044921875 0.1805794921875 0.50181044921875 0.18790625 0.4859642578125 0.18773583984375 0.48579384765625 0.1788755859375 0.49192783203125 0.17921640625
1 0.5265169921875 0.1913140625 0.52515390625 0.21244248046875 0.45887216796875 0.20733076171875 0.4604056640625 0.187054296875 0.5265169921875 0.1913140625
1 0.4702271484375 0.22301220703125 0.5285080078125 0.22409951171875 0.528073046875 0.2401919921875 0.4695748046875 0.2367125 0.4702271484375 0.22301220703125
1 0.55928466796875 0.31340283203125 0.5535439453125 0.3294234375 0.5065501953125 0.31166728515625 0.51335888671875 0.2973822265625 0.55928466796875 0.31340283203125
1 0.54586064453125 0.34198623046875 0.53500419921875 0.354785546875 0.52390234375 0.34645908203125 0.52168193359375 0.3492345703125 0.4972578125 0.32786337890625 0.506416796875 0.3173166015625 0.5125228515625 0.32120224609375 0.515025 0.3190501953125 0.54586064453125 0.34198623046875
1 0.48841806640625 0.35988212890625 0.5077724609375 0.37206015625 0.49668173828125 0.3935892578125 0.49733408203125 0.3944591796875 0.4873306640625 0.4133787109375 0.46427939453125 0.4005482421875 0.47515263671875 0.38119375 0.4768923828125 0.38206357421875 0.48841806640625 0.35988212890625
1 0.5759724609375 0.3903669921875 0.5901416015625 0.40099384765625 0.58659931640625 0.40914111328125 0.591204296875 0.41303759765625 0.58659931640625 0.42012216796875 0.58164013671875 0.415871484375 0.55011376953125 0.4615669921875 0.55648994140625 0.46581767578125 0.5518849609375 0.47219384765625 0.54692568359375 0.4686515625 0.5355904296875 0.4835291015625 0.5171705078125 0.472548046875 0.5759724609375 0.3903669921875
1 0.73037783203125 0.46884716796875 0.7197509765625 0.4918720703125 0.6262345703125 0.442280078125 0.63934111328125 0.4167755859375 0.73037783203125 0.46884716796875
1 0.69089091796875 0.5388439453125 0.70222626953125 0.5469912109375 0.698683984375 0.55053349609375 0.688765625 0.5693076171875 0.6735337890625 0.55938916015625 0.6855775390625 0.539906640625 0.69089091796875 0.5388439453125
1 0.62838486328125 0.46569501953125 0.706930859375 0.5150984375 0.69721669921875 0.53175126953125 0.616450390625 0.48595595703125 0.62838486328125 0.46569501953125
1 0.8130048828125 0.59255830078125 0.8136572265625 0.59277568359375 0.8264876953125 0.6036490234375 0.8417103515625 0.61473974609375 0.82039873046875 0.64431513671875 0.8038712890625 0.632789453125 0.79191064453125 0.62148115234375 0.8130048828125 0.59255830078125
1 0.9990302734375 0.71008408203125 0.9960810546875 0.712905078125 0.98456259765625 0.69907529296875 0.9990302734375 0.68619814453125 0.9990302734375 0.71008408203125
1 0.9990302734375 0.67222177734375 0.993913671875 0.67741015625 0.974248046875 0.6569076171875 0.97529404296875 0.65575693359375 0.96692568359375 0.64717939453125 0.97403876953125 0.64027548828125 0.98094267578125 0.64770234375 0.9838716796875 0.6447734375 0.9990302734375 0.66070048828125 0.9990302734375 0.67222177734375
1 0.975691796875 0.67593642578125 0.955799609375 0.6956951171875 0.942849609375 0.683145703125 0.962875390625 0.66392099609375 0.975691796875 0.67593642578125
1 0.9860822265625 0.69366748046875 0.9678150390625 0.71149970703125 0.95781162109375 0.70040888671875 0.9762962890625 0.6825767578125 0.9860822265625 0.69366748046875
1 0.99903017578125 0.74158876953125 0.9799931640625 0.76021201171875 0.96585791015625 0.7460767578125 0.9990302734375 0.71480595703125 0.99903017578125 0.74158876953125
1 0.9889134765625 0.70848759765625 0.994774609375 0.714136328125 0.9880798828125 0.7207263671875 0.98211748046875 0.71465927734375 0.9889134765625 0.70848759765625
1 0.98086220703125 0.716019140625 0.98839375 0.72355068359375 0.9762595703125 0.73568486328125 0.9688326171875 0.72825791015625 0.98086220703125 0.716019140625
1 0.918686328125 0.7074056640625 0.94032578125 0.69155947265625 0.94901572265625 0.70246435546875 0.928228125 0.7193330078125 0.918686328125 0.7074056640625
1 0.898740234375 0.68614453125 0.90700400390625 0.6953498046875 0.8942421875 0.70591484375 0.88608310546875 0.69597744140625 0.898740234375 0.68614453125
1 0.95893125 0.72342978515625 0.967455078125 0.73342900390625 0.96827470703125 0.7344125 0.94721083984375 0.753017578125 0.93803125 0.7418708984375 0.95893125 0.72342978515625
1 0.4644240234375 0.5091705078125 0.45463798828125 0.53439658203125 0.43506611328125 0.52526298828125 0.4439822265625 0.50155927734375 0.4644240234375 0.5091705078125
2 0.4409376953125 0.4978623046875 0.42571513671875 0.53961572265625 0.40679560546875 0.53243935546875 0.42180068359375 0.492208203125 0.4409376953125 0.4978623046875
2 0.47526923828125 0.52577255859375 0.47700888671875 0.49924169921875 0.49788564453125 0.5003291015625 0.4957109375 0.52729482421875 0.47526923828125 0.52577255859375
1 0.4865240234375 0.5450421875 0.4991328125 0.55816220703125 0.4745966796875 0.58099443359375 0.462158203125 0.56770400390625 0.4865240234375 0.5450421875
1 0.5498228515625 0.52484794921875 0.5631451171875 0.53789267578125 0.54232900390625 0.55565576171875 0.529839453125 0.54205595703125 0.5498228515625 0.52484794921875
1 0.50486015625 0.56231689453125 0.51235390625 0.55593330078125 0.523455859375 0.57036572265625 0.4976439453125 0.592014453125 0.4854318359375 0.578137109375 0.50486015625 0.56231689453125
1 0.51568447265625 0.55537822265625 0.52678642578125 0.5459416015625 0.5365005859375 0.5581537109375 0.52512109375 0.5673126953125 0.51568447265625 0.55537822265625
1 0.569007421875 0.5354908203125 0.5820521484375 0.548535546875 0.56428916015625 0.56713125 0.55152197265625 0.5529763671875 0.569007421875 0.5354908203125
2 0.54050302734375 0.56158291015625 0.55376845703125 0.577023046875 0.5368060546875 0.59507265625 0.5218009765625 0.5811548828125 0.54050302734375 0.56158291015625
1 0.51897392578125 0.58354697265625 0.533544140625 0.597247265625 0.51853896484375 0.61094765625 0.50462119140625 0.5981171875 0.51897392578125 0.58354697265625
1 0.5028861328125 0.59924658203125 0.51685810546875 0.614581640625 0.5003302734375 0.6295759765625 0.4873806640625 0.6142408203125 0.5028861328125 0.59924658203125
1 0.3344306640625 0.59423349609375 0.3420419921875 0.574444140625 0.36074404296875 0.58357763671875 0.3624837890625 0.57988076171875 0.377923828125 0.587926953125 0.36726796875 0.61184814453125 0.34900087890625 0.60401943359375 0.349870703125 0.6011923828125 0.3344306640625 0.59423349609375
2 0.34629384765625 0.63990625 0.35607978515625 0.65230185546875 0.34477158203125 0.66252275390625 0.33650791015625 0.67122138671875 0.32585205078125 0.6599130859375 0.33455068359375 0.64969228515625 0.34629384765625 0.63990625
1 0.38122958984375 0.6876841796875 0.39554228515625 0.67643837890625 0.41428525390625 0.69875947265625 0.39980205078125 0.7100052734375 0.38122958984375 0.6876841796875
1 0.35702841796875 0.65614248046875 0.390735546875 0.6222177734375 0.41552666015625 0.64918359375 0.387691015625 0.673974609375 0.37442568359375 0.661144140625 0.36724931640625 0.6661458984375 0.35702841796875 0.65614248046875
1 0.41925283203125 0.6939361328125 0.40272548828125 0.6719720703125 0.42229736328125 0.6558796875 0.4394771484375 0.67719130859375 0.41925283203125 0.6939361328125
1 0.45361240234375 0.670232421875 0.43925966796875 0.65327001953125 0.44208671875 0.64913818359375 0.43773740234375 0.6437015625 0.45970146484375 0.6241296875 0.47970830078125 0.6471810546875 0.45361240234375 0.670232421875
1 0.3821044921875 0.69146337890625 0.39623974609375 0.70886064453125 0.37753779296875 0.72430068359375 0.362967578125 0.70733837890625 0.3821044921875 0.69146337890625
1 0.37583955078125 0.72535791015625 0.3645421875 0.7354 0.347282421875 0.71594345703125 0.359102734375 0.705796875 0.37583955078125 0.72535791015625
1 0.34631396484375 0.71712744140625 0.36300205078125 0.73528408203125 0.3599314453125 0.73848818359375 0.360732421875 0.74022373046875 0.32455263671875 0.7691943359375 0.30719697265625 0.74556396484375 0.32361806640625 0.73248046875 0.32655517578125 0.73648564453125 0.3316283203125 0.7327474609375 0.3298927734375 0.72967685546875 0.34631396484375 0.71712744140625
1 0.2907734375 0.75575361328125 0.2981001953125 0.751153125 0.3015080078125 0.75558330078125 0.30440458984375 0.7531978515625 0.31803583984375 0.77194072265625 0.30270068359375 0.782845703125 0.28923994140625 0.7635916015625 0.2938404296875 0.76035419921875 0.2907734375 0.75575361328125
1 0.2910384765625 0.79174951171875 0.2678654296875 0.80998125 0.2583236328125 0.7983947265625 0.26360576171875 0.79430537109375 0.25764208984375 0.78595625 0.27178447265625 0.7736880859375 0.27825927734375 0.78101494140625 0.28030390625 0.77948134765625 0.2910384765625 0.79174951171875
2 0.23038447265625 0.8048578125 0.24521259765625 0.82308603515625 0.23129482421875 0.83352431640625 0.2284677734375 0.830044921875 0.21955166015625 0.836786328125 0.2215583984375 0.83932705078125 0.2152669921875 0.844279296875 0.2012845703125 0.8274353515625 0.23038447265625 0.8048578125
1 0.14551142578125 0.81518681640625 0.1718248046875 0.79409267578125 0.1876998046875 0.81192490234375 0.18117578125 0.81670908203125 0.190309375 0.8271474609375 0.1755216796875 0.8393255859375 0.15942919921875 0.8204060546875 0.15377509765625 0.82475537109375 0.14551142578125 0.81518681640625
1 0.18748525390625 0.88400009765625 0.1713310546875 0.8961490234375 0.15304091796875 0.870649609375 0.1840140625 0.84782021484375 0.1901552734375 0.8562310546875 0.17533623046875 0.867044921875 0.18748525390625 0.88400009765625
2 0.216976171875 0.871669140625 0.2496849609375 0.84470107421875 0.2602318359375 0.85618251953125 0.227656640625 0.8839515625 0.216976171875 0.871669140625
1 0.25784765625 0.83932109375 0.2900513671875 0.81495537109375 0.3018017578125 0.8273248046875 0.2688970703125 0.8514943359375 0.25784765625 0.83932109375
1 0.31725478515625 0.82917470703125 0.32539853515625 0.83932109375 0.29309033203125 0.86401943359375 0.28427900390625 0.85080244140625 0.31725478515625 0.82917470703125
1 0.33586416015625 0.83765205078125 0.345065234375 0.84957939453125 0.30809052734375 0.87837529296875 0.297015234375 0.863210546875 0.31950673828125 0.8463419921875 0.3215513671875 0.8480458984375 0.33586416015625 0.83765205078125
1 0.3810853515625 0.8426591796875 0.390708984375 0.83334931640625 0.40545830078125 0.8495630859375 0.39572998046875 0.8588728515625 0.3810853515625 0.8426591796875
2 0.04182109375 0.303604296875 0.0548658203125 0.3097103515625 0.04709453125 0.3346896484375 0.04515166015625 0.35217509765625 0.0276662109375 0.348289453125 0.03293955078125 0.330248828125 0.04182109375 0.303604296875
4 2.978515625e-05 0.39742861328125 0.03003310546875 0.405249609375 0.02372666015625 0.43004072265625 2.978515625e-05 0.42395927734375 2.978515625e-05 0.39742861328125
4 2.978515625e-05 0.43019150390625 0.01256005859375 0.43613984375 0.00440087890625 0.452458203125 2.978515625e-05 0.44934130859375 2.978515625e-05 0.43019150390625
1 0.04733505859375 0.45744482421875 0.04373037109375 0.4687927734375 0.0391912109375 0.47506748046875 0.0144927734375 0.46371953125 0.0174298828125 0.4553087890625 0.02317060546875 0.4570443359375 0.025306640625 0.45063603515625 0.04733505859375 0.45744482421875
1 0.06375517578125 0.5195912109375 0.08812099609375 0.53373359375 0.082327734375 0.54344580078125 0.063414453125 0.532881640625 0.0625625 0.534585546875 0.06767412109375 0.537993359375 0.06324404296875 0.5456609375 0.05302060546875 0.539697265625 0.06375517578125 0.5195912109375
2 0.03461845703125 0.56218876953125 0.04739775390625 0.54412744140625 0.05165751953125 0.54344580078125 0.0758529296875 0.5582697265625 0.0724451171875 0.5650853515625 0.0741490234375 0.566278125 0.0724451171875 0.568833984375 0.077216015625 0.5710490234375 0.073808203125 0.57820537109375 0.0690373046875 0.57599033203125 0.0659703125 0.5761607421875 0.06375517578125 0.57633115234375 0.0613697265625 0.57820537109375 0.03461845703125 0.56218876953125
1 0.027563671875 0.50060595703125 0.0514849609375 0.51735078125 0.036697265625 0.5388798828125 0.01277607421875 0.52104775390625 0.027563671875 0.50060595703125
4 2.978515625e-05 0.4842298828125 0.00146787109375 0.48103408203125 0.02321435546875 0.49756142578125 0.01038388671875 0.5156111328125 2.978515625e-05 0.507587890625 2.978515625e-05 0.4842298828125
1 0.07532001953125 0.43835830078125 0.08586689453125 0.44476650390625 0.08506591796875 0.4475701171875 0.0904060546875 0.45090771484375 0.07799013671875 0.46973193359375 0.0645060546875 0.46092060546875 0.071848828125 0.45077421875 0.06917880859375 0.4470361328125 0.07532001953125 0.43835830078125
1 0.10920869140625 0.4292369140625 0.13924453125 0.444927734375 0.13511953125 0.451796484375 0.12403857421875 0.4455216796875 0.12110146484375 0.450594921875 0.10201025390625 0.43978095703125 0.1050455078125 0.43362890625 0.1071080078125 0.43410302734375 0.10920869140625 0.4292369140625
1 0.1378908203125 0.39552001953125 0.1276109375 0.4166138671875 0.1138599609375 0.41047265625 0.12053515625 0.39391796875 0.12373935546875 0.3953865234375 0.1256083984375 0.39151494140625 0.1378908203125 0.39552001953125
1 0.080704296875 0.36010556640625 0.09126845703125 0.3672619140625 0.0931427734375 0.36487646484375 0.0999583984375 0.369306640625 0.1001287109375 0.37305517578125 0.08700869140625 0.3960578125 0.07014013671875 0.38549365234375 0.072184765625 0.38259697265625 0.067925 0.3800412109375 0.080704296875 0.36010556640625
1 0.055859765625 0.40189384765625 0.0684123046875 0.38620322265625 0.08462607421875 0.39948798828125 0.0719689453125 0.41549248046875 0.055859765625 0.40189384765625
1 0.999030078125 0.98933984375 0.98427919921875 0.9858130859375 0.97164267578125 0.98341845703125 0.97865625 0.94048935546875 0.999030078125 0.94402509765625 0.999030078125 0.98933984375
1 0.93930146484375 0.8359052734375 0.92528349609375 0.8258923828125 0.94077001953125 0.803196484375 0.95518857421875 0.8124083984375 0.93930146484375 0.8359052734375
2 0.89529140625 0.78428603515625 0.902995703125 0.79469501953125 0.89799609375 0.7986291015625 0.89020986328125 0.7877283203125 0.89529140625 0.78428603515625
2 0.89413115234375 0.80134404296875 0.887328515625 0.80831064453125 0.87648095703125 0.79632666015625 0.8811814453125 0.791708203125 0.882246875 0.79273818359375 0.88405009765625 0.79109892578125 0.89413115234375 0.80134404296875
1 0.8795935546875 0.90857626953125 0.8697607421875 0.92384853515625 0.84287734375 0.90679794921875 0.8525009765625 0.891944140625 0.8795935546875 0.90857626953125
1 0.1451533203125 0.99900185546875 0.145309765625 0.99815498046875 0.13696064453125 0.99696220703125 0.1422427734375 0.97259638671875 0.1500806640625 0.974470703125 0.1516142578125 0.96816630859375 0.161496875 0.97038134765625 0.16047451171875 0.97685615234375 0.169334765625 0.97890087890625 0.16780126953125 0.98503486328125 0.176150390625 0.9869091796875 0.17359453125 0.9979845703125 0.16524541015625 0.99645107421875 0.164265625 0.99900205078125 0.1451533203125 0.99900185546875
3 0.0027017578125 0.18954130859375 0.014183203125 0.17338720703125 0.0279341796875 0.18299951171875 0.01698681640625 0.199287109375 0.0027017578125 0.18954130859375
2 0.0359990234375 0.13545986328125 0.051619140625 0.1448052734375 0.04147275390625 0.1570876953125 0.0334625 0.16870263671875 0.01917744140625 0.15855625 0.0271876953125 0.1441376953125 0.0359990234375 0.13545986328125
1 0.20806962890625 0.2202763671875 0.22023388671875 0.217396875 0.21918779296875 0.20986533203125 0.23153115234375 0.20756396484375 0.23655224609375 0.22900791015625 0.233937109375 0.2294263671875 0.2351923828125 0.237585546875 0.2243134765625 0.23988681640625 0.22198740234375 0.22832255859375 0.2100267578125 0.231149609375 0.20806962890625 0.2202763671875
1 0.21105390625 0.19978232421875 0.21910009765625 0.17673095703125 0.2362798828125 0.181515234375 0.2356275390625 0.1830375 0.23019091796875 0.2036966796875 0.21105390625 0.19978232421875
1 0.2478203125 0.322793359375 0.268262109375 0.33170947265625 0.25717138671875 0.35845771484375 0.24586318359375 0.35367353515625 0.2445583984375 0.35671806640625 0.23520732421875 0.35280361328125 0.2478203125 0.322793359375
1 0.10728369140625 0.10711455078125 0.09603798828125 0.10285478515625 0.0956634765625 0.097455859375 0.0997865234375 0.0928017578125 0.11035078125 0.0970615234375 0.10728369140625 0.10711455078125
1 0.0749728515625 0.2674369140625 0.07016103515625 0.27695595703125 0.062315625 0.27245791015625 0.06963798828125 0.2567671875 0.07518203125 0.2595916015625 0.0719392578125 0.26565859375 0.0749728515625 0.2674369140625
1 0.03746376953125 0.2419560546875 0.0489703125 0.24729091796875 0.041543359375 0.266956640625 0.0358947265625 0.2642369140625 0.0373591796875 0.2597388671875 0.03359345703125 0.258065234375 0.0351625 0.25273037109375 0.03348876953125 0.25178896484375 0.03746376953125 0.2419560546875
1 0.112394921875 0.3524599609375 0.106432421875 0.36365263671875 0.0928337890625 0.35622568359375 0.09858701171875 0.3450330078125 0.11072119140625 0.35162314453125 0.112394921875 0.3524599609375
3 0.185416015625 0.4611498046875 0.1779396484375 0.4714296875 0.158314453125 0.45928076171875 0.1661912109375 0.449134375 0.185416015625 0.4611498046875
1 0.169876953125 0.44019833984375 0.1554583984375 0.4285833984375 0.16854189453125 0.41429833984375 0.18192890625 0.42403603515625 0.18976923828125 0.429384375 0.18149189453125 0.43966435546875 0.17468310546875 0.434724609375 0.169876953125 0.44019833984375
3 0.22743740234375 0.46028984375 0.23918583984375 0.44974296875 0.257342578125 0.4695017578125 0.245594140625 0.48018212890625 0.22743740234375 0.46028984375
1 0.257324609375 0.58160390625 0.271126171875 0.59250888671875 0.26959267578125 0.59506474609375 0.27708984375 0.60017646484375 0.2680591796875 0.61227412109375 0.2474419921875 0.59642783203125 0.257324609375 0.58160390625
1 0.27147275390625 0.63046201171875 0.25777236328125 0.64829423828125 0.2303716796875 0.6269826171875 0.24450693359375 0.608498046875 0.27147275390625 0.63046201171875
1 0.3036576171875 0.621980859375 0.30039560546875 0.62937470703125 0.2938716796875 0.6419876953125 0.2742998046875 0.6291572265625 0.2840857421875 0.61545693359375 0.288217578125 0.61067265625 0.3036576171875 0.621980859375
1 0.30369404296875 0.66377265625 0.2980869140625 0.67151591796875 0.29555029296875 0.66911279296875 0.29368125 0.6721833984375 0.2862048828125 0.66657626953125 0.2944822265625 0.65589580078125 0.30369404296875 0.66377265625
1 0.3151796875 0.624840625 0.3284451171875 0.63593134765625 0.31387490234375 0.6552857421875 0.2997396484375 0.64202041015625 0.3151796875 0.624840625
1 0.2999095703125 0.67148408203125 0.3051916015625 0.66500927734375 0.31217763671875 0.67267685546875 0.3060435546875 0.67829970703125 0.2999095703125 0.67148408203125
1 0.258483984375 0.68206044921875 0.2411267578125 0.6926873046875 0.2351048828125 0.68135205078125 0.24183525390625 0.675684375 0.237938671875 0.67107939453125 0.24891982421875 0.663640625 0.258483984375 0.68206044921875
1 0.707008203125 0.70657705078125 0.73076533203125 0.70966337890625 0.7263396484375 0.73641884765625 0.702529296875 0.7316576171875 0.7059705078125 0.713964453125 0.707008203125 0.70657705078125
1 0.53390224609375 0.6151650390625 0.54668154296875 0.630159375 0.52180458984375 0.65316201171875 0.50834375 0.6383380859375 0.53390224609375 0.6151650390625
1 0.586382421875 0.57188603515625 0.594901953125 0.58142783203125 0.5713880859375 0.60374892578125 0.5652541015625 0.59778525390625 0.56832109375 0.59522939453125 0.56423173828125 0.59045849609375 0.586382421875 0.57188603515625
1 0.56046904296875 0.595632421875 0.56977890625 0.60536064453125 0.56005068359375 0.6148796875 0.5503224609375 0.6052560546875 0.56046904296875 0.595632421875
1 0.51316767578125 0.6459630859375 0.5203240234375 0.654141796875 0.5039666015625 0.6691361328125 0.49135771484375 0.6548234375 0.50345546875 0.64187373046875 0.509589453125 0.64868935546875 0.51316767578125 0.6459630859375
1 0.49429345703125 0.67525556640625 0.4699373046875 0.698741796875 0.4562369140625 0.68460654296875 0.48059306640625 0.66090283203125 0.49429345703125 0.67525556640625
1 0.78434267578125 0.8733005859375 0.7993478515625 0.861557421875 0.8182673828125 0.88569609375 0.7941287109375 0.91092216796875 0.7849951171875 0.9020060546875 0.79652080078125 0.88961044921875 0.78434267578125 0.8733005859375
2 0.8192234375 0.5108609375 0.80961103515625 0.52154140625 0.80039921875 0.5123294921875 0.8048048828125 0.50872490234375 0.8084095703125 0.51192900390625 0.81415029296875 0.50605478515625 0.8192234375 0.5108609375
1 0.6721650390625 0.88539111328125 0.66161826171875 0.89815830078125 0.6455205078125 0.88372587890625 0.65634482421875 0.87234638671875 0.6721650390625 0.88539111328125
1 0.840295703125 0.79124384765625 0.83182275390625 0.79846162109375 0.826592578125 0.79103466796875 0.830462890625 0.78758271484375 0.82617412109375 0.78141103515625 0.8306720703125 0.77774990234375 0.840295703125 0.79124384765625
1 0.4492169921875 0.695659765625 0.4567107421875 0.7092595703125 0.4358947265625 0.72563486328125 0.42590302734375 0.71425546875 0.43478447265625 0.70731669921875 0.42701318359375 0.6970474609375 0.44089052734375 0.68594560546875 0.4492169921875 0.695659765625
1 0.39399375 0.73999814453125 0.410948828125 0.72731513671875 0.4206947265625 0.738930078125 0.40440712890625 0.7524140625 0.39399375 0.73999814453125
1 0.42475400390625 0.71622568359375 0.43446630859375 0.72661953125 0.42219814453125 0.737694921875 0.41265634765625 0.72696025390625 0.42475400390625 0.71622568359375
1 0.40273828125 0.75359453125 0.3945595703125 0.76109169921875 0.38569931640625 0.7517203125 0.39472998046875 0.74388232421875 0.40273828125 0.75359453125
1 0.33204248046875 0.783006640625 0.3428564453125 0.7962236328125 0.32616826171875 0.80863955078125 0.316021875 0.79635712890625 0.33204248046875 0.783006640625
1 0.33511318359375 0.7823390625 0.35324638671875 0.76724404296875 0.36303232421875 0.78029189453125 0.34472548828125 0.7950220703125 0.33511318359375 0.7823390625
1 0.34386044921875 0.80488095703125 0.347331640625 0.80928662109375 0.35013525390625 0.80688349609375 0.3596140625 0.81929951171875 0.3469310546875 0.8293123046875 0.3341146484375 0.81249072265625 0.34386044921875 0.80488095703125
1 0.26990908203125 0.8847216796875 0.24878076171875 0.90806513671875 0.24145400390625 0.90124951171875 0.24400986328125 0.898012109375 0.23787578125 0.8915373046875 0.25389248046875 0.873987109375 0.26121923828125 0.88063232421875 0.26292314453125 0.8785876953125 0.26990908203125 0.8847216796875
1 0.072063671875 0.9159669921875 0.07927294921875 0.92250869140625 0.08367861328125 0.918637109375 0.09035380859375 0.926246875 0.0643203125 0.94867568359375 0.0513703125 0.9335896484375 0.072063671875 0.9159669921875
1 0.12016162109375 0.88917509765625 0.10329306640625 0.901783984375 0.08489091796875 0.87571435546875 0.1036337890625 0.86123115234375 0.12016162109375 0.88917509765625
1 0.23704951171875 0.69532412109375 0.22421904296875 0.70271796875 0.22269677734375 0.7001083984375 0.212041015625 0.70554501953125 0.20008037109375 0.68510322265625 0.222479296875 0.6729251953125 0.23704951171875 0.69532412109375
1 0.0228677734375 0.7304130859375 0.0511525390625 0.74455546875 0.0443369140625 0.757505078125 0.0409291015625 0.7563123046875 0.03820283203125 0.76244638671875 0.0126443359375 0.7484744140625 0.0228677734375 0.7304130859375
1 0.6645501953125 0.68254560546875 0.67846806640625 0.69428876953125 0.65824375 0.72690859375 0.64171630859375 0.716252734375 0.6645501953125 0.68254560546875
1 0.681330859375 0.6490267578125 0.69847490234375 0.6603640625 0.6804251953125 0.687547265625 0.66349208984375 0.67530419921875 0.681330859375 0.6490267578125
1 0.69543037109375 0.61817578125 0.71347998046875 0.6283966796875 0.69912724609375 0.65492744140625 0.679337890625 0.64405419921875 0.69543037109375 0.61817578125
1 0.65451103515625 0.7317828125 0.638757421875 0.75220908203125 0.61886513671875 0.73525400390625 0.623404296875 0.7297802734375 0.6307470703125 0.7353875 0.64049296875 0.7221705078125 0.65451103515625 0.7317828125
2 0.6162267578125 0.73790849609375 0.61287939453125 0.74261572265625 0.6147623046875 0.7438708984375 0.61047353515625 0.7494150390625 0.5866236328125 0.7327828125 0.5987578125 0.7197072265625 0.6162267578125 0.73790849609375
1 0.64871171875 0.70103359375 0.63148955078125 0.715852734375 0.616269921875 0.6990310546875 0.63335859375 0.68394501953125 0.64871171875 0.70103359375
1 0.4021703125 0.91255830078125 0.4217421875 0.92386650390625 0.41587060546875 0.9334349609375 0.39608125 0.92169189453125 0.4021703125 0.91255830078125
1 0.44644951171875 0.92683193359375 0.4522427734375 0.93449951171875 0.44866455078125 0.93875927734375 0.45156123046875 0.94318935546875 0.4454271484375 0.94830107421875 0.43520380859375 0.9351810546875 0.44644951171875 0.92683193359375
1 0.45502392578125 0.87722998046875 0.45035126953125 0.88096806640625 0.44394306640625 0.872290234375 0.44888271484375 0.86828515625 0.45502392578125 0.87722998046875
1 0.50503056640625 0.7416205078125 0.492541015625 0.755775390625 0.47200244140625 0.7363470703125 0.48476962890625 0.72330234375 0.50503056640625 0.7416205078125
1 0.4631208984375 0.737734765625 0.48532470703125 0.76021611328125 0.47033720703125 0.7740935546875 0.4497986328125 0.7491142578125 0.4631208984375 0.737734765625
1 0.44952109375 0.75355498046875 0.46645146484375 0.7752037109375 0.4556271484375 0.783530078125 0.43786416015625 0.76465693359375 0.44952109375 0.75355498046875
1 0.39317900390625 0.79796259765625 0.4295376953125 0.77270576171875 0.4348111328125 0.77187314453125 0.44008447265625 0.78186484375 0.43869677734375 0.78575048828125 0.4411947265625 0.79046884765625 0.40372578125 0.8137828125 0.39317900390625 0.79796259765625
1 0.51315771484375 0.8889537109375 0.50889794921875 0.89951796875 0.50106005859375 0.896962109375 0.5017416015625 0.8940654296875 0.49424443359375 0.89270234375 0.49731142578125 0.88264931640625 0.51315771484375 0.8889537109375
1 0.499696875 0.87549296875 0.50463818359375 0.86799580078125 0.51997333984375 0.878048828125 0.5138392578125 0.88690908203125 0.50412705078125 0.883330859375 0.505660546875 0.8811158203125 0.499696875 0.87549296875
1 0.45548876953125 0.86424208984375 0.47019873046875 0.848421875 0.483348046875 0.8587099609375 0.47075380859375 0.8736787109375 0.45548876953125 0.86424208984375
1 0.551665625 0.9207572265625 0.57081640625 0.93852021484375 0.566098046875 0.94490380859375 0.5694287109375 0.948789453125 0.56248994140625 0.9590587890625 0.54889013671875 0.95239765625 0.5519431640625 0.948789453125 0.54222900390625 0.94268349609375 0.54861259765625 0.934912109375 0.54222900390625 0.9293611328125 0.551665625 0.9207572265625
1 0.558604296875 0.92436533203125 0.57359189453125 0.91298583984375 0.59329775390625 0.93074892578125 0.5791427734375 0.94407119140625 0.558604296875 0.92436533203125
1 0.73528759765625 0.92223359375 0.76026689453125 0.9411068359375 0.76831572265625 0.9486005859375 0.759156640625 0.9613677734375 0.7524955078125 0.95609443359375 0.720855078125 0.933890625 0.73528759765625 0.92223359375
1 0.731401953125 0.837581640625 0.71918984375 0.84757333984375 0.7180796875 0.84701826171875 0.70447978515625 0.85839765625 0.68394130859375 0.8314755859375 0.6997615234375 0.8192634765625 0.70392470703125 0.824814453125 0.71752451171875 0.81482275390625 0.731401953125 0.837581640625
1 0.7252998046875 0.78485390625 0.7508341796875 0.76847861328125 0.76609921875 0.79540068359375 0.73695673828125 0.8106658203125 0.7322384765625 0.802339453125 0.73418134765625 0.80122919921875 0.7252998046875 0.78485390625
1 0.66881357421875 0.76387041015625 0.68296845703125 0.78773955078125 0.660487109375 0.80133935546875 0.6463322265625 0.77608251953125 0.66881357421875 0.76387041015625
1 0.6975873046875 0.85827197265625 0.68370986328125 0.870483984375 0.671775390625 0.87908798828125 0.65012666015625 0.8574392578125 0.680379296875 0.83357021484375 0.6975873046875 0.85827197265625
1 0.44916220703125 0.560785546875 0.432509375 0.586319921875 0.42890126953125 0.58465458984375 0.42251767578125 0.59325859375 0.407530078125 0.58271171875 0.4286236328125 0.5485734375 0.44916220703125 0.560785546875
1 0.6043037109375 0.7578638671875 0.6238755859375 0.77243408203125 0.61996123046875 0.7767833984375 0.62278828125 0.77961044921875 0.6073482421875 0.80005224609375 0.585819140625 0.78156767578125 0.6043037109375 0.7578638671875
2 0.5187216796875 0.800423828125 0.53509169921875 0.80728544921875 0.5336294921875 0.811319921875 0.53809892578125 0.81342021484375 0.53123740234375 0.82980458984375 0.5116654296875 0.82175830078125 0.50100966796875 0.81588671875 0.50470654296875 0.807623046875 0.51297021484375 0.81197236328125 0.5187216796875 0.800423828125
1 0.36796591796875 0.90748984375 0.3798478515625 0.91883779296875 0.3686333984375 0.93178779296875 0.35648447265625 0.92164140625 0.36796591796875 0.90748984375
4 0.3489341796875 0.99900322265625 0.3325451171875 0.98814814453125 0.34124375 0.97531767578125 0.35385673828125 0.98706083984375 0.36973173828125 0.99597685546875 0.36744140625 0.9990033203125 0.3489341796875 0.99900322265625
1 0.2565537109375 0.32208720703125 0.2587283203125 0.305559765625 0.27438583984375 0.30534228515625 0.27177626953125 0.3255666015625 0.25677109375 0.3233919921875 0.2565537109375 0.32208720703125
1 0.23967353515625 0.30901884765625 0.23923857421875 0.29140419921875 0.25206904296875 0.2885771484375 0.2546787109375 0.30640927734375 0.23967353515625 0.30901884765625
1 0.20835849609375 0.29858056640625 0.22553828125 0.2953185546875 0.2266255859375 0.311628515625 0.2100982421875 0.31315078125 0.20835849609375 0.29858056640625
1 0.19661533203125 0.3194572265625 0.19661533203125 0.31750009765625 0.2092283203125 0.31663017578125 0.20792353515625 0.34163876953125 0.1963978515625 0.34120380859375 0.19661533203125 0.3194572265625
1 0.17185068359375 0.2361810546875 0.18940087890625 0.23413642578125 0.190934375 0.2557759765625 0.1733841796875 0.2574798828125 0.17099873046875 0.23856650390625 0.17185068359375 0.2361810546875
1 0.23835146484375 0.226344140625 0.23835146484375 0.2232771484375 0.2552201171875 0.22276591796875 0.25590166015625 0.24423505859375 0.2388626953125 0.24491669921875 0.23835146484375 0.226344140625
1 0.261323828125 0.24329501953125 0.2818623046875 0.2402419921875 0.28519287109375 0.261890625 0.2638216796875 0.26272333984375 0.261323828125 0.24329501953125
3 0.29712744140625 0.21082197265625 0.32932294921875 0.20638115234375 0.3323759765625 0.22358916015625 0.29740498046875 0.22997265625 0.2940744140625 0.21248720703125 0.29712744140625 0.21082197265625
3 0.3090619140625 0.17252041015625 0.3391921875 0.169344921875 0.34236767578125 0.19416904296875 0.31239248046875 0.1966669921875 0.3090619140625 0.17252041015625
1 0.25814462890625 0.190579296875 0.2678587890625 0.184195703125 0.27757294921875 0.19890576171875 0.2656384765625 0.20806474609375 0.25814462890625 0.190579296875
1 0.24892548828125 0.1741896484375 0.26201591796875 0.1583380859375 0.2752333984375 0.17080126953125 0.26113759765625 0.18445888671875 0.24892548828125 0.1741896484375
1 0.21373115234375 0.24819716796875 0.24591611328125 0.2462400390625 0.2467859375 0.26450712890625 0.2169931640625 0.2651595703125 0.21373115234375 0.24819716796875
1 0.17830087890625 0.3116701171875 0.17329912109375 0.31080029296875 0.17373408203125 0.290141015625 0.18808681640625 0.28731396484375 0.19069638671875 0.3086255859375 0.17830087890625 0.3116701171875
1 0.05504052734375 0.2283572265625 0.0608337890625 0.2154076171875 0.07429462890625 0.2206896484375 0.07122763671875 0.2292091796875 0.067990234375 0.22801650390625 0.065434375 0.235513671875 0.054358984375 0.2300611328125 0.05504052734375 0.2283572265625
1 0.0192169921875 0.232285546875 0.0233064453125 0.226321875 0.027225390625 0.2292185546875 0.030633203125 0.22342529296875 0.03949345703125 0.226321875 0.03489296875 0.23296708984375 0.0311443359375 0.2309224609375 0.02671416015625 0.2370564453125 0.0192169921875 0.232285546875
1 0.00047412109375 0.25358427734375 0.0091640625 0.23637490234375 0.02023935546875 0.2421681640625 0.011719921875 0.25903681640625 0.00047412109375 0.25358427734375
1 0.02900029296875 0.21461337890625 0.03666787109375 0.19826142578125 0.055921875 0.20678095703125 0.04842470703125 0.22228642578125 0.02900029296875 0.21461337890625
1 0.0606677734375 0.19001357421875 0.063564453125 0.17314501953125 0.0811146484375 0.17842705078125 0.07668447265625 0.19444375 0.06083818359375 0.19120634765625 0.0606677734375 0.19001357421875
1 0.077559765625 0.26658486328125 0.07625498046875 0.265280078125 0.08190908203125 0.2513623046875 0.11017958984375 0.264627734375 0.10561279296875 0.278110546875 0.077559765625 0.26658486328125
1 0.08390625 0.241543359375 0.0895603515625 0.22740810546875 0.10478291015625 0.231757421875 0.09869384765625 0.246980078125 0.08390625 0.241543359375
1 0.10478291015625 0.231757421875 0.10548271484375 0.226734765625 0.1066884765625 0.2254708984375 0.1128224609375 0.21558828125 0.1238978515625 0.22001845703125 0.11895654296875 0.23552392578125 0.10478291015625 0.231757421875
1 0.11307841796875 0.19276728515625 0.111743359375 0.19169931640625 0.11361240234375 0.17300859375 0.13070107421875 0.17461064453125 0.12803095703125 0.19423583984375 0.11307841796875 0.19276728515625
1 0.116995703125 0.16356982421875 0.12108505859375 0.15232412109375 0.12994541015625 0.1538576171875 0.12704873046875 0.1659552734375 0.116995703125 0.16356982421875
1 0.1164845703125 0.15147216796875 0.12227783203125 0.13255888671875 0.13812412109375 0.1349443359375 0.13693134765625 0.1443158203125 0.132330859375 0.1451677734375 0.12994541015625 0.1538576171875 0.12108505859375 0.15232412109375 0.1164845703125 0.15147216796875
1 0.080754296875 0.12834404296875 0.0800220703125 0.12761181640625 0.08336943359375 0.118825 0.095503515625 0.123323046875 0.09194697265625 0.1326328125 0.080754296875 0.12834404296875
1 0.095503515625 0.123323046875 0.08336943359375 0.118825 0.08687265625 0.10811826171875 0.1000306640625 0.11375341796875 0.095503515625 0.123323046875
1 0.1151947265625 0.098293359375 0.1221806640625 0.08738837890625 0.13478955078125 0.09369287109375 0.1289962890625 0.10613134765625 0.1151947265625 0.098293359375
1 0.1693787109375 0.11788828125 0.1736384765625 0.10272353515625 0.19476689453125 0.10749443359375 0.191188671875 0.12334072265625 0.1693787109375 0.11788828125
1 0.1961083984375 0.1301302734375 0.19824443359375 0.11651279296875 0.21880419921875 0.11971689453125 0.21680166015625 0.133334375 0.1961083984375 0.1301302734375
1 0.16846943359375 0.1519470703125 0.16898056640625 0.13933818359375 0.18601962890625 0.1391677734375 0.1863603515625 0.1514359375 0.16846943359375 0.1519470703125
1 0.190279296875 0.188410546875 0.1965837890625 0.18057255859375 0.2052736328125 0.1897736328125 0.19624296875 0.19812275390625 0.190279296875 0.188410546875
1 0.15463779296875 0.24155458984375 0.163315625 0.24035302734375 0.165051171875 0.25009892578125 0.1547712890625 0.2522349609375 0.15463779296875 0.24155458984375
1 0.14115380859375 0.252635546875 0.15316923828125 0.25196796875 0.15383671875 0.2587767578125 0.1418212890625 0.25891025390625 0.14115380859375 0.252635546875
1 0.15383671875 0.2587767578125 0.15490478515625 0.266653515625 0.14048623046875 0.26491796875 0.1418212890625 0.25891025390625 0.15383671875 0.2587767578125
1 0.4776080078125 3.515625e-06 0.47804287109375 0.01629033203125 0.42367646484375 0.014115625 0.42367646484375 3.41796875e-06 0.4776080078125 3.515625e-06
1 0.50979208984375 3.515625e-06 0.505878515625 0.01716015625 0.48304462890625 0.01737763671875 0.48543623046875 3.515625e-06 0.50979208984375 3.515625e-06
1 0.6196505859375 3.3203125e-06 0.61327568359375 0.026776953125 0.61148447265625 0.0377751953125 0.55447421875 0.029353515625 0.54714921875 0.0072349609375 0.54962763671875 3.515625e-06 0.6196505859375 3.3203125e-06
2 0.311930078125 0.1667671875 0.28288359375 0.17214423828125 0.28083251953125 0.15893837890625 0.29931708984375 0.156111328125 0.29779482421875 0.1513271484375 0.3104078125 0.1489349609375 0.311930078125 0.1667671875
2 0.28083251953125 0.15893837890625 0.27974521484375 0.14175859375 0.2958376953125 0.13936650390625 0.29779482421875 0.1513271484375 0.29931708984375 0.156111328125 0.28083251953125 0.15893837890625
1 0.3214984375 0.166252734375 0.3211576171875 0.16506005859375 0.3192833984375 0.15057685546875 0.341263671875 0.14716904296875 0.34313798828125 0.16301533203125 0.3214984375 0.166252734375
1 0.22020908203125 0.1353380859375 0.22716796875 0.12229013671875 0.24304296875 0.12990146484375 0.23521416015625 0.14403671875 0.22020908203125 0.1353380859375
1 0.2407552734375 0.11979375 0.24671884765625 0.1095703125 0.2649505859375 0.1175787109375 0.25813505859375 0.1296763671875 0.2409255859375 0.1203048828125 0.2407552734375 0.11979375
1 0.25268134765625 0.10858583984375 0.25591875 0.101088671875 0.266994140625 0.1067115234375 0.26443828125 0.11489033203125 0.25182939453125 0.109608203125 0.25268134765625 0.10858583984375
3 0.32049658203125 0.1067115234375 0.33344619140625 0.106200390625 0.3344685546875 0.115571875 0.3206669921875 0.116423828125 0.32049658203125 0.1067115234375
1 0.28529833984375 0.08964892578125 0.2929658203125 0.08964892578125 0.2929658203125 0.10259853515625 0.284787109375 0.10089462890625 0.28529833984375 0.08964892578125
3 0.28809306640625 0.0806234375 0.28729208984375 0.080089453125 0.28715859375 0.070610546875 0.2938337890625 0.0703435546875 0.2945013671875 0.08048994140625 0.28809306640625 0.0806234375
1 0.20198447265625 0.0914166015625 0.20690087890625 0.08210673828125 0.21725673828125 0.0879646484375 0.21275869140625 0.09748369140625 0.20198447265625 0.0914166015625
1 0.17677470703125 0.09643759765625 0.18033125 0.0883830078125 0.1983232421875 0.09371787109375 0.1959173828125 0.10093564453125 0.17677470703125 0.09643759765625
1 0.1959173828125 0.10093564453125 0.19476689453125 0.10749443359375 0.1736384765625 0.10272353515625 0.17677470703125 0.09643759765625 0.1959173828125 0.10093564453125
1 0.14488134765625 0.14002861328125 0.139405078125 0.13674228515625 0.14468720703125 0.11646591796875 0.16325966796875 0.1214072265625 0.15771923828125 0.14359697265625 0.14488134765625 0.14002861328125
1 0.15888857421875 0.09391640625 0.16202666015625 0.08837236328125 0.16893056640625 0.09109208984375 0.16621083984375 0.09789130859375 0.15888857421875 0.09391640625
1 0.16599599609375 0.0683708984375 0.16599599609375 0.06083935546875 0.1789669921875 0.06115322265625 0.1784439453125 0.068580078125 0.16599599609375 0.0683708984375
1 0.16788740234375 0.05097841796875 0.16736435546875 0.05097841796875 0.16705048828125 0.0411455078125 0.179603125 0.04104091796875 0.1798123046875 0.050769140625 0.16788740234375 0.05097841796875
3 0.27251123046875 0.079973046875 0.2714431640625 0.0797060546875 0.27171015625 0.07009365234375 0.28118896484375 0.0703607421875 0.28105546875 0.07983955078125 0.27251123046875 0.079973046875
3 0.25101689453125 0.06074833984375 0.25155087890625 0.05247099609375 0.2638333984375 0.0532720703125 0.2631658203125 0.06168291015625 0.25101689453125 0.06074833984375
1 0.22559794921875 0.06609140625 0.22960302734375 0.05314140625 0.24322060546875 0.06128525390625 0.2374798828125 0.07103115234375 0.22559794921875 0.06609140625
1 0.23011845703125 0.1531521484375 0.2382623046875 0.14327275390625 0.2529478515625 0.15301865234375 0.24520458984375 0.16450009765625 0.23011845703125 0.1531521484375
1 0.1964751953125 0.15542177734375 0.19807724609375 0.14394033203125 0.2165009765625 0.145809375 0.21676796875 0.1607619140625 0.20555361328125 0.1614294921875 0.20582060546875 0.155822265625 0.1964751953125 0.15542177734375
1 0.21854208984375 0.17512890625 0.2194765625 0.16498251953125 0.23910185546875 0.1671185546875 0.2362798828125 0.181515234375 0.21910009765625 0.17673095703125 0.21854208984375 0.17512890625
1 0.16865517578125 0.17265654296875 0.18334072265625 0.1739916015625 0.18334072265625 0.18667451171875 0.17359482421875 0.18587353515625 0.17412890625 0.1801328125 0.16665263671875 0.17906474609375 0.1673201171875 0.17238955078125 0.16865517578125 0.17265654296875
1 0.15416318359375 0.18093154296875 0.1684482421875 0.18413564453125 0.1672466796875 0.193614453125 0.15149306640625 0.1904103515625 0.15416318359375 0.18093154296875
1 0.0882390625 0.2038796875 0.087369140625 0.18843955078125 0.09976474609375 0.1880046875 0.09715517578125 0.20431455078125 0.0882390625 0.2038796875
1 0.1152546875 0.12185537109375 0.1248232421875 0.105762890625 0.1365833984375 0.110530078125 0.129607421875 0.12707451171875 0.1152546875 0.12185537109375
1 0.13478955078125 0.09369287109375 0.142521484375 0.0773251953125 0.155351953125 0.08319677734375 0.14752314453125 0.101246484375 0.13478955078125 0.09369287109375
1 0.142521484375 0.0773251953125 0.14643583984375 0.0644947265625 0.16035361328125 0.07188857421875 0.155351953125 0.08319677734375 0.142521484375 0.0773251953125
1 0.129691015625 0.07167109375 0.12947353515625 0.05688349609375 0.1429564453125 0.0577533203125 0.14121669921875 0.07232353515625 0.129691015625 0.07167109375
1 0.13237783203125 0.21619189453125 0.13694462890625 0.20444873046875 0.1495576171875 0.20858056640625 0.1458607421875 0.22075859375 0.13237783203125 0.21619189453125
1 0.1495576171875 0.20858056640625 0.13694462890625 0.20444873046875 0.14374404296875 0.19002392578125 0.17177626953125 0.19779521484375 0.1676130859375 0.213337890625 0.1495576171875 0.20858056640625
1 0.22207158203125 0.2673748046875 0.23400615234375 0.267097265625 0.23372861328125 0.2893009765625 0.21707578125 0.28513779296875 0.22207158203125 0.2673748046875
1 0.25206904296875 0.2885771484375 0.25168623046875 0.27760947265625 0.26560400390625 0.28174130859375 0.26495166015625 0.29109228515625 0.25206904296875 0.2885771484375
1 0.26560400390625 0.28174130859375 0.25168623046875 0.27760947265625 0.25799267578125 0.27260771484375 0.2734328125 0.272390234375 0.271910546875 0.284568359375 0.26560400390625 0.28174130859375
1 0.03381337890625 0.24017099609375 0.03949345703125 0.226321875 0.05186298828125 0.23147236328125 0.0470787109375 0.24408544921875 0.03381337890625 0.24017099609375
1 0.06099658203125 0.2516966796875 0.0470787109375 0.24408544921875 0.05186298828125 0.23147236328125 0.06773798828125 0.23908369140625 0.06099658203125 0.2516966796875
1 0.078118359375 0.2248490234375 0.08638203125 0.21114873046875 0.095515625 0.21789013671875 0.08638203125 0.23267783203125 0.078118359375 0.2248490234375
1 0.07002509765625 0.1629572265625 0.0752443359375 0.15425859375 0.08524775390625 0.15969521484375 0.0798111328125 0.16882880859375 0.07002509765625 0.1629572265625
1 0.09517744140625 0.14623193359375 0.10300625 0.1336189453125 0.11888125 0.14057783203125 0.11300966796875 0.1566703125 0.09517744140625 0.14623193359375
1 0.4628498046875 0.9434400390625 0.46942529296875 0.93540322265625 0.47380888671875 0.93028896484375 0.48233271484375 0.93272431640625 0.47600078125 0.94490126953125 0.480871484375 0.95245087890625 0.4699123046875 0.96048759765625 0.46114501953125 0.9483107421875 0.4628498046875 0.9434400390625
1 0.52637470703125 0.89808837890625 0.534770703125 0.88129638671875 0.55805048828125 0.8931271484375 0.5473646484375 0.91259052734375 0.52522978515625 0.90037822265625 0.52637470703125 0.89808837890625
1 0.548539453125 0.87830400390625 0.56290810546875 0.8661271484375 0.57922509765625 0.894133984375 0.567291796875 0.904849609375 0.55805048828125 0.8931271484375 0.54683466796875 0.8795216796875 0.548539453125 0.87830400390625
1 0.56631767578125 0.87026728515625 0.57630263671875 0.8612564453125 0.59286318359375 0.88682783203125 0.57922509765625 0.894133984375 0.56631767578125 0.87026728515625
1 0.57630263671875 0.8612564453125 0.59846455078125 0.8451830078125 0.61064140625 0.87806044921875 0.59286318359375 0.88682783203125 0.57630263671875 0.8612564453125
1 0.63207265625 0.87002373046875 0.63036796875 0.8719720703125 0.608449609375 0.84567001953125 0.62135703125 0.8313013671875 0.64498017578125 0.85882109375 0.63207265625 0.87002373046875
1 0.62135703125 0.8313013671875 0.63329033203125 0.8179068359375 0.66056650390625 0.84347822265625 0.64498017578125 0.85882109375 0.62135703125 0.8313013671875
1 0.59846455078125 0.8451830078125 0.58701826171875 0.82448232421875 0.60089990234375 0.81401015625 0.60406591796875 0.82107275390625 0.608449609375 0.8179068359375 0.62135703125 0.8313013671875 0.608449609375 0.84567001953125 0.59846455078125 0.8451830078125
1 0.55849951171875 0.82794599609375 0.57140693359375 0.80821943359375 0.58504501953125 0.821126953125 0.57457294921875 0.84207119140625 0.5563076171875 0.83013779296875 0.55849951171875 0.82794599609375
1 0.67246923828125 0.90467275390625 0.6870814453125 0.8895734375 0.7121658203125 0.91611904296875 0.69390048828125 0.93121826171875 0.67027744140625 0.90686455078125 0.67246923828125 0.90467275390625
1 0.6897603515625 0.88859931640625 0.7014501953125 0.87958837890625 0.71825419921875 0.903455078125 0.70753857421875 0.9107611328125 0.6897603515625 0.88859931640625
1 0.71825419921875 0.903455078125 0.7014501953125 0.87958837890625 0.72093310546875 0.8630279296875 0.7411466796875 0.89687958984375 0.725316796875 0.9110046875 0.71825419921875 0.903455078125
1 0.7411466796875 0.89687958984375 0.72093310546875 0.8630279296875 0.73481474609375 0.84719794921875 0.75624599609375 0.88031904296875 0.7411466796875 0.89687958984375
1 0.75624599609375 0.88031904296875 0.73481474609375 0.84719794921875 0.75722021484375 0.83380341796875 0.78434267578125 0.8733005859375 0.7640392578125 0.8903041015625 0.75624599609375 0.88031904296875
1 0.75722021484375 0.83380341796875 0.77938203125 0.82260068359375 0.80324873046875 0.85840068359375 0.7993478515625 0.861557421875 0.78434267578125 0.8733005859375 0.75722021484375 0.83380341796875
2 0.80324873046875 0.85840068359375 0.78961064453125 0.8357517578125 0.806658203125 0.8216265625 0.826384765625 0.85523466796875 0.8095806640625 0.86546328125 0.80324873046875 0.85840068359375
1 0.944909375 0.9789560546875 0.9508248046875 0.9623548828125 0.96933408203125 0.96884267578125 0.96341875 0.98639794921875 0.94376455078125 0.9789560546875 0.944909375 0.9789560546875
1 0.9462451171875 0.95109658203125 0.950633984375 0.93544951171875 0.97315048828125 0.94193740234375 0.96837998046875 0.95987421875 0.94567265625 0.95262314453125 0.9462451171875 0.95109658203125
1 0.94792734375 0.9288564453125 0.9540158203125 0.907181640625 0.97958720703125 0.91473125 0.97422939453125 0.93713671875 0.94792734375 0.9288564453125
1 0.9535310546875 0.90222548828125 0.95925556640625 0.8798998046875 0.98825986328125 0.88600595703125 0.983489453125 0.9081408203125 0.9535310546875 0.90222548828125
1 0.9125052734375 0.848033203125 0.91975634765625 0.8369658203125 0.93006044921875 0.84402607421875 0.91918388671875 0.85662001953125 0.911551171875 0.84994140625 0.9125052734375 0.848033203125
1 0.92357265625 0.8644435546875 0.93235029296875 0.84631591796875 0.94513505859375 0.8531853515625 0.9357849609375 0.87112216796875 0.92357265625 0.8644435546875
1 0.91975634765625 0.8369658203125 0.92528349609375 0.8258923828125 0.93930146484375 0.8359052734375 0.93006044921875 0.84402607421875 0.91975634765625 0.8369658203125
1 0.9418912109375 0.84059130859375 0.93930146484375 0.8359052734375 0.95518857421875 0.8124083984375 0.969178125 0.821700390625 0.96307197265625 0.8335310546875 0.956393359375 0.84669755859375 0.9418912109375 0.84059130859375
1 0.956393359375 0.84669755859375 0.969178125 0.821700390625 0.9855884765625 0.82799736328125 0.96994140625 0.8531853515625 0.956393359375 0.84669755859375
1 0.96994140625 0.8531853515625 0.9855884765625 0.82799736328125 0.998945703125 0.84345361328125 0.98654248046875 0.8640619140625 0.96994140625 0.8531853515625
1 0.89901494140625 0.8709806640625 0.911990625 0.8574326171875 0.93107236328125 0.8709806640625 0.91771513671875 0.89177978515625 0.8978701171875 0.8717439453125 0.89901494140625 0.8709806640625
1 0.7727392578125 0.796109765625 0.7979271484375 0.781416796875 0.8114751953125 0.80355166015625 0.797736328125 0.812329296875 0.77865458984375 0.80603232421875 0.7727392578125 0.796109765625
1 0.78094443359375 0.73447568359375 0.78991279296875 0.72932353515625 0.800026171875 0.74592470703125 0.7862873046875 0.7524125 0.77770048828125 0.735811328125 0.78094443359375 0.73447568359375
1 0.800026171875 0.74592470703125 0.78991279296875 0.72932353515625 0.8017435546875 0.721881640625 0.811666015625 0.737337890625 0.800026171875 0.74592470703125
1 0.811666015625 0.737337890625 0.8017435546875 0.721881640625 0.8152916015625 0.7115775390625 0.82387841796875 0.72798779296875 0.811666015625 0.737337890625
1 0.82387841796875 0.72798779296875 0.8152916015625 0.7115775390625 0.82406923828125 0.7054712890625 0.83456416015625 0.721118359375 0.82387841796875 0.72798779296875
1 0.8273130859375 0.75622890625 0.83914384765625 0.74840537109375 0.8462041015625 0.76157177734375 0.83361005859375 0.77168505859375 0.82521416015625 0.75737373046875 0.8273130859375 0.75622890625
1 0.8462041015625 0.76157177734375 0.83914384765625 0.74840537109375 0.8591796875 0.73142255859375 0.86948388671875 0.74420732421875 0.8462041015625 0.76157177734375
1 0.7692064453125 0.5986234375 0.75036806640625 0.584419921875 0.7579931640625 0.573206640625 0.77698095703125 0.5862140625 0.7692064453125 0.5986234375
1 0.72173984375 0.565775 0.73051748046875 0.5512728515625 0.7520798828125 0.566919921875 0.74292060546875 0.580086328125 0.72173984375 0.565775
1 0.92944853515625 0.6762744140625 0.9346005859375 0.659482421875 0.95559052734375 0.66883251953125 0.942849609375 0.683145703125 0.92944853515625 0.6762744140625
1 0.91826669921875 0.590799609375 0.92265546875 0.5812587890625 0.9348677734375 0.58793740234375 0.93047900390625 0.59805068359375 0.91826669921875 0.590799609375
1 0.89899404296875 0.579923046875 0.9104431640625 0.5654208984375 0.920747265625 0.57133623046875 0.9096798828125 0.589273046875 0.89918486328125 0.5808771484375 0.89899404296875 0.579923046875
1 0.97529365234375 0.55294365234375 0.9778353515625 0.5459166015625 0.98785263671875 0.5495048828125 0.98426435546875 0.55683095703125 0.97529365234375 0.55294365234375
1 0.92505810546875 0.55623291015625 0.92745029296875 0.54546806640625 0.93716845703125 0.54905634765625 0.93328115234375 0.560419140625 0.92416103515625 0.558026953125 0.92505810546875 0.55623291015625
2 0.92745029296875 0.54546806640625 0.93216767578125 0.53144951171875 0.9433810546875 0.53533681640625 0.93716845703125 0.54905634765625 0.92745029296875 0.54546806640625
2 0.909195703125 0.53612900390625 0.91930908203125 0.5157115234375 0.93381123046875 0.52219931640625 0.92198046875 0.541471875 0.909195703125 0.53612900390625
2 0.8851904296875 0.53329248046875 0.89176591796875 0.51064345703125 0.90857001953125 0.51332236328125 0.9022380859375 0.53572783203125 0.8851904296875 0.53329248046875
2 0.8471986328125 0.53791962890625 0.8316123046875 0.5311005859375 0.85158232421875 0.49603125 0.86570751953125 0.50552919921875 0.8471986328125 0.53791962890625
2 0.78476259765625 0.51887099609375 0.77407685546875 0.50799443359375 0.78647998046875 0.49501884765625 0.7948759765625 0.50837607421875 0.78476259765625 0.51887099609375
2 0.822162890625 0.486050390625 0.819109765625 0.48795849609375 0.81243115234375 0.482233984375 0.82254453125 0.46792265625 0.83094052734375 0.47593701171875 0.822162890625 0.486050390625
2 0.7948759765625 0.50837607421875 0.78647998046875 0.49501884765625 0.80212705078125 0.481470703125 0.81128623046875 0.49272900390625 0.7948759765625 0.50837607421875
2 0.76682578125 0.49291982421875 0.7654900390625 0.48967587890625 0.7790380859375 0.4805166015625 0.78590751953125 0.49234736328125 0.77407685546875 0.50379638671875 0.76682578125 0.49291982421875
2 0.78647998046875 0.49043916015625 0.7790380859375 0.4805166015625 0.7893421875 0.47097578125 0.79716572265625 0.4824248046875 0.78647998046875 0.49043916015625
3 0.77597607421875 0.4298046875 0.78341796875 0.42217197265625 0.80168525390625 0.43684921875 0.7950578125 0.4458333984375 0.77616572265625 0.429890625 0.77597607421875 0.4298046875
3 0.7600333984375 0.443786328125 0.77094765625 0.4346662109375 0.77139619140625 0.433769140625 0.78440361328125 0.44901923828125 0.7742369140625 0.458587890625 0.7600333984375 0.443786328125
3 0.7850763671875 0.41723720703125 0.788365625 0.40736943359375 0.8058583984375 0.410808203125 0.801373046875 0.4214234375 0.7850763671875 0.41723720703125
3 0.788365625 0.40736943359375 0.78971123046875 0.39615615234375 0.80959609375 0.3980998046875 0.8058583984375 0.410808203125 0.788365625 0.40736943359375
3 0.698233984375 0.4252865234375 0.68926552734375 0.41937119140625 0.6991880859375 0.398762890625 0.71559833984375 0.40582314453125 0.7112095703125 0.41860791015625 0.698233984375 0.4252865234375
2 0.7383056640625 0.42108857421875 0.751662890625 0.40200673828125 0.76425693359375 0.41154765625 0.74937314453125 0.4298662109375 0.7383056640625 0.42108857421875
2 0.79161171875 0.3756908203125 0.79086416015625 0.36731826171875 0.80207744140625 0.36731826171875 0.80147939453125 0.3738966796875 0.79161171875 0.3756908203125
2 0.78996708984375 0.36163681640625 0.790415625 0.35191865234375 0.80745986328125 0.35072255859375 0.807609375 0.36103876953125 0.78996708984375 0.36163681640625
2 0.78279052734375 0.35072255859375 0.78607978515625 0.33711708984375 0.79789111328125 0.33741611328125 0.796994140625 0.34982548828125 0.790415625 0.35191865234375 0.78279052734375 0.35072255859375
1 0.6256009765625 0.34399580078125 0.63056220703125 0.3231966796875 0.6519337890625 0.32987529296875 0.64506435546875 0.3506744140625 0.6256009765625 0.34399580078125
1 0.61739580078125 0.34552236328125 0.59850478515625 0.34017939453125 0.6046109375 0.31556396484375 0.6089998046875 0.31613642578125 0.609572265625 0.31289248046875 0.6210212890625 0.31460986328125 0.6191130859375 0.3189986328125 0.622738671875 0.31957109375 0.61739580078125 0.34552236328125
4 0.41390458984375 0.9975708984375 0.41719384765625 0.99024482421875 0.4264634765625 0.9945806640625 0.42316904296875 0.99900341796875 0.41503017578125 0.99900341796875 0.41390458984375 0.9975708984375
1 0.35244296875 0.9681216796875 0.35912158203125 0.9541919921875 0.381447265625 0.9658318359375 0.37286044921875 0.98510439453125 0.3491990234375 0.97384619140625 0.35244296875 0.9681216796875
1 0.35988486328125 0.950948046875 0.3650369140625 0.9406439453125 0.38984326171875 0.9503755859375 0.3825921875 0.9643052734375 0.35912158203125 0.9541919921875 0.35988486328125 0.950948046875
1 0.37209716796875 0.93816328125 0.3816380859375 0.922325390625 0.40701689453125 0.9374 0.3982392578125 0.9522837890625 0.37362373046875 0.9402623046875 0.37209716796875 0.93816328125
1 0.39970068359375 0.893263671875 0.39970068359375 0.88952587890625 0.4137546875 0.89072197265625 0.41270810546875 0.90432744140625 0.4300513671875 0.9171853515625 0.42377197265625 0.9243619140625 0.39880361328125 0.9074671875 0.39970068359375 0.893263671875
2 0.45170361328125 0.9128076171875 0.4515865234375 0.90121025390625 0.47302412109375 0.90074169921875 0.4733755859375 0.9166734375 0.4532265625 0.9173763671875 0.45170361328125 0.9128076171875
2 0.44960595703125 0.91889287109375 0.4532265625 0.9173763671875 0.47113544921875 0.91799580078125 0.4712849609375 0.9304052734375 0.4524466796875 0.9326478515625 0.44960595703125 0.91889287109375
4 0.4775177734375 0.9922708984375 0.4933556640625 0.98807294921875 0.4964087890625 0.99685048828125 0.48558193359375 0.999003515625 0.48017724609375 0.999003515625 0.4775177734375 0.9922708984375
1 0.41588369140625 0.94094091796875 0.41893671875 0.933308203125 0.43520380859375 0.9351810546875 0.4454271484375 0.94830107421875 0.4353470703125 0.95258076171875 0.41588369140625 0.94094091796875
1 0.3140525390625 0.96662490234375 0.30163212890625 0.95785751953125 0.3123478515625 0.937400390625 0.32403759765625 0.95055146484375 0.3140525390625 0.96662490234375
1 0.30163212890625 0.95785751953125 0.2867763671875 0.94714189453125 0.29651787109375 0.93155556640625 0.3123478515625 0.937400390625 0.30163212890625 0.95785751953125
1 0.23211806640625 0.95144169921875 0.2279201171875 0.95659384765625 0.20006064453125 0.92568134765625 0.22982822265625 0.900493359375 0.243185546875 0.9169037109375 0.2372701171875 0.92072001953125 0.24490283203125 0.92949765625 0.2403232421875 0.9333140625 0.24623857421875 0.93884775390625 0.23211806640625 0.95144169921875
1 0.089709765625 0.98074462890625 0.09161787109375 0.95135869140625 0.1177599609375 0.9519310546875 0.116805859375 0.9813169921875 0.089709765625 0.98074462890625
1 0.14199375 0.92960537109375 0.1734787109375 0.90689814453125 0.18206552734375 0.92140029296875 0.14924482421875 0.942390234375 0.14199375 0.92960537109375
1 0.13951318359375 0.9282697265625 0.12482021484375 0.90403583984375 0.14046728515625 0.89239599609375 0.15420615234375 0.91662978515625 0.13951318359375 0.9282697265625
1 0.15420615234375 0.91662978515625 0.14046728515625 0.89239599609375 0.1564958984375 0.88705302734375 0.16985322265625 0.90422666015625 0.15420615234375 0.91662978515625
1 0.30481015625 0.92342353515625 0.32039658203125 0.90296640625 0.33671357421875 0.92098818359375 0.32039658203125 0.9414453125 0.30481015625 0.92342353515625
1 0.3760892578125 0.8989060546875 0.3985158203125 0.899205078125 0.39880361328125 0.9074671875 0.4021703125 0.91255830078125 0.39806728515625 0.9165482421875 0.382966796875 0.91699677734375 0.38132216796875 0.90488642578125 0.3766873046875 0.9050359375 0.3760892578125 0.8989060546875
1 0.15186962890625 0.6954353515625 0.1679431640625 0.6922693359375 0.17646689453125 0.720276171875 0.156983984375 0.72246796875 0.15186962890625 0.6954353515625
1 0.12556767578125 0.69640947265625 0.1267853515625 0.6949482421875 0.14919072265625 0.6922693359375 0.1511390625 0.722955078125 0.1294642578125 0.72685166015625 0.12556767578125 0.69640947265625
2 0.32994853515625 0.53537568359375 0.3287052734375 0.53817314453125 0.3075693359375 0.5294701171875 0.32404296875 0.48875244140625 0.3464220703125 0.4952796875 0.32994853515625 0.53537568359375
4 2.978515625e-05 0.5512625 0.019157421875 0.5630748046875 0.0058001953125 0.58330146484375 2.978515625e-05 0.579884375 2.978515625e-05 0.5512625
1 0.16854189453125 0.41429833984375 0.1810958984375 0.40088623046875 0.19302919921875 0.41135830078125 0.18192890625 0.42403603515625 0.16854189453125 0.41429833984375
1 0.18669716796875 0.3835951171875 0.1837748046875 0.3857869140625 0.1715978515625 0.3750712890625 0.185723046875 0.353396484375 0.201796484375 0.36800869140625 0.18669716796875 0.3835951171875
1 0.06218525390625 0.349805859375 0.04830361328125 0.34030791015625 0.05487919921875 0.32423447265625 0.069978515625 0.332758203125 0.06218525390625 0.349805859375
1 0.17830087890625 0.3116701171875 0.19069638671875 0.3086255859375 0.19481650390625 0.33354423828125 0.18241337890625 0.33602490234375 0.17830087890625 0.3116701171875
1 0.138009765625 0.28159287109375 0.15262197265625 0.27867041015625 0.15530087890625 0.29230849609375 0.13557431640625 0.29523095703125 0.13362607421875 0.28207998046875 0.138009765625 0.28159287109375
1 0.1847025390625 0.262162109375 0.1831759765625 0.2596814453125 0.1986322265625 0.2566283203125 0.20321181640625 0.28391533203125 0.19252607421875 0.28658671875 0.19023623046875 0.274946875 0.18718310546875 0.2751376953125 0.1847025390625 0.262162109375
1 0.21880419921875 0.11971689453125 0.19824443359375 0.11651279296875 0.199158203125 0.107559765625 0.21976650390625 0.10794130859375 0.21880419921875 0.11971689453125
1 0.1423951171875 0.11276943359375 0.1289962890625 0.10613134765625 0.13478955078125 0.09369287109375 0.14752314453125 0.101246484375 0.1423951171875 0.11276943359375
4 2.96875e-05 0.14200166015625 0.0115962890625 0.15246982421875 2.96875e-05 0.16940908203125 2.96875e-05 0.14200166015625
1 0.4047666015625 0.97935234375 0.42132705078125 0.9742380859375 0.4254671875 0.9886068359375 0.40793251953125 0.99372109375 0.4037923828125 0.98081357421875 0.4047666015625 0.97935234375
1 0.399165234375 0.97618642578125 0.3877189453125 0.96741904296875 0.40622783203125 0.95110205078125 0.41596923828125 0.96449658203125 0.399165234375 0.97618642578125
1 0.51422119140625 0.9694185546875 0.51235625 0.9737701171875 0.48904462890625 0.959472265625 0.508315625 0.92714677734375 0.52945146484375 0.94455283203125 0.51422119140625 0.9694185546875
1 0.613903515625 0.976832421875 0.62882294921875 0.95818310546875 0.64335810546875 0.97106328125 0.63044951171875 0.9925208984375 0.613903515625 0.976832421875
1 0.644902734375 0.968440234375 0.651119140625 0.955696484375 0.6694576171875 0.966264453125 0.67187080078125 0.999003125 0.6302806640625 0.9990033203125 0.628118359375 0.996725 0.63044951171875 0.9925208984375 0.644902734375 0.968440234375
2 0.76903427734375 0.9416234375 0.74622080078125 0.9211498046875 0.76844931640625 0.8927791015625 0.7941287109375 0.91092216796875 0.76903427734375 0.9416234375
1 0.82541943359375 0.8157607421875 0.8397509765625 0.80435390625 0.8584697265625 0.8286298828125 0.8432607421875 0.84003662109375 0.82541943359375 0.8157607421875
2 0.5987578125 0.7197072265625 0.6109146484375 0.70952763671875 0.62535205078125 0.7267150390625 0.6162267578125 0.73790849609375 0.5987578125 0.7197072265625
1 0.1765826171875 0.9335939453125 0.19266904296875 0.91926240234375 0.2175298828125 0.94909541015625 0.20319833984375 0.96225703125 0.1765826171875 0.9335939453125
3 0.00973642578125 0.12909658203125 0.0122501953125 0.11006337890625 0.023921484375 0.11114072265625 0.02015078125 0.13340595703125 0.00937724609375 0.13196943359375 0.00973642578125 0.12909658203125
2 0.790672265625 0.33545634765625 0.789984765625 0.3249146484375 0.80510966796875 0.3235396484375 0.80488056640625 0.33476884765625 0.79789111328125 0.33741611328125 0.790672265625 0.33545634765625
2 0.7815236328125 0.2951099609375 0.7808361328125 0.294880859375 0.78244033203125 0.28273505859375 0.7966486328125 0.285255859375 0.79619033203125 0.2971724609375 0.7815236328125 0.2951099609375
2 0.78777841796875 0.2467353515625 0.78904453125 0.23576162109375 0.80226923828125 0.23660576171875 0.80170654296875 0.2475794921875 0.78777841796875 0.2467353515625
2 0.78904453125 0.23576162109375 0.78918525390625 0.2242251953125 0.80536435546875 0.22478798828125 0.8050830078125 0.23604306640625 0.80226923828125 0.23660576171875 0.78904453125 0.23576162109375
2 0.78596005859375 0.175690625 0.78757607421875 0.1505525390625 0.8001451171875 0.15091171875 0.7990677734375 0.1749724609375 0.78596005859375 0.175690625
3 0.797183203125 0.143670703125 0.79879921875 0.1319994140625 0.8093931640625 0.13271767578125 0.8072384765625 0.147980078125 0.796105859375 0.14672314453125 0.797183203125 0.143670703125
3 0.80722373046875 0.110728125 0.80578720703125 0.11144638671875 0.80686455078125 0.09474755859375 0.82230654296875 0.096183984375 0.8214087890625 0.11180546875 0.80722373046875 0.110728125
2 0.76118974609375 0.0497314453125 0.7592146484375 0.0502701171875 0.75939423828125 0.02423427734375 0.7721427734375 0.02423427734375 0.77339970703125 0.04991103515625 0.76118974609375 0.0497314453125
2 0.78021728515625 0.04305107421875 0.78584482421875 0.0232140625 0.79878818359375 0.02743466796875 0.7934419921875 0.0471310546875 0.78021728515625 0.04305107421875
3 0.67607744140625 0.02995546875 0.677873046875 0.01253837890625 0.69546962890625 0.01361572265625 0.69331494140625 0.0346240234375 0.675718359375 0.03264892578125 0.67607744140625 0.02995546875
3 0.65504853515625 3.22265625e-06 0.648862109375 0.01913359375 0.63396630859375 0.01500859375 0.63778779296875 3.3203125e-06 0.65504853515625 3.22265625e-06
2 0.76707138671875 0.01850478515625 0.76635322265625 0.01904345703125 0.76060732421875 0.0122203125 0.7688669921875 0.00396064453125 0.775690234375 0.01042470703125 0.76707138671875 0.01850478515625
3 0.82244560546875 0.0314029296875 0.82244560546875 0.03027734375 0.83412275390625 0.0297146484375 0.83454482421875 0.03900009765625 0.822586328125 0.039844140625 0.82244560546875 0.0314029296875
1 0.62782109375 0.05492177734375 0.62979619140625 0.0427119140625 0.64164697265625 0.04468701171875 0.63985146484375 0.05743564453125 0.62782109375 0.05492177734375
3 0.3099421875 0.09082099609375 0.3110880859375 0.08875849609375 0.32942138671875 0.087841796875 0.32735888671875 0.102966796875 0.3106296875 0.1013626953125 0.3099421875 0.09082099609375
1 0.290989453125 0.130690625 0.29763310546875 0.12225146484375 0.3118181640625 0.13679560546875 0.3058927734375 0.1423619140625 0.290989453125 0.130690625
1 0.31971865234375 0.1396685546875 0.31917998046875 0.138770703125 0.3188208984375 0.12638125 0.33192861328125 0.12871552734375 0.33156953125 0.139848046875 0.31971865234375 0.1396685546875
1 0.12130859375 0.36788369140625 0.12864189453125 0.35482119140625 0.13757939453125 0.359175390625 0.13207939453125 0.37430029296875 0.12130859375 0.36788369140625
4 0.54838095703125 0.9858416015625 0.55892265625 0.9753 0.57588095703125 0.98882080078125 0.56460908203125 0.999003515625 0.5622423828125 0.999003515625 0.54700595703125 0.9869875 0.54838095703125 0.9858416015625
4 0.546103125 0.999003515625 0.5392919921875 0.9986134765625 0.54700595703125 0.9869875 0.5622423828125 0.999003515625 0.546103125 0.999003515625
1 0.62246337890625 0.9230865234375 0.605505078125 0.907044921875 0.61627587890625 0.8914615234375 0.63483837890625 0.907732421875 0.62246337890625 0.9230865234375
1 0.61627587890625 0.8914615234375 0.6236091796875 0.88183662109375 0.63300498046875 0.88871162109375 0.626817578125 0.900169921875 0.61627587890625 0.8914615234375
1 0.47669599609375 0.86836474609375 0.4854638671875 0.859523828125 0.49808056640625 0.867801953125 0.495266796875 0.87188193359375 0.48640341796875 0.8759619140625 0.47669599609375 0.86836474609375
1 0.49087861328125 0.83178310546875 0.49824052734375 0.820830078125 0.51709404296875 0.8346560546875 0.508834375 0.84524990234375 0.49087861328125 0.83178310546875
1 0.5113482421875 0.8486615234375 0.5188896484375 0.8389654296875 0.5366658203125 0.852252734375 0.53038134765625 0.86176923828125 0.5113482421875 0.8486615234375
1 0.51997333984375 0.878048828125 0.50463818359375 0.86799580078125 0.50991171875 0.854407421875 0.52732880859375 0.86877197265625 0.51997333984375 0.878048828125
1 0.410948828125 0.72731513671875 0.39399375 0.73999814453125 0.37082998046875 0.76154677734375 0.35914248046875 0.7521509765625 0.4031423828125 0.717546875 0.410948828125 0.72731513671875
1 0.0889884765625 0.8407078125 0.084508984375 0.8422009765625 0.07405693359375 0.8246564453125 0.09794736328125 0.80748515625 0.10877275390625 0.828016015625 0.0889884765625 0.8407078125
2 0.00525107421875 0.8135494140625 0.00599765625 0.78704599609375 0.027275 0.78667265625 0.0239154296875 0.815042578125 0.00525107421875 0.8135494140625
1 0.02788291015625 0.78515302734375 0.0136435546875 0.78230908203125 0.01627587890625 0.76154287109375 0.0311923828125 0.75978798828125 0.04084423828125 0.7665150390625 0.03616455078125 0.78698876953125 0.02788291015625 0.78515302734375
4 2.96875e-05 0.8234341796875 0.0079822265625 0.81971513671875 0.011341796875 0.85144462890625 2.96875e-05 0.8520904296875 2.96875e-05 0.8234341796875
1 0.50011181640625 0.70614423828125 0.4863001953125 0.69457236328125 0.515043359375 0.6669490234375 0.5262419921875 0.681133984375 0.50011181640625 0.70614423828125
2 0.63909892578125 0.81482490234375 0.6276921875 0.79318134765625 0.6463322265625 0.77608251953125 0.660487109375 0.80133935546875 0.63909892578125 0.81482490234375
1 0.675658984375 0.827694140625 0.6633748046875 0.81482490234375 0.7069544921875 0.78674677734375 0.7133890625 0.804003125 0.675658984375 0.827694140625
1 0.6758421875 0.729344921875 0.6799671875 0.71651162109375 0.6840921875 0.71880322265625 0.6877587890625 0.70826162109375 0.7059705078125 0.713964453125 0.702529296875 0.7316576171875 0.6980712890625 0.7426365234375 0.68157138671875 0.7364490234375 0.68225888671875 0.73117822265625 0.6758421875 0.729344921875
1 0.7242892578125 0.66151689453125 0.73452607421875 0.638118359375 0.75265986328125 0.6495251953125 0.73891328125 0.6758484375 0.721364453125 0.6670740234375 0.7242892578125 0.66151689453125
1 0.75909443359375 0.6717537109375 0.76786884765625 0.65976201171875 0.78395537109375 0.672338671875 0.775180859375 0.68842509765625 0.75909443359375 0.6717537109375
2 0.54987802734375 0.798838671875 0.53759384765625 0.789479296875 0.5454908203125 0.77280791015625 0.561284765625 0.78509208984375 0.54987802734375 0.798838671875
1 0.7125671875 0.7468080078125 0.72214326171875 0.75063837890625 0.71620615234375 0.764044921875 0.70672578125 0.7599271484375 0.7125671875 0.7468080078125
2 0.45862880859375 0.07104765625 0.511793359375 0.07024453125 0.51195400390625 0.09224921875 0.4636080078125 0.0935341796875 0.4637685546875 0.0838970703125 0.45830751953125 0.0838970703125 0.45862880859375 0.07104765625
1 0.4924177734375 0.0457162109375 0.5234396484375 0.0457078125 0.5244033203125 0.06851552734375 0.51059013671875 0.06851552734375 0.51026318359375 0.060887109375 0.4921728515625 0.06143193359375 0.4924177734375 0.0457162109375
1 0.4133615234375 0.02439140625 0.43520556640625 0.025355078125 0.43295693359375 0.0470384765625 0.41128408203125 0.04605634765625 0.4133615234375 0.02439140625
1 0.22271044921875 0.31801826171875 0.23511240234375 0.31727412109375 0.23498837890625 0.33327275390625 0.22246240234375 0.33327275390625 0.22271044921875 0.31801826171875
1 0.0937501953125 0.1600255859375 0.10087890625 0.16240185546875 0.0990509765625 0.17099287109375 0.09155673828125 0.16916494140625 0.0937501953125 0.1600255859375
1 0.16144541015625 0.3895986328125 0.171885546875 0.40244814453125 0.1625697265625 0.4116033203125 0.15309326171875 0.4000388671875 0.16144541015625 0.3895986328125
4 0.93719912109375 0.9990009765625 0.94210703125 0.98266240234375 0.96483291015625 0.9907111328125 0.962939453125 0.99900068359375 0.93719912109375 0.9990009765625
1 0.29377314453125 0.5537927734375 0.3058462890625 0.56610263671875 0.29495673828125 0.5748615234375 0.28335712890625 0.56231494140625 0.29377314453125 0.5537927734375
1 0.4765666015625 0.8758708984375 0.4760783203125 0.8862873046875 0.4650109375 0.885636328125 0.46549921875 0.87505712890625 0.4765666015625 0.8758708984375
1 0.48031005859375 0.90679462890625 0.49446982421875 0.9100498046875 0.490563671875 0.92193095703125 0.4770548828125 0.91769931640625 0.48031005859375 0.90679462890625
1 0.971808203125 0.61040673828125 0.98784423828125 0.6214904296875 0.9819486328125 0.6288009765625 0.96638427734375 0.61677392578125 0.971808203125 0.61040673828125
1 0.73975810546875 0.49037265625 0.7532 0.50004140625 0.744238671875 0.5118326171875 0.7305609375 0.50475791015625 0.73975810546875 0.49037265625
